# Task,   Job,     Period,   Response, DL Miss?,   Lateness,  Tardiness
# task NAME=myapp PID=1355 COST=27941000 PERIOD=71000000 CPU=0
  1355,     2,   71000000,       8408,        0,  -70991592,          0
  1355,     3,   71000000,      60433,        0,  -70939567,          0
  1355,     4,   71000000,   27669374,        0,  -43330626,          0
  1355,     5,   71000000,   27359684,        0,  -43640316,          0
  1355,     6,   71000000,   27650038,        0,  -43349962,          0
  1355,     7,   71000000,   27360384,        0,  -43639616,          0
  1355,     8,   71000000,   27357244,        0,  -43642756,          0
  1355,     9,   71000000,   27366816,        0,  -43633184,          0
  1355,    10,   71000000,   27381949,        0,  -43618051,          0
  1355,    11,   71000000,   27360046,        0,  -43639954,          0
  1355,    12,   71000000,   27369702,        0,  -43630298,          0
  1355,    13,   71000000,   27616004,        0,  -43383996,          0
  1355,    14,   71000000,   27410562,        0,  -43589438,          0
  1355,    15,   71000000,   27333155,        0,  -43666845,          0
  1355,    16,   71000000,   27390921,        0,  -43609079,          0
  1355,    17,   71000000,   27326981,        0,  -43673019,          0
  1355,    18,   71000000,   27344971,        0,  -43655029,          0
  1355,    19,   71000000,   27393269,        0,  -43606731,          0
  1355,    20,   71000000,   27710329,        0,  -43289671,          0
  1355,    21,   71000000,   27391780,        0,  -43608220,          0
  1355,    22,   71000000,   27332213,        0,  -43667787,          0
  1355,    23,   71000000,   27361213,        0,  -43638787,          0
  1355,    24,   71000000,   27361589,        0,  -43638411,          0
  1355,    25,   71000000,   27379814,        0,  -43620186,          0
  1355,    26,   71000000,   27363749,        0,  -43636251,          0
  1355,    27,   71000000,   27636425,        0,  -43363575,          0
  1355,    28,   71000000,   27344235,        0,  -43655765,          0
  1355,    29,   71000000,   27387322,        0,  -43612678,          0
  1355,    30,   71000000,   27371594,        0,  -43628406,          0
  1355,    31,   71000000,   27364166,        0,  -43635834,          0
  1355,    32,   71000000,   38523335,        0,  -32476665,          0
  1355,    33,   71000000,   27349239,        0,  -43650761,          0
  1355,    34,   71000000,   27653825,        0,  -43346175,          0
  1355,    35,   71000000,   27368896,        0,  -43631104,          0
  1355,    36,   71000000,   27660660,        0,  -43339340,          0
  1355,    37,   71000000,   27388679,        0,  -43611321,          0
  1355,    38,   71000000,   27389621,        0,  -43610379,          0
  1355,    39,   71000000,   38341966,        0,  -32658034,          0
  1355,    40,   71000000,   27386554,        0,  -43613446,          0
  1355,    41,   71000000,   27632425,        0,  -43367575,          0
  1355,    42,   71000000,   27346782,        0,  -43653218,          0
  1355,    43,   71000000,   27635009,        0,  -43364991,          0
  1355,    44,   71000000,   27381298,        0,  -43618702,          0
  1355,    45,   71000000,   27361958,        0,  -43638042,          0
  1355,    46,   71000000,   27369816,        0,  -43630184,          0
  1355,    47,   71000000,   27387168,        0,  -43612832,          0
  1355,    48,   71000000,   27681164,        0,  -43318836,          0
  1355,    49,   71000000,   27385388,        0,  -43614612,          0
  1355,    50,   71000000,   27671156,        0,  -43328844,          0
  1355,    51,   71000000,   27368541,        0,  -43631459,          0
  1355,    52,   71000000,   27338715,        0,  -43661285,          0
  1355,    53,   71000000,   27350620,        0,  -43649380,          0
  1355,    54,   71000000,   27342099,        0,  -43657901,          0
  1355,    55,   71000000,   27346329,        0,  -43653671,          0
  1355,    56,   71000000,   27340997,        0,  -43659003,          0
  1355,    57,   71000000,   27664689,        0,  -43335311,          0
  1355,    58,   71000000,   27353724,        0,  -43646276,          0
  1355,    59,   71000000,   27438500,        0,  -43561500,          0
  1355,    60,   71000000,   27360211,        0,  -43639789,          0
  1355,    61,   71000000,   27384306,        0,  -43615694,          0
  1355,    62,   71000000,   45250323,        0,  -25749677,          0
  1355,    63,   71000000,   27387794,        0,  -43612206,          0
  1355,    64,   71000000,   33986408,        0,  -37013592,          0
  1355,    65,   71000000,   27377284,        0,  -43622716,          0
  1355,    66,   71000000,   27353366,        0,  -43646634,          0
  1355,    67,   71000000,   30712606,        0,  -40287394,          0
  1355,    68,   71000000,   27377508,        0,  -43622492,          0
  1355,    69,   71000000,   27394560,        0,  -43605440,          0
  1355,    70,   71000000,   27415735,        0,  -43584265,          0
  1355,    71,   71000000,   38746130,        0,  -32253870,          0
  1355,    72,   71000000,   27362383,        0,  -43637617,          0
  1355,    73,   71000000,   32857783,        0,  -38142217,          0
  1355,    74,   71000000,   27368962,        0,  -43631038,          0
  1355,    75,   71000000,   27354457,        0,  -43645543,          0
  1355,    76,   71000000,   51939291,        0,  -19060709,          0
  1355,    77,   71000000,   27345375,        0,  -43654625,          0
  1355,    78,   71000000,   29970941,        0,  -41029059,          0
  1355,    79,   71000000,   27343349,        0,  -43656651,          0
  1355,    80,   71000000,   27625849,        0,  -43374151,          0
  1355,    81,   71000000,   27366051,        0,  -43633949,          0
  1355,    82,   71000000,   28883474,        0,  -42116526,          0
  1355,    83,   71000000,   27353333,        0,  -43646667,          0
  1355,    84,   71000000,   27373046,        0,  -43626954,          0
  1355,    85,   71000000,   27635913,        0,  -43364087,          0
  1355,    86,   71000000,   27461122,        0,  -43538878,          0
  1355,    87,   71000000,   51381260,        0,  -19618740,          0
  1355,    88,   71000000,   27385088,        0,  -43614912,          0
  1355,    89,   71000000,   27348983,        0,  -43651017,          0
  1355,    90,   71000000,   27394944,        0,  -43605056,          0
  1355,    91,   71000000,   27357169,        0,  -43642831,          0
  1355,    92,   71000000,   27621922,        0,  -43378078,          0
  1355,    93,   71000000,   27355996,        0,  -43644004,          0
  1355,    94,   71000000,   27651219,        0,  -43348781,          0
  1355,    95,   71000000,   32981979,        0,  -38018021,          0
  1355,    96,   71000000,   27369071,        0,  -43630929,          0
  1355,    97,   71000000,   27336186,        0,  -43663814,          0
  1355,    98,   71000000,   27346686,        0,  -43653314,          0
  1355,    99,   71000000,   27351198,        0,  -43648802,          0
  1355,   100,   71000000,   27354028,        0,  -43645972,          0
  1355,   101,   71000000,   27719158,        0,  -43280842,          0
  1355,   102,   71000000,   27346778,        0,  -43653222,          0
  1355,   103,   71000000,   27359422,        0,  -43640578,          0
  1355,   104,   71000000,   27328114,        0,  -43671886,          0
  1355,   105,   71000000,   27354919,        0,  -43645081,          0
  1355,   106,   71000000,   27405270,        0,  -43594730,          0
  1355,   107,   71000000,   27333549,        0,  -43666451,          0
  1355,   108,   71000000,   27642363,        0,  -43357637,          0
  1355,   109,   71000000,   27356873,        0,  -43643127,          0
  1355,   110,   71000000,   27454001,        0,  -43545999,          0
  1355,   111,   71000000,   27329847,        0,  -43670153,          0
  1355,   112,   71000000,   27350900,        0,  -43649100,          0
  1355,   113,   71000000,   27338095,        0,  -43661905,          0
  1355,   114,   71000000,   27337228,        0,  -43662772,          0
  1355,   115,   71000000,   27696264,        0,  -43303736,          0
  1355,   116,   71000000,   27339969,        0,  -43660031,          0
  1355,   117,   71000000,   27624139,        0,  -43375861,          0
  1355,   118,   71000000,   27352036,        0,  -43647964,          0
  1355,   119,   71000000,   27332896,        0,  -43667104,          0
  1355,   120,   71000000,   27336610,        0,  -43663390,          0
  1355,   121,   71000000,   37054108,        0,  -33945892,          0
  1355,   122,   71000000,   27620849,        0,  -43379151,          0
  1355,   123,   71000000,   27334833,        0,  -43665167,          0
  1355,   124,   71000000,   29719879,        0,  -41280121,          0
  1355,   125,   71000000,   47881086,        0,  -23118914,          0
  1355,   126,   71000000,   27339796,        0,  -43660204,          0
  1355,   127,   71000000,   27338472,        0,  -43661528,          0
  1355,   128,   71000000,   27400108,        0,  -43599892,          0
  1355,   129,   71000000,   27595994,        0,  -43404006,          0
  1355,   130,   71000000,   27327457,        0,  -43672543,          0
  1355,   131,   71000000,   44042867,        0,  -26957133,          0
  1355,   132,   71000000,   27341132,        0,  -43658868,          0
  1355,   133,   71000000,   27357033,        0,  -43642967,          0
  1355,   134,   71000000,   27354205,        0,  -43645795,          0
  1355,   135,   71000000,   27347601,        0,  -43652399,          0
  1355,   136,   71000000,   27365338,        0,  -43634662,          0
  1355,   137,   71000000,   27364227,        0,  -43635773,          0
  1355,   138,   71000000,   27615017,        0,  -43384983,          0
  1355,   139,   71000000,   28811593,        0,  -42188407,          0
  1355,   140,   71000000,   27328485,        0,  -43671515,          0
  1355,   141,   71000000,   27388633,        0,  -43611367,          0
  1355,   142,   71000000,   27342278,        0,  -43657722,          0
  1355,   143,   71000000,   27323388,        0,  -43676612,          0
  1355,   144,   71000000,   27359210,        0,  -43640790,          0
# task NAME=myapp PID=1358 COST=11323000 PERIOD=68000000 CPU=0
  1358,     2,   68000000,       9500,        0,  -67990500,          0
  1358,     3,   68000000,      26345,        0,  -67973655,          0
  1358,     4,   68000000,   11113309,        0,  -56886691,          0
  1358,     5,   68000000,   11140496,        0,  -56859504,          0
  1358,     6,   68000000,   11088415,        0,  -56911585,          0
  1358,     7,   68000000,   11090532,        0,  -56909468,          0
  1358,     8,   68000000,   11387312,        0,  -56612688,          0
  1358,     9,   68000000,   11095497,        0,  -56904503,          0
  1358,    10,   68000000,   11152049,        0,  -56847951,          0
  1358,    11,   68000000,   11121111,        0,  -56878889,          0
  1358,    12,   68000000,   15833524,        0,  -52166476,          0
  1358,    13,   68000000,   11092765,        0,  -56907235,          0
  1358,    14,   68000000,   11124480,        0,  -56875520,          0
  1358,    15,   68000000,   11110239,        0,  -56889761,          0
  1358,    16,   68000000,   11092761,        0,  -56907239,          0
  1358,    17,   68000000,   11132211,        0,  -56867789,          0
  1358,    18,   68000000,   13116680,        0,  -54883320,          0
  1358,    19,   68000000,   11387588,        0,  -56612412,          0
  1358,    20,   68000000,   11097750,        0,  -56902250,          0
  1358,    21,   68000000,   11101581,        0,  -56898419,          0
  1358,    22,   68000000,   23872198,        0,  -44127802,          0
  1358,    23,   68000000,   11118314,        0,  -56881686,          0
  1358,    24,   68000000,   11096487,        0,  -56903513,          0
  1358,    25,   68000000,   11146101,        0,  -56853899,          0
  1358,    26,   68000000,   11104097,        0,  -56895903,          0
  1358,    27,   68000000,   11111261,        0,  -56888739,          0
  1358,    28,   68000000,   11100704,        0,  -56899296,          0
  1358,    29,   68000000,   11097191,        0,  -56902809,          0
  1358,    30,   68000000,   11379936,        0,  -56620064,          0
  1358,    31,   68000000,   11102908,        0,  -56897092,          0
  1358,    32,   68000000,   11181188,        0,  -56818812,          0
  1358,    33,   68000000,   11089976,        0,  -56910024,          0
  1358,    34,   68000000,   11122796,        0,  -56877204,          0
  1358,    35,   68000000,   11113682,        0,  -56886318,          0
  1358,    36,   68000000,   11124144,        0,  -56875856,          0
  1358,    37,   68000000,   11102559,        0,  -56897441,          0
  1358,    38,   68000000,   11104589,        0,  -56895411,          0
  1358,    39,   68000000,   11093849,        0,  -56906151,          0
  1358,    40,   68000000,   37629780,        0,  -30370220,          0
  1358,    41,   68000000,   11104179,        0,  -56895821,          0
  1358,    42,   68000000,   11098727,        0,  -56901273,          0
  1358,    43,   68000000,   11407420,        0,  -56592580,          0
  1358,    44,   68000000,   11104081,        0,  -56895919,          0
  1358,    45,   68000000,   11101348,        0,  -56898652,          0
  1358,    46,   68000000,   11095558,        0,  -56904442,          0
  1358,    47,   68000000,   11112986,        0,  -56887014,          0
  1358,    48,   68000000,   11133933,        0,  -56866067,          0
  1358,    49,   68000000,   11102239,        0,  -56897761,          0
  1358,    50,   68000000,   11116194,        0,  -56883806,          0
  1358,    51,   68000000,   11114640,        0,  -56885360,          0
  1358,    52,   68000000,   11144741,        0,  -56855259,          0
  1358,    53,   68000000,   11142103,        0,  -56857897,          0
  1358,    54,   68000000,   11406783,        0,  -56593217,          0
  1358,    55,   68000000,   11149981,        0,  -56850019,          0
  1358,    56,   68000000,   11115003,        0,  -56884997,          0
  1358,    57,   68000000,   11099868,        0,  -56900132,          0
  1358,    58,   68000000,   11098511,        0,  -56901489,          0
  1358,    59,   68000000,   11127600,        0,  -56872400,          0
  1358,    60,   68000000,   11135418,        0,  -56864582,          0
  1358,    61,   68000000,   11367422,        0,  -56632578,          0
  1358,    62,   68000000,   11106797,        0,  -56893203,          0
  1358,    63,   68000000,   27029201,        0,  -40970799,          0
  1358,    64,   68000000,   11103728,        0,  -56896272,          0
  1358,    65,   68000000,   11642349,        0,  -56357651,          0
  1358,    66,   68000000,   11133737,        0,  -56866263,          0
  1358,    67,   68000000,   11110856,        0,  -56889144,          0
  1358,    68,   68000000,   11109549,        0,  -56890451,          0
  1358,    69,   68000000,   11106838,        0,  -56893162,          0
  1358,    70,   68000000,   11118242,        0,  -56881758,          0
  1358,    71,   68000000,   11107434,        0,  -56892566,          0
  1358,    72,   68000000,   11124282,        0,  -56875718,          0
  1358,    73,   68000000,   11117008,        0,  -56882992,          0
  1358,    74,   68000000,   11091890,        0,  -56908110,          0
  1358,    75,   68000000,   11128300,        0,  -56871700,          0
  1358,    76,   68000000,   11439679,        0,  -56560321,          0
  1358,    77,   68000000,   11108702,        0,  -56891298,          0
  1358,    78,   68000000,   11103943,        0,  -56896057,          0
  1358,    79,   68000000,   21118659,        0,  -46881341,          0
  1358,    80,   68000000,   11111105,        0,  -56888895,          0
  1358,    81,   68000000,   35119511,        0,  -32880489,          0
  1358,    82,   68000000,   11130262,        0,  -56869738,          0
  1358,    83,   68000000,   11117972,        0,  -56882028,          0
  1358,    84,   68000000,   11096244,        0,  -56903756,          0
  1358,    85,   68000000,   11096147,        0,  -56903853,          0
  1358,    86,   68000000,   11105126,        0,  -56894874,          0
  1358,    87,   68000000,   11387819,        0,  -56612181,          0
  1358,    88,   68000000,   11109313,        0,  -56890687,          0
  1358,    89,   68000000,   11148009,        0,  -56851991,          0
  1358,    90,   68000000,   11113079,        0,  -56886921,          0
  1358,    91,   68000000,   15128662,        0,  -52871338,          0
  1358,    92,   68000000,   11134605,        0,  -56865395,          0
  1358,    93,   68000000,   24490585,        0,  -43509415,          0
  1358,    94,   68000000,   11105130,        0,  -56894870,          0
  1358,    95,   68000000,   11100945,        0,  -56899055,          0
  1358,    96,   68000000,   26394686,        0,  -41605314,          0
  1358,    97,   68000000,   11111339,        0,  -56888661,          0
  1358,    98,   68000000,   11401383,        0,  -56598617,          0
  1358,    99,   68000000,   11084462,        0,  -56915538,          0
  1358,   100,   68000000,   11128447,        0,  -56871553,          0
  1358,   101,   68000000,   11109441,        0,  -56890559,          0
  1358,   102,   68000000,   11105808,        0,  -56894192,          0
  1358,   103,   68000000,   11089039,        0,  -56910961,          0
  1358,   104,   68000000,   11103207,        0,  -56896793,          0
  1358,   105,   68000000,   11119744,        0,  -56880256,          0
  1358,   106,   68000000,   11555941,        0,  -56444059,          0
  1358,   107,   68000000,   25964917,        0,  -42035083,          0
  1358,   108,   68000000,   11113545,        0,  -56886455,          0
  1358,   109,   68000000,   11122279,        0,  -56877721,          0
  1358,   110,   68000000,   11112923,        0,  -56887077,          0
  1358,   111,   68000000,   11381095,        0,  -56618905,          0
  1358,   112,   68000000,   11100508,        0,  -56899492,          0
  1358,   113,   68000000,   11103806,        0,  -56896194,          0
  1358,   114,   68000000,   11109106,        0,  -56890894,          0
  1358,   115,   68000000,   11175097,        0,  -56824903,          0
  1358,   116,   68000000,   25125834,        0,  -42874166,          0
  1358,   117,   68000000,   11106037,        0,  -56893963,          0
  1358,   118,   68000000,   20779289,        0,  -47220711,          0
  1358,   119,   68000000,   11128317,        0,  -56871683,          0
  1358,   120,   68000000,   11111381,        0,  -56888619,          0
  1358,   121,   68000000,   11110084,        0,  -56889916,          0
  1358,   122,   68000000,   11384689,        0,  -56615311,          0
  1358,   123,   68000000,   11121335,        0,  -56878665,          0
  1358,   124,   68000000,   11149833,        0,  -56850167,          0
  1358,   125,   68000000,   11129931,        0,  -56870069,          0
  1358,   126,   68000000,   34915531,        0,  -33084469,          0
  1358,   127,   68000000,   11094650,        0,  -56905350,          0
  1358,   128,   68000000,   11105664,        0,  -56894336,          0
  1358,   129,   68000000,   11087132,        0,  -56912868,          0
  1358,   130,   68000000,   11119434,        0,  -56880566,          0
  1358,   131,   68000000,   11137202,        0,  -56862798,          0
  1358,   132,   68000000,   11130361,        0,  -56869639,          0
  1358,   133,   68000000,   11380344,        0,  -56619656,          0
  1358,   134,   68000000,   11113614,        0,  -56886386,          0
  1358,   135,   68000000,   11162536,        0,  -56837464,          0
  1358,   136,   68000000,   11140866,        0,  -56859134,          0
  1358,   137,   68000000,   11106457,        0,  -56893543,          0
  1358,   138,   68000000,   11108129,        0,  -56891871,          0
  1358,   139,   68000000,   11114822,        0,  -56885178,          0
  1358,   140,   68000000,   11098182,        0,  -56901818,          0
  1358,   141,   68000000,   11119308,        0,  -56880692,          0
  1358,   142,   68000000,   27284667,        0,  -40715333,          0
  1358,   143,   68000000,   11132304,        0,  -56867696,          0
  1358,   144,   68000000,   11376850,        0,  -56623150,          0
  1358,   145,   68000000,   11165599,        0,  -56834401,          0
  1358,   146,   68000000,   11110120,        0,  -56889880,          0
  1358,   147,   68000000,   12667589,        0,  -55332411,          0
  1358,   148,   68000000,   11094298,        0,  -56905702,          0
  1358,   149,   68000000,   11129032,        0,  -56870968,          0
  1358,   150,   68000000,   11103041,        0,  -56896959,          0
  1358,   151,   68000000,   11113670,        0,  -56886330,          0
# task NAME=myapp PID=1362 COST=3555000 PERIOD=89000000 CPU=0
  1362,     2,   89000000,      15657,        0,  -88984343,          0
  1362,     3,   89000000,      46088,        0,  -88953912,          0
  1362,     4,   89000000,    3528123,        0,  -85471877,          0
  1362,     5,   89000000,    3529324,        0,  -85470676,          0
  1362,     6,   89000000,    3507946,        0,  -85492054,          0
  1362,     7,   89000000,    3526856,        0,  -85473144,          0
  1362,     8,   89000000,    3535585,        0,  -85464415,          0
  1362,     9,   89000000,    3537729,        0,  -85462271,          0
  1362,    10,   89000000,    3506514,        0,  -85493486,          0
  1362,    11,   89000000,   28300923,        0,  -60699077,          0
  1362,    12,   89000000,    3505437,        0,  -85494563,          0
  1362,    13,   89000000,    3517149,        0,  -85482851,          0
  1362,    14,   89000000,    3561121,        0,  -85438879,          0
  1362,    15,   89000000,    3507378,        0,  -85492622,          0
  1362,    16,   89000000,   13634636,        0,  -75365364,          0
  1362,    17,   89000000,    3524919,        0,  -85475081,          0
  1362,    18,   89000000,    3534152,        0,  -85465848,          0
  1362,    19,   89000000,    3529909,        0,  -85470091,          0
  1362,    20,   89000000,    3530000,        0,  -85470000,          0
  1362,    21,   89000000,    3518654,        0,  -85481346,          0
  1362,    22,   89000000,    3511363,        0,  -85488637,          0
  1362,    23,   89000000,    3508673,        0,  -85491327,          0
  1362,    24,   89000000,    3516549,        0,  -85483451,          0
  1362,    25,   89000000,    3505104,        0,  -85494896,          0
  1362,    26,   89000000,    7645787,        0,  -81354213,          0
  1362,    27,   89000000,    3507005,        0,  -85492995,          0
  1362,    28,   89000000,    3558799,        0,  -85441201,          0
  1362,    29,   89000000,    3500768,        0,  -85499232,          0
  1362,    30,   89000000,    3532410,        0,  -85467590,          0
  1362,    31,   89000000,    3520013,        0,  -85479987,          0
  1362,    32,   89000000,    3521608,        0,  -85478392,          0
  1362,    33,   89000000,    3513699,        0,  -85486301,          0
  1362,    34,   89000000,    3527794,        0,  -85472206,          0
  1362,    35,   89000000,    6649993,        0,  -82350007,          0
  1362,    36,   89000000,    4885625,        0,  -84114375,          0
  1362,    37,   89000000,    3528547,        0,  -85471453,          0
  1362,    38,   89000000,    3524550,        0,  -85475450,          0
  1362,    39,   89000000,    3536898,        0,  -85463102,          0
  1362,    40,   89000000,    3531438,        0,  -85468562,          0
  1362,    41,   89000000,    3555630,        0,  -85444370,          0
  1362,    42,   89000000,    3511029,        0,  -85488971,          0
  1362,    43,   89000000,    3539299,        0,  -85460701,          0
  1362,    44,   89000000,    3570093,        0,  -85429907,          0
  1362,    45,   89000000,    3520407,        0,  -85479593,          0
  1362,    46,   89000000,    3523570,        0,  -85476430,          0
  1362,    47,   89000000,    3512787,        0,  -85487213,          0
  1362,    48,   89000000,    3519557,        0,  -85480443,          0
  1362,    49,   89000000,    7536555,        0,  -81463445,          0
  1362,    50,   89000000,    3497727,        0,  -85502273,          0
  1362,    51,   89000000,    3512685,        0,  -85487315,          0
  1362,    52,   89000000,    3538045,        0,  -85461955,          0
  1362,    53,   89000000,    8125635,        0,  -80874365,          0
  1362,    54,   89000000,   11862392,        0,  -77137608,          0
  1362,    55,   89000000,    3520275,        0,  -85479725,          0
  1362,    56,   89000000,    3502754,        0,  -85497246,          0
  1362,    57,   89000000,    3502945,        0,  -85497055,          0
  1362,    58,   89000000,    3511099,        0,  -85488901,          0
  1362,    59,   89000000,    3516765,        0,  -85483235,          0
  1362,    60,   89000000,    3522271,        0,  -85477729,          0
  1362,    61,   89000000,   19529323,        0,  -69470677,          0
  1362,    62,   89000000,    3527336,        0,  -85472664,          0
  1362,    63,   89000000,    3502566,        0,  -85497434,          0
  1362,    64,   89000000,    3525503,        0,  -85474497,          0
  1362,    65,   89000000,    3508327,        0,  -85491673,          0
  1362,    66,   89000000,    3497356,        0,  -85502644,          0
  1362,    67,   89000000,   11977245,        0,  -77022755,          0
  1362,    68,   89000000,    9605893,        0,  -79394107,          0
  1362,    69,   89000000,    3551457,        0,  -85448543,          0
  1362,    70,   89000000,   28544167,        0,  -60455833,          0
  1362,    71,   89000000,    3521198,        0,  -85478802,          0
  1362,    72,   89000000,    3518871,        0,  -85481129,          0
  1362,    73,   89000000,    3547063,        0,  -85452937,          0
  1362,    74,   89000000,   24842512,        0,  -64157488,          0
  1362,    75,   89000000,    4524949,        0,  -84475051,          0
  1362,    76,   89000000,    3517420,        0,  -85482580,          0
  1362,    77,   89000000,    3529759,        0,  -85470241,          0
  1362,    78,   89000000,    3520838,        0,  -85479162,          0
  1362,    79,   89000000,    3531470,        0,  -85468530,          0
  1362,    80,   89000000,    3547672,        0,  -85452328,          0
  1362,    81,   89000000,    3508661,        0,  -85491339,          0
  1362,    82,   89000000,    3507072,        0,  -85492928,          0
  1362,    83,   89000000,    3530979,        0,  -85469021,          0
  1362,    84,   89000000,   11111930,        0,  -77888070,          0
  1362,    85,   89000000,    3525023,        0,  -85474977,          0
  1362,    86,   89000000,    3509434,        0,  -85490566,          0
  1362,    87,   89000000,    3512334,        0,  -85487666,          0
  1362,    88,   89000000,    3508748,        0,  -85491252,          0
  1362,    89,   89000000,    3510038,        0,  -85489962,          0
  1362,    90,   89000000,    3532981,        0,  -85467019,          0
  1362,    91,   89000000,    3543447,        0,  -85456553,          0
  1362,    92,   89000000,    3548887,        0,  -85451113,          0
  1362,    93,   89000000,    3546853,        0,  -85453147,          0
  1362,    94,   89000000,    3521668,        0,  -85478332,          0
  1362,    95,   89000000,    3553499,        0,  -85446501,          0
  1362,    96,   89000000,    3524921,        0,  -85475079,          0
  1362,    97,   89000000,   25384989,        0,  -63615011,          0
  1362,    98,   89000000,    3558473,        0,  -85441527,          0
  1362,    99,   89000000,    3509389,        0,  -85490611,          0
  1362,   100,   89000000,    3535788,        0,  -85464212,          0
  1362,   101,   89000000,    3520418,        0,  -85479582,          0
  1362,   102,   89000000,    3546154,        0,  -85453846,          0
  1362,   103,   89000000,    3517008,        0,  -85482992,          0
  1362,   104,   89000000,    3546933,        0,  -85453067,          0
  1362,   105,   89000000,    3512259,        0,  -85487741,          0
  1362,   106,   89000000,    3509155,        0,  -85490845,          0
  1362,   107,   89000000,    3524472,        0,  -85475528,          0
  1362,   108,   89000000,    3845455,        0,  -85154545,          0
  1362,   109,   89000000,    3526220,        0,  -85473780,          0
  1362,   110,   89000000,    3506760,        0,  -85493240,          0
  1362,   111,   89000000,    3544082,        0,  -85455918,          0
  1362,   112,   89000000,    3533263,        0,  -85466737,          0
  1362,   113,   89000000,    3553059,        0,  -85446941,          0
  1362,   114,   89000000,    3545209,        0,  -85454791,          0
  1362,   115,   89000000,    3824078,        0,  -85175922,          0
  1362,   116,   89000000,    3522357,        0,  -85477643,          0
