246 246 0
227 227 0
924 924 0
142 142 0
165 165 0
544 544 0
250 250 0
124 124 0
168 168 0
184 184 0
134 134 0
156 156 0
196 196 0
149 149 0
194 194 0
172 172 0
927 927 0
322 322 0
183 183 0
266 266 0
193 193 0
162 162 0
785 785 0
163 163 0
213 213 0
145 145 0
192 192 0
219 219 0
136 136 0
149 149 0
144 144 0
171 171 0
192 192 0
365 365 0
543 543 0
145 145 0
860 860 0
159 159 0
142 142 0
243 243 0
545 545 0
125 125 0
321 321 0
160 160 0
321 321 0
221 221 0
140 140 0
382 382 0
345 345 0
141 141 0
223 223 0
126 126 0
228 228 0
183 183 0
155 155 0
184 184 0
368 368 0
259 259 0
396 396 0
506 506 0
318 318 0
193 193 0
134 134 0
164 164 0
293 293 0
196 196 0
148 148 0
165 165 0
144 144 0
1030 1030 0
224 224 0
269 269 0
855 854 1
615 615 0
589 589 0
298 298 0
854 854 0
136 136 0
475 475 0
211 211 0
192 192 0
125 125 0
300 300 0
160 160 0
179 179 0
