302 298 4
221 221 0
272 268 4
212 212 0
167 167 0
308 304 4
127 127 0
195 195 0
921 823 98
176 176 0
190 190 0
163 163 0
392 381 11
305 301 4
206 204 2
532 508 24
126 126 0
302 299 3
368 356 12
300 297 3
130 129 1
146 146 0
114 114 0
429 411 18
115 115 0
142 141 1
189 188 1
139 139 0
321 312 9
211 209 2
183 183 0
225 225 0
114 114 0
257 256 1
480 461 19
188 188 0
124 124 0
274 271 3
207 207 0
255 255 0
280 277 3
164 164 0
316 309 7
718 674 44
208 207 1
116 116 0
338 331 7
145 145 0
181 181 0
215 213 2
