273 273 1
457 457 1
109 109 1
503 503 1
387 387 1
122 122 1
161 161 1
207 207 1
123 123 1
123 123 1
136 136 1
373 373 1
188 188 1
451 451 1
669 669 1
336 336 1
306 306 1
112 112 1
220 220 1
184 184 1
772 772 1
279 279 1
912 912 1
360 360 1
634 634 1
 
537 537 1
349 349 1
247 247 1
382 382 1
732 732 1
1175 1175 1
498 498 1
264 264 1
285 285 1
226 226 1
457 457 1
227 227 1
1445 1445 1
618 618 1
1257 1257 1
411 411 1
559 559 1
645 645 1
1365 1365 1
272 272 1
211 211 1
444 444 1
291 291 1
756 756 1
350 350 1
 
935 935 1
420 420 1
577 577 1
508 508 1
610 610 1
408 408 1
1307 1307 1
719 719 1
546 546 1
557 557 1
470 470 1
637 637 1
881 881 1
514 514 1
380 380 1
288 288 1
534 534 1
620 620 1
1279 1279 1
401 401 1
385 385 1
1190 1190 1
291 291 1
760 760 1
1622 1622 1
 
1365 1365 1
562 562 1
529 529 1
568 568 1
624 624 1
1654 1654 1
1301 1301 1
706 706 1
884 884 1
651 651 1
969 969 1
1749 1749 1
608 608 1
1392 1392 1
452 452 1
817 817 1
419 419 1
620 620 1
799 799 1
1215 1215 1
816 816 1
1059 1059 1
958 958 1
1710 1710 1
849 849 1
 
688 688 1
2543 2543 1
1117 1117 1
769 769 1
979 979 1
515 515 1
1827 1827 1
1008 1008 1
1879 1879 1
1307 1307 1
2440 2440 1
1082 1082 1
2052 2052 1
876 876 1
1980 1980 1
1159 1159 1
1477 1477 1
1005 1005 1
716 716 1
865 865 1
1262 1262 1
791 791 1
1103 1103 1
1010 1010 1
1850 1850 1
 
1140 1140 1
1679 1679 1
1215 1215 1
559 559 1
1579 1579 1
2089 2089 1
1126 1126 1
1661 1661 1
1258 1258 1
1814 1814 1
1264 1264 1
839 839 1
962 962 1
2245 2245 1
1424 1424 1
893 893 1
1322 1322 1
623 623 1
1309 1309 1
1286 1286 1
906 906 1
1261 1261 1
1121 1121 1
1369 1369 1
1445 1445 1
 
755 755 1
1269 1269 1
1998 1998 1
1745 1745 1
1236 1236 1
1515 1515 1
1974 1974 1
2110 2110 1
1109 1109 1
2004 2004 1
2681 2681 1
834 834 1
1553 1553 1
1748 1748 1
1110 1110 1
3053 3053 1
2123 2123 1
1458 1458 1
2012 2012 1
1953 1953 1
2623 2623 1
1822 1822 1
1137 1137 1
1450 1450 1
1864 1864 1
 
1399 1399 1
2345 2345 1
3321 3321 1
1831 1831 1
1514 1514 1
2248 2248 1
2222 2222 1
1805 1805 1
896 896 1
1677 1677 1
1238 1238 1
3046 3046 1
2158 2158 1
2177 2177 1
1691 1691 1
2087 2087 1
2519 2519 1
1264 1264 1
2306 2306 1
1002 1002 1
1570 1570 1
2459 2459 1
1172 1172 1
1496 1496 1
1768 1768 1
 
1366 1366 1
1763 1763 1
1338 1338 1
2603 2603 1
2267 2267 1
1880 1880 1
1573 1573 1
1311 1311 1
1903 1903 1
2681 2681 1
1683 1683 1
2322 2322 1
1704 1704 1
1408 1408 1
1407 1407 1
2249 2249 1
1645 1645 1
2501 2501 1
1905 1905 1
2068 2068 1
1895 1895 1
2868 2868 1
1367 1367 1
2236 2236 1
3124 3124 1
 
1900 1900 1
2054 2054 1
2634 2634 1
2366 2366 1
2845 2845 1
1728 1728 1
2224 2224 1
2524 2524 1
3149 3149 1
2662 2662 1
1895 1895 1
2754 2754 1
3582 3582 1
2583 2583 1
2547 2547 1
2687 2687 1
2028 2028 1
2775 2775 1
3452 3452 1
2284 2284 1
1753 1753 1
1638 1638 1
2063 2063 1
2597 2597 1
2432 2432 1
 
3184 3184 1
1406 1406 1
3931 3931 1
3702 3702 1
1633 1633 1
2293 2293 1
2319 2319 1
2384 2384 1
2564 2564 1
2418 2418 1
1707 1707 1
1955 1955 1
2941 2941 1
2656 2656 1
2351 2351 1
1825 1825 1
2173 2173 1
1835 1835 1
1981 1981 1
1181 1181 1
1753 1753 1
1727 1727 1
2211 2211 1
1946 1946 1
2160 2160 1
 
1785 1785 1
5122 5122 1
3084 3084 1
2031 2031 1
3282 3282 1
2213 2213 1
4514 4514 1
3069 3069 1
4032 4032 1
2122 2122 1
1718 1718 1
2491 2491 1
2564 2564 1
2251 2251 1
2130 2130 1
4377 4377 1
2971 2971 1
2224 2224 1
3655 3655 1
3516 3516 1
2167 2167 1
1793 1793 1
1625 1625 1
1479 1479 1
1877 1877 1
 
2836 2836 1
1477 1477 1
3303 3303 1
2712 2712 1
2721 2721 1
2249 2249 1
2228 2228 1
2130 2130 1
2981 2981 1
3199 3199 1
2790 2790 1
2424 2424 1
2756 2756 1
3125 3125 1
2138 2138 1
2368 2368 1
1885 1885 1
2643 2643 1
1467 1467 1
2518 2518 1
2681 2681 1
2366 2366 1
2888 2888 1
2997 2997 1
1830 1830 1
 
2670 2670 1
2653 2653 1
2684 2684 1
2347 2347 1
3108 3108 1
2712 2712 1
3705 3705 1
3448 3448 1
2925 2925 1
3641 3641 1
3196 3197 0
4410 4410 1
2553 2553 1
3685 3685 1
2587 2587 1
3770 3770 1
1937 1937 1
2625 2625 1
3504 3504 1
2393 2393 1
2594 2594 1
2917 2917 1
3726 3726 1
3140 3140 1
2494 2494 1
 
2730 2730 1
3055 3055 1
5430 5430 1
1873 1873 1
2991 2991 1
3326 3326 1
3788 3788 1
4702 4702 1
2662 2662 1
4002 4002 1
3260 3260 1
2571 2571 1
2695 2695 1
3751 3751 1
3612 3612 1
2645 2645 1
3401 3401 1
2702 2702 1
2760 2760 1
4110 4110 1
2811 2811 1
4009 4009 1
2992 2992 1
2935 2935 1
3076 3076 1
 
3713 3713 1
2917 2917 1
3386 3386 1
3455 3455 1
1853 1853 1
2735 2736 0
2845 2845 1
3079 3079 1
5173 5173 1
4385 4385 1
3907 3907 1
4062 4062 1
3626 3626 1
3686 3686 1
2870 2870 1
3783 3783 1
3937 3937 1
4218 4218 1
2679 2679 1
3756 3756 1
3844 3844 1
3798 3798 1
2113 2113 1
2996 2996 1
4954 4954 1
 
2682 2682 1
3892 3892 1
5967 5967 1
2629 2629 1
2669 2669 1
3808 3810 0
3561 3561 1
3121 3121 1
3482 3482 1
3261 3261 1
3017 3017 1
5232 5232 1
4677 4677 1
3275 3276 0
3671 3671 1
4438 4438 1
3317 3317 1
3079 3079 1
5734 5734 1
3412 3414 0
3470 3470 1
3552 3552 1
4042 4042 1
3210 3210 1
2833 2833 1
 
3481 3481 1
2841 2841 1
3323 3323 1
5323 5323 1
4487 4487 1
3906 3906 1
2702 2702 1
3886 3886 1
3443 3443 1
3676 3676 1
3156 3156 1
3058 3058 1
3952 3954 0
3278 3281 0
4171 4171 1
3548 3548 1
3709 3709 1
3564 3564 1
3080 3080 1
3854 3854 1
3598 3598 1
3583 3583 1
3815 3815 1
5557 5560 0
4298 4298 1
 
4008 4008 1
3364 3364 1
3378 3379 0
2766 2766 1
3734 3734 1
5283 5283 1
3824 3827 0
3432 3432 1
3773 3773 1
4737 4737 1
3045 3046 0
3121 3121 1
4608 4608 1
7583 7593 0
5323 5324 0
4173 4182 0
3589 3589 1
5715 5715 1
3969 3969 1
3935 3935 1
4119 4119 1
3847 3848 0
4634 4634 1
4461 4461 1
3444 3444 1
 
4346 4362 0
3839 3840 0
3539 3539 1
3416 3416 1
4815 4815 1
4515 4523 0
5853 5854 0
4762 4762 1
2988 2988 1
4099 4104 0
4697 4697 1
4254 4260 0
3808 3808 1
4604 4605 0
3435 3435 1
3844 3844 1
4336 4345 0
4959 4961 0
5215 5215 1
4182 4182 1
5703 5703 1
4132 4137 0
4106 4106 1
4767 4769 0
5109 5123 0
 
4071 4076 0
3904 3907 0
3540 3541 0
5354 5357 0
3311 3326 0
3688 3698 0
3287 3288 0
3811 3812 0
5931 5944 0
4101 4101 1
4385 4392 0
4485 4491 0
4365 4367 0
3942 3945 0
3686 3688 0
4495 4497 0
4476 4480 0
4728 4732 0
5893 5900 0
4623 4630 0
3266 3266 1
4462 4464 0
4100 4106 0
3997 3999 0
4670 4671 0
 
===
