# Task,   Job,     Period,   Response, DL Miss?,   Lateness,  Tardiness
# task NAME=myapp PID=22761 COST=15402000 PERIOD=62000000 CPU=0
 22761,     2,   62000000,      11078,        0,  -61988922,          0
 22761,     3,   62000000,     128425,        0,  -61871575,          0
 22761,     4,   62000000,   28518871,        0,  -33481129,          0
 22761,     5,   62000000,   26385242,        0,  -35614758,          0
 22761,     6,   62000000,   28351403,        0,  -33648597,          0
 22761,     7,   62000000,   26318377,        0,  -35681623,          0
 22761,     8,   62000000,   28440594,        0,  -33559406,          0
 22761,     9,   62000000,   26386180,        0,  -35613820,          0
 22761,    10,   62000000,   28379785,        0,  -33620215,          0
 22761,    11,   62000000,   26359934,        0,  -35640066,          0
 22761,    12,   62000000,   28389847,        0,  -33610153,          0
 22761,    13,   62000000,   26332112,        0,  -35667888,          0
 22761,    14,   62000000,   28347115,        0,  -33652885,          0
 22761,    15,   62000000,   26368078,        0,  -35631922,          0
 22761,    16,   62000000,   28371016,        0,  -33628984,          0
 22761,    17,   62000000,   26433724,        0,  -35566276,          0
 22761,    18,   62000000,   28347456,        0,  -33652544,          0
 22761,    19,   62000000,   26350843,        0,  -35649157,          0
 22761,    20,   62000000,   28406686,        0,  -33593314,          0
 22761,    21,   62000000,   27732716,        0,  -34267284,          0
 22761,    22,   62000000,   28420957,        0,  -33579043,          0
 22761,    23,   62000000,   26349985,        0,  -35650015,          0
 22761,    24,   62000000,   28359826,        0,  -33640174,          0
 22761,    25,   62000000,   26372466,        0,  -35627534,          0
 22761,    26,   62000000,   28398725,        0,  -33601275,          0
 22761,    27,   62000000,   26401237,        0,  -35598763,          0
 22761,    28,   62000000,   28329512,        0,  -33670488,          0
 22761,    29,   62000000,   28335496,        0,  -33664504,          0
 22761,    30,   62000000,   28393595,        0,  -33606405,          0
 22761,    31,   62000000,   26324442,        0,  -35675558,          0
 22761,    32,   62000000,   28316651,        0,  -33683349,          0
 22761,    33,   62000000,   26429410,        0,  -35570590,          0
 22761,    34,   62000000,   28432497,        0,  -33567503,          0
 22761,    35,   62000000,   26310954,        0,  -35689046,          0
 22761,    36,   62000000,   28412177,        0,  -33587823,          0
 22761,    37,   62000000,   26302555,        0,  -35697445,          0
 22761,    38,   62000000,   28416584,        0,  -33583416,          0
 22761,    39,   62000000,   26354918,        0,  -35645082,          0
 22761,    40,   62000000,   28413756,        0,  -33586244,          0
 22761,    41,   62000000,   26431188,        0,  -35568812,          0
 22761,    42,   62000000,   28411312,        0,  -33588688,          0
 22761,    43,   62000000,   26345251,        0,  -35654749,          0
 22761,    44,   62000000,   28518972,        0,  -33481028,          0
 22761,    45,   62000000,   28376487,        0,  -33623513,          0
 22761,    46,   62000000,   29301176,        0,  -32698824,          0
 22761,    47,   62000000,   26347825,        0,  -35652175,          0
 22761,    48,   62000000,   28394290,        0,  -33605710,          0
 22761,    49,   62000000,   26341599,        0,  -35658401,          0
 22761,    50,   62000000,   28472961,        0,  -33527039,          0
 22761,    51,   62000000,   26416154,        0,  -35583846,          0
 22761,    52,   62000000,   28428768,        0,  -33571232,          0
 22761,    53,   62000000,   26377968,        0,  -35622032,          0
 22761,    54,   62000000,   28349704,        0,  -33650296,          0
 22761,    55,   62000000,   26407664,        0,  -35592336,          0
 22761,    56,   62000000,   28454802,        0,  -33545198,          0
 22761,    57,   62000000,   26349907,        0,  -35650093,          0
 22761,    58,   62000000,   28659183,        0,  -33340817,          0
 22761,    59,   62000000,   26343253,        0,  -35656747,          0
 22761,    60,   62000000,   28758861,        0,  -33241139,          0
 22761,    61,   62000000,   26311179,        0,  -35688821,          0
 22761,    62,   62000000,   28658223,        0,  -33341777,          0
 22761,    63,   62000000,   26303355,        0,  -35696645,          0
 22761,    64,   62000000,   28353957,        0,  -33646043,          0
 22761,    65,   62000000,   26495488,        0,  -35504512,          0
 22761,    66,   62000000,   28609658,        0,  -33390342,          0
 22761,    67,   62000000,   26344619,        0,  -35655381,          0
 22761,    68,   62000000,   28389692,        0,  -33610308,          0
 22761,    69,   62000000,   26424187,        0,  -35575813,          0
 22761,    70,   62000000,   28715394,        0,  -33284606,          0
 22761,    71,   62000000,   26360614,        0,  -35639386,          0
 22761,    72,   62000000,   30664830,        0,  -31335170,          0
 22761,    73,   62000000,   26361476,        0,  -35638524,          0
 22761,    74,   62000000,   28596995,        0,  -33403005,          0
 22761,    75,   62000000,   26307179,        0,  -35692821,          0
 22761,    76,   62000000,   28293067,        0,  -33706933,          0
 22761,    77,   62000000,   26396862,        0,  -35603138,          0
 22761,    78,   62000000,   29790945,        0,  -32209055,          0
 22761,    79,   62000000,   26385271,        0,  -35614729,          0
 22761,    80,   62000000,   28374521,        0,  -33625479,          0
 22761,    81,   62000000,   28385106,        0,  -33614894,          0
 22761,    82,   62000000,   28397544,        0,  -33602456,          0
 22761,    83,   62000000,   26345015,        0,  -35654985,          0
 22761,    84,   62000000,   28373968,        0,  -33626032,          0
 22761,    85,   62000000,   26398725,        0,  -35601275,          0
 22761,    86,   62000000,   28660906,        0,  -33339094,          0
 22761,    87,   62000000,   26445604,        0,  -35554396,          0
 22761,    88,   62000000,   29578662,        0,  -32421338,          0
 22761,    89,   62000000,   26355189,        0,  -35644811,          0
 22761,    90,   62000000,   28367656,        0,  -33632344,          0
 22761,    91,   62000000,   26240123,        0,  -35759877,          0
 22761,    92,   62000000,   28408092,        0,  -33591908,          0
 22761,    93,   62000000,   26362452,        0,  -35637548,          0
 22761,    94,   62000000,   28605004,        0,  -33394996,          0
 22761,    95,   62000000,   26271989,        0,  -35728011,          0
 22761,    96,   62000000,   28846014,        0,  -33153986,          0
 22761,    97,   62000000,   26284014,        0,  -35715986,          0
 22761,    98,   62000000,   28391822,        0,  -33608178,          0
 22761,    99,   62000000,   26396131,        0,  -35603869,          0
 22761,   100,   62000000,   28385754,        0,  -33614246,          0
 22761,   101,   62000000,   26368625,        0,  -35631375,          0
 22761,   102,   62000000,   28699109,        0,  -33300891,          0
 22761,   103,   62000000,   26380045,        0,  -35619955,          0
 22761,   104,   62000000,   28635199,        0,  -33364801,          0
 22761,   105,   62000000,   26322086,        0,  -35677914,          0
 22761,   106,   62000000,   28376822,        0,  -33623178,          0
 22761,   107,   62000000,   26343501,        0,  -35656499,          0
 22761,   108,   62000000,   28370523,        0,  -33629477,          0
 22761,   109,   62000000,   26328112,        0,  -35671888,          0
 22761,   110,   62000000,   28690736,        0,  -33309264,          0
 22761,   111,   62000000,   26396206,        0,  -35603794,          0
 22761,   112,   62000000,   28393494,        0,  -33606506,          0
 22761,   113,   62000000,   26419320,        0,  -35580680,          0
 22761,   114,   62000000,   28362388,        0,  -33637612,          0
 22761,   115,   62000000,   26340123,        0,  -35659877,          0
 22761,   116,   62000000,   28449596,        0,  -33550404,          0
 22761,   117,   62000000,   26349419,        0,  -35650581,          0
 22761,   118,   62000000,   28500888,        0,  -33499112,          0
 22761,   119,   62000000,   26310573,        0,  -35689427,          0
 22761,   120,   62000000,   28385618,        0,  -33614382,          0
 22761,   121,   62000000,   26410808,        0,  -35589192,          0
 22761,   122,   62000000,   28354981,        0,  -33645019,          0
 22761,   123,   62000000,   26408348,        0,  -35591652,          0
 22761,   124,   62000000,   28400902,        0,  -33599098,          0
 22761,   125,   62000000,   26374327,        0,  -35625673,          0
 22761,   126,   62000000,   28373182,        0,  -33626818,          0
 22761,   127,   62000000,   28321145,        0,  -33678855,          0
 22761,   128,   62000000,   28307809,        0,  -33692191,          0
 22761,   129,   62000000,   26513383,        0,  -35486617,          0
 22761,   130,   62000000,   28388553,        0,  -33611447,          0
 22761,   131,   62000000,   26376844,        0,  -35623156,          0
 22761,   132,   62000000,   28317773,        0,  -33682227,          0
 22761,   133,   62000000,   26303455,        0,  -35696545,          0
 22761,   134,   62000000,   28417190,        0,  -33582810,          0
 22761,   135,   62000000,   26311510,        0,  -35688490,          0
 22761,   136,   62000000,   28381114,        0,  -33618886,          0
 22761,   137,   62000000,   26302308,        0,  -35697692,          0
 22761,   138,   62000000,   28366060,        0,  -33633940,          0
 22761,   139,   62000000,   26338082,        0,  -35661918,          0
 22761,   140,   62000000,   28321420,        0,  -33678580,          0
 22761,   141,   62000000,   26327080,        0,  -35672920,          0
 22761,   142,   62000000,   29637244,        0,  -32362756,          0
 22761,   143,   62000000,   26327254,        0,  -35672746,          0
 22761,   144,   62000000,   28344254,        0,  -33655746,          0
 22761,   145,   62000000,   26387903,        0,  -35612097,          0
 22761,   146,   62000000,   28384448,        0,  -33615552,          0
 22761,   147,   62000000,   27557663,        0,  -34442337,          0
 22761,   148,   62000000,   28396722,        0,  -33603278,          0
 22761,   149,   62000000,   26343187,        0,  -35656813,          0
 22761,   150,   62000000,   28377506,        0,  -33622494,          0
 22761,   151,   62000000,   26340950,        0,  -35659050,          0
 22761,   152,   62000000,   28424715,        0,  -33575285,          0
 22761,   153,   62000000,   26321526,        0,  -35678474,          0
 22761,   154,   62000000,   28537015,        0,  -33462985,          0
 22761,   155,   62000000,   26383395,        0,  -35616605,          0
 22761,   156,   62000000,   30399695,        0,  -31600305,          0
 22761,   157,   62000000,   26369416,        0,  -35630584,          0
 22761,   158,   62000000,   28382364,        0,  -33617636,          0
 22761,   159,   62000000,   28284289,        0,  -33715711,          0
 22761,   160,   62000000,   28376769,        0,  -33623231,          0
 22761,   161,   62000000,   26332416,        0,  -35667584,          0
 22761,   162,   62000000,   28422568,        0,  -33577432,          0
 22761,   163,   62000000,   26310592,        0,  -35689408,          0
 22761,   164,   62000000,   28423673,        0,  -33576327,          0
 22761,   165,   62000000,   26357444,        0,  -35642556,          0
# task NAME=myapp PID=22764 COST=13790000 PERIOD=43000000 CPU=0
 22764,     2,   43000000,      11536,        0,  -42988464,          0
 22764,     3,   43000000,     105910,        0,  -42894090,          0
 22764,     4,   43000000,   23813070,        0,  -19186930,          0
 22764,     5,   43000000,   24921423,        0,  -18078577,          0
 22764,     6,   43000000,   21824426,        0,  -21175574,          0
 22764,     7,   43000000,   22846061,        0,  -20153939,          0
 22764,     8,   43000000,   23823015,        0,  -19176985,          0
 22764,     9,   43000000,   24795416,        0,  -18204584,          0
 22764,    10,   43000000,   21822823,        0,  -21177177,          0
 22764,    11,   43000000,   22828297,        0,  -20171703,          0
 22764,    12,   43000000,   23806197,        0,  -19193803,          0
 22764,    13,   43000000,   24813758,        0,  -18186242,          0
 22764,    14,   43000000,   21803192,        0,  -21196808,          0
 22764,    15,   43000000,   22811271,        0,  -20188729,          0
 22764,    16,   43000000,   23852059,        0,  -19147941,          0
 22764,    17,   43000000,   24859772,        0,  -18140228,          0
 22764,    18,   43000000,   24170970,        0,  -18829030,          0
 22764,    19,   43000000,   24807782,        0,  -18192218,          0
 22764,    20,   43000000,   23887185,        0,  -19112815,          0
 22764,    21,   43000000,   25242029,        0,  -17757971,          0
 22764,    22,   43000000,   21725707,        0,  -21274293,          0
 22764,    23,   43000000,   22783094,        0,  -20216906,          0
 22764,    24,   43000000,   25272599,        0,  -17727401,          0
 22764,    25,   43000000,   24829918,        0,  -18170082,          0
 22764,    26,   43000000,   21756192,        0,  -21243808,          0
 22764,    27,   43000000,   22870697,        0,  -20129303,          0
 22764,    28,   43000000,   25945945,        0,  -17054055,          0
 22764,    29,   43000000,   24839909,        0,  -18160091,          0
 22764,    30,   43000000,   22801682,        0,  -20198318,          0
 22764,    31,   43000000,   22735990,        0,  -20264010,          0
 22764,    32,   43000000,   23838866,        0,  -19161134,          0
 22764,    33,   43000000,   24860631,        0,  -18139369,          0
 22764,    34,   43000000,   21841421,        0,  -21158579,          0
 22764,    35,   43000000,   22804362,        0,  -20195638,          0
 22764,    36,   43000000,   23846040,        0,  -19153960,          0
 22764,    37,   43000000,   24871233,        0,  -18128767,          0
 22764,    38,   43000000,   21766489,        0,  -21233511,          0
 22764,    39,   43000000,   22797724,        0,  -20202276,          0
 22764,    40,   43000000,   23816875,        0,  -19183125,          0
 22764,    41,   43000000,   24863776,        0,  -18136224,          0
 22764,    42,   43000000,   21760238,        0,  -21239762,          0
 22764,    43,   43000000,   22845122,        0,  -20154878,          0
 22764,    44,   43000000,   23914165,        0,  -19085835,          0
 22764,    45,   43000000,   24812576,        0,  -18187424,          0
 22764,    46,   43000000,   21827194,        0,  -21172806,          0
 22764,    47,   43000000,   25833548,        0,  -17166452,          0
 22764,    48,   43000000,   23769950,        0,  -19230050,          0
 22764,    49,   43000000,   24817027,        0,  -18182973,          0
 22764,    50,   43000000,   21837529,        0,  -21162471,          0
 22764,    51,   43000000,   22747259,        0,  -20252741,          0
 22764,    52,   43000000,   25791253,        0,  -17208747,          0
 22764,    53,   43000000,   25060247,        0,  -17939753,          0
 22764,    54,   43000000,   21737917,        0,  -21262083,          0
 22764,    55,   43000000,   24936028,        0,  -18063972,          0
 22764,    56,   43000000,   24106034,        0,  -18893966,          0
 22764,    57,   43000000,   24827100,        0,  -18172900,          0
 22764,    58,   43000000,   21820155,        0,  -21179845,          0
 22764,    59,   43000000,   22821850,        0,  -20178150,          0
 22764,    60,   43000000,   23827753,        0,  -19172247,          0
 22764,    61,   43000000,   24815198,        0,  -18184802,          0
 22764,    62,   43000000,   21907095,        0,  -21092905,          0
 22764,    63,   43000000,   22815269,        0,  -20184731,          0
 22764,    64,   43000000,   23813486,        0,  -19186514,          0
 22764,    65,   43000000,   24893545,        0,  -18106455,          0
 22764,    66,   43000000,   21847313,        0,  -21152687,          0
 22764,    67,   43000000,   22832902,        0,  -20167098,          0
 22764,    68,   43000000,   25819604,        0,  -17180396,          0
 22764,    69,   43000000,   25294900,        0,  -17705100,          0
 22764,    70,   43000000,   23841840,        0,  -19158160,          0
 22764,    71,   43000000,   26848047,        0,  -16151953,          0
 22764,    72,   43000000,   23873576,        0,  -19126424,          0
 22764,    73,   43000000,   26200876,        0,  -16799124,          0
 22764,    74,   43000000,   25868911,        0,  -17131089,          0
 22764,    75,   43000000,   22856886,        0,  -20143114,          0
 22764,    76,   43000000,   24117279,        0,  -18882721,          0
 22764,    77,   43000000,   24822921,        0,  -18177079,          0
 22764,    78,   43000000,   21841613,        0,  -21158387,          0
 22764,    79,   43000000,   23128106,        0,  -19871894,          0
 22764,    80,   43000000,   23867452,        0,  -19132548,          0
 22764,    81,   43000000,   24779339,        0,  -18220661,          0
 22764,    82,   43000000,   21838313,        0,  -21161687,          0
 22764,    83,   43000000,   22840131,        0,  -20159869,          0
 22764,    84,   43000000,   25756011,        0,  -17243989,          0
 22764,    85,   43000000,   24819235,        0,  -18180765,          0
 22764,    86,   43000000,   21795003,        0,  -21204997,          0
 22764,    87,   43000000,   26814064,        0,  -16185936,          0
 22764,    88,   43000000,   24105422,        0,  -18894578,          0
 22764,    89,   43000000,   24936296,        0,  -18063704,          0
 22764,    90,   43000000,   25874403,        0,  -17125597,          0
 22764,    91,   43000000,   22827485,        0,  -20172515,          0
 22764,    92,   43000000,   23847093,        0,  -19152907,          0
 22764,    93,   43000000,   24828273,        0,  -18171727,          0
 22764,    94,   43000000,   21917850,        0,  -21082150,          0
 22764,    95,   43000000,   22826942,        0,  -20173058,          0
 22764,    96,   43000000,   23864449,        0,  -19135551,          0
 22764,    97,   43000000,   24898667,        0,  -18101333,          0
 22764,    98,   43000000,   23788446,        0,  -19211554,          0
 22764,    99,   43000000,   22816921,        0,  -20183079,          0
 22764,   100,   43000000,   23842052,        0,  -19157948,          0
 22764,   101,   43000000,   25014520,        0,  -17985480,          0
 22764,   102,   43000000,   21892292,        0,  -21107708,          0
 22764,   103,   43000000,   22733413,        0,  -20266587,          0
 22764,   104,   43000000,   23879490,        0,  -19120510,          0
 22764,   105,   43000000,   27137198,        0,  -15862802,          0
 22764,   106,   43000000,   21755471,        0,  -21244529,          0
 22764,   107,   43000000,   22804388,        0,  -20195612,          0
 22764,   108,   43000000,   23779115,        0,  -19220885,          0
 22764,   109,   43000000,   24837892,        0,  -18162108,          0
 22764,   110,   43000000,   21765038,        0,  -21234962,          0
 22764,   111,   43000000,   23085458,        0,  -19914542,          0
 22764,   112,   43000000,   23775810,        0,  -19224190,          0
 22764,   113,   43000000,   24844302,        0,  -18155698,          0
 22764,   114,   43000000,   22088451,        0,  -20911549,          0
 22764,   115,   43000000,   24808414,        0,  -18191586,          0
 22764,   116,   43000000,   23826986,        0,  -19173014,          0
 22764,   117,   43000000,   24809102,        0,  -18190898,          0
 22764,   118,   43000000,   21757996,        0,  -21242004,          0
 22764,   119,   43000000,   22846981,        0,  -20153019,          0
 22764,   120,   43000000,   23809767,        0,  -19190233,          0
 22764,   121,   43000000,   24914161,        0,  -18085839,          0
 22764,   122,   43000000,   21891080,        0,  -21108920,          0
 22764,   123,   43000000,   22860739,        0,  -20139261,          0
 22764,   124,   43000000,   23836147,        0,  -19163853,          0
 22764,   125,   43000000,   24863305,        0,  -18136695,          0
 22764,   126,   43000000,   21798630,        0,  -21201370,          0
 22764,   127,   43000000,   22775673,        0,  -20224327,          0
 22764,   128,   43000000,   23801068,        0,  -19198932,          0
 22764,   129,   43000000,   24890552,        0,  -18109448,          0
 22764,   130,   43000000,   21725481,        0,  -21274519,          0
 22764,   131,   43000000,   22708567,        0,  -20291433,          0
 22764,   132,   43000000,   23960542,        0,  -19039458,          0
 22764,   133,   43000000,   24815753,        0,  -18184247,          0
 22764,   134,   43000000,   21860653,        0,  -21139347,          0
 22764,   135,   43000000,   22904065,        0,  -20095935,          0
 22764,   136,   43000000,   23802496,        0,  -19197504,          0
 22764,   137,   43000000,   24908229,        0,  -18091771,          0
 22764,   138,   43000000,   25857602,        0,  -17142398,          0
 22764,   139,   43000000,   22856041,        0,  -20143959,          0
 22764,   140,   43000000,   23936835,        0,  -19063165,          0
 22764,   141,   43000000,   24889585,        0,  -18110415,          0
 22764,   142,   43000000,   21824776,        0,  -21175224,          0
 22764,   143,   43000000,   22794485,        0,  -20205515,          0
 22764,   144,   43000000,   23860485,        0,  -19139515,          0
 22764,   145,   43000000,   26957510,        0,  -16042490,          0
 22764,   146,   43000000,   22080517,        0,  -20919483,          0
 22764,   147,   43000000,   22806649,        0,  -20193351,          0
 22764,   148,   43000000,   23775989,        0,  -19224011,          0
 22764,   149,   43000000,   25061508,        0,  -17938492,          0
 22764,   150,   43000000,   21777305,        0,  -21222695,          0
 22764,   151,   43000000,   25431761,        0,  -17568239,          0
 22764,   152,   43000000,   24120585,        0,  -18879415,          0
 22764,   153,   43000000,   24788525,        0,  -18211475,          0
 22764,   154,   43000000,   21839818,        0,  -21160182,          0
 22764,   155,   43000000,   23048262,        0,  -19951738,          0
 22764,   156,   43000000,   23791114,        0,  -19208886,          0
 22764,   157,   43000000,   24772100,        0,  -18227900,          0
 22764,   158,   43000000,   21811562,        0,  -21188438,          0
 22764,   159,   43000000,   22794708,        0,  -20205292,          0
 22764,   160,   43000000,   23884583,        0,  -19115417,          0
 22764,   161,   43000000,   24884394,        0,  -18115606,          0
 22764,   162,   43000000,   21811752,        0,  -21188248,          0
 22764,   163,   43000000,   22870784,        0,  -20129216,          0
 22764,   164,   43000000,   23855442,        0,  -19144558,          0
 22764,   165,   43000000,   24833519,        0,  -18166481,          0
 22764,   166,   43000000,   21788307,        0,  -21211693,          0
 22764,   167,   43000000,   22892550,        0,  -20107450,          0
 22764,   168,   43000000,   23899085,        0,  -19100915,          0
 22764,   169,   43000000,   25106061,        0,  -17893939,          0
 22764,   170,   43000000,   21869824,        0,  -21130176,          0
 22764,   171,   43000000,   26937692,        0,  -16062308,          0
 22764,   172,   43000000,   24049702,        0,  -18950298,          0
 22764,   173,   43000000,   24788012,        0,  -18211988,          0
 22764,   174,   43000000,   21976456,        0,  -21023544,          0
 22764,   175,   43000000,   22827330,        0,  -20172670,          0
 22764,   176,   43000000,   23820274,        0,  -19179726,          0
 22764,   177,   43000000,   24901280,        0,  -18098720,          0
 22764,   178,   43000000,   21794589,        0,  -21205411,          0
 22764,   179,   43000000,   22802808,        0,  -20197192,          0
 22764,   180,   43000000,   23909826,        0,  -19090174,          0
 22764,   181,   43000000,   25137884,        0,  -17862116,          0
 22764,   182,   43000000,   23746724,        0,  -19253276,          0
 22764,   183,   43000000,   22851703,        0,  -20148297,          0
 22764,   184,   43000000,   24075210,        0,  -18924790,          0
 22764,   185,   43000000,   24814873,        0,  -18185127,          0
 22764,   186,   43000000,   21782502,        0,  -21217498,          0
 22764,   187,   43000000,   25026487,        0,  -17973513,          0
 22764,   188,   43000000,   23862440,        0,  -19137560,          0
 22764,   189,   43000000,   24783745,        0,  -18216255,          0
 22764,   190,   43000000,   21924933,        0,  -21075067,          0
 22764,   191,   43000000,   22807280,        0,  -20192720,          0
 22764,   192,   43000000,   24599842,        0,  -18400158,          0
 22764,   193,   43000000,   24911291,        0,  -18088709,          0
 22764,   194,   43000000,   21797263,        0,  -21202737,          0
 22764,   195,   43000000,   22767997,        0,  -20232003,          0
 22764,   196,   43000000,   23811796,        0,  -19188204,          0
 22764,   197,   43000000,   24840064,        0,  -18159936,          0
 22764,   198,   43000000,   22093223,        0,  -20906777,          0
 22764,   199,   43000000,   24767592,        0,  -18232408,          0
 22764,   200,   43000000,   23802368,        0,  -19197632,          0
 22764,   201,   43000000,   24851682,        0,  -18148318,          0
 22764,   202,   43000000,   21819305,        0,  -21180695,          0
 22764,   203,   43000000,   22808432,        0,  -20191568,          0
 22764,   204,   43000000,   24097822,        0,  -18902178,          0
 22764,   205,   43000000,   24829157,        0,  -18170843,          0
 22764,   206,   43000000,   21829233,        0,  -21170767,          0
 22764,   207,   43000000,   23182980,        0,  -19817020,          0
 22764,   208,   43000000,   23853699,        0,  -19146301,          0
 22764,   209,   43000000,   24837920,        0,  -18162080,          0
 22764,   210,   43000000,   21836863,        0,  -21163137,          0
 22764,   211,   43000000,   22782902,        0,  -20217098,          0
 22764,   212,   43000000,   23857340,        0,  -19142660,          0
 22764,   213,   43000000,   25128808,        0,  -17871192,          0
 22764,   214,   43000000,   21763860,        0,  -21236140,          0
 22764,   215,   43000000,   22843707,        0,  -20156293,          0
 22764,   216,   43000000,   23860053,        0,  -19139947,          0
 22764,   217,   43000000,   24868540,        0,  -18131460,          0
 22764,   218,   43000000,   21794554,        0,  -21205446,          0
 22764,   219,   43000000,   22780163,        0,  -20219837,          0
 22764,   220,   43000000,   23873849,        0,  -19126151,          0
 22764,   221,   43000000,   24856997,        0,  -18143003,          0
 22764,   222,   43000000,   22507903,        0,  -20492097,          0
 22764,   223,   43000000,   22868728,        0,  -20131272,          0
 22764,   224,   43000000,   23802607,        0,  -19197393,          0
 22764,   225,   43000000,   24749841,        0,  -18250159,          0
 22764,   226,   43000000,   21842144,        0,  -21157856,          0
 22764,   227,   43000000,   22863799,        0,  -20136201,          0
 22764,   228,   43000000,   23805805,        0,  -19194195,          0
 22764,   229,   43000000,   24866934,        0,  -18133066,          0
 22764,   230,   43000000,   21856747,        0,  -21143253,          0
 22764,   231,   43000000,   22688514,        0,  -20311486,          0
 22764,   232,   43000000,   23811187,        0,  -19188813,          0
 22764,   233,   43000000,   24880272,        0,  -18119728,          0
 22764,   234,   43000000,   21830096,        0,  -21169904,          0
 22764,   235,   43000000,   22764790,        0,  -20235210,          0
 22764,   236,   43000000,   23965671,        0,  -19034329,          0
# task NAME=myapp PID=22768 COST=12495000 PERIOD=100000000 CPU=0
 22768,     2,  100000000,      19270,        0,  -99980730,          0
 22768,     3,  100000000,     124865,        0,  -99875135,          0
 22768,     4,  100000000,   21076145,        0,  -78923855,          0
 22768,     5,  100000000,   19566152,        0,  -80433848,          0
 22768,     6,  100000000,   19661511,        0,  -80338489,          0
 22768,     7,  100000000,   19581765,        0,  -80418235,          0
 22768,     8,  100000000,   19509360,        0,  -80490640,          0
 22768,     9,  100000000,   19570644,        0,  -80429356,          0
 22768,    10,  100000000,   19558109,        0,  -80441891,          0
 22768,    11,  100000000,   19612705,        0,  -80387295,          0
 22768,    12,  100000000,   19620750,        0,  -80379250,          0
 22768,    13,  100000000,   19528452,        0,  -80471548,          0
 22768,    14,  100000000,   21559167,        0,  -78440833,          0
 22768,    15,  100000000,   21668007,        0,  -78331993,          0
 22768,    16,  100000000,   19524941,        0,  -80475059,          0
 22768,    17,  100000000,   19599396,        0,  -80400604,          0
 22768,    18,  100000000,   19494861,        0,  -80505139,          0
 22768,    19,  100000000,   19593003,        0,  -80406997,          0
 22768,    20,  100000000,   19545482,        0,  -80454518,          0
 22768,    21,  100000000,   20394738,        0,  -79605262,          0
 22768,    22,  100000000,   19501533,        0,  -80498467,          0
 22768,    23,  100000000,   19555205,        0,  -80444795,          0
 22768,    24,  100000000,   21941613,        0,  -78058387,          0
 22768,    25,  100000000,   21701676,        0,  -78298324,          0
 22768,    26,  100000000,   19574884,        0,  -80425116,          0
 22768,    27,  100000000,   21729357,        0,  -78270643,          0
 22768,    28,  100000000,   19490389,        0,  -80509611,          0
 22768,    29,  100000000,   19577306,        0,  -80422694,          0
 22768,    30,  100000000,   19624869,        0,  -80375131,          0
 22768,    31,  100000000,   19529917,        0,  -80470083,          0
 22768,    32,  100000000,   21853054,        0,  -78146946,          0
 22768,    33,  100000000,   19576800,        0,  -80423200,          0
 22768,    34,  100000000,   19525372,        0,  -80474628,          0
 22768,    35,  100000000,   19484095,        0,  -80515905,          0
 22768,    36,  100000000,   19508159,        0,  -80491841,          0
 22768,    37,  100000000,   19550925,        0,  -80449075,          0
 22768,    38,  100000000,   21732735,        0,  -78267265,          0
 22768,    39,  100000000,   19507964,        0,  -80492036,          0
 22768,    40,  100000000,   21278359,        0,  -78721641,          0
 22768,    41,  100000000,   19581592,        0,  -80418408,          0
 22768,    42,  100000000,   19580477,        0,  -80419523,          0
 22768,    43,  100000000,   19553298,        0,  -80446702,          0
 22768,    44,  100000000,   19583334,        0,  -80416666,          0
 22768,    45,  100000000,   19512309,        0,  -80487691,          0
 22768,    46,  100000000,   19524025,        0,  -80475975,          0
 22768,    47,  100000000,   21808514,        0,  -78191486,          0
 22768,    48,  100000000,   19583410,        0,  -80416590,          0
 22768,    49,  100000000,   19602602,        0,  -80397398,          0
 22768,    50,  100000000,   19555672,        0,  -80444328,          0
 22768,    51,  100000000,   19534654,        0,  -80465346,          0
 22768,    52,  100000000,   19540257,        0,  -80459743,          0
 22768,    53,  100000000,   19554088,        0,  -80445912,          0
 22768,    54,  100000000,   19559262,        0,  -80440738,          0
 22768,    55,  100000000,   19513464,        0,  -80486536,          0
 22768,    56,  100000000,   19474942,        0,  -80525058,          0
 22768,    57,  100000000,   19599102,        0,  -80400898,          0
 22768,    58,  100000000,   21696323,        0,  -78303677,          0
 22768,    59,  100000000,   19513644,        0,  -80486356,          0
 22768,    60,  100000000,   19515126,        0,  -80484874,          0
 22768,    61,  100000000,   19597468,        0,  -80402532,          0
 22768,    62,  100000000,   19596371,        0,  -80403629,          0
 22768,    63,  100000000,   19530368,        0,  -80469632,          0
 22768,    64,  100000000,   21687803,        0,  -78312197,          0
 22768,    65,  100000000,   19513587,        0,  -80486413,          0
 22768,    66,  100000000,   19611492,        0,  -80388508,          0
 22768,    67,  100000000,   20457731,        0,  -79542269,          0
 22768,    68,  100000000,   19572411,        0,  -80427589,          0
 22768,    69,  100000000,   19522434,        0,  -80477566,          0
 22768,    70,  100000000,   20045718,        0,  -79954282,          0
 22768,    71,  100000000,   19586057,        0,  -80413943,          0
 22768,    72,  100000000,   19622107,        0,  -80377893,          0
 22768,    73,  100000000,   19548245,        0,  -80451755,          0
 22768,    74,  100000000,   19555270,        0,  -80444730,          0
 22768,    75,  100000000,   23609111,        0,  -76390889,          0
 22768,    76,  100000000,   19598974,        0,  -80401026,          0
 22768,    77,  100000000,   19589018,        0,  -80410982,          0
 22768,    78,  100000000,   19514052,        0,  -80485948,          0
 22768,    79,  100000000,   21653355,        0,  -78346645,          0
 22768,    80,  100000000,   23616441,        0,  -76383559,          0
 22768,    81,  100000000,   19467829,        0,  -80532171,          0
 22768,    82,  100000000,   21916676,        0,  -78083324,          0
 22768,    83,  100000000,   19483629,        0,  -80516371,          0
 22768,    84,  100000000,   21626898,        0,  -78373102,          0
 22768,    85,  100000000,   21750556,        0,  -78249444,          0
 22768,    86,  100000000,   19584509,        0,  -80415491,          0
 22768,    87,  100000000,   21669571,        0,  -78330429,          0
 22768,    88,  100000000,   19599380,        0,  -80400620,          0
 22768,    89,  100000000,   19556478,        0,  -80443522,          0
 22768,    90,  100000000,   19596239,        0,  -80403761,          0
 22768,    91,  100000000,   19500872,        0,  -80499128,          0
 22768,    92,  100000000,   19590856,        0,  -80409144,          0
 22768,    93,  100000000,   19525368,        0,  -80474632,          0
 22768,    94,  100000000,   19555690,        0,  -80444310,          0
 22768,    95,  100000000,   20593382,        0,  -79406618,          0
 22768,    96,  100000000,   19549283,        0,  -80450717,          0
 22768,    97,  100000000,   21736254,        0,  -78263746,          0
 22768,    98,  100000000,   19518901,        0,  -80481099,          0
 22768,    99,  100000000,   19550197,        0,  -80449803,          0
 22768,   100,  100000000,   19578737,        0,  -80421263,          0
 22768,   101,  100000000,   19531940,        0,  -80468060,          0
 22768,   102,  100000000,   19525569,        0,  -80474431,          0
 22768,   103,  100000000,   19544718,        0,  -80455282,          0
 22768,   104,  100000000,   19612425,        0,  -80387575,          0
# task NAME=myapp PID=22772 COST=3072000 PERIOD=29000000 CPU=0
 22772,     2,   29000000,      28730,        0,  -28971270,          0
 22772,     3,   29000000,     109663,        0,  -28890337,          0
 22772,     4,   29000000,    2952968,        0,  -26047032,          0
 22772,     5,   29000000,    5573337,        0,  -23426663,          0
 22772,     6,   29000000,    4544380,        0,  -24455620,          0
 22772,     7,   29000000,    2963393,        0,  -26036607,          0
 22772,     8,   29000000,    2969719,        0,  -26030281,          0
 22772,     9,   29000000,    4606923,        0,  -24393077,          0
 22772,    10,   29000000,    3613449,        0,  -25386551,          0
 22772,    11,   29000000,    3058149,        0,  -25941851,          0
 22772,    12,   29000000,    2950242,        0,  -26049758,          0
 22772,    13,   29000000,    4582828,        0,  -24417172,          0
 22772,    14,   29000000,    3743744,        0,  -25256256,          0
 22772,    15,   29000000,    2958770,        0,  -26041230,          0
 22772,    16,   29000000,    3030622,        0,  -25969378,          0
 22772,    17,   29000000,    4579499,        0,  -24420501,          0
 22772,    18,   29000000,    3636621,        0,  -25363379,          0
 22772,    19,   29000000,    2989875,        0,  -26010125,          0
 22772,    20,   29000000,    2972993,        0,  -26027007,          0
 22772,    21,   29000000,    5812984,        0,  -23187016,          0
 22772,    22,   29000000,    5602410,        0,  -23397590,          0
 22772,    23,   29000000,    2969342,        0,  -26030658,          0
 22772,    24,   29000000,    2968309,        0,  -26031691,          0
 22772,    25,   29000000,    6443169,        0,  -22556831,          0
 22772,    26,   29000000,    3601766,        0,  -25398234,          0
 22772,    27,   29000000,    2963838,        0,  -26036162,          0
 22772,    28,   29000000,    2956219,        0,  -26043781,          0
 22772,    29,   29000000,    4578727,        0,  -24421273,          0
 22772,    30,   29000000,    5547915,        0,  -23452085,          0
 22772,    31,   29000000,    2932283,        0,  -26067717,          0
 22772,    32,   29000000,    2979597,        0,  -26020403,          0
 22772,    33,   29000000,    4576233,        0,  -24423767,          0
 22772,    34,   29000000,    3619129,        0,  -25380871,          0
 22772,    35,   29000000,    3022557,        0,  -25977443,          0
 22772,    36,   29000000,    3025776,        0,  -25974224,          0
 22772,    37,   29000000,    4595881,        0,  -24404119,          0
 22772,    38,   29000000,    3598096,        0,  -25401904,          0
 22772,    39,   29000000,    3073458,        0,  -25926542,          0
 22772,    40,   29000000,    2956875,        0,  -26043125,          0
 22772,    41,   29000000,    6555450,        0,  -22444550,          0
 22772,    42,   29000000,    5648635,        0,  -23351365,          0
 22772,    43,   29000000,    3271125,        0,  -25728875,          0
 22772,    44,   29000000,    2962489,        0,  -26037511,          0
 22772,    45,   29000000,    5625121,        0,  -23374879,          0
 22772,    46,   29000000,    3605903,        0,  -25394097,          0
 22772,    47,   29000000,    2969406,        0,  -26030594,          0
 22772,    48,   29000000,    2966047,        0,  -26033953,          0
 22772,    49,   29000000,    4596618,        0,  -24403382,          0
 22772,    50,   29000000,    4868760,        0,  -24131240,          0
 22772,    51,   29000000,    2984656,        0,  -26015344,          0
 22772,    52,   29000000,    2976917,        0,  -26023083,          0
 22772,    53,   29000000,    5411224,        0,  -23588776,          0
 22772,    54,   29000000,    3605875,        0,  -25394125,          0
 22772,    55,   29000000,    2989926,        0,  -26010074,          0
 22772,    56,   29000000,    3290946,        0,  -25709054,          0
 22772,    57,   29000000,    5822140,        0,  -23177860,          0
 22772,    58,   29000000,    3565705,        0,  -25434295,          0
 22772,    59,   29000000,    2977824,        0,  -26022176,          0
 22772,    60,   29000000,    2951964,        0,  -26048036,          0
 22772,    61,   29000000,    4572818,        0,  -24427182,          0
 22772,    62,   29000000,    5574457,        0,  -23425543,          0
 22772,    63,   29000000,    3044613,        0,  -25955387,          0
 22772,    64,   29000000,    2994513,        0,  -26005487,          0
 22772,    65,   29000000,    4604898,        0,  -24395102,          0
 22772,    66,   29000000,    3640191,        0,  -25359809,          0
 22772,    67,   29000000,    2988136,        0,  -26011864,          0
 22772,    68,   29000000,    5580217,        0,  -23419783,          0
 22772,    69,   29000000,    4785652,        0,  -24214348,          0
 22772,    70,   29000000,    3591910,        0,  -25408090,          0
 22772,    71,   29000000,    2960854,        0,  -26039146,          0
 22772,    72,   29000000,    2963516,        0,  -26036484,          0
 22772,    73,   29000000,    4602335,        0,  -24397665,          0
 22772,    74,   29000000,    3577796,        0,  -25422204,          0
 22772,    75,   29000000,    2972567,        0,  -26027433,          0
 22772,    76,   29000000,    3025705,        0,  -25974295,          0
 22772,    77,   29000000,    4551441,        0,  -24448559,          0
 22772,    78,   29000000,    3610770,        0,  -25389230,          0
 22772,    79,   29000000,    2980332,        0,  -26019668,          0
 22772,    80,   29000000,    2953208,        0,  -26046792,          0
 22772,    81,   29000000,    4551795,        0,  -24448205,          0
 22772,    82,   29000000,    5622677,        0,  -23377323,          0
 22772,    83,   29000000,    2933860,        0,  -26066140,          0
 22772,    84,   29000000,    3067743,        0,  -25932257,          0
 22772,    85,   29000000,    5359984,        0,  -23640016,          0
 22772,    86,   29000000,    3602258,        0,  -25397742,          0
 22772,    87,   29000000,    4007661,        0,  -24992339,          0
 22772,    88,   29000000,    2954973,        0,  -26045027,          0
 22772,    89,   29000000,    6590833,        0,  -22409167,          0
 22772,    90,   29000000,    3557804,        0,  -25442196,          0
 22772,    91,   29000000,    3006067,        0,  -25993933,          0
 22772,    92,   29000000,    2935382,        0,  -26064618,          0
 22772,    93,   29000000,    4595851,        0,  -24404149,          0
 22772,    94,   29000000,    5543256,        0,  -23456744,          0
 22772,    95,   29000000,    2979568,        0,  -26020432,          0
 22772,    96,   29000000,    2969036,        0,  -26030964,          0
 22772,    97,   29000000,    5873545,        0,  -23126455,          0
 22772,    98,   29000000,    3576832,        0,  -25423168,          0
 22772,    99,   29000000,    2979344,        0,  -26020656,          0
 22772,   100,   29000000,    2952460,        0,  -26047540,          0
 22772,   101,   29000000,    4599709,        0,  -24400291,          0
 22772,   102,   29000000,    5609168,        0,  -23390832,          0
 22772,   103,   29000000,    4627109,        0,  -24372891,          0
 22772,   104,   29000000,    2946900,        0,  -26053100,          0
 22772,   105,   29000000,    6635930,        0,  -22364070,          0
 22772,   106,   29000000,    3574832,        0,  -25425168,          0
 22772,   107,   29000000,    2972411,        0,  -26027589,          0
 22772,   108,   29000000,    2979006,        0,  -26020994,          0
 22772,   109,   29000000,    6598634,        0,  -22401366,          0
 22772,   110,   29000000,    3564730,        0,  -25435270,          0
 22772,   111,   29000000,    3156757,        0,  -25843243,          0
 22772,   112,   29000000,    3524507,        0,  -25475493,          0
 22772,   113,   29000000,    6579089,        0,  -22420911,          0
 22772,   114,   29000000,    3657322,        0,  -25342678,          0
 22772,   115,   29000000,    3048701,        0,  -25951299,          0
 22772,   116,   29000000,    2970468,        0,  -26029532,          0
 22772,   117,   29000000,    6565769,        0,  -22434231,          0
 22772,   118,   29000000,    3585506,        0,  -25414494,          0
 22772,   119,   29000000,    2963554,        0,  -26036446,          0
 22772,   120,   29000000,    3010170,        0,  -25989830,          0
 22772,   121,   29000000,    5253405,        0,  -23746595,          0
 22772,   122,   29000000,    5573019,        0,  -23426981,          0
 22772,   123,   29000000,    2955233,        0,  -26044767,          0
 22772,   124,   29000000,    2938587,        0,  -26061413,          0
 22772,   125,   29000000,    4579042,        0,  -24420958,          0
 22772,   126,   29000000,    5686447,        0,  -23313553,          0
 22772,   127,   29000000,    2985290,        0,  -26014710,          0
 22772,   128,   29000000,    5591425,        0,  -23408575,          0
 22772,   129,   29000000,    4587235,        0,  -24412765,          0
 22772,   130,   29000000,    3548033,        0,  -25451967,          0
 22772,   131,   29000000,    4623388,        0,  -24376612,          0
 22772,   132,   29000000,    5582654,        0,  -23417346,          0
 22772,   133,   29000000,    4584127,        0,  -24415873,          0
 22772,   134,   29000000,    5624205,        0,  -23375795,          0
 22772,   135,   29000000,    2950749,        0,  -26049251,          0
 22772,   136,   29000000,    3665042,        0,  -25334958,          0
 22772,   137,   29000000,    4591329,        0,  -24408671,          0
 22772,   138,   29000000,    3608404,        0,  -25391596,          0
 22772,   139,   29000000,    2989064,        0,  -26010936,          0
 22772,   140,   29000000,    2962215,        0,  -26037785,          0
 22772,   141,   29000000,    4593941,        0,  -24406059,          0
 22772,   142,   29000000,    3637755,        0,  -25362245,          0
 22772,   143,   29000000,    2944108,        0,  -26055892,          0
 22772,   144,   29000000,    2973876,        0,  -26026124,          0
 22772,   145,   29000000,    4577511,        0,  -24422489,          0
 22772,   146,   29000000,    3583846,        0,  -25416154,          0
 22772,   147,   29000000,    2983487,        0,  -26016513,          0
 22772,   148,   29000000,    2972188,        0,  -26027812,          0
 22772,   149,   29000000,    4600403,        0,  -24399597,          0
 22772,   150,   29000000,    3548583,        0,  -25451417,          0
 22772,   151,   29000000,    3052158,        0,  -25947842,          0
 22772,   152,   29000000,    3008786,        0,  -25991214,          0
 22772,   153,   29000000,    4598436,        0,  -24401564,          0
 22772,   154,   29000000,    4633329,        0,  -24366671,          0
 22772,   155,   29000000,    2957274,        0,  -26042726,          0
 22772,   156,   29000000,    2979488,        0,  -26020512,          0
 22772,   157,   29000000,    4584992,        0,  -24415008,          0
 22772,   158,   29000000,    3680839,        0,  -25319161,          0
 22772,   159,   29000000,    3017918,        0,  -25982082,          0
 22772,   160,   29000000,    2991777,        0,  -26008223,          0
 22772,   161,   29000000,    4581871,        0,  -24418129,          0
 22772,   162,   29000000,    3581320,        0,  -25418680,          0
 22772,   163,   29000000,    2992025,        0,  -26007975,          0
 22772,   164,   29000000,    2993538,        0,  -26006462,          0
 22772,   165,   29000000,    4563940,        0,  -24436060,          0
 22772,   166,   29000000,    3593436,        0,  -25406564,          0
 22772,   167,   29000000,    3068066,        0,  -25931934,          0
 22772,   168,   29000000,    3233473,        0,  -25766527,          0
 22772,   169,   29000000,    4538804,        0,  -24461196,          0
 22772,   170,   29000000,    3704305,        0,  -25295695,          0
 22772,   171,   29000000,    2960760,        0,  -26039240,          0
 22772,   172,   29000000,    3528066,        0,  -25471934,          0
 22772,   173,   29000000,    4546074,        0,  -24453926,          0
 22772,   174,   29000000,    5590706,        0,  -23409294,          0
 22772,   175,   29000000,    3028557,        0,  -25971443,          0
 22772,   176,   29000000,    3082962,        0,  -25917038,          0
 22772,   177,   29000000,    4593312,        0,  -24406688,          0
 22772,   178,   29000000,    5609480,        0,  -23390520,          0
 22772,   179,   29000000,    3056402,        0,  -25943598,          0
 22772,   180,   29000000,    3479260,        0,  -25520740,          0
 22772,   181,   29000000,    4871714,        0,  -24128286,          0
 22772,   182,   29000000,    3601947,        0,  -25398053,          0
 22772,   183,   29000000,    2974670,        0,  -26025330,          0
 22772,   184,   29000000,    2942587,        0,  -26057413,          0
 22772,   185,   29000000,    4613041,        0,  -24386959,          0
 22772,   186,   29000000,    4752422,        0,  -24247578,          0
 22772,   187,   29000000,    2937370,        0,  -26062630,          0
 22772,   188,   29000000,    2971070,        0,  -26028930,          0
 22772,   189,   29000000,    4567362,        0,  -24432638,          0
 22772,   190,   29000000,    3593708,        0,  -25406292,          0
 22772,   191,   29000000,    3005209,        0,  -25994791,          0
 22772,   192,   29000000,    2996837,        0,  -26003163,          0
 22772,   193,   29000000,    5967606,        0,  -23032394,          0
 22772,   194,   29000000,    4640885,        0,  -24359115,          0
 22772,   195,   29000000,    3813672,        0,  -25186328,          0
 22772,   196,   29000000,    2958964,        0,  -26041036,          0
 22772,   197,   29000000,    4525457,        0,  -24474543,          0
 22772,   198,   29000000,    3610005,        0,  -25389995,          0
 22772,   199,   29000000,    3954974,        0,  -25045026,          0
 22772,   200,   29000000,    5554369,        0,  -23445631,          0
 22772,   201,   29000000,    4911834,        0,  -24088166,          0
 22772,   202,   29000000,    3557215,        0,  -25442785,          0
 22772,   203,   29000000,    3113704,        0,  -25886296,          0
 22772,   204,   29000000,    5592798,        0,  -23407202,          0
 22772,   205,   29000000,    6563822,        0,  -22436178,          0
 22772,   206,   29000000,    3614577,        0,  -25385423,          0
 22772,   207,   29000000,    6612377,        0,  -22387623,          0
 22772,   208,   29000000,    5594670,        0,  -23405330,          0
 22772,   209,   29000000,    4589437,        0,  -24410563,          0
 22772,   210,   29000000,    3617626,        0,  -25382374,          0
 22772,   211,   29000000,    6867971,        0,  -22132029,          0
 22772,   212,   29000000,    2980162,        0,  -26019838,          0
 22772,   213,   29000000,    4590802,        0,  -24409198,          0
 22772,   214,   29000000,    3661973,        0,  -25338027,          0
 22772,   215,   29000000,    6582197,        0,  -22417803,          0
 22772,   216,   29000000,    2983939,        0,  -26016061,          0
 22772,   217,   29000000,    4578264,        0,  -24421736,          0
 22772,   218,   29000000,    3568659,        0,  -25431341,          0
 22772,   219,   29000000,    3075305,        0,  -25924695,          0
 22772,   220,   29000000,    2974504,        0,  -26025496,          0
 22772,   221,   29000000,    4612868,        0,  -24387132,          0
 22772,   222,   29000000,    5601606,        0,  -23398394,          0
 22772,   223,   29000000,    3036468,        0,  -25963532,          0
 22772,   224,   29000000,    2948075,        0,  -26051925,          0
 22772,   225,   29000000,    4586218,        0,  -24413782,          0
 22772,   226,   29000000,    3542393,        0,  -25457607,          0
 22772,   227,   29000000,    2962772,        0,  -26037228,          0
 22772,   228,   29000000,    3034711,        0,  -25965289,          0
 22772,   229,   29000000,    6188967,        0,  -22811033,          0
 22772,   230,   29000000,    4693867,        0,  -24306133,          0
 22772,   231,   29000000,    2959439,        0,  -26040561,          0
 22772,   232,   29000000,    2946949,        0,  -26053051,          0
 22772,   233,   29000000,    4530630,        0,  -24469370,          0
 22772,   234,   29000000,    3563691,        0,  -25436309,          0
 22772,   235,   29000000,    2974142,        0,  -26025858,          0
 22772,   236,   29000000,    2961671,        0,  -26038329,          0
 22772,   237,   29000000,    4579498,        0,  -24420502,          0
 22772,   238,   29000000,    3559275,        0,  -25440725,          0
 22772,   239,   29000000,    2960392,        0,  -26039608,          0
 22772,   240,   29000000,    2973709,        0,  -26026291,          0
 22772,   241,   29000000,    6557643,        0,  -22442357,          0
 22772,   242,   29000000,    3594613,        0,  -25405387,          0
 22772,   243,   29000000,    3021954,        0,  -25978046,          0
 22772,   244,   29000000,    2994807,        0,  -26005193,          0
 22772,   245,   29000000,    6578486,        0,  -22421514,          0
 22772,   246,   29000000,    3590266,        0,  -25409734,          0
 22772,   247,   29000000,    3495221,        0,  -25504779,          0
 22772,   248,   29000000,    2942704,        0,  -26057296,          0
 22772,   249,   29000000,    4574958,        0,  -24425042,          0
 22772,   250,   29000000,    3612753,        0,  -25387247,          0
 22772,   251,   29000000,    2949517,        0,  -26050483,          0
 22772,   252,   29000000,    5641947,        0,  -23358053,          0
 22772,   253,   29000000,    4584572,        0,  -24415428,          0
 22772,   254,   29000000,    4326294,        0,  -24673706,          0
 22772,   255,   29000000,    2961232,        0,  -26038768,          0
 22772,   256,   29000000,    5567114,        0,  -23432886,          0
 22772,   257,   29000000,    5547822,        0,  -23452178,          0
 22772,   258,   29000000,    3604428,        0,  -25395572,          0
 22772,   259,   29000000,    2989040,        0,  -26010960,          0
 22772,   260,   29000000,    2972099,        0,  -26027901,          0
 22772,   261,   29000000,    5805601,        0,  -23194399,          0
 22772,   262,   29000000,    3908161,        0,  -25091839,          0
 22772,   263,   29000000,    7770959,        0,  -21229041,          0
 22772,   264,   29000000,    5579082,        0,  -23420918,          0
 22772,   265,   29000000,    4577850,        0,  -24422150,          0
 22772,   266,   29000000,    5626800,        0,  -23373200,          0
 22772,   267,   29000000,    3035572,        0,  -25964428,          0
 22772,   268,   29000000,    2952840,        0,  -26047160,          0
 22772,   269,   29000000,    6597316,        0,  -22402684,          0
 22772,   270,   29000000,    4440660,        0,  -24559340,          0
 22772,   271,   29000000,    2989870,        0,  -26010130,          0
 22772,   272,   29000000,    2970716,        0,  -26029284,          0
 22772,   273,   29000000,    6600787,        0,  -22399213,          0
 22772,   274,   29000000,    5605195,        0,  -23394805,          0
 22772,   275,   29000000,    3777455,        0,  -25222545,          0
 22772,   276,   29000000,    2952680,        0,  -26047320,          0
 22772,   277,   29000000,    6629190,        0,  -22370810,          0
 22772,   278,   29000000,    3648206,        0,  -25351794,          0
 22772,   279,   29000000,    2954725,        0,  -26045275,          0
 22772,   280,   29000000,    2941194,        0,  -26058806,          0
 22772,   281,   29000000,    4592497,        0,  -24407503,          0
 22772,   282,   29000000,    4174444,        0,  -24825556,          0
 22772,   283,   29000000,    2963995,        0,  -26036005,          0
 22772,   284,   29000000,    2966915,        0,  -26033085,          0
 22772,   285,   29000000,    6575986,        0,  -22424014,          0
 22772,   286,   29000000,    3643992,        0,  -25356008,          0
 22772,   287,   29000000,    2985080,        0,  -26014920,          0
 22772,   288,   29000000,    3022100,        0,  -25977900,          0
 22772,   289,   29000000,    4598652,        0,  -24401348,          0
 22772,   290,   29000000,    3589375,        0,  -25410625,          0
 22772,   291,   29000000,    3617343,        0,  -25382657,          0
 22772,   292,   29000000,    2968640,        0,  -26031360,          0
 22772,   293,   29000000,    4857247,        0,  -24142753,          0
 22772,   294,   29000000,    3580724,        0,  -25419276,          0
 22772,   295,   29000000,    2981204,        0,  -26018796,          0
 22772,   296,   29000000,    2995222,        0,  -26004778,          0
 22772,   297,   29000000,    4592129,        0,  -24407871,          0
 22772,   298,   29000000,    5559972,        0,  -23440028,          0
 22772,   299,   29000000,    3118729,        0,  -25881271,          0
 22772,   300,   29000000,    2935113,        0,  -26064887,          0
 22772,   301,   29000000,    6559527,        0,  -22440473,          0
 22772,   302,   29000000,    3543140,        0,  -25456860,          0
 22772,   303,   29000000,    3023112,        0,  -25976888,          0
 22772,   304,   29000000,    2995560,        0,  -26004440,          0
 22772,   305,   29000000,    4548759,        0,  -24451241,          0
 22772,   306,   29000000,    3588022,        0,  -25411978,          0
 22772,   307,   29000000,    2944681,        0,  -26055319,          0
 22772,   308,   29000000,    2972619,        0,  -26027381,          0
 22772,   309,   29000000,    5780843,        0,  -23219157,          0
 22772,   310,   29000000,    3537357,        0,  -25462643,          0
 22772,   311,   29000000,    3003196,        0,  -25996804,          0
 22772,   312,   29000000,    2996427,        0,  -26003573,          0
 22772,   313,   29000000,    4635510,        0,  -24364490,          0
 22772,   314,   29000000,    5269927,        0,  -23730073,          0
 22772,   315,   29000000,    4412380,        0,  -24587620,          0
 22772,   316,   29000000,    3596536,        0,  -25403464,          0
 22772,   317,   29000000,    4619714,        0,  -24380286,          0
 22772,   318,   29000000,    3596282,        0,  -25403718,          0
 22772,   319,   29000000,    3118371,        0,  -25881629,          0
 22772,   320,   29000000,    2967664,        0,  -26032336,          0
 22772,   321,   29000000,    4570462,        0,  -24429538,          0
 22772,   322,   29000000,    3566817,        0,  -25433183,          0
 22772,   323,   29000000,    3026422,        0,  -25973578,          0
 22772,   324,   29000000,    2966029,        0,  -26033971,          0
 22772,   325,   29000000,    4586799,        0,  -24413201,          0
 22772,   326,   29000000,    3558886,        0,  -25441114,          0
 22772,   327,   29000000,    2973800,        0,  -26026200,          0
 22772,   328,   29000000,    2965289,        0,  -26034711,          0
 22772,   329,   29000000,    4626356,        0,  -24373644,          0
 22772,   330,   29000000,    3591321,        0,  -25408679,          0
 22772,   331,   29000000,    3999191,        0,  -25000809,          0
 22772,   332,   29000000,    2970154,        0,  -26029846,          0
 22772,   333,   29000000,    4629890,        0,  -24370110,          0
 22772,   334,   29000000,    3655924,        0,  -25344076,          0
 22772,   335,   29000000,    3017727,        0,  -25982273,          0
 22772,   336,   29000000,    2958910,        0,  -26041090,          0
 22772,   337,   29000000,    4614118,        0,  -24385882,          0
 22772,   338,   29000000,    3626160,        0,  -25373840,          0
 22772,   339,   29000000,    2958828,        0,  -26041172,          0
 22772,   340,   29000000,    3511799,        0,  -25488201,          0
 22772,   341,   29000000,    4598498,        0,  -24401502,          0
 22772,   342,   29000000,    5543208,        0,  -23456792,          0
 22772,   343,   29000000,    2948060,        0,  -26051940,          0
 22772,   344,   29000000,    2980418,        0,  -26019582,          0
 22772,   345,   29000000,    4737657,        0,  -24262343,          0
 22772,   346,   29000000,    3589183,        0,  -25410817,          0
 22772,   347,   29000000,    3040165,        0,  -25959835,          0
 22772,   348,   29000000,    2961475,        0,  -26038525,          0
