# Task,   Job,     Period,   Response, DL Miss?,   Lateness,  Tardiness
# task NAME=myapp PID=30291 COST=2200000 PERIOD=11000000 CPU=0
 30291,     2,   11000000,       6848,        0,  -10993152,          0
 30291,     3,   11000000,      61131,        0,  -10938869,          0
 30291,     4,   11000000,    2266667,        0,   -8733333,          0
 30291,     5,   11000000,    2278390,        0,   -8721610,          0
 30291,     6,   11000000,    2262611,        0,   -8737389,          0
 30291,     7,   11000000,    2222653,        0,   -8777347,          0
 30291,     8,   11000000,    2281089,        0,   -8718911,          0
 30291,     9,   11000000,    2281479,        0,   -8718521,          0
 30291,    10,   11000000,    2266121,        0,   -8733879,          0
 30291,    11,   11000000,    2283473,        0,   -8716527,          0
 30291,    12,   11000000,    2267505,        0,   -8732495,          0
 30291,    13,   11000000,    2258276,        0,   -8741724,          0
 30291,    14,   11000000,    2272687,        0,   -8727313,          0
 30291,    15,   11000000,    2256433,        0,   -8743567,          0
 30291,    16,   11000000,    2244362,        0,   -8755638,          0
 30291,    17,   11000000,    2296164,        0,   -8703836,          0
 30291,    18,   11000000,    2272298,        0,   -8727702,          0
 30291,    19,   11000000,    2257675,        0,   -8742325,          0
 30291,    20,   11000000,    2283256,        0,   -8716744,          0
 30291,    21,   11000000,    2277286,        0,   -8722714,          0
 30291,    22,   11000000,    2231787,        0,   -8768213,          0
 30291,    23,   11000000,    2236300,        0,   -8763700,          0
 30291,    24,   11000000,    2516792,        0,   -8483208,          0
 30291,    25,   11000000,    2270284,        0,   -8729716,          0
 30291,    26,   11000000,    2243225,        0,   -8756775,          0
 30291,    27,   11000000,    2260700,        0,   -8739300,          0
 30291,    28,   11000000,    2259270,        0,   -8740730,          0
 30291,    29,   11000000,    2270873,        0,   -8729127,          0
 30291,    30,   11000000,    2273046,        0,   -8726954,          0
 30291,    31,   11000000,    2254773,        0,   -8745227,          0
 30291,    32,   11000000,    2259676,        0,   -8740324,          0
 30291,    33,   11000000,    2245222,        0,   -8754778,          0
 30291,    34,   11000000,    2272828,        0,   -8727172,          0
 30291,    35,   11000000,    2227200,        0,   -8772800,          0
 30291,    36,   11000000,    2227626,        0,   -8772374,          0
 30291,    37,   11000000,    2257711,        0,   -8742289,          0
 30291,    38,   11000000,    2279083,        0,   -8720917,          0
 30291,    39,   11000000,    2254601,        0,   -8745399,          0
 30291,    40,   11000000,    2284377,        0,   -8715623,          0
 30291,    41,   11000000,    2261509,        0,   -8738491,          0
 30291,    42,   11000000,    2233947,        0,   -8766053,          0
 30291,    43,   11000000,    2265837,        0,   -8734163,          0
 30291,    44,   11000000,    2258781,        0,   -8741219,          0
 30291,    45,   11000000,    2328496,        0,   -8671504,          0
 30291,    46,   11000000,    2265402,        0,   -8734598,          0
 30291,    47,   11000000,    2220830,        0,   -8779170,          0
 30291,    48,   11000000,    2243960,        0,   -8756040,          0
 30291,    49,   11000000,    2274775,        0,   -8725225,          0
 30291,    50,   11000000,    2310599,        0,   -8689401,          0
 30291,    51,   11000000,    2255871,        0,   -8744129,          0
 30291,    52,   11000000,    2273192,        0,   -8726808,          0
 30291,    53,   11000000,    2235099,        0,   -8764901,          0
 30291,    54,   11000000,    2346242,        0,   -8653758,          0
 30291,    55,   11000000,    2256802,        0,   -8743198,          0
 30291,    56,   11000000,    2228213,        0,   -8771787,          0
 30291,    57,   11000000,    2230756,        0,   -8769244,          0
 30291,    58,   11000000,    2581562,        0,   -8418438,          0
 30291,    59,   11000000,    2257450,        0,   -8742550,          0
 30291,    60,   11000000,    2289418,        0,   -8710582,          0
 30291,    61,   11000000,    2276419,        0,   -8723581,          0
 30291,    62,   11000000,    2281662,        0,   -8718338,          0
 30291,    63,   11000000,    2266404,        0,   -8733596,          0
 30291,    64,   11000000,    2266769,        0,   -8733231,          0
 30291,    65,   11000000,    2295973,        0,   -8704027,          0
 30291,    66,   11000000,    2261713,        0,   -8738287,          0
 30291,    67,   11000000,    2224352,        0,   -8775648,          0
 30291,    68,   11000000,    2242137,        0,   -8757863,          0
 30291,    69,   11000000,    2257243,        0,   -8742757,          0
 30291,    70,   11000000,    2246514,        0,   -8753486,          0
 30291,    71,   11000000,    2220104,        0,   -8779896,          0
 30291,    72,   11000000,    2307505,        0,   -8692495,          0
 30291,    73,   11000000,    2283802,        0,   -8716198,          0
 30291,    74,   11000000,    2253689,        0,   -8746311,          0
 30291,    75,   11000000,    2293479,        0,   -8706521,          0
 30291,    76,   11000000,    2238090,        0,   -8761910,          0
 30291,    77,   11000000,    2274768,        0,   -8725232,          0
 30291,    78,   11000000,    2267053,        0,   -8732947,          0
 30291,    79,   11000000,    2318643,        0,   -8681357,          0
 30291,    80,   11000000,    2329587,        0,   -8670413,          0
 30291,    81,   11000000,    2229215,        0,   -8770785,          0
 30291,    82,   11000000,    2293026,        0,   -8706974,          0
 30291,    83,   11000000,    2256748,        0,   -8743252,          0
 30291,    84,   11000000,    2304590,        0,   -8695410,          0
 30291,    85,   11000000,    2271721,        0,   -8728279,          0
 30291,    86,   11000000,    2233137,        0,   -8766863,          0
 30291,    87,   11000000,    2292468,        0,   -8707532,          0
 30291,    88,   11000000,    2258113,        0,   -8741887,          0
 30291,    89,   11000000,    2299714,        0,   -8700286,          0
 30291,    90,   11000000,    2237381,        0,   -8762619,          0
 30291,    91,   11000000,    2257985,        0,   -8742015,          0
 30291,    92,   11000000,    2270271,        0,   -8729729,          0
 30291,    93,   11000000,    2280382,        0,   -8719618,          0
 30291,    94,   11000000,    2332932,        0,   -8667068,          0
 30291,    95,   11000000,    2287341,        0,   -8712659,          0
 30291,    96,   11000000,    2264280,        0,   -8735720,          0
 30291,    97,   11000000,    2296597,        0,   -8703403,          0
 30291,    98,   11000000,    2228907,        0,   -8771093,          0
 30291,    99,   11000000,    2265696,        0,   -8734304,          0
 30291,   100,   11000000,    2234615,        0,   -8765385,          0
 30291,   101,   11000000,    2250956,        0,   -8749044,          0
 30291,   102,   11000000,    2265723,        0,   -8734277,          0
 30291,   103,   11000000,    2235137,        0,   -8764863,          0
 30291,   104,   11000000,    2262662,        0,   -8737338,          0
 30291,   105,   11000000,    2285601,        0,   -8714399,          0
 30291,   106,   11000000,    2238611,        0,   -8761389,          0
 30291,   107,   11000000,    2248717,        0,   -8751283,          0
 30291,   108,   11000000,    2283644,        0,   -8716356,          0
 30291,   109,   11000000,    2255355,        0,   -8744645,          0
 30291,   110,   11000000,    2290480,        0,   -8709520,          0
 30291,   111,   11000000,    2305062,        0,   -8694938,          0
 30291,   112,   11000000,    2306031,        0,   -8693969,          0
 30291,   113,   11000000,    2319930,        0,   -8680070,          0
 30291,   114,   11000000,    2251291,        0,   -8748709,          0
 30291,   115,   11000000,    2328870,        0,   -8671130,          0
 30291,   116,   11000000,    2244949,        0,   -8755051,          0
 30291,   117,   11000000,    2269429,        0,   -8730571,          0
 30291,   118,   11000000,    2229414,        0,   -8770586,          0
 30291,   119,   11000000,    2313170,        0,   -8686830,          0
 30291,   120,   11000000,    2315378,        0,   -8684622,          0
 30291,   121,   11000000,    2263759,        0,   -8736241,          0
 30291,   122,   11000000,    2243631,        0,   -8756369,          0
 30291,   123,   11000000,    2260156,        0,   -8739844,          0
 30291,   124,   11000000,    2260744,        0,   -8739256,          0
 30291,   125,   11000000,    2269097,        0,   -8730903,          0
 30291,   126,   11000000,    2232606,        0,   -8767394,          0
 30291,   127,   11000000,    2307210,        0,   -8692790,          0
 30291,   128,   11000000,    2257687,        0,   -8742313,          0
 30291,   129,   11000000,    2253442,        0,   -8746558,          0
 30291,   130,   11000000,    2297506,        0,   -8702494,          0
 30291,   131,   11000000,    2255811,        0,   -8744189,          0
 30291,   132,   11000000,    2314813,        0,   -8685187,          0
 30291,   133,   11000000,    2263047,        0,   -8736953,          0
 30291,   134,   11000000,    2266665,        0,   -8733335,          0
 30291,   135,   11000000,    2233007,        0,   -8766993,          0
 30291,   136,   11000000,    2324173,        0,   -8675827,          0
 30291,   137,   11000000,    2249926,        0,   -8750074,          0
 30291,   138,   11000000,    2224985,        0,   -8775015,          0
 30291,   139,   11000000,    2256192,        0,   -8743808,          0
 30291,   140,   11000000,    2297683,        0,   -8702317,          0
 30291,   141,   11000000,    2275691,        0,   -8724309,          0
 30291,   142,   11000000,    2266403,        0,   -8733597,          0
 30291,   143,   11000000,    2293970,        0,   -8706030,          0
 30291,   144,   11000000,    2259350,        0,   -8740650,          0
 30291,   145,   11000000,    2250329,        0,   -8749671,          0
 30291,   146,   11000000,    2235435,        0,   -8764565,          0
 30291,   147,   11000000,    2233418,        0,   -8766582,          0
 30291,   148,   11000000,    2234402,        0,   -8765598,          0
 30291,   149,   11000000,    2537458,        0,   -8462542,          0
 30291,   150,   11000000,    2279749,        0,   -8720251,          0
 30291,   151,   11000000,    2254320,        0,   -8745680,          0
 30291,   152,   11000000,    2264077,        0,   -8735923,          0
 30291,   153,   11000000,    2300736,        0,   -8699264,          0
 30291,   154,   11000000,    2260011,        0,   -8739989,          0
 30291,   155,   11000000,    2312997,        0,   -8687003,          0
 30291,   156,   11000000,    2272819,        0,   -8727181,          0
 30291,   157,   11000000,    2223636,        0,   -8776364,          0
 30291,   158,   11000000,    2273072,        0,   -8726928,          0
 30291,   159,   11000000,    2271532,        0,   -8728468,          0
 30291,   160,   11000000,    2220701,        0,   -8779299,          0
 30291,   161,   11000000,    2276464,        0,   -8723536,          0
 30291,   162,   11000000,    2312576,        0,   -8687424,          0
 30291,   163,   11000000,    2302184,        0,   -8697816,          0
 30291,   164,   11000000,    2237367,        0,   -8762633,          0
 30291,   165,   11000000,    2316536,        0,   -8683464,          0
 30291,   166,   11000000,    2280017,        0,   -8719983,          0
 30291,   167,   11000000,    2255446,        0,   -8744554,          0
 30291,   168,   11000000,    2262275,        0,   -8737725,          0
 30291,   169,   11000000,    2259906,        0,   -8740094,          0
 30291,   170,   11000000,    2261026,        0,   -8738974,          0
 30291,   171,   11000000,    2270339,        0,   -8729661,          0
 30291,   172,   11000000,    2225065,        0,   -8774935,          0
 30291,   173,   11000000,    2254956,        0,   -8745044,          0
 30291,   174,   11000000,    2227825,        0,   -8772175,          0
 30291,   175,   11000000,    2223331,        0,   -8776669,          0
 30291,   176,   11000000,    2265479,        0,   -8734521,          0
 30291,   177,   11000000,    2259152,        0,   -8740848,          0
 30291,   178,   11000000,    2238077,        0,   -8761923,          0
 30291,   179,   11000000,    2228839,        0,   -8771161,          0
 30291,   180,   11000000,    2228292,        0,   -8771708,          0
 30291,   181,   11000000,    2225371,        0,   -8774629,          0
 30291,   182,   11000000,    2248668,        0,   -8751332,          0
 30291,   183,   11000000,    2538407,        0,   -8461593,          0
 30291,   184,   11000000,    2300479,        0,   -8699521,          0
 30291,   185,   11000000,    2272146,        0,   -8727854,          0
 30291,   186,   11000000,    2304093,        0,   -8695907,          0
 30291,   187,   11000000,    2286452,        0,   -8713548,          0
 30291,   188,   11000000,    2297626,        0,   -8702374,          0
 30291,   189,   11000000,    2253458,        0,   -8746542,          0
 30291,   190,   11000000,    2295829,        0,   -8704171,          0
 30291,   191,   11000000,    2269949,        0,   -8730051,          0
 30291,   192,   11000000,    2268850,        0,   -8731150,          0
 30291,   193,   11000000,    2272360,        0,   -8727640,          0
 30291,   194,   11000000,    2305691,        0,   -8694309,          0
 30291,   195,   11000000,    2246549,        0,   -8753451,          0
 30291,   196,   11000000,    2285403,        0,   -8714597,          0
 30291,   197,   11000000,    2253113,        0,   -8746887,          0
 30291,   198,   11000000,    2256737,        0,   -8743263,          0
 30291,   199,   11000000,    2252037,        0,   -8747963,          0
 30291,   200,   11000000,    2239678,        0,   -8760322,          0
 30291,   201,   11000000,    2255920,        0,   -8744080,          0
 30291,   202,   11000000,    2277821,        0,   -8722179,          0
 30291,   203,   11000000,    2276412,        0,   -8723588,          0
 30291,   204,   11000000,    2258992,        0,   -8741008,          0
 30291,   205,   11000000,    2264317,        0,   -8735683,          0
 30291,   206,   11000000,    2291037,        0,   -8708963,          0
 30291,   207,   11000000,    2330863,        0,   -8669137,          0
 30291,   208,   11000000,    2285817,        0,   -8714183,          0
 30291,   209,   11000000,    2275581,        0,   -8724419,          0
 30291,   210,   11000000,    2297400,        0,   -8702600,          0
 30291,   211,   11000000,    2266869,        0,   -8733131,          0
 30291,   212,   11000000,    2262569,        0,   -8737431,          0
 30291,   213,   11000000,    2257726,        0,   -8742274,          0
 30291,   214,   11000000,    2271984,        0,   -8728016,          0
 30291,   215,   11000000,    2298197,        0,   -8701803,          0
 30291,   216,   11000000,    2224311,        0,   -8775689,          0
 30291,   217,   11000000,    2247300,        0,   -8752700,          0
 30291,   218,   11000000,    2256756,        0,   -8743244,          0
 30291,   219,   11000000,    2300027,        0,   -8699973,          0
 30291,   220,   11000000,    2315100,        0,   -8684900,          0
 30291,   221,   11000000,    2293194,        0,   -8706806,          0
 30291,   222,   11000000,    2276351,        0,   -8723649,          0
 30291,   223,   11000000,    2284750,        0,   -8715250,          0
 30291,   224,   11000000,    2260537,        0,   -8739463,          0
 30291,   225,   11000000,    2296594,        0,   -8703406,          0
 30291,   226,   11000000,    2251354,        0,   -8748646,          0
 30291,   227,   11000000,    2268477,        0,   -8731523,          0
 30291,   228,   11000000,    2287812,        0,   -8712188,          0
 30291,   229,   11000000,    2234907,        0,   -8765093,          0
 30291,   230,   11000000,    2233364,        0,   -8766636,          0
 30291,   231,   11000000,    2263913,        0,   -8736087,          0
 30291,   232,   11000000,    2268999,        0,   -8731001,          0
 30291,   233,   11000000,    2285892,        0,   -8714108,          0
 30291,   234,   11000000,    2257715,        0,   -8742285,          0
 30291,   235,   11000000,    2227127,        0,   -8772873,          0
 30291,   236,   11000000,    2253526,        0,   -8746474,          0
 30291,   237,   11000000,    2287794,        0,   -8712206,          0
 30291,   238,   11000000,    2223366,        0,   -8776634,          0
 30291,   239,   11000000,    2256619,        0,   -8743381,          0
 30291,   240,   11000000,    2343580,        0,   -8656420,          0
 30291,   241,   11000000,    2272818,        0,   -8727182,          0
 30291,   242,   11000000,    2307381,        0,   -8692619,          0
 30291,   243,   11000000,    2285455,        0,   -8714545,          0
 30291,   244,   11000000,    2260781,        0,   -8739219,          0
 30291,   245,   11000000,    2269646,        0,   -8730354,          0
 30291,   246,   11000000,    2254511,        0,   -8745489,          0
 30291,   247,   11000000,    2251242,        0,   -8748758,          0
 30291,   248,   11000000,    2314528,        0,   -8685472,          0
 30291,   249,   11000000,    2280604,        0,   -8719396,          0
 30291,   250,   11000000,    2227769,        0,   -8772231,          0
 30291,   251,   11000000,    2238386,        0,   -8761614,          0
 30291,   252,   11000000,    2261984,        0,   -8738016,          0
 30291,   253,   11000000,    2267893,        0,   -8732107,          0
 30291,   254,   11000000,    2267099,        0,   -8732901,          0
 30291,   255,   11000000,    2274556,        0,   -8725444,          0
 30291,   256,   11000000,    2315407,        0,   -8684593,          0
 30291,   257,   11000000,    2261134,        0,   -8738866,          0
 30291,   258,   11000000,    2246940,        0,   -8753060,          0
 30291,   259,   11000000,    2286434,        0,   -8713566,          0
 30291,   260,   11000000,    2249065,        0,   -8750935,          0
 30291,   261,   11000000,    2241369,        0,   -8758631,          0
 30291,   262,   11000000,    2294194,        0,   -8705806,          0
 30291,   263,   11000000,    2229215,        0,   -8770785,          0
 30291,   264,   11000000,    2263042,        0,   -8736958,          0
 30291,   265,   11000000,    2238074,        0,   -8761926,          0
 30291,   266,   11000000,    2264000,        0,   -8736000,          0
 30291,   267,   11000000,    2307585,        0,   -8692415,          0
 30291,   268,   11000000,    2259548,        0,   -8740452,          0
 30291,   269,   11000000,    2255716,        0,   -8744284,          0
 30291,   270,   11000000,    2257786,        0,   -8742214,          0
 30291,   271,   11000000,    2258430,        0,   -8741570,          0
 30291,   272,   11000000,    2255247,        0,   -8744753,          0
 30291,   273,   11000000,    2242041,        0,   -8757959,          0
 30291,   274,   11000000,    2538872,        0,   -8461128,          0
 30291,   275,   11000000,    2285406,        0,   -8714594,          0
 30291,   276,   11000000,    2290683,        0,   -8709317,          0
 30291,   277,   11000000,    2275371,        0,   -8724629,          0
 30291,   278,   11000000,    2267246,        0,   -8732754,          0
 30291,   279,   11000000,    2305062,        0,   -8694938,          0
 30291,   280,   11000000,    2288834,        0,   -8711166,          0
 30291,   281,   11000000,    2288616,        0,   -8711384,          0
 30291,   282,   11000000,    2282903,        0,   -8717097,          0
 30291,   283,   11000000,    2281394,        0,   -8718606,          0
 30291,   284,   11000000,    2258050,        0,   -8741950,          0
 30291,   285,   11000000,    2220930,        0,   -8779070,          0
 30291,   286,   11000000,    2238424,        0,   -8761576,          0
 30291,   287,   11000000,    2274847,        0,   -8725153,          0
 30291,   288,   11000000,    2283561,        0,   -8716439,          0
 30291,   289,   11000000,    2281445,        0,   -8718555,          0
 30291,   290,   11000000,    2306360,        0,   -8693640,          0
 30291,   291,   11000000,    2327993,        0,   -8672007,          0
 30291,   292,   11000000,    2246122,        0,   -8753878,          0
 30291,   293,   11000000,    2268419,        0,   -8731581,          0
 30291,   294,   11000000,    2278732,        0,   -8721268,          0
 30291,   295,   11000000,    2241189,        0,   -8758811,          0
 30291,   296,   11000000,    2233834,        0,   -8766166,          0
 30291,   297,   11000000,    2303986,        0,   -8696014,          0
 30291,   298,   11000000,    2234068,        0,   -8765932,          0
 30291,   299,   11000000,    2241757,        0,   -8758243,          0
 30291,   300,   11000000,    2291883,        0,   -8708117,          0
 30291,   301,   11000000,    2288455,        0,   -8711545,          0
 30291,   302,   11000000,    2249465,        0,   -8750535,          0
 30291,   303,   11000000,    2298478,        0,   -8701522,          0
 30291,   304,   11000000,    2290969,        0,   -8709031,          0
 30291,   305,   11000000,    2257271,        0,   -8742729,          0
 30291,   306,   11000000,    2233032,        0,   -8766968,          0
 30291,   307,   11000000,    2240968,        0,   -8759032,          0
 30291,   308,   11000000,    2507304,        0,   -8492696,          0
 30291,   309,   11000000,    2292294,        0,   -8707706,          0
 30291,   310,   11000000,    2258351,        0,   -8741649,          0
 30291,   311,   11000000,    2258655,        0,   -8741345,          0
 30291,   312,   11000000,    2312073,        0,   -8687927,          0
 30291,   313,   11000000,    2259553,        0,   -8740447,          0
 30291,   314,   11000000,    2252643,        0,   -8747357,          0
 30291,   315,   11000000,    2294519,        0,   -8705481,          0
 30291,   316,   11000000,    2233793,        0,   -8766207,          0
 30291,   317,   11000000,    2291785,        0,   -8708215,          0
 30291,   318,   11000000,    2270449,        0,   -8729551,          0
 30291,   319,   11000000,    2258917,        0,   -8741083,          0
 30291,   320,   11000000,    2284650,        0,   -8715350,          0
 30291,   321,   11000000,    2301135,        0,   -8698865,          0
 30291,   322,   11000000,    2259878,        0,   -8740122,          0
 30291,   323,   11000000,    2266241,        0,   -8733759,          0
 30291,   324,   11000000,    2235828,        0,   -8764172,          0
 30291,   325,   11000000,    2328142,        0,   -8671858,          0
 30291,   326,   11000000,    2255707,        0,   -8744293,          0
 30291,   327,   11000000,    2258011,        0,   -8741989,          0
 30291,   328,   11000000,    2249295,        0,   -8750705,          0
 30291,   329,   11000000,    2302124,        0,   -8697876,          0
 30291,   330,   11000000,    2302188,        0,   -8697812,          0
 30291,   331,   11000000,    2335536,        0,   -8664464,          0
 30291,   332,   11000000,    2265412,        0,   -8734588,          0
 30291,   333,   11000000,    2284086,        0,   -8715914,          0
 30291,   334,   11000000,    2283974,        0,   -8716026,          0
 30291,   335,   11000000,    2256382,        0,   -8743618,          0
 30291,   336,   11000000,    2268511,        0,   -8731489,          0
 30291,   337,   11000000,    2253836,        0,   -8746164,          0
 30291,   338,   11000000,    2286461,        0,   -8713539,          0
 30291,   339,   11000000,    2260344,        0,   -8739656,          0
 30291,   340,   11000000,    2332726,        0,   -8667274,          0
 30291,   341,   11000000,    2264679,        0,   -8735321,          0
 30291,   342,   11000000,    2246159,        0,   -8753841,          0
 30291,   343,   11000000,    2252810,        0,   -8747190,          0
 30291,   344,   11000000,    2277266,        0,   -8722734,          0
 30291,   345,   11000000,    2235993,        0,   -8764007,          0
 30291,   346,   11000000,    2293959,        0,   -8706041,          0
 30291,   347,   11000000,    2254912,        0,   -8745088,          0
 30291,   348,   11000000,    2262226,        0,   -8737774,          0
 30291,   349,   11000000,    2297692,        0,   -8702308,          0
 30291,   350,   11000000,    2282732,        0,   -8717268,          0
 30291,   351,   11000000,    2284071,        0,   -8715929,          0
 30291,   352,   11000000,    2252971,        0,   -8747029,          0
 30291,   353,   11000000,    2219875,        0,   -8780125,          0
 30291,   354,   11000000,    2263468,        0,   -8736532,          0
 30291,   355,   11000000,    2256210,        0,   -8743790,          0
 30291,   356,   11000000,    2250702,        0,   -8749298,          0
 30291,   357,   11000000,    2253594,        0,   -8746406,          0
 30291,   358,   11000000,    2291226,        0,   -8708774,          0
 30291,   359,   11000000,    2218612,        0,   -8781388,          0
 30291,   360,   11000000,    2299527,        0,   -8700473,          0
 30291,   361,   11000000,    2307016,        0,   -8692984,          0
 30291,   362,   11000000,    2274544,        0,   -8725456,          0
 30291,   363,   11000000,    2295673,        0,   -8704327,          0
 30291,   364,   11000000,    2287047,        0,   -8712953,          0
 30291,   365,   11000000,    2371807,        0,   -8628193,          0
 30291,   366,   11000000,    2251028,        0,   -8748972,          0
 30291,   367,   11000000,    2326498,        0,   -8673502,          0
 30291,   368,   11000000,    2307028,        0,   -8692972,          0
 30291,   369,   11000000,    2261769,        0,   -8738231,          0
 30291,   370,   11000000,    2259834,        0,   -8740166,          0
 30291,   371,   11000000,    2272172,        0,   -8727828,          0
 30291,   372,   11000000,    2235534,        0,   -8764466,          0
 30291,   373,   11000000,    2226970,        0,   -8773030,          0
 30291,   374,   11000000,    2260548,        0,   -8739452,          0
 30291,   375,   11000000,    2263560,        0,   -8736440,          0
 30291,   376,   11000000,    2261561,        0,   -8738439,          0
 30291,   377,   11000000,    2226182,        0,   -8773818,          0
 30291,   378,   11000000,    2225878,        0,   -8774122,          0
 30291,   379,   11000000,    2287177,        0,   -8712823,          0
 30291,   380,   11000000,    2258358,        0,   -8741642,          0
 30291,   381,   11000000,    2263729,        0,   -8736271,          0
 30291,   382,   11000000,    2298367,        0,   -8701633,          0
 30291,   383,   11000000,    2274427,        0,   -8725573,          0
 30291,   384,   11000000,    2264353,        0,   -8735647,          0
 30291,   385,   11000000,    2254686,        0,   -8745314,          0
 30291,   386,   11000000,    2286249,        0,   -8713751,          0
 30291,   387,   11000000,    2257363,        0,   -8742637,          0
 30291,   388,   11000000,    2253509,        0,   -8746491,          0
 30291,   389,   11000000,    2315394,        0,   -8684606,          0
 30291,   390,   11000000,    2299750,        0,   -8700250,          0
 30291,   391,   11000000,    2225215,        0,   -8774785,          0
 30291,   392,   11000000,    2260532,        0,   -8739468,          0
 30291,   393,   11000000,    2295854,        0,   -8704146,          0
 30291,   394,   11000000,    2296226,        0,   -8703774,          0
 30291,   395,   11000000,    2320003,        0,   -8679997,          0
 30291,   396,   11000000,    2276406,        0,   -8723594,          0
 30291,   397,   11000000,    2321383,        0,   -8678617,          0
 30291,   398,   11000000,    2257816,        0,   -8742184,          0
 30291,   399,   11000000,    2560258,        0,   -8439742,          0
 30291,   400,   11000000,    2256948,        0,   -8743052,          0
 30291,   401,   11000000,    2290730,        0,   -8709270,          0
 30291,   402,   11000000,    2272679,        0,   -8727321,          0
 30291,   403,   11000000,    2283465,        0,   -8716535,          0
 30291,   404,   11000000,    2264926,        0,   -8735074,          0
 30291,   405,   11000000,    2257579,        0,   -8742421,          0
 30291,   406,   11000000,    2299199,        0,   -8700801,          0
 30291,   407,   11000000,    2255744,        0,   -8744256,          0
 30291,   408,   11000000,    2259240,        0,   -8740760,          0
 30291,   409,   11000000,    2283460,        0,   -8716540,          0
 30291,   410,   11000000,    2291278,        0,   -8708722,          0
 30291,   411,   11000000,    2279573,        0,   -8720427,          0
 30291,   412,   11000000,    2263188,        0,   -8736812,          0
 30291,   413,   11000000,    2301000,        0,   -8699000,          0
 30291,   414,   11000000,    2263245,        0,   -8736755,          0
 30291,   415,   11000000,    2317549,        0,   -8682451,          0
 30291,   416,   11000000,    2308079,        0,   -8691921,          0
 30291,   417,   11000000,    2260026,        0,   -8739974,          0
 30291,   418,   11000000,    2294051,        0,   -8705949,          0
 30291,   419,   11000000,    2241294,        0,   -8758706,          0
 30291,   420,   11000000,    2304282,        0,   -8695718,          0
 30291,   421,   11000000,    2246579,        0,   -8753421,          0
 30291,   422,   11000000,    2244218,        0,   -8755782,          0
 30291,   423,   11000000,    2317143,        0,   -8682857,          0
 30291,   424,   11000000,    2253106,        0,   -8746894,          0
 30291,   425,   11000000,    2286775,        0,   -8713225,          0
 30291,   426,   11000000,    2282472,        0,   -8717528,          0
 30291,   427,   11000000,    2253886,        0,   -8746114,          0
 30291,   428,   11000000,    2251538,        0,   -8748462,          0
 30291,   429,   11000000,    2227557,        0,   -8772443,          0
 30291,   430,   11000000,    2274855,        0,   -8725145,          0
 30291,   431,   11000000,    2267552,        0,   -8732448,          0
 30291,   432,   11000000,    2246443,        0,   -8753557,          0
 30291,   433,   11000000,    2552997,        0,   -8447003,          0
 30291,   434,   11000000,    2245127,        0,   -8754873,          0
 30291,   435,   11000000,    2307492,        0,   -8692508,          0
 30291,   436,   11000000,    2232354,        0,   -8767646,          0
 30291,   437,   11000000,    2237343,        0,   -8762657,          0
 30291,   438,   11000000,    2259349,        0,   -8740651,          0
 30291,   439,   11000000,    2243013,        0,   -8756987,          0
 30291,   440,   11000000,    2446867,        0,   -8553133,          0
 30291,   441,   11000000,    2264686,        0,   -8735314,          0
 30291,   442,   11000000,    2257830,        0,   -8742170,          0
 30291,   443,   11000000,    2298797,        0,   -8701203,          0
 30291,   444,   11000000,    2289429,        0,   -8710571,          0
 30291,   445,   11000000,    2226841,        0,   -8773159,          0
 30291,   446,   11000000,    2317451,        0,   -8682549,          0
 30291,   447,   11000000,    2281537,        0,   -8718463,          0
 30291,   448,   11000000,    2314250,        0,   -8685750,          0
 30291,   449,   11000000,    2274584,        0,   -8725416,          0
 30291,   450,   11000000,    2259216,        0,   -8740784,          0
 30291,   451,   11000000,    2284835,        0,   -8715165,          0
 30291,   452,   11000000,    2266726,        0,   -8733274,          0
 30291,   453,   11000000,    2273030,        0,   -8726970,          0
 30291,   454,   11000000,    2276081,        0,   -8723919,          0
 30291,   455,   11000000,    2233367,        0,   -8766633,          0
 30291,   456,   11000000,    2269413,        0,   -8730587,          0
 30291,   457,   11000000,    2292650,        0,   -8707350,          0
 30291,   458,   11000000,    2225791,        0,   -8774209,          0
 30291,   459,   11000000,    2306994,        0,   -8693006,          0
 30291,   460,   11000000,    2243450,        0,   -8756550,          0
 30291,   461,   11000000,    2281813,        0,   -8718187,          0
 30291,   462,   11000000,    2315753,        0,   -8684247,          0
 30291,   463,   11000000,    2303335,        0,   -8696665,          0
 30291,   464,   11000000,    2286442,        0,   -8713558,          0
 30291,   465,   11000000,    2258402,        0,   -8741598,          0
 30291,   466,   11000000,    2234738,        0,   -8765262,          0
 30291,   467,   11000000,    2259977,        0,   -8740023,          0
 30291,   468,   11000000,    2272682,        0,   -8727318,          0
 30291,   469,   11000000,    2256173,        0,   -8743827,          0
 30291,   470,   11000000,    2236791,        0,   -8763209,          0
 30291,   471,   11000000,    2270413,        0,   -8729587,          0
 30291,   472,   11000000,    2260922,        0,   -8739078,          0
 30291,   473,   11000000,    2257426,        0,   -8742574,          0
 30291,   474,   11000000,    2299081,        0,   -8700919,          0
 30291,   475,   11000000,    2283255,        0,   -8716745,          0
 30291,   476,   11000000,    2227150,        0,   -8772850,          0
 30291,   477,   11000000,    2239276,        0,   -8760724,          0
 30291,   478,   11000000,    2237277,        0,   -8762723,          0
 30291,   479,   11000000,    2269054,        0,   -8730946,          0
 30291,   480,   11000000,    2262459,        0,   -8737541,          0
 30291,   481,   11000000,    2281812,        0,   -8718188,          0
 30291,   482,   11000000,    2233683,        0,   -8766317,          0
 30291,   483,   11000000,    2262652,        0,   -8737348,          0
 30291,   484,   11000000,    2246779,        0,   -8753221,          0
 30291,   485,   11000000,    2252116,        0,   -8747884,          0
 30291,   486,   11000000,    2256094,        0,   -8743906,          0
 30291,   487,   11000000,    2257754,        0,   -8742246,          0
 30291,   488,   11000000,    2274730,        0,   -8725270,          0
 30291,   489,   11000000,    2287927,        0,   -8712073,          0
 30291,   490,   11000000,    2373203,        0,   -8626797,          0
 30291,   491,   11000000,    2286556,        0,   -8713444,          0
 30291,   492,   11000000,    2262950,        0,   -8737050,          0
 30291,   493,   11000000,    2292772,        0,   -8707228,          0
 30291,   494,   11000000,    2261383,        0,   -8738617,          0
 30291,   495,   11000000,    2259292,        0,   -8740708,          0
 30291,   496,   11000000,    2321016,        0,   -8678984,          0
 30291,   497,   11000000,    2237550,        0,   -8762450,          0
 30291,   498,   11000000,    2240716,        0,   -8759284,          0
 30291,   499,   11000000,    2235173,        0,   -8764827,          0
 30291,   500,   11000000,    2330424,        0,   -8669576,          0
 30291,   501,   11000000,    2294849,        0,   -8705151,          0
 30291,   502,   11000000,    2257616,        0,   -8742384,          0
 30291,   503,   11000000,    2283825,        0,   -8716175,          0
 30291,   504,   11000000,    2261794,        0,   -8738206,          0
 30291,   505,   11000000,    2284283,        0,   -8715717,          0
 30291,   506,   11000000,    2273106,        0,   -8726894,          0
 30291,   507,   11000000,    2294786,        0,   -8705214,          0
 30291,   508,   11000000,    2275135,        0,   -8724865,          0
 30291,   509,   11000000,    2262337,        0,   -8737663,          0
 30291,   510,   11000000,    2302117,        0,   -8697883,          0
 30291,   511,   11000000,    2256218,        0,   -8743782,          0
 30291,   512,   11000000,    2309686,        0,   -8690314,          0
 30291,   513,   11000000,    2258798,        0,   -8741202,          0
 30291,   514,   11000000,    2280956,        0,   -8719044,          0
 30291,   515,   11000000,    2238438,        0,   -8761562,          0
 30291,   516,   11000000,    2229040,        0,   -8770960,          0
 30291,   517,   11000000,    2259230,        0,   -8740770,          0
 30291,   518,   11000000,    2306576,        0,   -8693424,          0
 30291,   519,   11000000,    2260468,        0,   -8739532,          0
 30291,   520,   11000000,    2290243,        0,   -8709757,          0
 30291,   521,   11000000,    2292782,        0,   -8707218,          0
 30291,   522,   11000000,    2258318,        0,   -8741682,          0
 30291,   523,   11000000,    2234978,        0,   -8765022,          0
 30291,   524,   11000000,    2554474,        0,   -8445526,          0
 30291,   525,   11000000,    2272812,        0,   -8727188,          0
 30291,   526,   11000000,    2254123,        0,   -8745877,          0
 30291,   527,   11000000,    2256847,        0,   -8743153,          0
 30291,   528,   11000000,    2259733,        0,   -8740267,          0
 30291,   529,   11000000,    2258371,        0,   -8741629,          0
 30291,   530,   11000000,    2250178,        0,   -8749822,          0
 30291,   531,   11000000,    2298090,        0,   -8701910,          0
 30291,   532,   11000000,    2285696,        0,   -8714304,          0
 30291,   533,   11000000,    2300890,        0,   -8699110,          0
 30291,   534,   11000000,    2292487,        0,   -8707513,          0
 30291,   535,   11000000,    2246178,        0,   -8753822,          0
 30291,   536,   11000000,    2233216,        0,   -8766784,          0
 30291,   537,   11000000,    2272519,        0,   -8727481,          0
 30291,   538,   11000000,    2267516,        0,   -8732484,          0
 30291,   539,   11000000,    2238539,        0,   -8761461,          0
 30291,   540,   11000000,    2230467,        0,   -8769533,          0
 30291,   541,   11000000,    2259469,        0,   -8740531,          0
 30291,   542,   11000000,    2264877,        0,   -8735123,          0
 30291,   543,   11000000,    2273655,        0,   -8726345,          0
 30291,   544,   11000000,    2256435,        0,   -8743565,          0
 30291,   545,   11000000,    2257402,        0,   -8742598,          0
 30291,   546,   11000000,    2259115,        0,   -8740885,          0
 30291,   547,   11000000,    2225552,        0,   -8774448,          0
 30291,   548,   11000000,    2237974,        0,   -8762026,          0
 30291,   549,   11000000,    2239230,        0,   -8760770,          0
 30291,   550,   11000000,    2292397,        0,   -8707603,          0
 30291,   551,   11000000,    2302109,        0,   -8697891,          0
 30291,   552,   11000000,    2270305,        0,   -8729695,          0
 30291,   553,   11000000,    2260588,        0,   -8739412,          0
 30291,   554,   11000000,    2271201,        0,   -8728799,          0
 30291,   555,   11000000,    2258485,        0,   -8741515,          0
 30291,   556,   11000000,    2260065,        0,   -8739935,          0
 30291,   557,   11000000,    2277821,        0,   -8722179,          0
 30291,   558,   11000000,    2577088,        0,   -8422912,          0
 30291,   559,   11000000,    2237382,        0,   -8762618,          0
 30291,   560,   11000000,    2235156,        0,   -8764844,          0
 30291,   561,   11000000,    2249113,        0,   -8750887,          0
 30291,   562,   11000000,    2277358,        0,   -8722642,          0
 30291,   563,   11000000,    2270887,        0,   -8729113,          0
 30291,   564,   11000000,    2278530,        0,   -8721470,          0
 30291,   565,   11000000,    2254500,        0,   -8745500,          0
 30291,   566,   11000000,    2303719,        0,   -8696281,          0
 30291,   567,   11000000,    2302168,        0,   -8697832,          0
 30291,   568,   11000000,    2331523,        0,   -8668477,          0
 30291,   569,   11000000,    2256084,        0,   -8743916,          0
 30291,   570,   11000000,    2275043,        0,   -8724957,          0
 30291,   571,   11000000,    2285836,        0,   -8714164,          0
 30291,   572,   11000000,    2279395,        0,   -8720605,          0
 30291,   573,   11000000,    2295057,        0,   -8704943,          0
 30291,   574,   11000000,    2316481,        0,   -8683519,          0
 30291,   575,   11000000,    2411072,        0,   -8588928,          0
 30291,   576,   11000000,    2233281,        0,   -8766719,          0
 30291,   577,   11000000,    2316889,        0,   -8683111,          0
 30291,   578,   11000000,    2242889,        0,   -8757111,          0
 30291,   579,   11000000,    2263147,        0,   -8736853,          0
 30291,   580,   11000000,    2299834,        0,   -8700166,          0
 30291,   581,   11000000,    2260863,        0,   -8739137,          0
 30291,   582,   11000000,    2398451,        0,   -8601549,          0
 30291,   583,   11000000,    2283726,        0,   -8716274,          0
 30291,   584,   11000000,    2269494,        0,   -8730506,          0
 30291,   585,   11000000,    2270148,        0,   -8729852,          0
 30291,   586,   11000000,    2264840,        0,   -8735160,          0
 30291,   587,   11000000,    2287130,        0,   -8712870,          0
 30291,   588,   11000000,    2233623,        0,   -8766377,          0
 30291,   589,   11000000,    2309533,        0,   -8690467,          0
 30291,   590,   11000000,    2244601,        0,   -8755399,          0
 30291,   591,   11000000,    2256102,        0,   -8743898,          0
 30291,   592,   11000000,    2244519,        0,   -8755481,          0
 30291,   593,   11000000,    2262083,        0,   -8737917,          0
 30291,   594,   11000000,    2280328,        0,   -8719672,          0
 30291,   595,   11000000,    2289260,        0,   -8710740,          0
 30291,   596,   11000000,    2225561,        0,   -8774439,          0
 30291,   597,   11000000,    2259705,        0,   -8740295,          0
 30291,   598,   11000000,    2303520,        0,   -8696480,          0
 30291,   599,   11000000,    2237241,        0,   -8762759,          0
 30291,   600,   11000000,    2283407,        0,   -8716593,          0
 30291,   601,   11000000,    2257489,        0,   -8742511,          0
 30291,   602,   11000000,    2265541,        0,   -8734459,          0
 30291,   603,   11000000,    2262582,        0,   -8737418,          0
 30291,   604,   11000000,    2278000,        0,   -8722000,          0
 30291,   605,   11000000,    2260579,        0,   -8739421,          0
 30291,   606,   11000000,    2255266,        0,   -8744734,          0
 30291,   607,   11000000,    2233992,        0,   -8766008,          0
 30291,   608,   11000000,    2270770,        0,   -8729230,          0
 30291,   609,   11000000,    2313415,        0,   -8686585,          0
 30291,   610,   11000000,    2296245,        0,   -8703755,          0
 30291,   611,   11000000,    2247787,        0,   -8752213,          0
 30291,   612,   11000000,    2244299,        0,   -8755701,          0
 30291,   613,   11000000,    2265840,        0,   -8734160,          0
 30291,   614,   11000000,    2289759,        0,   -8710241,          0
 30291,   615,   11000000,    2398291,        0,   -8601709,          0
 30291,   616,   11000000,    2258421,        0,   -8741579,          0
 30291,   617,   11000000,    2304405,        0,   -8695595,          0
 30291,   618,   11000000,    2227061,        0,   -8772939,          0
 30291,   619,   11000000,    2233986,        0,   -8766014,          0
 30291,   620,   11000000,    2297805,        0,   -8702195,          0
 30291,   621,   11000000,    2304918,        0,   -8695082,          0
 30291,   622,   11000000,    2269462,        0,   -8730538,          0
 30291,   623,   11000000,    2253348,        0,   -8746652,          0
 30291,   624,   11000000,    2292574,        0,   -8707426,          0
 30291,   625,   11000000,    2286318,        0,   -8713682,          0
 30291,   626,   11000000,    2264696,        0,   -8735304,          0
 30291,   627,   11000000,    2268683,        0,   -8731317,          0
 30291,   628,   11000000,    2259175,        0,   -8740825,          0
 30291,   629,   11000000,    2309242,        0,   -8690758,          0
 30291,   630,   11000000,    2273559,        0,   -8726441,          0
 30291,   631,   11000000,    2276432,        0,   -8723568,          0
 30291,   632,   11000000,    2313178,        0,   -8686822,          0
 30291,   633,   11000000,    2256079,        0,   -8743921,          0
 30291,   634,   11000000,    2274182,        0,   -8725818,          0
 30291,   635,   11000000,    2277914,        0,   -8722086,          0
 30291,   636,   11000000,    2278017,        0,   -8721983,          0
 30291,   637,   11000000,    2240686,        0,   -8759314,          0
 30291,   638,   11000000,    2238941,        0,   -8761059,          0
 30291,   639,   11000000,    2273845,        0,   -8726155,          0
 30291,   640,   11000000,    2243696,        0,   -8756304,          0
 30291,   641,   11000000,    2255156,        0,   -8744844,          0
 30291,   642,   11000000,    2273970,        0,   -8726030,          0
 30291,   643,   11000000,    2255634,        0,   -8744366,          0
 30291,   644,   11000000,    2254446,        0,   -8745554,          0
 30291,   645,   11000000,    2269429,        0,   -8730571,          0
 30291,   646,   11000000,    2230259,        0,   -8769741,          0
 30291,   647,   11000000,    2303429,        0,   -8696571,          0
 30291,   648,   11000000,    2283956,        0,   -8716044,          0
 30291,   649,   11000000,    2563321,        0,   -8436679,          0
 30291,   650,   11000000,    2281225,        0,   -8718775,          0
 30291,   651,   11000000,    2262566,        0,   -8737434,          0
 30291,   652,   11000000,    2263823,        0,   -8736177,          0
 30291,   653,   11000000,    2332966,        0,   -8667034,          0
 30291,   654,   11000000,    2221018,        0,   -8778982,          0
 30291,   655,   11000000,    2257349,        0,   -8742651,          0
 30291,   656,   11000000,    2252173,        0,   -8747827,          0
 30291,   657,   11000000,    2225162,        0,   -8774838,          0
 30291,   658,   11000000,    2275296,        0,   -8724704,          0
 30291,   659,   11000000,    2252145,        0,   -8747855,          0
 30291,   660,   11000000,    2249070,        0,   -8750930,          0
 30291,   661,   11000000,    2277061,        0,   -8722939,          0
 30291,   662,   11000000,    2276999,        0,   -8723001,          0
 30291,   663,   11000000,    2313008,        0,   -8686992,          0
 30291,   664,   11000000,    2262521,        0,   -8737479,          0
 30291,   665,   11000000,    2330163,        0,   -8669837,          0
 30291,   666,   11000000,    2253229,        0,   -8746771,          0
 30291,   667,   11000000,    2234030,        0,   -8765970,          0
 30291,   668,   11000000,    2241904,        0,   -8758096,          0
 30291,   669,   11000000,    2322732,        0,   -8677268,          0
 30291,   670,   11000000,    2262523,        0,   -8737477,          0
 30291,   671,   11000000,    2255804,        0,   -8744196,          0
 30291,   672,   11000000,    2283540,        0,   -8716460,          0
 30291,   673,   11000000,    2287240,        0,   -8712760,          0
 30291,   674,   11000000,    2273604,        0,   -8726396,          0
 30291,   675,   11000000,    2341803,        0,   -8658197,          0
 30291,   676,   11000000,    2297648,        0,   -8702352,          0
 30291,   677,   11000000,    2237244,        0,   -8762756,          0
 30291,   678,   11000000,    2349263,        0,   -8650737,          0
 30291,   679,   11000000,    2231666,        0,   -8768334,          0
 30291,   680,   11000000,    2274607,        0,   -8725393,          0
 30291,   681,   11000000,    2292952,        0,   -8707048,          0
 30291,   682,   11000000,    2253254,        0,   -8746746,          0
 30291,   683,   11000000,    2537950,        0,   -8462050,          0
 30291,   684,   11000000,    2308466,        0,   -8691534,          0
 30291,   685,   11000000,    2253842,        0,   -8746158,          0
 30291,   686,   11000000,    2264866,        0,   -8735134,          0
 30291,   687,   11000000,    2275478,        0,   -8724522,          0
 30291,   688,   11000000,    2272432,        0,   -8727568,          0
 30291,   689,   11000000,    2254680,        0,   -8745320,          0
 30291,   690,   11000000,    2263016,        0,   -8736984,          0
 30291,   691,   11000000,    2294844,        0,   -8705156,          0
 30291,   692,   11000000,    2255250,        0,   -8744750,          0
 30291,   693,   11000000,    2287922,        0,   -8712078,          0
 30291,   694,   11000000,    2275982,        0,   -8724018,          0
 30291,   695,   11000000,    2230603,        0,   -8769397,          0
 30291,   696,   11000000,    2259336,        0,   -8740664,          0
 30291,   697,   11000000,    2251741,        0,   -8748259,          0
 30291,   698,   11000000,    2299846,        0,   -8700154,          0
 30291,   699,   11000000,    2255663,        0,   -8744337,          0
 30291,   700,   11000000,    2240135,        0,   -8759865,          0
 30291,   701,   11000000,    2288109,        0,   -8711891,          0
 30291,   702,   11000000,    2280037,        0,   -8719963,          0
 30291,   703,   11000000,    2256362,        0,   -8743638,          0
 30291,   704,   11000000,    2228680,        0,   -8771320,          0
 30291,   705,   11000000,    2263572,        0,   -8736428,          0
 30291,   706,   11000000,    2268793,        0,   -8731207,          0
 30291,   707,   11000000,    2263530,        0,   -8736470,          0
 30291,   708,   11000000,    2232768,        0,   -8767232,          0
 30291,   709,   11000000,    2273837,        0,   -8726163,          0
 30291,   710,   11000000,    2233407,        0,   -8766593,          0
 30291,   711,   11000000,    2279332,        0,   -8720668,          0
 30291,   712,   11000000,    2259505,        0,   -8740495,          0
 30291,   713,   11000000,    2256943,        0,   -8743057,          0
 30291,   714,   11000000,    2316169,        0,   -8683831,          0
 30291,   715,   11000000,    2248679,        0,   -8751321,          0
 30291,   716,   11000000,    2245055,        0,   -8754945,          0
 30291,   717,   11000000,    2273404,        0,   -8726596,          0
 30291,   718,   11000000,    2267981,        0,   -8732019,          0
 30291,   719,   11000000,    2276806,        0,   -8723194,          0
 30291,   720,   11000000,    2284599,        0,   -8715401,          0
 30291,   721,   11000000,    2285240,        0,   -8714760,          0
 30291,   722,   11000000,    2292394,        0,   -8707606,          0
 30291,   723,   11000000,    2269553,        0,   -8730447,          0
 30291,   724,   11000000,    2269733,        0,   -8730267,          0
 30291,   725,   11000000,    2243222,        0,   -8756778,          0
 30291,   726,   11000000,    2259648,        0,   -8740352,          0
 30291,   727,   11000000,    2230664,        0,   -8769336,          0
 30291,   728,   11000000,    2258212,        0,   -8741788,          0
 30291,   729,   11000000,    2273326,        0,   -8726674,          0
 30291,   730,   11000000,    2237185,        0,   -8762815,          0
 30291,   731,   11000000,    2281587,        0,   -8718413,          0
 30291,   732,   11000000,    2274907,        0,   -8725093,          0
 30291,   733,   11000000,    2271332,        0,   -8728668,          0
 30291,   734,   11000000,    2291062,        0,   -8708938,          0
 30291,   735,   11000000,    2250489,        0,   -8749511,          0
 30291,   736,   11000000,    2232765,        0,   -8767235,          0
 30291,   737,   11000000,    2277953,        0,   -8722047,          0
 30291,   738,   11000000,    2298399,        0,   -8701601,          0
 30291,   739,   11000000,    2264027,        0,   -8735973,          0
 30291,   740,   11000000,    2401725,        0,   -8598275,          0
 30291,   741,   11000000,    2257557,        0,   -8742443,          0
 30291,   742,   11000000,    2306938,        0,   -8693062,          0
 30291,   743,   11000000,    2298721,        0,   -8701279,          0
 30291,   744,   11000000,    2239622,        0,   -8760378,          0
 30291,   745,   11000000,    2274044,        0,   -8725956,          0
 30291,   746,   11000000,    2258339,        0,   -8741661,          0
 30291,   747,   11000000,    2238243,        0,   -8761757,          0
 30291,   748,   11000000,    2260156,        0,   -8739844,          0
 30291,   749,   11000000,    2239251,        0,   -8760749,          0
 30291,   750,   11000000,    2265326,        0,   -8734674,          0
 30291,   751,   11000000,    2230205,        0,   -8769795,          0
 30291,   752,   11000000,    2259562,        0,   -8740438,          0
 30291,   753,   11000000,    2260106,        0,   -8739894,          0
 30291,   754,   11000000,    2233824,        0,   -8766176,          0
 30291,   755,   11000000,    2280096,        0,   -8719904,          0
 30291,   756,   11000000,    2454805,        0,   -8545195,          0
 30291,   757,   11000000,    2295105,        0,   -8704895,          0
 30291,   758,   11000000,    2265799,        0,   -8734201,          0
 30291,   759,   11000000,    2236426,        0,   -8763574,          0
 30291,   760,   11000000,    2286569,        0,   -8713431,          0
 30291,   761,   11000000,    2259268,        0,   -8740732,          0
 30291,   762,   11000000,    2268011,        0,   -8731989,          0
 30291,   763,   11000000,    2230929,        0,   -8769071,          0
 30291,   764,   11000000,    2230079,        0,   -8769921,          0
 30291,   765,   11000000,    2314260,        0,   -8685740,          0
 30291,   766,   11000000,    2287437,        0,   -8712563,          0
 30291,   767,   11000000,    2240936,        0,   -8759064,          0
 30291,   768,   11000000,    2265483,        0,   -8734517,          0
 30291,   769,   11000000,    2270619,        0,   -8729381,          0
 30291,   770,   11000000,    2261098,        0,   -8738902,          0
 30291,   771,   11000000,    2254491,        0,   -8745509,          0
 30291,   772,   11000000,    2260746,        0,   -8739254,          0
 30291,   773,   11000000,    2303063,        0,   -8696937,          0
 30291,   774,   11000000,    2554901,        0,   -8445099,          0
 30291,   775,   11000000,    2278786,        0,   -8721214,          0
 30291,   776,   11000000,    2235858,        0,   -8764142,          0
 30291,   777,   11000000,    2263549,        0,   -8736451,          0
 30291,   778,   11000000,    2271188,        0,   -8728812,          0
 30291,   779,   11000000,    2256043,        0,   -8743957,          0
 30291,   780,   11000000,    2318179,        0,   -8681821,          0
 30291,   781,   11000000,    2256770,        0,   -8743230,          0
 30291,   782,   11000000,    2247794,        0,   -8752206,          0
 30291,   783,   11000000,    2294285,        0,   -8705715,          0
 30291,   784,   11000000,    2281634,        0,   -8718366,          0
 30291,   785,   11000000,    2266284,        0,   -8733716,          0
 30291,   786,   11000000,    2270481,        0,   -8729519,          0
 30291,   787,   11000000,    2280144,        0,   -8719856,          0
 30291,   788,   11000000,    2238878,        0,   -8761122,          0
 30291,   789,   11000000,    2249887,        0,   -8750113,          0
 30291,   790,   11000000,    2284965,        0,   -8715035,          0
 30291,   791,   11000000,    2305444,        0,   -8694556,          0
 30291,   792,   11000000,    2261636,        0,   -8738364,          0
 30291,   793,   11000000,    2287661,        0,   -8712339,          0
 30291,   794,   11000000,    2279338,        0,   -8720662,          0
 30291,   795,   11000000,    2290471,        0,   -8709529,          0
 30291,   796,   11000000,    2232334,        0,   -8767666,          0
 30291,   797,   11000000,    2240465,        0,   -8759535,          0
 30291,   798,   11000000,    2259562,        0,   -8740438,          0
 30291,   799,   11000000,    2260511,        0,   -8739489,          0
 30291,   800,   11000000,    2249503,        0,   -8750497,          0
 30291,   801,   11000000,    2280079,        0,   -8719921,          0
 30291,   802,   11000000,    2295031,        0,   -8704969,          0
 30291,   803,   11000000,    2317904,        0,   -8682096,          0
 30291,   804,   11000000,    2310631,        0,   -8689369,          0
 30291,   805,   11000000,    2246115,        0,   -8753885,          0
 30291,   806,   11000000,    2244925,        0,   -8755075,          0
 30291,   807,   11000000,    2261395,        0,   -8738605,          0
 30291,   808,   11000000,    2558145,        0,   -8441855,          0
 30291,   809,   11000000,    2257404,        0,   -8742596,          0
 30291,   810,   11000000,    2258330,        0,   -8741670,          0
 30291,   811,   11000000,    2291282,        0,   -8708718,          0
 30291,   812,   11000000,    2304075,        0,   -8695925,          0
 30291,   813,   11000000,    2243717,        0,   -8756283,          0
 30291,   814,   11000000,    2258602,        0,   -8741398,          0
 30291,   815,   11000000,    2317300,        0,   -8682700,          0
 30291,   816,   11000000,    2270379,        0,   -8729621,          0
 30291,   817,   11000000,    2269015,        0,   -8730985,          0
 30291,   818,   11000000,    2271021,        0,   -8728979,          0
 30291,   819,   11000000,    2291228,        0,   -8708772,          0
 30291,   820,   11000000,    2239564,        0,   -8760436,          0
 30291,   821,   11000000,    2278766,        0,   -8721234,          0
 30291,   822,   11000000,    2300057,        0,   -8699943,          0
 30291,   823,   11000000,    2264552,        0,   -8735448,          0
 30291,   824,   11000000,    2266553,        0,   -8733447,          0
 30291,   825,   11000000,    2240351,        0,   -8759649,          0
 30291,   826,   11000000,    2300927,        0,   -8699073,          0
 30291,   827,   11000000,    2277514,        0,   -8722486,          0
 30291,   828,   11000000,    2308040,        0,   -8691960,          0
 30291,   829,   11000000,    2247758,        0,   -8752242,          0
 30291,   830,   11000000,    2263861,        0,   -8736139,          0
 30291,   831,   11000000,    2230709,        0,   -8769291,          0
 30291,   832,   11000000,    2298388,        0,   -8701612,          0
 30291,   833,   11000000,    2242502,        0,   -8757498,          0
 30291,   834,   11000000,    2259816,        0,   -8740184,          0
 30291,   835,   11000000,    2262124,        0,   -8737876,          0
 30291,   836,   11000000,    2257328,        0,   -8742672,          0
 30291,   837,   11000000,    2263072,        0,   -8736928,          0
 30291,   838,   11000000,    2280882,        0,   -8719118,          0
 30291,   839,   11000000,    2312334,        0,   -8687666,          0
 30291,   840,   11000000,    2252686,        0,   -8747314,          0
 30291,   841,   11000000,    2262408,        0,   -8737592,          0
 30291,   842,   11000000,    2289407,        0,   -8710593,          0
 30291,   843,   11000000,    2296808,        0,   -8703192,          0
 30291,   844,   11000000,    2279806,        0,   -8720194,          0
 30291,   845,   11000000,    2279618,        0,   -8720382,          0
 30291,   846,   11000000,    2276954,        0,   -8723046,          0
 30291,   847,   11000000,    2262258,        0,   -8737742,          0
 30291,   848,   11000000,    2246074,        0,   -8753926,          0
 30291,   849,   11000000,    2288643,        0,   -8711357,          0
 30291,   850,   11000000,    2271620,        0,   -8728380,          0
 30291,   851,   11000000,    2277989,        0,   -8722011,          0
 30291,   852,   11000000,    2259230,        0,   -8740770,          0
 30291,   853,   11000000,    2268409,        0,   -8731591,          0
 30291,   854,   11000000,    2286747,        0,   -8713253,          0
 30291,   855,   11000000,    2281599,        0,   -8718401,          0
 30291,   856,   11000000,    2264266,        0,   -8735734,          0
 30291,   857,   11000000,    2315386,        0,   -8684614,          0
 30291,   858,   11000000,    2263696,        0,   -8736304,          0
 30291,   859,   11000000,    2288813,        0,   -8711187,          0
 30291,   860,   11000000,    2284263,        0,   -8715737,          0
 30291,   861,   11000000,    2293814,        0,   -8706186,          0
 30291,   862,   11000000,    2257927,        0,   -8742073,          0
 30291,   863,   11000000,    2240982,        0,   -8759018,          0
 30291,   864,   11000000,    2275062,        0,   -8724938,          0
 30291,   865,   11000000,    2442714,        0,   -8557286,          0
 30291,   866,   11000000,    2319638,        0,   -8680362,          0
 30291,   867,   11000000,    2312380,        0,   -8687620,          0
 30291,   868,   11000000,    2280525,        0,   -8719475,          0
 30291,   869,   11000000,    2263829,        0,   -8736171,          0
 30291,   870,   11000000,    2252661,        0,   -8747339,          0
 30291,   871,   11000000,    2268307,        0,   -8731693,          0
 30291,   872,   11000000,    2333272,        0,   -8666728,          0
 30291,   873,   11000000,    2299702,        0,   -8700298,          0
 30291,   874,   11000000,    2239087,        0,   -8760913,          0
 30291,   875,   11000000,    2263400,        0,   -8736600,          0
 30291,   876,   11000000,    2259131,        0,   -8740869,          0
 30291,   877,   11000000,    2230651,        0,   -8769349,          0
 30291,   878,   11000000,    2296356,        0,   -8703644,          0
 30291,   879,   11000000,    2234303,        0,   -8765697,          0
 30291,   880,   11000000,    2285704,        0,   -8714296,          0
 30291,   881,   11000000,    2266396,        0,   -8733604,          0
 30291,   882,   11000000,    2302965,        0,   -8697035,          0
 30291,   883,   11000000,    2273859,        0,   -8726141,          0
 30291,   884,   11000000,    2227404,        0,   -8772596,          0
 30291,   885,   11000000,    2226475,        0,   -8773525,          0
 30291,   886,   11000000,    2291944,        0,   -8708056,          0
 30291,   887,   11000000,    2238415,        0,   -8761585,          0
 30291,   888,   11000000,    2267993,        0,   -8732007,          0
 30291,   889,   11000000,    2244676,        0,   -8755324,          0
 30291,   890,   11000000,    2229467,        0,   -8770533,          0
 30291,   891,   11000000,    2267191,        0,   -8732809,          0
 30291,   892,   11000000,    2260655,        0,   -8739345,          0
 30291,   893,   11000000,    2239873,        0,   -8760127,          0
 30291,   894,   11000000,    2264536,        0,   -8735464,          0
 30291,   895,   11000000,    2262590,        0,   -8737410,          0
 30291,   896,   11000000,    2247666,        0,   -8752334,          0
 30291,   897,   11000000,    2270355,        0,   -8729645,          0
 30291,   898,   11000000,    2254967,        0,   -8745033,          0
 30291,   899,   11000000,    2558306,        0,   -8441694,          0
 30291,   900,   11000000,    2244504,        0,   -8755496,          0
 30291,   901,   11000000,    2293994,        0,   -8706006,          0
 30291,   902,   11000000,    2285655,        0,   -8714345,          0
 30291,   903,   11000000,    2241682,        0,   -8758318,          0
 30291,   904,   11000000,    2233800,        0,   -8766200,          0
 30291,   905,   11000000,    2245330,        0,   -8754670,          0
 30291,   906,   11000000,    2238030,        0,   -8761970,          0
 30291,   907,   11000000,    2260316,        0,   -8739684,          0
 30291,   908,   11000000,    2254920,        0,   -8745080,          0
 30291,   909,   11000000,    2254253,        0,   -8745747,          0
 30291,   910,   11000000,    2292876,        0,   -8707124,          0
 30291,   911,   11000000,    2262120,        0,   -8737880,          0
 30291,   912,   11000000,    2315400,        0,   -8684600,          0
 30291,   913,   11000000,    2239679,        0,   -8760321,          0
