604 574 30
572 550 22
271 261 10
156 149 7
126 119 7
194 190 4
150 143 7
121 113 8
214 206 8
1019 870 149
207 200 7
576 555 21
139 132 7
476 460 16
259 252 7
209 201 8
124 117 7
213 205 8
690 644 46
139 134 5
294 289 5
190 184 6
234 226 8
573 549 24
1025 909 116
156 153 3
249 245 4
231 227 4
200 195 5
118 112 6
141 138 3
786 750 36
197 190 7
516 500 16
139 134 5
200 189 11
170 167 3
186 179 7
130 126 4
387 376 11
170 163 7
332 324 8
142 129 13
489 465 24
345 337 8
127 121 6
173 169 4
643 597 46
640 613 27
184 178 6
294 288 6
132 125 7
189 186 3
1017 884 133
210 201 9
157 155 2
142 133 9
133 130 3
389 379 10
282 271 11
133 132 1
163 155 8
275 265 10
241 237 4
247 240 7
225 216 9
186 179 7
164 159 5
132 125 7
182 178 4
272 263 9
224 219 5
303 292 11
263 256 7
