404 398 6
632 593 39
231 230 1
111 111 0
480 467 13
530 509 21
315 311 4
326 324 2
173 173 0
403 397 6
373 369 4
247 246 1
142 142 0
207 205 2
216 216 0
133 133 0
128 127 1
111 111 0
164 164 0
140 140 0
177 176 1
118 118 0
307 302 5
212 211 1
178 178 0
104 104 0
182 181 1
266 263 3
422 412 10
133 133 0
670 638 32
117 117 0
107 107 0
388 378 10
719 687 32
629 591 38
306 300 6
124 124 0
221 220 1
628 597 31
112 112 0
200 200 0
152 152 0
261 259 2
560 538 22
188 188 0
107 107 0
122 122 0
191 191 0
204 204 0
140 140 0
