486 485 1
732 719 13
141 141 0
678 675 3
784 771 13
263 263 0
181 181 0
113 113 0
115 115 0
116 116 0
115 115 0
283 283 0
307 307 0
140 140 0
171 171 0
129 129 0
117 117 0
162 162 0
300 300 0
130 130 0
486 484 2
132 132 0
202 202 0
163 163 0
724 709 15
175 175 0
682 678 4
139 138 1
290 290 0
448 447 1
160 160 0
846 835 11
315 314 1
241 241 0
147 147 0
117 117 0
449 448 1
121 121 0
376 375 1
248 248 0
138 138 0
295 294 1
222 222 0
542 539 3
222 222 0
148 148 0
135 135 0
726 710 16
125 125 0
270 270 0
108 108 0
112 112 0
204 204 0
