# Task,   Job,     Period,   Response, DL Miss?,   Lateness,  Tardiness
# task NAME=myapp PID=8898 COST=29971000 PERIOD=93000000 CPU=0
  8898,     2,   93000000,       9072,        0,  -92990928,          0
  8898,     3,   93000000,     134530,        0,  -92865470,          0
  8898,     4,   93000000,   29341459,        0,  -63658541,          0
  8898,     5,   93000000,   30516555,        0,  -62483445,          0
  8898,     6,   93000000,   29356514,        0,  -63643486,          0
  8898,     7,   93000000,   29339027,        0,  -63660973,          0
  8898,     8,   93000000,   29633707,        0,  -63366293,          0
  8898,     9,   93000000,   29311900,        0,  -63688100,          0
  8898,    10,   93000000,   29351578,        0,  -63648422,          0
  8898,    11,   93000000,   41925400,        0,  -51074600,          0
  8898,    12,   93000000,   29642133,        0,  -63357867,          0
  8898,    13,   93000000,   30987865,        0,  -62012135,          0
  8898,    14,   93000000,   29323870,        0,  -63676130,          0
  8898,    15,   93000000,   29343966,        0,  -63656034,          0
  8898,    16,   93000000,   29755121,        0,  -63244879,          0
  8898,    17,   93000000,   29344639,        0,  -63655361,          0
  8898,    18,   93000000,   29328340,        0,  -63671660,          0
  8898,    19,   93000000,   29347958,        0,  -63652042,          0
  8898,    20,   93000000,   29616627,        0,  -63383373,          0
  8898,    21,   93000000,   29337727,        0,  -63662273,          0
  8898,    22,   93000000,   29342217,        0,  -63657783,          0
  8898,    23,   93000000,   29355578,        0,  -63644422,          0
  8898,    24,   93000000,   33766219,        0,  -59233781,          0
  8898,    25,   93000000,   29341859,        0,  -63658141,          0
  8898,    26,   93000000,   29348875,        0,  -63651125,          0
  8898,    27,   93000000,   29358047,        0,  -63641953,          0
  8898,    28,   93000000,   32668139,        0,  -60331861,          0
  8898,    29,   93000000,   47307558,        0,  -45692442,          0
  8898,    30,   93000000,   29346218,        0,  -63653782,          0
  8898,    31,   93000000,   29357188,        0,  -63642812,          0
  8898,    32,   93000000,   29636328,        0,  -63363672,          0
  8898,    33,   93000000,   29347428,        0,  -63652572,          0
  8898,    34,   93000000,   29349931,        0,  -63650069,          0
  8898,    35,   93000000,   29360919,        0,  -63639081,          0
  8898,    36,   93000000,   29630571,        0,  -63369429,          0
  8898,    37,   93000000,   29348376,        0,  -63651624,          0
  8898,    38,   93000000,   29323341,        0,  -63676659,          0
  8898,    39,   93000000,   29346861,        0,  -63653139,          0
  8898,    40,   93000000,   40760883,        0,  -52239117,          0
  8898,    41,   93000000,   29380500,        0,  -63619500,          0
  8898,    42,   93000000,   39733492,        0,  -53266508,          0
  8898,    43,   93000000,   29331739,        0,  -63668261,          0
  8898,    44,   93000000,   29632455,        0,  -63367545,          0
  8898,    45,   93000000,   29335669,        0,  -63664331,          0
  8898,    46,   93000000,   29331692,        0,  -63668308,          0
  8898,    47,   93000000,   29362903,        0,  -63637097,          0
  8898,    48,   93000000,   29348992,        0,  -63651008,          0
  8898,    49,   93000000,   29361473,        0,  -63638527,          0
  8898,    50,   93000000,   36482767,        0,  -56517233,          0
  8898,    51,   93000000,   29595810,        0,  -63404190,          0
  8898,    52,   93000000,   40173970,        0,  -52826030,          0
  8898,    53,   93000000,   29358524,        0,  -63641476,          0
  8898,    54,   93000000,   29380925,        0,  -63619075,          0
  8898,    55,   93000000,   29625300,        0,  -63374700,          0
  8898,    56,   93000000,   29336306,        0,  -63663694,          0
  8898,    57,   93000000,   29343158,        0,  -63656842,          0
  8898,    58,   93000000,   29332845,        0,  -63667155,          0
  8898,    59,   93000000,   29724902,        0,  -63275098,          0
  8898,    60,   93000000,   29328307,        0,  -63671693,          0
  8898,    61,   93000000,   29349900,        0,  -63650100,          0
  8898,    62,   93000000,   29349990,        0,  -63650010,          0
  8898,    63,   93000000,   29698657,        0,  -63301343,          0
  8898,    64,   93000000,   29340227,        0,  -63659773,          0
  8898,    65,   93000000,   29353298,        0,  -63646702,          0
  8898,    66,   93000000,   29350403,        0,  -63649597,          0
  8898,    67,   93000000,   29640098,        0,  -63359902,          0
  8898,    68,   93000000,   29343315,        0,  -63656685,          0
  8898,    69,   93000000,   29360291,        0,  -63639709,          0
  8898,    70,   93000000,   29434306,        0,  -63565694,          0
  8898,    71,   93000000,   38677047,        0,  -54322953,          0
  8898,    72,   93000000,   29348509,        0,  -63651491,          0
  8898,    73,   93000000,   29370818,        0,  -63629182,          0
  8898,    74,   93000000,   29365156,        0,  -63634844,          0
  8898,    75,   93000000,   29655856,        0,  -63344144,          0
  8898,    76,   93000000,   29400896,        0,  -63599104,          0
  8898,    77,   93000000,   29344305,        0,  -63655695,          0
  8898,    78,   93000000,   29361191,        0,  -63638809,          0
  8898,    79,   93000000,   29622741,        0,  -63377259,          0
  8898,    80,   93000000,   29343490,        0,  -63656510,          0
  8898,    81,   93000000,   34428569,        0,  -58571431,          0
  8898,    82,   93000000,   29352213,        0,  -63647787,          0
  8898,    83,   93000000,   29617616,        0,  -63382384,          0
  8898,    84,   93000000,   29369728,        0,  -63630272,          0
  8898,    85,   93000000,   29355295,        0,  -63644705,          0
  8898,    86,   93000000,   29346044,        0,  -63653956,          0
  8898,    87,   93000000,   29634070,        0,  -63365930,          0
  8898,    88,   93000000,   29389846,        0,  -63610154,          0
  8898,    89,   93000000,   29337172,        0,  -63662828,          0
  8898,    90,   93000000,   35540904,        0,  -57459096,          0
  8898,    91,   93000000,   40554943,        0,  -52445057,          0
  8898,    92,   93000000,   29342464,        0,  -63657536,          0
  8898,    93,   93000000,   29384710,        0,  -63615290,          0
  8898,    94,   93000000,   31077452,        0,  -61922548,          0
  8898,    95,   93000000,   29325342,        0,  -63674658,          0
  8898,    96,   93000000,   29340277,        0,  -63659723,          0
  8898,    97,   93000000,   29354336,        0,  -63645664,          0
  8898,    98,   93000000,   29637740,        0,  -63362260,          0
  8898,    99,   93000000,   31427838,        0,  -61572162,          0
  8898,   100,   93000000,   29310300,        0,  -63689700,          0
  8898,   101,   93000000,   30757999,        0,  -62242001,          0
  8898,   102,   93000000,   29684515,        0,  -63315485,          0
  8898,   103,   93000000,   29358883,        0,  -63641117,          0
  8898,   104,   93000000,   34615476,        0,  -58384524,          0
  8898,   105,   93000000,   29325653,        0,  -63674347,          0
  8898,   106,   93000000,   29621271,        0,  -63378729,          0
  8898,   107,   93000000,   29339924,        0,  -63660076,          0
  8898,   108,   93000000,   29362580,        0,  -63637420,          0
  8898,   109,   93000000,   49652347,        0,  -43347653,          0
  8898,   110,   93000000,   29608843,        0,  -63391157,          0
  8898,   111,   93000000,   38503856,        0,  -54496144,          0
# task NAME=myapp PID=8901 COST=23565000 PERIOD=67000000 CPU=0
  8901,     2,   67000000,       8851,        0,  -66991149,          0
  8901,     3,   67000000,      60594,        0,  -66939406,          0
  8901,     4,   67000000,   23074866,        0,  -43925134,          0
  8901,     5,   67000000,   27580283,        0,  -39419717,          0
  8901,     6,   67000000,   23379831,        0,  -43620169,          0
  8901,     7,   67000000,   23065157,        0,  -43934843,          0
  8901,     8,   67000000,   25269336,        0,  -41730664,          0
  8901,     9,   67000000,   23112020,        0,  -43887980,          0
  8901,    10,   67000000,   23091920,        0,  -43908080,          0
  8901,    11,   67000000,   23069022,        0,  -43930978,          0
  8901,    12,   67000000,   23083651,        0,  -43916349,          0
  8901,    13,   67000000,   23095301,        0,  -43904699,          0
  8901,    14,   67000000,   30055926,        0,  -36944074,          0
  8901,    15,   67000000,   23067737,        0,  -43932263,          0
  8901,    16,   67000000,   23061821,        0,  -43938179,          0
  8901,    17,   67000000,   23103318,        0,  -43896682,          0
  8901,    18,   67000000,   23078261,        0,  -43921739,          0
  8901,    19,   67000000,   23364573,        0,  -43635427,          0
  8901,    20,   67000000,   23056867,        0,  -43943133,          0
  8901,    21,   67000000,   23358848,        0,  -43641152,          0
  8901,    22,   67000000,   23058022,        0,  -43941978,          0
  8901,    23,   67000000,   23311115,        0,  -43688885,          0
  8901,    24,   67000000,   23063823,        0,  -43936177,          0
  8901,    25,   67000000,   23086838,        0,  -43913162,          0
  8901,    26,   67000000,   23063128,        0,  -43936872,          0
  8901,    27,   67000000,   23078016,        0,  -43921984,          0
  8901,    28,   67000000,   23085165,        0,  -43914835,          0
  8901,    29,   67000000,   23087569,        0,  -43912431,          0
  8901,    30,   67000000,   23086343,        0,  -43913657,          0
  8901,    31,   67000000,   23056959,        0,  -43943041,          0
  8901,    32,   67000000,   23366142,        0,  -43633858,          0
  8901,    33,   67000000,   23074963,        0,  -43925037,          0
  8901,    34,   67000000,   23353597,        0,  -43646403,          0
  8901,    35,   67000000,   23071744,        0,  -43928256,          0
  8901,    36,   67000000,   29341150,        0,  -37658850,          0
  8901,    37,   67000000,   23089167,        0,  -43910833,          0
  8901,    38,   67000000,   25260267,        0,  -41739733,          0
  8901,    39,   67000000,   23915886,        0,  -43084114,          0
  8901,    40,   67000000,   23076448,        0,  -43923552,          0
  8901,    41,   67000000,   23084947,        0,  -43915053,          0
  8901,    42,   67000000,   23079486,        0,  -43920514,          0
  8901,    43,   67000000,   23060381,        0,  -43939619,          0
  8901,    44,   67000000,   23083905,        0,  -43916095,          0
  8901,    45,   67000000,   23057924,        0,  -43942076,          0
  8901,    46,   67000000,   23076853,        0,  -43923147,          0
  8901,    47,   67000000,   23347514,        0,  -43652486,          0
  8901,    48,   67000000,   23061848,        0,  -43938152,          0
  8901,    49,   67000000,   23365516,        0,  -43634484,          0
  8901,    50,   67000000,   23071199,        0,  -43928801,          0
  8901,    51,   67000000,   23214319,        0,  -43785681,          0
  8901,    52,   67000000,   23128850,        0,  -43871150,          0
  8901,    53,   67000000,   23099284,        0,  -43900716,          0
  8901,    54,   67000000,   23148059,        0,  -43851941,          0
  8901,    55,   67000000,   23077036,        0,  -43922964,          0
  8901,    56,   67000000,   23071824,        0,  -43928176,          0
  8901,    57,   67000000,   23938212,        0,  -43061788,          0
  8901,    58,   67000000,   23083447,        0,  -43916553,          0
  8901,    59,   67000000,   23051126,        0,  -43948874,          0
  8901,    60,   67000000,   23379270,        0,  -43620730,          0
  8901,    61,   67000000,   23055132,        0,  -43944868,          0
  8901,    62,   67000000,   23350225,        0,  -43649775,          0
  8901,    63,   67000000,   23074647,        0,  -43925353,          0
  8901,    64,   67000000,   23350926,        0,  -43649074,          0
  8901,    65,   67000000,   23107224,        0,  -43892776,          0
  8901,    66,   67000000,   23180911,        0,  -43819089,          0
  8901,    67,   67000000,   23094073,        0,  -43905927,          0
  8901,    68,   67000000,   23071938,        0,  -43928062,          0
  8901,    69,   67000000,   23088799,        0,  -43911201,          0
  8901,    70,   67000000,   27654692,        0,  -39345308,          0
  8901,    71,   67000000,   34559518,        0,  -32440482,          0
  8901,    72,   67000000,   23071908,        0,  -43928092,          0
  8901,    73,   67000000,   23063203,        0,  -43936797,          0
  8901,    74,   67000000,   23101174,        0,  -43898826,          0
  8901,    75,   67000000,   23358878,        0,  -43641122,          0
  8901,    76,   67000000,   23085680,        0,  -43914320,          0
  8901,    77,   67000000,   23351584,        0,  -43648416,          0
  8901,    78,   67000000,   32053633,        0,  -34946367,          0
  8901,    79,   67000000,   23082081,        0,  -43917919,          0
  8901,    80,   67000000,   23060295,        0,  -43939705,          0
  8901,    81,   67000000,   23153796,        0,  -43846204,          0
  8901,    82,   67000000,   23084628,        0,  -43915372,          0
  8901,    83,   67000000,   23055252,        0,  -43944748,          0
  8901,    84,   67000000,   23111322,        0,  -43888678,          0
  8901,    85,   67000000,   23097159,        0,  -43902841,          0
  8901,    86,   67000000,   23077548,        0,  -43922452,          0
  8901,    87,   67000000,   23074995,        0,  -43925005,          0
  8901,    88,   67000000,   23351020,        0,  -43648980,          0
  8901,    89,   67000000,   23070605,        0,  -43929395,          0
  8901,    90,   67000000,   23356328,        0,  -43643672,          0
  8901,    91,   67000000,   23119055,        0,  -43880945,          0
  8901,    92,   67000000,   23376853,        0,  -43623147,          0
  8901,    93,   67000000,   23076222,        0,  -43923778,          0
  8901,    94,   67000000,   23089285,        0,  -43910715,          0
  8901,    95,   67000000,   23082165,        0,  -43917835,          0
  8901,    96,   67000000,   23134585,        0,  -43865415,          0
  8901,    97,   67000000,   23064080,        0,  -43935920,          0
  8901,    98,   67000000,   23089832,        0,  -43910168,          0
  8901,    99,   67000000,   23083946,        0,  -43916054,          0
  8901,   100,   67000000,   23115429,        0,  -43884571,          0
  8901,   101,   67000000,   23112354,        0,  -43887646,          0
  8901,   102,   67000000,   23069479,        0,  -43930521,          0
  8901,   103,   67000000,   23376236,        0,  -43623764,          0
  8901,   104,   67000000,   23073667,        0,  -43926333,          0
  8901,   105,   67000000,   23365527,        0,  -43634473,          0
  8901,   106,   67000000,   23083297,        0,  -43916703,          0
  8901,   107,   67000000,   23087119,        0,  -43912881,          0
  8901,   108,   67000000,   23096457,        0,  -43903543,          0
  8901,   109,   67000000,   38966774,        0,  -28033226,          0
  8901,   110,   67000000,   23065216,        0,  -43934784,          0
  8901,   111,   67000000,   23079718,        0,  -43920282,          0
  8901,   112,   67000000,   23071174,        0,  -43928826,          0
  8901,   113,   67000000,   23118461,        0,  -43881539,          0
  8901,   114,   67000000,   23099486,        0,  -43900514,          0
  8901,   115,   67000000,   27012297,        0,  -39987703,          0
  8901,   116,   67000000,   23362904,        0,  -43637096,          0
  8901,   117,   67000000,   23131503,        0,  -43868497,          0
  8901,   118,   67000000,   23339607,        0,  -43660393,          0
  8901,   119,   67000000,   26798209,        0,  -40201791,          0
  8901,   120,   67000000,   23384511,        0,  -43615489,          0
  8901,   121,   67000000,   23095926,        0,  -43904074,          0
  8901,   122,   67000000,   23076695,        0,  -43923305,          0
  8901,   123,   67000000,   23060949,        0,  -43939051,          0
  8901,   124,   67000000,   23115488,        0,  -43884512,          0
  8901,   125,   67000000,   23072083,        0,  -43927917,          0
  8901,   126,   67000000,   23090151,        0,  -43909849,          0
  8901,   127,   67000000,   23084016,        0,  -43915984,          0
  8901,   128,   67000000,   23098425,        0,  -43901575,          0
  8901,   129,   67000000,   23066108,        0,  -43933892,          0
  8901,   130,   67000000,   23127168,        0,  -43872832,          0
  8901,   131,   67000000,   23354869,        0,  -43645131,          0
  8901,   132,   67000000,   23116562,        0,  -43883438,          0
  8901,   133,   67000000,   23321518,        0,  -43678482,          0
  8901,   134,   67000000,   23108618,        0,  -43891382,          0
  8901,   135,   67000000,   23111338,        0,  -43888662,          0
  8901,   136,   67000000,   23117233,        0,  -43882767,          0
  8901,   137,   67000000,   23096287,        0,  -43903713,          0
  8901,   138,   67000000,   46560280,        0,  -20439720,          0
  8901,   139,   67000000,   23109548,        0,  -43890452,          0
  8901,   140,   67000000,   23087095,        0,  -43912905,          0
  8901,   141,   67000000,   25282271,        0,  -41717729,          0
  8901,   142,   67000000,   23092281,        0,  -43907719,          0
  8901,   143,   67000000,   42138065,        0,  -24861935,          0
  8901,   144,   67000000,   23360191,        0,  -43639809,          0
  8901,   145,   67000000,   24405206,        0,  -42594794,          0
  8901,   146,   67000000,   23403465,        0,  -43596535,          0
  8901,   147,   67000000,   23140401,        0,  -43859599,          0
  8901,   148,   67000000,   23343191,        0,  -43656809,          0
  8901,   149,   67000000,   23079766,        0,  -43920234,          0
  8901,   150,   67000000,   38294305,        0,  -28705695,          0
  8901,   151,   67000000,   23061752,        0,  -43938248,          0
  8901,   152,   67000000,   23062562,        0,  -43937438,          0
  8901,   153,   67000000,   25332319,        0,  -41667681,          0
# task NAME=myapp PID=8905 COST=18370000 PERIOD=66000000 CPU=0
  8905,     2,   66000000,       9439,        0,  -65990561,          0
  8905,     3,   66000000,      85828,        0,  -65914172,          0
  8905,     4,   66000000,   18013445,        0,  -47986555,          0
  8905,     5,   66000000,   18031090,        0,  -47968910,          0
  8905,     6,   66000000,   20219440,        0,  -45780560,          0
  8905,     7,   66000000,   17990413,        0,  -48009587,          0
  8905,     8,   66000000,   18272794,        0,  -47727206,          0
  8905,     9,   66000000,   18012500,        0,  -47987500,          0
  8905,    10,   66000000,   18341482,        0,  -47658518,          0
  8905,    11,   66000000,   17992015,        0,  -48007985,          0
  8905,    12,   66000000,   17992393,        0,  -48007607,          0
  8905,    13,   66000000,   20637172,        0,  -45362828,          0
  8905,    14,   66000000,   17982630,        0,  -48017370,          0
  8905,    15,   66000000,   17998078,        0,  -48001922,          0
  8905,    16,   66000000,   18049837,        0,  -47950163,          0
  8905,    17,   66000000,   17993554,        0,  -48006446,          0
  8905,    18,   66000000,   17999958,        0,  -48000042,          0
  8905,    19,   66000000,   17994553,        0,  -48005447,          0
  8905,    20,   66000000,   18000067,        0,  -47999933,          0
  8905,    21,   66000000,   18019502,        0,  -47980498,          0
  8905,    22,   66000000,   17989611,        0,  -48010389,          0
  8905,    23,   66000000,   18018096,        0,  -47981904,          0
  8905,    24,   66000000,   17998468,        0,  -48001532,          0
  8905,    25,   66000000,   18296132,        0,  -47703868,          0
  8905,    26,   66000000,   18008595,        0,  -47991405,          0
  8905,    27,   66000000,   18308598,        0,  -47691402,          0
  8905,    28,   66000000,   18015908,        0,  -47984092,          0
  8905,    29,   66000000,   19121414,        0,  -46878586,          0
  8905,    30,   66000000,   17976954,        0,  -48023046,          0
  8905,    31,   66000000,   18021062,        0,  -47978938,          0
  8905,    32,   66000000,   18032493,        0,  -47967507,          0
  8905,    33,   66000000,   17997142,        0,  -48002858,          0
  8905,    34,   66000000,   17998135,        0,  -48001865,          0
  8905,    35,   66000000,   17980043,        0,  -48019957,          0
  8905,    36,   66000000,   18019374,        0,  -47980626,          0
  8905,    37,   66000000,   17986620,        0,  -48013380,          0
  8905,    38,   66000000,   18065956,        0,  -47934044,          0
  8905,    39,   66000000,   17974269,        0,  -48025731,          0
  8905,    40,   66000000,   18036607,        0,  -47963393,          0
  8905,    41,   66000000,   17986675,        0,  -48013325,          0
  8905,    42,   66000000,   18265626,        0,  -47734374,          0
  8905,    43,   66000000,   17987165,        0,  -48012835,          0
  8905,    44,   66000000,   18290947,        0,  -47709053,          0
  8905,    45,   66000000,   17966155,        0,  -48033845,          0
  8905,    46,   66000000,   18257626,        0,  -47742374,          0
  8905,    47,   66000000,   17979704,        0,  -48020296,          0
  8905,    48,   66000000,   17990823,        0,  -48009177,          0
  8905,    49,   66000000,   17980055,        0,  -48019945,          0
  8905,    50,   66000000,   18033974,        0,  -47966026,          0
  8905,    51,   66000000,   17988619,        0,  -48011381,          0
  8905,    52,   66000000,   23227587,        0,  -42772413,          0
  8905,    53,   66000000,   17983024,        0,  -48016976,          0
  8905,    54,   66000000,   18015843,        0,  -47984157,          0
  8905,    55,   66000000,   35852874,        0,  -30147126,          0
  8905,    56,   66000000,   17970205,        0,  -48029795,          0
  8905,    57,   66000000,   17987966,        0,  -48012034,          0
  8905,    58,   66000000,   25346840,        0,  -40653160,          0
  8905,    59,   66000000,   18019425,        0,  -47980575,          0
  8905,    60,   66000000,   17985690,        0,  -48014310,          0
  8905,    61,   66000000,   18285469,        0,  -47714531,          0
  8905,    62,   66000000,   18011793,        0,  -47988207,          0
  8905,    63,   66000000,   18273902,        0,  -47726098,          0
  8905,    64,   66000000,   19420014,        0,  -46579986,          0
  8905,    65,   66000000,   17987837,        0,  -48012163,          0
  8905,    66,   66000000,   18013876,        0,  -47986124,          0
  8905,    67,   66000000,   18094695,        0,  -47905305,          0
  8905,    68,   66000000,   17998273,        0,  -48001727,          0
  8905,    69,   66000000,   17981031,        0,  -48018969,          0
  8905,    70,   66000000,   18002149,        0,  -47997851,          0
  8905,    71,   66000000,   37514667,        0,  -28485333,          0
  8905,    72,   66000000,   18020759,        0,  -47979241,          0
  8905,    73,   66000000,   17986230,        0,  -48013770,          0
  8905,    74,   66000000,   17994611,        0,  -48005389,          0
  8905,    75,   66000000,   18017176,        0,  -47982824,          0
  8905,    76,   66000000,   17998365,        0,  -48001635,          0
  8905,    77,   66000000,   18011742,        0,  -47988258,          0
  8905,    78,   66000000,   18280643,        0,  -47719357,          0
  8905,    79,   66000000,   17970676,        0,  -48029324,          0
  8905,    80,   66000000,   18278208,        0,  -47721792,          0
  8905,    81,   66000000,   18021045,        0,  -47978955,          0
  8905,    82,   66000000,   18391273,        0,  -47608727,          0
  8905,    83,   66000000,   17988499,        0,  -48011501,          0
  8905,    84,   66000000,   17978332,        0,  -48021668,          0
  8905,    85,   66000000,   18013774,        0,  -47986226,          0
  8905,    86,   66000000,   18017285,        0,  -47982715,          0
  8905,    87,   66000000,   17988009,        0,  -48011991,          0
  8905,    88,   66000000,   17975923,        0,  -48024077,          0
  8905,    89,   66000000,   17986349,        0,  -48013651,          0
  8905,    90,   66000000,   17994598,        0,  -48005402,          0
  8905,    91,   66000000,   17982340,        0,  -48017660,          0
  8905,    92,   66000000,   17998660,        0,  -48001340,          0
  8905,    93,   66000000,   18917337,        0,  -47082663,          0
  8905,    94,   66000000,   17996309,        0,  -48003691,          0
  8905,    95,   66000000,   18009245,        0,  -47990755,          0
  8905,    96,   66000000,   18013211,        0,  -47986789,          0
  8905,    97,   66000000,   18272953,        0,  -47727047,          0
  8905,    98,   66000000,   18022563,        0,  -47977437,          0
  8905,    99,   66000000,   20063637,        0,  -45936363,          0
  8905,   100,   66000000,   17989613,        0,  -48010387,          0
  8905,   101,   66000000,   18051159,        0,  -47948841,          0
  8905,   102,   66000000,   17988222,        0,  -48011778,          0
  8905,   103,   66000000,   17983917,        0,  -48016083,          0
  8905,   104,   66000000,   17994919,        0,  -48005081,          0
  8905,   105,   66000000,   17975963,        0,  -48024037,          0
  8905,   106,   66000000,   18033110,        0,  -47966890,          0
  8905,   107,   66000000,   18305448,        0,  -47694552,          0
  8905,   108,   66000000,   17997014,        0,  -48002986,          0
  8905,   109,   66000000,   17989383,        0,  -48010617,          0
  8905,   110,   66000000,   17989838,        0,  -48010162,          0
  8905,   111,   66000000,   17997070,        0,  -48002930,          0
  8905,   112,   66000000,   17991632,        0,  -48008368,          0
  8905,   113,   66000000,   20656211,        0,  -45343789,          0
  8905,   114,   66000000,   18263259,        0,  -47736741,          0
  8905,   115,   66000000,   18003692,        0,  -47996308,          0
  8905,   116,   66000000,   29630896,        0,  -36369104,          0
  8905,   117,   66000000,   18011533,        0,  -47988467,          0
  8905,   118,   66000000,   18258113,        0,  -47741887,          0
  8905,   119,   66000000,   19966348,        0,  -46033652,          0
  8905,   120,   66000000,   18014487,        0,  -47985513,          0
  8905,   121,   66000000,   17991271,        0,  -48008729,          0
  8905,   122,   66000000,   18008985,        0,  -47991015,          0
  8905,   123,   66000000,   17997793,        0,  -48002207,          0
  8905,   124,   66000000,   17990940,        0,  -48009060,          0
  8905,   125,   66000000,   17987048,        0,  -48012952,          0
  8905,   126,   66000000,   18029827,        0,  -47970173,          0
  8905,   127,   66000000,   18027240,        0,  -47972760,          0
  8905,   128,   66000000,   18025680,        0,  -47974320,          0
  8905,   129,   66000000,   17999854,        0,  -48000146,          0
  8905,   130,   66000000,   18063889,        0,  -47936111,          0
  8905,   131,   66000000,   18308106,        0,  -47691894,          0
  8905,   132,   66000000,   17995605,        0,  -48004395,          0
  8905,   133,   66000000,   18293834,        0,  -47706166,          0
  8905,   134,   66000000,   18052639,        0,  -47947361,          0
  8905,   135,   66000000,   39353488,        0,  -26646512,          0
  8905,   136,   66000000,   22899415,        0,  -43100585,          0
  8905,   137,   66000000,   18017974,        0,  -47982026,          0
  8905,   138,   66000000,   17997322,        0,  -48002678,          0
  8905,   139,   66000000,   18013921,        0,  -47986079,          0
  8905,   140,   66000000,   26348671,        0,  -39651329,          0
  8905,   141,   66000000,   17991361,        0,  -48008639,          0
  8905,   142,   66000000,   17982488,        0,  -48017512,          0
  8905,   143,   66000000,   18157649,        0,  -47842351,          0
  8905,   144,   66000000,   17993800,        0,  -48006200,          0
  8905,   145,   66000000,   44295565,        0,  -21704435,          0
  8905,   146,   66000000,   18001691,        0,  -47998309,          0
  8905,   147,   66000000,   18040402,        0,  -47959598,          0
  8905,   148,   66000000,   17988829,        0,  -48011171,          0
  8905,   149,   66000000,   17993782,        0,  -48006218,          0
  8905,   150,   66000000,   18323151,        0,  -47676849,          0
  8905,   151,   66000000,   17996164,        0,  -48003836,          0
  8905,   152,   66000000,   18310066,        0,  -47689934,          0
  8905,   153,   66000000,   18080417,        0,  -47919583,          0
  8905,   154,   66000000,   18221769,        0,  -47778231,          0
  8905,   155,   66000000,   18008722,        0,  -47991278,          0
# task NAME=myapp PID=8909 COST=12136000 PERIOD=49000000 CPU=0
  8909,     2,   49000000,      15762,        0,  -48984238,          0
  8909,     3,   49000000,      36705,        0,  -48963295,          0
  8909,     4,   49000000,   11924539,        0,  -37075461,          0
  8909,     5,   49000000,   11921724,        0,  -37078276,          0
  8909,     6,   49000000,   11893421,        0,  -37106579,          0
  8909,     7,   49000000,   11956566,        0,  -37043434,          0
  8909,     8,   49000000,   11907726,        0,  -37092274,          0
  8909,     9,   49000000,   11894098,        0,  -37105902,          0
  8909,    10,   49000000,   11917228,        0,  -37082772,          0
  8909,    11,   49000000,   11900242,        0,  -37099758,          0
  8909,    12,   49000000,   11895337,        0,  -37104663,          0
  8909,    13,   49000000,   11973238,        0,  -37026762,          0
  8909,    14,   49000000,   11905455,        0,  -37094545,          0
  8909,    15,   49000000,   12191832,        0,  -36808168,          0
  8909,    16,   49000000,   11956913,        0,  -37043087,          0
  8909,    17,   49000000,   11883964,        0,  -37116036,          0
  8909,    18,   49000000,   33866329,        0,  -15133671,          0
  8909,    19,   49000000,   11914913,        0,  -37085087,          0
  8909,    20,   49000000,   12174176,        0,  -36825824,          0
  8909,    21,   49000000,   11914306,        0,  -37085694,          0
  8909,    22,   49000000,   12379266,        0,  -36620734,          0
  8909,    23,   49000000,   11885322,        0,  -37114678,          0
  8909,    24,   49000000,   11907816,        0,  -37092184,          0
  8909,    25,   49000000,   11942424,        0,  -37057576,          0
  8909,    26,   49000000,   11894282,        0,  -37105718,          0
  8909,    27,   49000000,   11889068,        0,  -37110932,          0
  8909,    28,   49000000,   11984924,        0,  -37015076,          0
  8909,    29,   49000000,   11888725,        0,  -37111275,          0
  8909,    30,   49000000,   11941275,        0,  -37058725,          0
  8909,    31,   49000000,   11886245,        0,  -37113755,          0
  8909,    32,   49000000,   11906418,        0,  -37093582,          0
  8909,    33,   49000000,   11904005,        0,  -37095995,          0
  8909,    34,   49000000,   11893984,        0,  -37106016,          0
  8909,    35,   49000000,   11897192,        0,  -37102808,          0
  8909,    36,   49000000,   11899889,        0,  -37100111,          0
  8909,    37,   49000000,   11889100,        0,  -37110900,          0
  8909,    38,   49000000,   12258312,        0,  -36741688,          0
  8909,    39,   49000000,   11906125,        0,  -37093875,          0
  8909,    40,   49000000,   11909596,        0,  -37090404,          0
  8909,    41,   49000000,   11981037,        0,  -37018963,          0
  8909,    42,   49000000,   11884930,        0,  -37115070,          0
  8909,    43,   49000000,   12270493,        0,  -36729507,          0
  8909,    44,   49000000,   11913512,        0,  -37086488,          0
  8909,    45,   49000000,   29337782,        0,  -19662218,          0
  8909,    46,   49000000,   11904528,        0,  -37095472,          0
  8909,    47,   49000000,   11917658,        0,  -37082342,          0
  8909,    48,   49000000,   12170956,        0,  -36829044,          0
  8909,    49,   49000000,   11907900,        0,  -37092100,          0
  8909,    50,   49000000,   11919039,        0,  -37080961,          0
  8909,    51,   49000000,   11916901,        0,  -37083099,          0
  8909,    52,   49000000,   11877319,        0,  -37122681,          0
  8909,    53,   49000000,   22204826,        0,  -26795174,          0
  8909,    54,   49000000,   11890943,        0,  -37109057,          0
  8909,    55,   49000000,   11897389,        0,  -37102611,          0
  8909,    56,   49000000,   11890133,        0,  -37109867,          0
  8909,    57,   49000000,   11890254,        0,  -37109746,          0
  8909,    58,   49000000,   11898073,        0,  -37101927,          0
  8909,    59,   49000000,   11902958,        0,  -37097042,          0
  8909,    60,   49000000,   11892664,        0,  -37107336,          0
  8909,    61,   49000000,   11915766,        0,  -37084234,          0
  8909,    62,   49000000,   11909373,        0,  -37090627,          0
  8909,    63,   49000000,   11906080,        0,  -37093920,          0
  8909,    64,   49000000,   11900538,        0,  -37099462,          0
  8909,    65,   49000000,   11893825,        0,  -37106175,          0
  8909,    66,   49000000,   20509278,        0,  -28490722,          0
  8909,    67,   49000000,   11917148,        0,  -37082852,          0
  8909,    68,   49000000,   11911325,        0,  -37088675,          0
  8909,    69,   49000000,   11893025,        0,  -37106975,          0
  8909,    70,   49000000,   11905680,        0,  -37094320,          0
  8909,    71,   49000000,   12162450,        0,  -36837550,          0
  8909,    72,   49000000,   11896497,        0,  -37103503,          0
  8909,    73,   49000000,   22144683,        0,  -26855317,          0
  8909,    74,   49000000,   11916465,        0,  -37083535,          0
  8909,    75,   49000000,   11882234,        0,  -37117766,          0
  8909,    76,   49000000,   11878881,        0,  -37121119,          0
  8909,    77,   49000000,   23287506,        0,  -25712494,          0
  8909,    78,   49000000,   11908703,        0,  -37091297,          0
  8909,    79,   49000000,   11892050,        0,  -37107950,          0
  8909,    80,   49000000,   11898996,        0,  -37101004,          0
  8909,    81,   49000000,   11909233,        0,  -37090767,          0
  8909,    82,   49000000,   11897881,        0,  -37102119,          0
  8909,    83,   49000000,   11920704,        0,  -37079296,          0
  8909,    84,   49000000,   11907732,        0,  -37092268,          0
  8909,    85,   49000000,   11916110,        0,  -37083890,          0
  8909,    86,   49000000,   11886874,        0,  -37113126,          0
  8909,    87,   49000000,   11890058,        0,  -37109942,          0
  8909,    88,   49000000,   11920335,        0,  -37079665,          0
  8909,    89,   49000000,   12180830,        0,  -36819170,          0
  8909,    90,   49000000,   11887044,        0,  -37112956,          0
  8909,    91,   49000000,   11886001,        0,  -37113999,          0
  8909,    92,   49000000,   24888415,        0,  -24111585,          0
  8909,    93,   49000000,   11916369,        0,  -37083631,          0
  8909,    94,   49000000,   12178704,        0,  -36821296,          0
  8909,    95,   49000000,   11936566,        0,  -37063434,          0
  8909,    96,   49000000,   22435629,        0,  -26564371,          0
  8909,    97,   49000000,   11883528,        0,  -37116472,          0
  8909,    98,   49000000,   11899162,        0,  -37100838,          0
  8909,    99,   49000000,   12184951,        0,  -36815049,          0
  8909,   100,   49000000,   11940143,        0,  -37059857,          0
  8909,   101,   49000000,   11889060,        0,  -37110940,          0
  8909,   102,   49000000,   11900195,        0,  -37099805,          0
  8909,   103,   49000000,   11919412,        0,  -37080588,          0
  8909,   104,   49000000,   11946501,        0,  -37053499,          0
  8909,   105,   49000000,   11889891,        0,  -37110109,          0
  8909,   106,   49000000,   12520195,        0,  -36479805,          0
  8909,   107,   49000000,   11913140,        0,  -37086860,          0
  8909,   108,   49000000,   11904649,        0,  -37095351,          0
  8909,   109,   49000000,   11885035,        0,  -37114965,          0
  8909,   110,   49000000,   11895045,        0,  -37104955,          0
  8909,   111,   49000000,   11904484,        0,  -37095516,          0
  8909,   112,   49000000,   12051407,        0,  -36948593,          0
  8909,   113,   49000000,   11885872,        0,  -37114128,          0
  8909,   114,   49000000,   11918552,        0,  -37081448,          0
  8909,   115,   49000000,   11927753,        0,  -37072247,          0
  8909,   116,   49000000,   11895762,        0,  -37104238,          0
  8909,   117,   49000000,   12194572,        0,  -36805428,          0
  8909,   118,   49000000,   11906116,        0,  -37093884,          0
  8909,   119,   49000000,   11900912,        0,  -37099088,          0
  8909,   120,   49000000,   11883628,        0,  -37116372,          0
  8909,   121,   49000000,   11896537,        0,  -37103463,          0
  8909,   122,   49000000,   12179997,        0,  -36820003,          0
  8909,   123,   49000000,   11895144,        0,  -37104856,          0
  8909,   124,   49000000,   11902496,        0,  -37097504,          0
  8909,   125,   49000000,   11889686,        0,  -37110314,          0
  8909,   126,   49000000,   11908544,        0,  -37091456,          0
  8909,   127,   49000000,   11970320,        0,  -37029680,          0
  8909,   128,   49000000,   11889656,        0,  -37110344,          0
  8909,   129,   49000000,   11893976,        0,  -37106024,          0
  8909,   130,   49000000,   11982611,        0,  -37017389,          0
  8909,   131,   49000000,   11891444,        0,  -37108556,          0
  8909,   132,   49000000,   11987512,        0,  -37012488,          0
  8909,   133,   49000000,   11932835,        0,  -37067165,          0
  8909,   134,   49000000,   11924991,        0,  -37075009,          0
  8909,   135,   49000000,   11901113,        0,  -37098887,          0
  8909,   136,   49000000,   11898481,        0,  -37101519,          0
  8909,   137,   49000000,   11915611,        0,  -37084389,          0
  8909,   138,   49000000,   11893010,        0,  -37106990,          0
  8909,   139,   49000000,   11896737,        0,  -37103263,          0
  8909,   140,   49000000,   12203972,        0,  -36796028,          0
  8909,   141,   49000000,   11907777,        0,  -37092223,          0
  8909,   142,   49000000,   17018628,        0,  -31981372,          0
  8909,   143,   49000000,   12166679,        0,  -36833321,          0
  8909,   144,   49000000,   11898662,        0,  -37101338,          0
  8909,   145,   49000000,   12185259,        0,  -36814741,          0
  8909,   146,   49000000,   11903912,        0,  -37096088,          0
  8909,   147,   49000000,   11894095,        0,  -37105905,          0
  8909,   148,   49000000,   24793376,        0,  -24206624,          0
  8909,   149,   49000000,   11913423,        0,  -37086577,          0
  8909,   150,   49000000,   11902921,        0,  -37097079,          0
  8909,   151,   49000000,   11917415,        0,  -37082585,          0
  8909,   152,   49000000,   11888477,        0,  -37111523,          0
  8909,   153,   49000000,   11980898,        0,  -37019102,          0
  8909,   154,   49000000,   11918400,        0,  -37081600,          0
  8909,   155,   49000000,   12082579,        0,  -36917421,          0
  8909,   156,   49000000,   11931284,        0,  -37068716,          0
  8909,   157,   49000000,   11896005,        0,  -37103995,          0
  8909,   158,   49000000,   11897619,        0,  -37102381,          0
  8909,   159,   49000000,   23312283,        0,  -25687717,          0
  8909,   160,   49000000,   11899794,        0,  -37100206,          0
  8909,   161,   49000000,   11891920,        0,  -37108080,          0
  8909,   162,   49000000,   18851475,        0,  -30148525,          0
  8909,   163,   49000000,   12199386,        0,  -36800614,          0
  8909,   164,   49000000,   11887105,        0,  -37112895,          0
  8909,   165,   49000000,   11887717,        0,  -37112283,          0
  8909,   166,   49000000,   11909175,        0,  -37090825,          0
  8909,   167,   49000000,   11889178,        0,  -37110822,          0
  8909,   168,   49000000,   12195916,        0,  -36804084,          0
  8909,   169,   49000000,   11890670,        0,  -37109330,          0
  8909,   170,   49000000,   11920263,        0,  -37079737,          0
  8909,   171,   49000000,   11925390,        0,  -37074610,          0
  8909,   172,   49000000,   11919152,        0,  -37080848,          0
  8909,   173,   49000000,   12278783,        0,  -36721217,          0
  8909,   174,   49000000,   11936940,        0,  -37063060,          0
  8909,   175,   49000000,   11916125,        0,  -37083875,          0
  8909,   176,   49000000,   11938674,        0,  -37061326,          0
  8909,   177,   49000000,   11894249,        0,  -37105751,          0
  8909,   178,   49000000,   11922920,        0,  -37077080,          0
  8909,   179,   49000000,   11889168,        0,  -37110832,          0
  8909,   180,   49000000,   11886984,        0,  -37113016,          0
  8909,   181,   49000000,   19498403,        0,  -29501597,          0
  8909,   182,   49000000,   11891608,        0,  -37108392,          0
  8909,   183,   49000000,   12011338,        0,  -36988662,          0
  8909,   184,   49000000,   11892640,        0,  -37107360,          0
  8909,   185,   49000000,   12096304,        0,  -36903696,          0
  8909,   186,   49000000,   11935420,        0,  -37064580,          0
  8909,   187,   49000000,   11890219,        0,  -37109781,          0
  8909,   188,   49000000,   15107599,        0,  -33892401,          0
  8909,   189,   49000000,   11917323,        0,  -37082677,          0
  8909,   190,   49000000,   11902382,        0,  -37097618,          0
  8909,   191,   49000000,   12164473,        0,  -36835527,          0
  8909,   192,   49000000,   11929153,        0,  -37070847,          0
  8909,   193,   49000000,   11903735,        0,  -37096265,          0
  8909,   194,   49000000,   11892182,        0,  -37107818,          0
  8909,   195,   49000000,   20412127,        0,  -28587873,          0
  8909,   196,   49000000,   12208052,        0,  -36791948,          0
  8909,   197,   49000000,   20979006,        0,  -28020994,          0
  8909,   198,   49000000,   11932309,        0,  -37067691,          0
  8909,   199,   49000000,   11924764,        0,  -37075236,          0
  8909,   200,   49000000,   11927002,        0,  -37072998,          0
  8909,   201,   49000000,   11932684,        0,  -37067316,          0
  8909,   202,   49000000,   11938256,        0,  -37061744,          0
  8909,   203,   49000000,   11918630,        0,  -37081370,          0
  8909,   204,   49000000,   15224068,        0,  -33775932,          0
  8909,   205,   49000000,   11891417,        0,  -37108583,          0
  8909,   206,   49000000,   11914527,        0,  -37085473,          0
  8909,   207,   49000000,   11899714,        0,  -37100286,          0
  8909,   208,   49000000,   19154053,        0,  -29845947,          0
