130 129 1
404 393 11
163 163 0
119 119 0
104 104 0
307 304 3
591 571 20
592 570 22
260 259 1
503 485 18
175 175 0
169 169 0
249 247 2
558 531 27
111 111 0
180 179 1
142 142 0
158 158 0
111 111 0
164 162 2
118 118 0
121 121 0
139 139 0
306 304 2
134 134 0
126 126 0
145 145 0
836 776 60
670 628 42
163 163 0
162 162 0
208 208 0
915 836 79
111 111 0
109 109 0
131 130 1
117 117 0
180 179 1
159 159 0
160 160 0
116 116 0
315 314 1
139 139 0
306 303 3
154 154 0
560 532 28
160 160 0
388 384 4
112 112 0
133 132 1
773 719 54
175 175 0
181 181 0
248 248 0
106 106 0
628 600 28
154 153 1
275 273 2
326 324 2
159 158 1
479 457 22
123 123 0
169 169 0
117 117 0
174 174 0
119 119 0
