# Task,   Job,     Period,   Response, DL Miss?,   Lateness,  Tardiness
# task NAME=myapp PID=4196 COST=39000 PERIOD=38000000 CPU=0
  4196,     2,   38000000,       8009,        0,  -37991991,          0
  4196,     3,   38000000,      61271,        0,  -37938729,          0
  4196,     4,   38000000,     114125,        0,  -37885875,          0
  4196,     5,   38000000,      67898,        0,  -37932102,          0
  4196,     6,   38000000,     127167,        0,  -37872833,          0
  4196,     7,   38000000,      85092,        0,  -37914908,          0
  4196,     8,   38000000,      96419,        0,  -37903581,          0
  4196,     9,   38000000,      81611,        0,  -37918389,          0
  4196,    10,   38000000,    1865665,        0,  -36134335,          0
  4196,    11,   38000000,      70600,        0,  -37929400,          0
  4196,    12,   38000000,      68146,        0,  -37931854,          0
  4196,    13,   38000000,      66572,        0,  -37933428,          0
  4196,    14,   38000000,   27413905,        0,  -10586095,          0
  4196,    15,   38000000,      78638,        0,  -37921362,          0
  4196,    16,   38000000,      73659,        0,  -37926341,          0
  4196,    17,   38000000,      94647,        0,  -37905353,          0
  4196,    18,   38000000,      77726,        0,  -37922274,          0
  4196,    19,   38000000,      74903,        0,  -37925097,          0
  4196,    20,   38000000,      92573,        0,  -37907427,          0
  4196,    21,   38000000,      70646,        0,  -37929354,          0
  4196,    22,   38000000,      78535,        0,  -37921465,          0
  4196,    23,   38000000,      84077,        0,  -37915923,          0
  4196,    24,   38000000,      63481,        0,  -37936519,          0
  4196,    25,   38000000,      96277,        0,  -37903723,          0
  4196,    26,   38000000,      85531,        0,  -37914469,          0
  4196,    27,   38000000,      75835,        0,  -37924165,          0
  4196,    28,   38000000,      78856,        0,  -37921144,          0
  4196,    29,   38000000,      99170,        0,  -37900830,          0
  4196,    30,   38000000,   11003625,        0,  -26996375,          0
  4196,    31,   38000000,      92580,        0,  -37907420,          0
  4196,    32,   38000000,      66914,        0,  -37933086,          0
  4196,    33,   38000000,      88569,        0,  -37911431,          0
  4196,    34,   38000000,      78517,        0,  -37921483,          0
  4196,    35,   38000000,      84465,        0,  -37915535,          0
  4196,    36,   38000000,      89061,        0,  -37910939,          0
  4196,    37,   38000000,      80933,        0,  -37919067,          0
  4196,    38,   38000000,      75809,        0,  -37924191,          0
  4196,    39,   38000000,      75985,        0,  -37924015,          0
  4196,    40,   38000000,      67394,        0,  -37932606,          0
  4196,    41,   38000000,   14684259,        0,  -23315741,          0
  4196,    42,   38000000,      98250,        0,  -37901750,          0
  4196,    43,   38000000,      67553,        0,  -37932447,          0
  4196,    44,   38000000,      85581,        0,  -37914419,          0
  4196,    45,   38000000,      78947,        0,  -37921053,          0
  4196,    46,   38000000,     116422,        0,  -37883578,          0
  4196,    47,   38000000,      82417,        0,  -37917583,          0
  4196,    48,   38000000,      70632,        0,  -37929368,          0
  4196,    49,   38000000,     101527,        0,  -37898473,          0
  4196,    50,   38000000,     105922,        0,  -37894078,          0
  4196,    51,   38000000,    1770930,        0,  -36229070,          0
  4196,    52,   38000000,      70048,        0,  -37929952,          0
  4196,    53,   38000000,     100847,        0,  -37899153,          0
  4196,    54,   38000000,     107466,        0,  -37892534,          0
  4196,    55,   38000000,      77223,        0,  -37922777,          0
  4196,    56,   38000000,      87764,        0,  -37912236,          0
  4196,    57,   38000000,      73770,        0,  -37926230,          0
  4196,    58,   38000000,      84798,        0,  -37915202,          0
  4196,    59,   38000000,      93545,        0,  -37906455,          0
  4196,    60,   38000000,   19786507,        0,  -18213493,          0
  4196,    61,   38000000,      67999,        0,  -37932001,          0
  4196,    62,   38000000,      67961,        0,  -37932039,          0
  4196,    63,   38000000,   18303811,        0,  -19696189,          0
  4196,    64,   38000000,      67992,        0,  -37932008,          0
  4196,    65,   38000000,      87442,        0,  -37912558,          0
  4196,    66,   38000000,     111551,        0,  -37888449,          0
  4196,    67,   38000000,      77427,        0,  -37922573,          0
  4196,    68,   38000000,      67339,        0,  -37932661,          0
  4196,    69,   38000000,     121423,        0,  -37878577,          0
  4196,    70,   38000000,      66953,        0,  -37933047,          0
  4196,    71,   38000000,     114183,        0,  -37885817,          0
  4196,    72,   38000000,      77778,        0,  -37922222,          0
  4196,    73,   38000000,     105485,        0,  -37894515,          0
  4196,    74,   38000000,      78539,        0,  -37921461,          0
  4196,    75,   38000000,   19916735,        0,  -18083265,          0
  4196,    76,   38000000,      79452,        0,  -37920548,          0
  4196,    77,   38000000,      76334,        0,  -37923666,          0
  4196,    78,   38000000,      70644,        0,  -37929356,          0
  4196,    79,   38000000,     102700,        0,  -37897300,          0
  4196,    80,   38000000,      93939,        0,  -37906061,          0
  4196,    81,   38000000,      79663,        0,  -37920337,          0
  4196,    82,   38000000,      68464,        0,  -37931536,          0
  4196,    83,   38000000,      68996,        0,  -37931004,          0
  4196,    84,   38000000,      68844,        0,  -37931156,          0
  4196,    85,   38000000,      87151,        0,  -37912849,          0
  4196,    86,   38000000,      61946,        0,  -37938054,          0
  4196,    87,   38000000,      61605,        0,  -37938395,          0
  4196,    88,   38000000,     124288,        0,  -37875712,          0
  4196,    89,   38000000,      78416,        0,  -37921584,          0
  4196,    90,   38000000,      76201,        0,  -37923799,          0
  4196,    91,   38000000,     124285,        0,  -37875715,          0
  4196,    92,   38000000,      70234,        0,  -37929766,          0
  4196,    93,   38000000,      69642,        0,  -37930358,          0
  4196,    94,   38000000,      77314,        0,  -37922686,          0
  4196,    95,   38000000,      66686,        0,  -37933314,          0
  4196,    96,   38000000,      85683,        0,  -37914317,          0
  4196,    97,   38000000,      87868,        0,  -37912132,          0
  4196,    98,   38000000,      67028,        0,  -37932972,          0
  4196,    99,   38000000,      82833,        0,  -37917167,          0
  4196,   100,   38000000,      79434,        0,  -37920566,          0
  4196,   101,   38000000,     118689,        0,  -37881311,          0
  4196,   102,   38000000,      78140,        0,  -37921860,          0
  4196,   103,   38000000,      80030,        0,  -37919970,          0
  4196,   104,   38000000,      70463,        0,  -37929537,          0
  4196,   105,   38000000,      70823,        0,  -37929177,          0
  4196,   106,   38000000,      87254,        0,  -37912746,          0
  4196,   107,   38000000,     120230,        0,  -37879770,          0
  4196,   108,   38000000,      84669,        0,  -37915331,          0
  4196,   109,   38000000,      81072,        0,  -37918928,          0
  4196,   110,   38000000,      64051,        0,  -37935949,          0
  4196,   111,   38000000,      83567,        0,  -37916433,          0
  4196,   112,   38000000,      71953,        0,  -37928047,          0
  4196,   113,   38000000,     104458,        0,  -37895542,          0
  4196,   114,   38000000,      92561,        0,  -37907439,          0
  4196,   115,   38000000,   30052958,        0,   -7947042,          0
  4196,   116,   38000000,      82009,        0,  -37917991,          0
  4196,   117,   38000000,      62799,        0,  -37937201,          0
  4196,   118,   38000000,     590834,        0,  -37409166,          0
  4196,   119,   38000000,      70755,        0,  -37929245,          0
  4196,   120,   38000000,      82282,        0,  -37917718,          0
  4196,   121,   38000000,      79491,        0,  -37920509,          0
  4196,   122,   38000000,     110579,        0,  -37889421,          0
  4196,   123,   38000000,      87618,        0,  -37912382,          0
  4196,   124,   38000000,      94808,        0,  -37905192,          0
  4196,   125,   38000000,      86743,        0,  -37913257,          0
  4196,   126,   38000000,      71773,        0,  -37928227,          0
  4196,   127,   38000000,      75255,        0,  -37924745,          0
  4196,   128,   38000000,   16154203,        0,  -21845797,          0
  4196,   129,   38000000,      92847,        0,  -37907153,          0
  4196,   130,   38000000,      68208,        0,  -37931792,          0
  4196,   131,   38000000,      80481,        0,  -37919519,          0
  4196,   132,   38000000,      72229,        0,  -37927771,          0
  4196,   133,   38000000,     109493,        0,  -37890507,          0
  4196,   134,   38000000,      77963,        0,  -37922037,          0
  4196,   135,   38000000,   14659082,        0,  -23340918,          0
  4196,   136,   38000000,      60844,        0,  -37939156,          0
  4196,   137,   38000000,      78696,        0,  -37921304,          0
  4196,   138,   38000000,      81282,        0,  -37918718,          0
  4196,   139,   38000000,     117712,        0,  -37882288,          0
  4196,   140,   38000000,      69755,        0,  -37930245,          0
  4196,   141,   38000000,      76497,        0,  -37923503,          0
  4196,   142,   38000000,      92427,        0,  -37907573,          0
  4196,   143,   38000000,      91444,        0,  -37908556,          0
  4196,   144,   38000000,      80686,        0,  -37919314,          0
  4196,   145,   38000000,      78005,        0,  -37921995,          0
  4196,   146,   38000000,      76435,        0,  -37923565,          0
  4196,   147,   38000000,      78652,        0,  -37921348,          0
  4196,   148,   38000000,      69277,        0,  -37930723,          0
  4196,   149,   38000000,      71777,        0,  -37928223,          0
  4196,   150,   38000000,     102056,        0,  -37897944,          0
  4196,   151,   38000000,    7668822,        0,  -30331178,          0
  4196,   152,   38000000,      67194,        0,  -37932806,          0
  4196,   153,   38000000,   26250522,        0,  -11749478,          0
  4196,   154,   38000000,      99889,        0,  -37900111,          0
  4196,   155,   38000000,      77625,        0,  -37922375,          0
  4196,   156,   38000000,      88797,        0,  -37911203,          0
  4196,   157,   38000000,     117044,        0,  -37882956,          0
  4196,   158,   38000000,      82910,        0,  -37917090,          0
  4196,   159,   38000000,      90848,        0,  -37909152,          0
  4196,   160,   38000000,      80076,        0,  -37919924,          0
  4196,   161,   38000000,    1196583,        0,  -36803417,          0
  4196,   162,   38000000,      70920,        0,  -37929080,          0
  4196,   163,   38000000,      57477,        0,  -37942523,          0
  4196,   164,   38000000,      75225,        0,  -37924775,          0
  4196,   165,   38000000,      79569,        0,  -37920431,          0
  4196,   166,   38000000,      83606,        0,  -37916394,          0
  4196,   167,   38000000,      72201,        0,  -37927799,          0
  4196,   168,   38000000,      64606,        0,  -37935394,          0
  4196,   169,   38000000,      70779,        0,  -37929221,          0
  4196,   170,   38000000,      70259,        0,  -37929741,          0
  4196,   171,   38000000,     104737,        0,  -37895263,          0
  4196,   172,   38000000,      69342,        0,  -37930658,          0
  4196,   173,   38000000,      82425,        0,  -37917575,          0
  4196,   174,   38000000,      85876,        0,  -37914124,          0
  4196,   175,   38000000,     110858,        0,  -37889142,          0
  4196,   176,   38000000,     112944,        0,  -37887056,          0
  4196,   177,   38000000,      78431,        0,  -37921569,          0
  4196,   178,   38000000,      89830,        0,  -37910170,          0
  4196,   179,   38000000,      93057,        0,  -37906943,          0
  4196,   180,   38000000,     101140,        0,  -37898860,          0
  4196,   181,   38000000,      64001,        0,  -37935999,          0
  4196,   182,   38000000,    4342138,        0,  -33657862,          0
  4196,   183,   38000000,      68497,        0,  -37931503,          0
  4196,   184,   38000000,      95966,        0,  -37904034,          0
  4196,   185,   38000000,    8773914,        0,  -29226086,          0
  4196,   186,   38000000,      86794,        0,  -37913206,          0
  4196,   187,   38000000,      82950,        0,  -37917050,          0
  4196,   188,   38000000,     150114,        0,  -37849886,          0
  4196,   189,   38000000,      87606,        0,  -37912394,          0
  4196,   190,   38000000,      65441,        0,  -37934559,          0
  4196,   191,   38000000,      95051,        0,  -37904949,          0
  4196,   192,   38000000,      85021,        0,  -37914979,          0
  4196,   193,   38000000,      84515,        0,  -37915485,          0
  4196,   194,   38000000,      93853,        0,  -37906147,          0
  4196,   195,   38000000,      78741,        0,  -37921259,          0
  4196,   196,   38000000,     122075,        0,  -37877925,          0
  4196,   197,   38000000,      56727,        0,  -37943273,          0
  4196,   198,   38000000,     109489,        0,  -37890511,          0
  4196,   199,   38000000,      87011,        0,  -37912989,          0
  4196,   200,   38000000,     100861,        0,  -37899139,          0
  4196,   201,   38000000,      73712,        0,  -37926288,          0
  4196,   202,   38000000,      69516,        0,  -37930484,          0
  4196,   203,   38000000,      77286,        0,  -37922714,          0
  4196,   204,   38000000,     111317,        0,  -37888683,          0
  4196,   205,   38000000,      73671,        0,  -37926329,          0
  4196,   206,   38000000,     108824,        0,  -37891176,          0
  4196,   207,   38000000,      66801,        0,  -37933199,          0
  4196,   208,   38000000,      94240,        0,  -37905760,          0
  4196,   209,   38000000,      77943,        0,  -37922057,          0
  4196,   210,   38000000,      64450,        0,  -37935550,          0
  4196,   211,   38000000,     129515,        0,  -37870485,          0
  4196,   212,   38000000,      81825,        0,  -37918175,          0
  4196,   213,   38000000,      97341,        0,  -37902659,          0
  4196,   214,   38000000,      78576,        0,  -37921424,          0
  4196,   215,   38000000,      69185,        0,  -37930815,          0
  4196,   216,   38000000,      75398,        0,  -37924602,          0
  4196,   217,   38000000,      63272,        0,  -37936728,          0
  4196,   218,   38000000,      82478,        0,  -37917522,          0
  4196,   219,   38000000,     105278,        0,  -37894722,          0
  4196,   220,   38000000,      62018,        0,  -37937982,          0
  4196,   221,   38000000,      72982,        0,  -37927018,          0
  4196,   222,   38000000,   14516925,        0,  -23483075,          0
  4196,   223,   38000000,     114690,        0,  -37885310,          0
  4196,   224,   38000000,      94953,        0,  -37905047,          0
  4196,   225,   38000000,   11525884,        0,  -26474116,          0
  4196,   226,   38000000,      87366,        0,  -37912634,          0
  4196,   227,   38000000,      81816,        0,  -37918184,          0
  4196,   228,   38000000,      73145,        0,  -37926855,          0
  4196,   229,   38000000,     121332,        0,  -37878668,          0
  4196,   230,   38000000,   10494909,        0,  -27505091,          0
  4196,   231,   38000000,      64411,        0,  -37935589,          0
  4196,   232,   38000000,    4825863,        0,  -33174137,          0
  4196,   233,   38000000,      67807,        0,  -37932193,          0
  4196,   234,   38000000,     111054,        0,  -37888946,          0
  4196,   235,   38000000,     111984,        0,  -37888016,          0
  4196,   236,   38000000,      75619,        0,  -37924381,          0
  4196,   237,   38000000,      67977,        0,  -37932023,          0
  4196,   238,   38000000,      79195,        0,  -37920805,          0
  4196,   239,   38000000,      68501,        0,  -37931499,          0
  4196,   240,   38000000,      59030,        0,  -37940970,          0
  4196,   241,   38000000,      77017,        0,  -37922983,          0
  4196,   242,   38000000,     100155,        0,  -37899845,          0
  4196,   243,   38000000,   14323503,        0,  -23676497,          0
  4196,   244,   38000000,      95834,        0,  -37904166,          0
  4196,   245,   38000000,      68902,        0,  -37931098,          0
  4196,   246,   38000000,      85222,        0,  -37914778,          0
  4196,   247,   38000000,      79716,        0,  -37920284,          0
  4196,   248,   38000000,     113142,        0,  -37886858,          0
  4196,   249,   38000000,    8127868,        0,  -29872132,          0
  4196,   250,   38000000,      80060,        0,  -37919940,          0
  4196,   251,   38000000,      68669,        0,  -37931331,          0
  4196,   252,   38000000,    6774183,        0,  -31225817,          0
  4196,   253,   38000000,     102659,        0,  -37897341,          0
  4196,   254,   38000000,      68080,        0,  -37931920,          0
  4196,   255,   38000000,    6566479,        0,  -31433521,          0
  4196,   256,   38000000,      64535,        0,  -37935465,          0
  4196,   257,   38000000,      71910,        0,  -37928090,          0
  4196,   258,   38000000,      75317,        0,  -37924683,          0
  4196,   259,   38000000,      94066,        0,  -37905934,          0
  4196,   260,   38000000,      84996,        0,  -37915004,          0
  4196,   261,   38000000,      68448,        0,  -37931552,          0
  4196,   262,   38000000,      69698,        0,  -37930302,          0
  4196,   263,   38000000,      99385,        0,  -37900615,          0
  4196,   264,   38000000,    5779580,        0,  -32220420,          0
  4196,   265,   38000000,     111793,        0,  -37888207,          0
  4196,   266,   38000000,      86651,        0,  -37913349,          0
  4196,   267,   38000000,     107767,        0,  -37892233,          0
# task NAME=myapp PID=4199 COST=6861000 PERIOD=87000000 CPU=0
  4199,     2,   87000000,       8779,        0,  -86991221,          0
  4199,     3,   87000000,     105587,        0,  -86894413,          0
  4199,     4,   87000000,   19640101,        0,  -67359899,          0
  4199,     5,   87000000,    6733360,        0,  -80266640,          0
  4199,     6,   87000000,    6779606,        0,  -80220394,          0
  4199,     7,   87000000,    6766195,        0,  -80233805,          0
  4199,     8,   87000000,   16708289,        0,  -70291711,          0
  4199,     9,   87000000,    7737763,        0,  -79262237,          0
  4199,    10,   87000000,    6834045,        0,  -80165955,          0
  4199,    11,   87000000,    6773351,        0,  -80226649,          0
  4199,    12,   87000000,    6739723,        0,  -80260277,          0
  4199,    13,   87000000,    7049663,        0,  -79950337,          0
  4199,    14,   87000000,    6758281,        0,  -80241719,          0
  4199,    15,   87000000,    6732625,        0,  -80267375,          0
  4199,    16,   87000000,    6752541,        0,  -80247459,          0
  4199,    17,   87000000,    6727165,        0,  -80272835,          0
  4199,    18,   87000000,    6752684,        0,  -80247316,          0
  4199,    19,   87000000,    6727169,        0,  -80272831,          0
  4199,    20,   87000000,    6770352,        0,  -80229648,          0
  4199,    21,   87000000,    6773135,        0,  -80226865,          0
  4199,    22,   87000000,    6736340,        0,  -80263660,          0
  4199,    23,   87000000,    6740352,        0,  -80259648,          0
  4199,    24,   87000000,    6735750,        0,  -80264250,          0
  4199,    25,   87000000,    6749609,        0,  -80250391,          0
  4199,    26,   87000000,    6727485,        0,  -80272515,          0
  4199,    27,   87000000,    6770542,        0,  -80229458,          0
  4199,    28,   87000000,   17514007,        0,  -69485993,          0
  4199,    29,   87000000,    6737929,        0,  -80262071,          0
  4199,    30,   87000000,    6743417,        0,  -80256583,          0
  4199,    31,   87000000,    6745458,        0,  -80254542,          0
  4199,    32,   87000000,    6789262,        0,  -80210738,          0
  4199,    33,   87000000,    6751868,        0,  -80248132,          0
  4199,    34,   87000000,    6775520,        0,  -80224480,          0
  4199,    35,   87000000,    6790665,        0,  -80209335,          0
  4199,    36,   87000000,    7050652,        0,  -79949348,          0
  4199,    37,   87000000,    6752194,        0,  -80247806,          0
  4199,    38,   87000000,    6753939,        0,  -80246061,          0
  4199,    39,   87000000,    6724012,        0,  -80275988,          0
  4199,    40,   87000000,    7555137,        0,  -79444863,          0
  4199,    41,   87000000,    6863641,        0,  -80136359,          0
  4199,    42,   87000000,    6757685,        0,  -80242315,          0
  4199,    43,   87000000,    6763848,        0,  -80236152,          0
  4199,    44,   87000000,    6750138,        0,  -80249862,          0
  4199,    45,   87000000,    6752211,        0,  -80247789,          0
  4199,    46,   87000000,    6739732,        0,  -80260268,          0
  4199,    47,   87000000,    6744962,        0,  -80255038,          0
  4199,    48,   87000000,    6813078,        0,  -80186922,          0
  4199,    49,   87000000,    6739035,        0,  -80260965,          0
  4199,    50,   87000000,    6825687,        0,  -80174313,          0
  4199,    51,   87000000,    6750481,        0,  -80249519,          0
  4199,    52,   87000000,   29797713,        0,  -57202287,          0
  4199,    53,   87000000,    6793826,        0,  -80206174,          0
  4199,    54,   87000000,    6754233,        0,  -80245767,          0
  4199,    55,   87000000,    6782693,        0,  -80217307,          0
  4199,    56,   87000000,    6773351,        0,  -80226649,          0
  4199,    57,   87000000,    6774793,        0,  -80225207,          0
  4199,    58,   87000000,    6743131,        0,  -80256869,          0
  4199,    59,   87000000,    7020518,        0,  -79979482,          0
  4199,    60,   87000000,    6764154,        0,  -80235846,          0
  4199,    61,   87000000,    6764473,        0,  -80235527,          0
  4199,    62,   87000000,    6734614,        0,  -80265386,          0
  4199,    63,   87000000,    6766262,        0,  -80233738,          0
  4199,    64,   87000000,    6771932,        0,  -80228068,          0
  4199,    65,   87000000,    6772492,        0,  -80227508,          0
  4199,    66,   87000000,    6764258,        0,  -80235742,          0
  4199,    67,   87000000,    6744311,        0,  -80255689,          0
  4199,    68,   87000000,    6734386,        0,  -80265614,          0
  4199,    69,   87000000,    7018491,        0,  -79981509,          0
  4199,    70,   87000000,    6813478,        0,  -80186522,          0
  4199,    71,   87000000,    6742527,        0,  -80257473,          0
  4199,    72,   87000000,    6753714,        0,  -80246286,          0
  4199,    73,   87000000,   32962956,        0,  -54037044,          0
  4199,    74,   87000000,    6790095,        0,  -80209905,          0
  4199,    75,   87000000,    8969277,        0,  -78030723,          0
  4199,    76,   87000000,    6754014,        0,  -80245986,          0
  4199,    77,   87000000,    6774401,        0,  -80225599,          0
  4199,    78,   87000000,    6749943,        0,  -80250057,          0
  4199,    79,   87000000,    6748200,        0,  -80251800,          0
  4199,    80,   87000000,    6863759,        0,  -80136241,          0
  4199,    81,   87000000,   27035957,        0,  -59964043,          0
  4199,    82,   87000000,    7030461,        0,  -79969539,          0
  4199,    83,   87000000,    6733769,        0,  -80266231,          0
  4199,    84,   87000000,    6734356,        0,  -80265644,          0
  4199,    85,   87000000,    6734517,        0,  -80265483,          0
  4199,    86,   87000000,    6768925,        0,  -80231075,          0
  4199,    87,   87000000,    6745113,        0,  -80254887,          0
  4199,    88,   87000000,    6750246,        0,  -80249754,          0
  4199,    89,   87000000,    6733143,        0,  -80266857,          0
  4199,    90,   87000000,    6736169,        0,  -80263831,          0
  4199,    91,   87000000,    6746029,        0,  -80253971,          0
  4199,    92,   87000000,    7043660,        0,  -79956340,          0
  4199,    93,   87000000,    6732657,        0,  -80267343,          0
  4199,    94,   87000000,    6739989,        0,  -80260011,          0
  4199,    95,   87000000,    6756511,        0,  -80243489,          0
  4199,    96,   87000000,    6739230,        0,  -80260770,          0
  4199,    97,   87000000,    6747131,        0,  -80252869,          0
  4199,    98,   87000000,    6758511,        0,  -80241489,          0
  4199,    99,   87000000,    6737970,        0,  -80262030,          0
  4199,   100,   87000000,   15332768,        0,  -71667232,          0
  4199,   101,   87000000,   19312491,        0,  -67687509,          0
  4199,   102,   87000000,   30234405,        0,  -56765595,          0
  4199,   103,   87000000,    6741526,        0,  -80258474,          0
  4199,   104,   87000000,    6773664,        0,  -80226336,          0
  4199,   105,   87000000,    6764605,        0,  -80235395,          0
  4199,   106,   87000000,    6731525,        0,  -80268475,          0
  4199,   107,   87000000,    6772757,        0,  -80227243,          0
  4199,   108,   87000000,    6804778,        0,  -80195222,          0
  4199,   109,   87000000,    6775254,        0,  -80224746,          0
  4199,   110,   87000000,    6754956,        0,  -80245044,          0
  4199,   111,   87000000,    6760357,        0,  -80239643,          0
  4199,   112,   87000000,    6764147,        0,  -80235853,          0
  4199,   113,   87000000,   18076055,        0,  -68923945,          0
  4199,   114,   87000000,    6739258,        0,  -80260742,          0
  4199,   115,   87000000,    7035484,        0,  -79964516,          0
  4199,   116,   87000000,    6747320,        0,  -80252680,          0
  4199,   117,   87000000,   12524683,        0,  -74475317,          0
  4199,   118,   87000000,    6753169,        0,  -80246831,          0
# task NAME=myapp PID=4203 COST=5175000 PERIOD=100000000 CPU=0
  4203,     2,  100000000,       8831,        0,  -99991169,          0
  4203,     3,  100000000,      80964,        0,  -99919036,          0
  4203,     4,  100000000,    5291684,        0,  -94708316,          0
  4203,     5,  100000000,    5111056,        0,  -94888944,          0
  4203,     6,  100000000,    5102726,        0,  -94897274,          0
  4203,     7,  100000000,    5096940,        0,  -94903060,          0
  4203,     8,  100000000,    5083179,        0,  -94916821,          0
  4203,     9,  100000000,    5110290,        0,  -94889710,          0
  4203,    10,  100000000,    5128762,        0,  -94871238,          0
  4203,    11,  100000000,    5096977,        0,  -94903023,          0
  4203,    12,  100000000,    5114595,        0,  -94885405,          0
  4203,    13,  100000000,    5095251,        0,  -94904749,          0
  4203,    14,  100000000,    5109236,        0,  -94890764,          0
  4203,    15,  100000000,    5110271,        0,  -94889729,          0
  4203,    16,  100000000,    5113440,        0,  -94886560,          0
  4203,    17,  100000000,    5154159,        0,  -94845841,          0
  4203,    18,  100000000,    5109475,        0,  -94890525,          0
  4203,    19,  100000000,    5140761,        0,  -94859239,          0
  4203,    20,  100000000,    5112905,        0,  -94887095,          0
  4203,    21,  100000000,   22372478,        0,  -77627522,          0
  4203,    22,  100000000,    5193096,        0,  -94806904,          0
  4203,    23,  100000000,    5084790,        0,  -94915210,          0
  4203,    24,  100000000,    5150078,        0,  -94849922,          0
  4203,    25,  100000000,    5108292,        0,  -94891708,          0
  4203,    26,  100000000,    6757333,        0,  -93242667,          0
  4203,    27,  100000000,    5138091,        0,  -94861909,          0
  4203,    28,  100000000,    5102821,        0,  -94897179,          0
  4203,    29,  100000000,    5118007,        0,  -94881993,          0
  4203,    30,  100000000,    5112813,        0,  -94887187,          0
  4203,    31,  100000000,    5141359,        0,  -94858641,          0
  4203,    32,  100000000,    5115599,        0,  -94884401,          0
  4203,    33,  100000000,    5095307,        0,  -94904693,          0
  4203,    34,  100000000,    5081847,        0,  -94918153,          0
  4203,    35,  100000000,    5106127,        0,  -94893873,          0
  4203,    36,  100000000,    5099046,        0,  -94900954,          0
  4203,    37,  100000000,    5105838,        0,  -94894162,          0
  4203,    38,  100000000,    5140906,        0,  -94859094,          0
  4203,    39,  100000000,    5098545,        0,  -94901455,          0
  4203,    40,  100000000,    5120036,        0,  -94879964,          0
  4203,    41,  100000000,    5197614,        0,  -94802386,          0
  4203,    42,  100000000,    8102990,        0,  -91897010,          0
  4203,    43,  100000000,    5106491,        0,  -94893509,          0
  4203,    44,  100000000,    5104029,        0,  -94895971,          0
  4203,    45,  100000000,    5091292,        0,  -94908708,          0
  4203,    46,  100000000,    5105681,        0,  -94894319,          0
  4203,    47,  100000000,    5124020,        0,  -94875980,          0
  4203,    48,  100000000,    5106487,        0,  -94893513,          0
  4203,    49,  100000000,    5121979,        0,  -94878021,          0
  4203,    50,  100000000,    5092628,        0,  -94907372,          0
  4203,    51,  100000000,    5125263,        0,  -94874737,          0
  4203,    52,  100000000,    5114563,        0,  -94885437,          0
  4203,    53,  100000000,    5093399,        0,  -94906601,          0
  4203,    54,  100000000,    5099473,        0,  -94900527,          0
  4203,    55,  100000000,    8090808,        0,  -91909192,          0
  4203,    56,  100000000,    5084030,        0,  -94915970,          0
  4203,    57,  100000000,    5915733,        0,  -94084267,          0
  4203,    58,  100000000,    5088152,        0,  -94911848,          0
  4203,    59,  100000000,    5107059,        0,  -94892941,          0
  4203,    60,  100000000,   31281078,        0,  -68718922,          0
  4203,    61,  100000000,    5105981,        0,  -94894019,          0
  4203,    62,  100000000,    5097599,        0,  -94902401,          0
  4203,    63,  100000000,    5109227,        0,  -94890773,          0
  4203,    64,  100000000,   21281620,        0,  -78718380,          0
  4203,    65,  100000000,    5084423,        0,  -94915577,          0
  4203,    66,  100000000,    5144865,        0,  -94855135,          0
  4203,    67,  100000000,    5113222,        0,  -94886778,          0
  4203,    68,  100000000,    5132933,        0,  -94867067,          0
  4203,    69,  100000000,    5142865,        0,  -94857135,          0
  4203,    70,  100000000,   10322370,        0,  -89677630,          0
  4203,    71,  100000000,   11377903,        0,  -88622097,          0
  4203,    72,  100000000,   29410530,        0,  -70589470,          0
  4203,    73,  100000000,    5102526,        0,  -94897474,          0
  4203,    74,  100000000,    5093192,        0,  -94906808,          0
  4203,    75,  100000000,    5125753,        0,  -94874247,          0
  4203,    76,  100000000,    5090409,        0,  -94909591,          0
  4203,    77,  100000000,    5093394,        0,  -94906606,          0
  4203,    78,  100000000,    5098240,        0,  -94901760,          0
  4203,    79,  100000000,    5139608,        0,  -94860392,          0
  4203,    80,  100000000,   11502231,        0,  -88497769,          0
  4203,    81,  100000000,    5149527,        0,  -94850473,          0
  4203,    82,  100000000,    5094879,        0,  -94905121,          0
  4203,    83,  100000000,    5097042,        0,  -94902958,          0
  4203,    84,  100000000,    5091086,        0,  -94908914,          0
  4203,    85,  100000000,    5104628,        0,  -94895372,          0
  4203,    86,  100000000,    5102559,        0,  -94897441,          0
  4203,    87,  100000000,    5126494,        0,  -94873506,          0
  4203,    88,  100000000,    5086032,        0,  -94913968,          0
  4203,    89,  100000000,    5102545,        0,  -94897455,          0
  4203,    90,  100000000,   11913983,        0,  -88086017,          0
  4203,    91,  100000000,    5111528,        0,  -94888472,          0
  4203,    92,  100000000,    5091085,        0,  -94908915,          0
  4203,    93,  100000000,    5090432,        0,  -94909568,          0
  4203,    94,  100000000,    5117905,        0,  -94882095,          0
  4203,    95,  100000000,    5114936,        0,  -94885064,          0
  4203,    96,  100000000,    5123426,        0,  -94876574,          0
  4203,    97,  100000000,    5095546,        0,  -94904454,          0
  4203,    98,  100000000,    5146728,        0,  -94853272,          0
  4203,    99,  100000000,    5090355,        0,  -94909645,          0
  4203,   100,  100000000,    5091424,        0,  -94908576,          0
  4203,   101,  100000000,    5270205,        0,  -94729795,          0
  4203,   102,  100000000,   23715309,        0,  -76284691,          0
  4203,   103,  100000000,    5081320,        0,  -94918680,          0
  4203,   104,  100000000,    5085459,        0,  -94914541,          0
# task NAME=myapp PID=4207 COST=2997000 PERIOD=52000000 CPU=0
  4207,     2,   52000000,      10268,        0,  -51989732,          0
  4207,     3,   52000000,      84056,        0,  -51915944,          0
  4207,     4,   52000000,    2958326,        0,  -49041674,          0
  4207,     5,   52000000,    2967615,        0,  -49032385,          0
  4207,     6,   52000000,    2961615,        0,  -49038385,          0
  4207,     7,   52000000,    2988122,        0,  -49011878,          0
  4207,     8,   52000000,    2957335,        0,  -49042665,          0
  4207,     9,   52000000,    2978510,        0,  -49021490,          0
  4207,    10,   52000000,    2957292,        0,  -49042708,          0
  4207,    11,   52000000,   32381866,        0,  -19618134,          0
  4207,    12,   52000000,    2967523,        0,  -49032477,          0
  4207,    13,   52000000,    2975575,        0,  -49024425,          0
  4207,    14,   52000000,    3018237,        0,  -48981763,          0
  4207,    15,   52000000,    3011669,        0,  -48988331,          0
  4207,    16,   52000000,    2975969,        0,  -49024031,          0
  4207,    17,   52000000,    2980428,        0,  -49019572,          0
  4207,    18,   52000000,    2992123,        0,  -49007877,          0
  4207,    19,   52000000,    2997585,        0,  -49002415,          0
  4207,    20,   52000000,    2981902,        0,  -49018098,          0
  4207,    21,   52000000,    2961233,        0,  -49038767,          0
  4207,    22,   52000000,    3021036,        0,  -48978964,          0
  4207,    23,   52000000,    3164028,        0,  -48835972,          0
  4207,    24,   52000000,    2987166,        0,  -49012834,          0
  4207,    25,   52000000,    2978499,        0,  -49021501,          0
  4207,    26,   52000000,    2996509,        0,  -49003491,          0
  4207,    27,   52000000,    3264972,        0,  -48735028,          0
  4207,    28,   52000000,    2964964,        0,  -49035036,          0
  4207,    29,   52000000,    2984926,        0,  -49015074,          0
  4207,    30,   52000000,    2952959,        0,  -49047041,          0
  4207,    31,   52000000,    5710235,        0,  -46289765,          0
  4207,    32,   52000000,    2965367,        0,  -49034633,          0
  4207,    33,   52000000,    3055682,        0,  -48944318,          0
  4207,    34,   52000000,    2948173,        0,  -49051827,          0
  4207,    35,   52000000,    2963925,        0,  -49036075,          0
  4207,    36,   52000000,    2967620,        0,  -49032380,          0
  4207,    37,   52000000,    3009651,        0,  -48990349,          0
  4207,    38,   52000000,    5415081,        0,  -46584919,          0
  4207,    39,   52000000,    3254992,        0,  -48745008,          0
  4207,    40,   52000000,    2959781,        0,  -49040219,          0
  4207,    41,   52000000,    2962185,        0,  -49037815,          0
  4207,    42,   52000000,    2960287,        0,  -49039713,          0
  4207,    43,   52000000,    2971211,        0,  -49028789,          0
  4207,    44,   52000000,    2979223,        0,  -49020777,          0
  4207,    45,   52000000,    3357253,        0,  -48642747,          0
  4207,    46,   52000000,    2966058,        0,  -49033942,          0
  4207,    47,   52000000,   13301714,        0,  -38698286,          0
  4207,    48,   52000000,    2969052,        0,  -49030948,          0
  4207,    49,   52000000,    2962365,        0,  -49037635,          0
  4207,    50,   52000000,    3002751,        0,  -48997249,          0
  4207,    51,   52000000,    3281983,        0,  -48718017,          0
  4207,    52,   52000000,    2964355,        0,  -49035645,          0
  4207,    53,   52000000,    2981546,        0,  -49018454,          0
  4207,    54,   52000000,    9535970,        0,  -42464030,          0
  4207,    55,   52000000,    2956080,        0,  -49043920,          0
  4207,    56,   52000000,    2964406,        0,  -49035594,          0
  4207,    57,   52000000,    2979811,        0,  -49020189,          0
  4207,    58,   52000000,    2962829,        0,  -49037171,          0
  4207,    59,   52000000,    2974730,        0,  -49025270,          0
  4207,    60,   52000000,    2980731,        0,  -49019269,          0
  4207,    61,   52000000,    2973392,        0,  -49026608,          0
  4207,    62,   52000000,    2968761,        0,  -49031239,          0
  4207,    63,   52000000,    2997327,        0,  -49002673,          0
  4207,    64,   52000000,    2970987,        0,  -49029013,          0
  4207,    65,   52000000,    5563232,        0,  -46436768,          0
  4207,    66,   52000000,    2974873,        0,  -49025127,          0
  4207,    67,   52000000,    2969695,        0,  -49030305,          0
  4207,    68,   52000000,    2979306,        0,  -49020694,          0
  4207,    69,   52000000,    2961490,        0,  -49038510,          0
  4207,    70,   52000000,    2983407,        0,  -49016593,          0
  4207,    71,   52000000,    2991509,        0,  -49008491,          0
  4207,    72,   52000000,    2971000,        0,  -49029000,          0
  4207,    73,   52000000,    2995369,        0,  -49004631,          0
  4207,    74,   52000000,    2965347,        0,  -49034653,          0
  4207,    75,   52000000,    2980734,        0,  -49019266,          0
  4207,    76,   52000000,    2973463,        0,  -49026537,          0
  4207,    77,   52000000,    2957986,        0,  -49042014,          0
  4207,    78,   52000000,    2986685,        0,  -49013315,          0
  4207,    79,   52000000,    3076531,        0,  -48923469,          0
  4207,    80,   52000000,    2969341,        0,  -49030659,          0
  4207,    81,   52000000,    2956839,        0,  -49043161,          0
  4207,    82,   52000000,    2995538,        0,  -49004462,          0
  4207,    83,   52000000,    2985476,        0,  -49014524,          0
  4207,    84,   52000000,    2992471,        0,  -49007529,          0
  4207,    85,   52000000,   24933058,        0,  -27066942,          0
  4207,    86,   52000000,    2960508,        0,  -49039492,          0
  4207,    87,   52000000,    3020485,        0,  -48979515,          0
  4207,    88,   52000000,    2964701,        0,  -49035299,          0
  4207,    89,   52000000,    2961790,        0,  -49038210,          0
  4207,    90,   52000000,    3013127,        0,  -48986873,          0
  4207,    91,   52000000,    2971817,        0,  -49028183,          0
  4207,    92,   52000000,    2986125,        0,  -49013875,          0
  4207,    93,   52000000,    3009138,        0,  -48990862,          0
  4207,    94,   52000000,    2992383,        0,  -49007617,          0
  4207,    95,   52000000,    2982248,        0,  -49017752,          0
  4207,    96,   52000000,    2958574,        0,  -49041426,          0
  4207,    97,   52000000,    2950071,        0,  -49049929,          0
  4207,    98,   52000000,    3087324,        0,  -48912676,          0
  4207,    99,   52000000,    2987063,        0,  -49012937,          0
  4207,   100,   52000000,    2965813,        0,  -49034187,          0
  4207,   101,   52000000,    2970342,        0,  -49029658,          0
  4207,   102,   52000000,    2985840,        0,  -49014160,          0
  4207,   103,   52000000,    2961372,        0,  -49038628,          0
  4207,   104,   52000000,    2976659,        0,  -49023341,          0
  4207,   105,   52000000,    2988479,        0,  -49011521,          0
  4207,   106,   52000000,    3015191,        0,  -48984809,          0
  4207,   107,   52000000,   21114070,        0,  -30885930,          0
  4207,   108,   52000000,    2992392,        0,  -49007608,          0
  4207,   109,   52000000,    2964269,        0,  -49035731,          0
  4207,   110,   52000000,    2971525,        0,  -49028475,          0
  4207,   111,   52000000,   15604653,        0,  -36395347,          0
  4207,   112,   52000000,    3030253,        0,  -48969747,          0
  4207,   113,   52000000,    7561028,        0,  -44438972,          0
  4207,   114,   52000000,    2994844,        0,  -49005156,          0
  4207,   115,   52000000,    3001364,        0,  -48998636,          0
  4207,   116,   52000000,    2960427,        0,  -49039573,          0
  4207,   117,   52000000,    2974351,        0,  -49025649,          0
  4207,   118,   52000000,    2968062,        0,  -49031938,          0
  4207,   119,   52000000,    2977669,        0,  -49022331,          0
  4207,   120,   52000000,    2963795,        0,  -49036205,          0
  4207,   121,   52000000,    2970986,        0,  -49029014,          0
  4207,   122,   52000000,    2994426,        0,  -49005574,          0
  4207,   123,   52000000,   29191437,        0,  -22808563,          0
  4207,   124,   52000000,    2982892,        0,  -49017108,          0
  4207,   125,   52000000,    2969847,        0,  -49030153,          0
  4207,   126,   52000000,    3056945,        0,  -48943055,          0
  4207,   127,   52000000,    2963042,        0,  -49036958,          0
  4207,   128,   52000000,    2959991,        0,  -49040009,          0
  4207,   129,   52000000,    2978383,        0,  -49021617,          0
  4207,   130,   52000000,    2996236,        0,  -49003764,          0
  4207,   131,   52000000,    2970413,        0,  -49029587,          0
  4207,   132,   52000000,    2977099,        0,  -49022901,          0
  4207,   133,   52000000,    2964982,        0,  -49035018,          0
  4207,   134,   52000000,    2954933,        0,  -49045067,          0
  4207,   135,   52000000,    3012037,        0,  -48987963,          0
  4207,   136,   52000000,   11280462,        0,  -40719538,          0
  4207,   137,   52000000,    3013580,        0,  -48986420,          0
  4207,   138,   52000000,    2999647,        0,  -49000353,          0
  4207,   139,   52000000,    2993162,        0,  -49006838,          0
  4207,   140,   52000000,    3002675,        0,  -48997325,          0
  4207,   141,   52000000,    3012521,        0,  -48987479,          0
  4207,   142,   52000000,    2996882,        0,  -49003118,          0
  4207,   143,   52000000,    2976105,        0,  -49023895,          0
  4207,   144,   52000000,    3021507,        0,  -48978493,          0
  4207,   145,   52000000,    2980955,        0,  -49019045,          0
  4207,   146,   52000000,    3011709,        0,  -48988291,          0
  4207,   147,   52000000,    2966487,        0,  -49033513,          0
  4207,   148,   52000000,    2979952,        0,  -49020048,          0
  4207,   149,   52000000,    2984270,        0,  -49015730,          0
  4207,   150,   52000000,    2978613,        0,  -49021387,          0
  4207,   151,   52000000,   11662037,        0,  -40337963,          0
  4207,   152,   52000000,    3255417,        0,  -48744583,          0
  4207,   153,   52000000,    2995107,        0,  -49004893,          0
  4207,   154,   52000000,    2951117,        0,  -49048883,          0
  4207,   155,   52000000,    3089753,        0,  -48910247,          0
  4207,   156,   52000000,    2970608,        0,  -49029392,          0
  4207,   157,   52000000,    5726880,        0,  -46273120,          0
  4207,   158,   52000000,    2975681,        0,  -49024319,          0
  4207,   159,   52000000,    2967823,        0,  -49032177,          0
  4207,   160,   52000000,    2964790,        0,  -49035210,          0
  4207,   161,   52000000,    3030765,        0,  -48969235,          0
  4207,   162,   52000000,    2965169,        0,  -49034831,          0
  4207,   163,   52000000,   19462766,        0,  -32537234,          0
  4207,   164,   52000000,    3263912,        0,  -48736088,          0
  4207,   165,   52000000,    2984096,        0,  -49015904,          0
  4207,   166,   52000000,    2976368,        0,  -49023632,          0
  4207,   167,   52000000,   16532763,        0,  -35467237,          0
  4207,   168,   52000000,    2987435,        0,  -49012565,          0
  4207,   169,   52000000,    7453534,        0,  -44546466,          0
  4207,   170,   52000000,    2968290,        0,  -49031710,          0
  4207,   171,   52000000,    3013945,        0,  -48986055,          0
  4207,   172,   52000000,    3042990,        0,  -48957010,          0
  4207,   173,   52000000,    2981849,        0,  -49018151,          0
  4207,   174,   52000000,    2967573,        0,  -49032427,          0
  4207,   175,   52000000,    2965025,        0,  -49034975,          0
  4207,   176,   52000000,    3239540,        0,  -48760460,          0
  4207,   177,   52000000,    2986090,        0,  -49013910,          0
  4207,   178,   52000000,    2978667,        0,  -49021333,          0
  4207,   179,   52000000,    2970127,        0,  -49029873,          0
  4207,   180,   52000000,    2965332,        0,  -49034668,          0
  4207,   181,   52000000,    2990787,        0,  -49009213,          0
  4207,   182,   52000000,    2992087,        0,  -49007913,          0
  4207,   183,   52000000,    3032902,        0,  -48967098,          0
  4207,   184,   52000000,    2961266,        0,  -49038734,          0
  4207,   185,   52000000,    7561741,        0,  -44438259,          0
  4207,   186,   52000000,    2996360,        0,  -49003640,          0
  4207,   187,   52000000,   16957375,        0,  -35042625,          0
  4207,   188,   52000000,    2992781,        0,  -49007219,          0
  4207,   189,   52000000,    2986372,        0,  -49013628,          0
  4207,   190,   52000000,    2979293,        0,  -49020707,          0
  4207,   191,   52000000,    2961060,        0,  -49038940,          0
  4207,   192,   52000000,    3001655,        0,  -48998345,          0
  4207,   193,   52000000,    2982157,        0,  -49017843,          0
  4207,   194,   52000000,    2963525,        0,  -49036475,          0
  4207,   195,   52000000,    2966585,        0,  -49033415,          0
  4207,   196,   52000000,    4510275,        0,  -47489725,          0
# task NAME=myapp PID=4211 COST=750000 PERIOD=70000000 CPU=0
  4211,     2,   70000000,      11956,        0,  -69988044,          0
  4211,     3,   70000000,      57589,        0,  -69942411,          0
  4211,     4,   70000000,     798908,        0,  -69201092,          0
  4211,     5,   70000000,     786061,        0,  -69213939,          0
  4211,     6,   70000000,     765015,        0,  -69234985,          0
  4211,     7,   70000000,     771813,        0,  -69228187,          0
  4211,     8,   70000000,     791512,        0,  -69208488,          0
  4211,     9,   70000000,   26091711,        0,  -43908289,          0
  4211,    10,   70000000,     751671,        0,  -69248329,          0
  4211,    11,   70000000,     757521,        0,  -69242479,          0
  4211,    12,   70000000,     755847,        0,  -69244153,          0
  4211,    13,   70000000,     773226,        0,  -69226774,          0
  4211,    14,   70000000,     786902,        0,  -69213098,          0
  4211,    15,   70000000,     762390,        0,  -69237610,          0
  4211,    16,   70000000,     779142,        0,  -69220858,          0
  4211,    17,   70000000,     775172,        0,  -69224828,          0
  4211,    18,   70000000,     779661,        0,  -69220339,          0
  4211,    19,   70000000,    9449237,        0,  -60550763,          0
  4211,    20,   70000000,     805625,        0,  -69194375,          0
  4211,    21,   70000000,   17427300,        0,  -52572700,          0
  4211,    22,   70000000,     786531,        0,  -69213469,          0
  4211,    23,   70000000,     787676,        0,  -69212324,          0
  4211,    24,   70000000,     795266,        0,  -69204734,          0
  4211,    25,   70000000,     753853,        0,  -69246147,          0
  4211,    26,   70000000,     765846,        0,  -69234154,          0
  4211,    27,   70000000,     782692,        0,  -69217308,          0
  4211,    28,   70000000,     784865,        0,  -69215135,          0
  4211,    29,   70000000,    6180477,        0,  -63819523,          0
  4211,    30,   70000000,     785122,        0,  -69214878,          0
  4211,    31,   70000000,     777031,        0,  -69222969,          0
  4211,    32,   70000000,    1784129,        0,  -68215871,          0
  4211,    33,   70000000,     796705,        0,  -69203295,          0
  4211,    34,   70000000,   16504980,        0,  -53495020,          0
  4211,    35,   70000000,     749918,        0,  -69250082,          0
  4211,    36,   70000000,     765443,        0,  -69234557,          0
  4211,    37,   70000000,     763781,        0,  -69236219,          0
  4211,    38,   70000000,     777207,        0,  -69222793,          0
  4211,    39,   70000000,     772608,        0,  -69227392,          0
  4211,    40,   70000000,     796695,        0,  -69203305,          0
  4211,    41,   70000000,     873917,        0,  -69126083,          0
  4211,    42,   70000000,   26624290,        0,  -43375710,          0
  4211,    43,   70000000,     770615,        0,  -69229385,          0
  4211,    44,   70000000,     782937,        0,  -69217063,          0
  4211,    45,   70000000,     811023,        0,  -69188977,          0
  4211,    46,   70000000,     773729,        0,  -69226271,          0
  4211,    47,   70000000,     772578,        0,  -69227422,          0
  4211,    48,   70000000,     752791,        0,  -69247209,          0
  4211,    49,   70000000,     805969,        0,  -69194031,          0
  4211,    50,   70000000,     779516,        0,  -69220484,          0
  4211,    51,   70000000,     772947,        0,  -69227053,          0
  4211,    52,   70000000,     763492,        0,  -69236508,          0
  4211,    53,   70000000,     774107,        0,  -69225893,          0
  4211,    54,   70000000,     763035,        0,  -69236965,          0
  4211,    55,   70000000,     795705,        0,  -69204295,          0
  4211,    56,   70000000,     780801,        0,  -69219199,          0
  4211,    57,   70000000,     791187,        0,  -69208813,          0
  4211,    58,   70000000,     775404,        0,  -69224596,          0
  4211,    59,   70000000,    2604148,        0,  -67395852,          0
  4211,    60,   70000000,     784182,        0,  -69215818,          0
  4211,    61,   70000000,     789972,        0,  -69210028,          0
  4211,    62,   70000000,     780209,        0,  -69219791,          0
  4211,    63,   70000000,     754185,        0,  -69245815,          0
  4211,    64,   70000000,   16780645,        0,  -53219355,          0
  4211,    65,   70000000,     769856,        0,  -69230144,          0
  4211,    66,   70000000,     762174,        0,  -69237826,          0
  4211,    67,   70000000,     758563,        0,  -69241437,          0
  4211,    68,   70000000,     763240,        0,  -69236760,          0
  4211,    69,   70000000,     769473,        0,  -69230527,          0
  4211,    70,   70000000,     796780,        0,  -69203220,          0
  4211,    71,   70000000,    6910275,        0,  -63089725,          0
  4211,    72,   70000000,     768566,        0,  -69231434,          0
  4211,    73,   70000000,     781970,        0,  -69218030,          0
  4211,    74,   70000000,     764038,        0,  -69235962,          0
  4211,    75,   70000000,     813664,        0,  -69186336,          0
  4211,    76,   70000000,     751917,        0,  -69248083,          0
  4211,    77,   70000000,     861610,        0,  -69138390,          0
  4211,    78,   70000000,     812375,        0,  -69187625,          0
  4211,    79,   70000000,     803594,        0,  -69196406,          0
  4211,    80,   70000000,     786788,        0,  -69213212,          0
  4211,    81,   70000000,     798135,        0,  -69201865,          0
  4211,    82,   70000000,     764224,        0,  -69235776,          0
  4211,    83,   70000000,     763057,        0,  -69236943,          0
  4211,    84,   70000000,     769141,        0,  -69230859,          0
  4211,    85,   70000000,     787922,        0,  -69212078,          0
  4211,    86,   70000000,     785844,        0,  -69214156,          0
  4211,    87,   70000000,     782566,        0,  -69217434,          0
  4211,    88,   70000000,     776285,        0,  -69223715,          0
  4211,    89,   70000000,     780892,        0,  -69219108,          0
  4211,    90,   70000000,   26976914,        0,  -43023086,          0
  4211,    91,   70000000,     806737,        0,  -69193263,          0
  4211,    92,   70000000,     767624,        0,  -69232376,          0
  4211,    93,   70000000,     791405,        0,  -69208595,          0
  4211,    94,   70000000,     756985,        0,  -69243015,          0
  4211,    95,   70000000,     751235,        0,  -69248765,          0
  4211,    96,   70000000,     783967,        0,  -69216033,          0
  4211,    97,   70000000,     809518,        0,  -69190482,          0
  4211,    98,   70000000,     803987,        0,  -69196013,          0
  4211,    99,   70000000,     753831,        0,  -69246169,          0
  4211,   100,   70000000,   17041295,        0,  -52958705,          0
  4211,   101,   70000000,     807317,        0,  -69192683,          0
  4211,   102,   70000000,     797641,        0,  -69202359,          0
  4211,   103,   70000000,     762365,        0,  -69237635,          0
  4211,   104,   70000000,     790182,        0,  -69209818,          0
  4211,   105,   70000000,    1510599,        0,  -68489401,          0
  4211,   106,   70000000,     772588,        0,  -69227412,          0
  4211,   107,   70000000,     846113,        0,  -69153887,          0
  4211,   108,   70000000,     792134,        0,  -69207866,          0
  4211,   109,   70000000,     773191,        0,  -69226809,          0
  4211,   110,   70000000,     782720,        0,  -69217280,          0
  4211,   111,   70000000,     794241,        0,  -69205759,          0
  4211,   112,   70000000,     779041,        0,  -69220959,          0
  4211,   113,   70000000,    7146136,        0,  -62853864,          0
  4211,   114,   70000000,     764638,        0,  -69235362,          0
  4211,   115,   70000000,     764638,        0,  -69235362,          0
  4211,   116,   70000000,     788417,        0,  -69211583,          0
  4211,   117,   70000000,     785500,        0,  -69214500,          0
  4211,   118,   70000000,     762308,        0,  -69237692,          0
  4211,   119,   70000000,     770468,        0,  -69229532,          0
  4211,   120,   70000000,     777418,        0,  -69222582,          0
  4211,   121,   70000000,     796464,        0,  -69203536,          0
  4211,   122,   70000000,    7275923,        0,  -62724077,          0
  4211,   123,   70000000,     782095,        0,  -69217905,          0
  4211,   124,   70000000,     776630,        0,  -69223370,          0
  4211,   125,   70000000,    3354369,        0,  -66645631,          0
  4211,   126,   70000000,   26366074,        0,  -43633926,          0
  4211,   127,   70000000,     761374,        0,  -69238626,          0
  4211,   128,   70000000,     820473,        0,  -69179527,          0
  4211,   129,   70000000,     792588,        0,  -69207412,          0
  4211,   130,   70000000,     793269,        0,  -69206731,          0
  4211,   131,   70000000,     769505,        0,  -69230495,          0
  4211,   132,   70000000,     786682,        0,  -69213318,          0
  4211,   133,   70000000,    3799766,        0,  -66200234,          0
  4211,   134,   70000000,     758198,        0,  -69241802,          0
  4211,   135,   70000000,     774843,        0,  -69225157,          0
  4211,   136,   70000000,     870539,        0,  -69129461,          0
  4211,   137,   70000000,     783887,        0,  -69216113,          0
  4211,   138,   70000000,   19542164,        0,  -50457836,          0
  4211,   139,   70000000,     782117,        0,  -69217883,          0
  4211,   140,   70000000,     773199,        0,  -69226801,          0
  4211,   141,   70000000,     801615,        0,  -69198385,          0
  4211,   142,   70000000,     757847,        0,  -69242153,          0
  4211,   143,   70000000,     781699,        0,  -69218301,          0
  4211,   144,   70000000,     777038,        0,  -69222962,          0
  4211,   145,   70000000,     794821,        0,  -69205179,          0
  4211,   146,   70000000,     786659,        0,  -69213341,          0
