# Task,   Job,     Period,   Response, DL Miss?,   Lateness,  Tardiness
# task NAME=myapp PID=5966 COST=15402000 PERIOD=62000000 CPU=0
  5966,     2,   62000000,       6435,        0,  -61993565,          0
  5966,     3,   62000000,      84631,        0,  -61915369,          0
  5966,     4,   62000000,   27111679,        0,  -34888321,          0
  5966,     5,   62000000,   25081654,        0,  -36918346,          0
  5966,     6,   62000000,   27081696,        0,  -34918304,          0
  5966,     7,   62000000,   25433335,        0,  -36566665,          0
  5966,     8,   62000000,   27040943,        0,  -34959057,          0
  5966,     9,   62000000,   25384275,        0,  -36615725,          0
  5966,    10,   62000000,   26986736,        0,  -35013264,          0
  5966,    11,   62000000,   25154876,        0,  -36845124,          0
  5966,    12,   62000000,   28995025,        0,  -33004975,          0
  5966,    13,   62000000,   24964477,        0,  -37035523,          0
  5966,    14,   62000000,   27050901,        0,  -34949099,          0
  5966,    15,   62000000,   25395488,        0,  -36604512,          0
  5966,    16,   62000000,   26979046,        0,  -35020954,          0
  5966,    17,   62000000,   29322319,        0,  -32677681,          0
  5966,    18,   62000000,   27053952,        0,  -34946048,          0
  5966,    19,   62000000,   27272022,        0,  -34727978,          0
  5966,    20,   62000000,   27084580,        0,  -34915420,          0
  5966,    21,   62000000,   24966050,        0,  -37033950,          0
  5966,    22,   62000000,   27032319,        0,  -34967681,          0
  5966,    23,   62000000,   25286637,        0,  -36713363,          0
  5966,    24,   62000000,   26956471,        0,  -35043529,          0
  5966,    25,   62000000,   24952399,        0,  -37047601,          0
  5966,    26,   62000000,   27060298,        0,  -34939702,          0
  5966,    27,   62000000,   24988666,        0,  -37011334,          0
  5966,    28,   62000000,   27021237,        0,  -34978763,          0
  5966,    29,   62000000,   25046099,        0,  -36953901,          0
  5966,    30,   62000000,   30282279,        0,  -31717721,          0
  5966,    31,   62000000,   25005013,        0,  -36994987,          0
  5966,    32,   62000000,   29087587,        0,  -32912413,          0
  5966,    33,   62000000,   25064452,        0,  -36935548,          0
  5966,    34,   62000000,   27110482,        0,  -34889518,          0
  5966,    35,   62000000,   25041297,        0,  -36958703,          0
  5966,    36,   62000000,   27108104,        0,  -34891896,          0
  5966,    37,   62000000,   24932081,        0,  -37067919,          0
  5966,    38,   62000000,   27089047,        0,  -34910953,          0
  5966,    39,   62000000,   25062486,        0,  -36937514,          0
  5966,    40,   62000000,   27490034,        0,  -34509966,          0
  5966,    41,   62000000,   24997926,        0,  -37002074,          0
  5966,    42,   62000000,   27102852,        0,  -34897148,          0
  5966,    43,   62000000,   24945235,        0,  -37054765,          0
  5966,    44,   62000000,   27052939,        0,  -34947061,          0
  5966,    45,   62000000,   24972703,        0,  -37027297,          0
  5966,    46,   62000000,   27105047,        0,  -34894953,          0
  5966,    47,   62000000,   25031545,        0,  -36968455,          0
  5966,    48,   62000000,   27079934,        0,  -34920066,          0
  5966,    49,   62000000,   25076674,        0,  -36923326,          0
  5966,    50,   62000000,   27056688,        0,  -34943312,          0
  5966,    51,   62000000,   24986257,        0,  -37013743,          0
  5966,    52,   62000000,   27058216,        0,  -34941784,          0
  5966,    53,   62000000,   25067767,        0,  -36932233,          0
  5966,    54,   62000000,   27115984,        0,  -34884016,          0
  5966,    55,   62000000,   25031697,        0,  -36968303,          0
  5966,    56,   62000000,   27150644,        0,  -34849356,          0
  5966,    57,   62000000,   25029422,        0,  -36970578,          0
  5966,    58,   62000000,   27107861,        0,  -34892139,          0
  5966,    59,   62000000,   25117480,        0,  -36882520,          0
  5966,    60,   62000000,   27084108,        0,  -34915892,          0
  5966,    61,   62000000,   26004563,        0,  -35995437,          0
  5966,    62,   62000000,   26976753,        0,  -35023247,          0
  5966,    63,   62000000,   26061727,        0,  -35938273,          0
  5966,    64,   62000000,   26954480,        0,  -35045520,          0
  5966,    65,   62000000,   25083678,        0,  -36916322,          0
  5966,    66,   62000000,   27077637,        0,  -34922363,          0
  5966,    67,   62000000,   25157390,        0,  -36842610,          0
  5966,    68,   62000000,   28918159,        0,  -33081841,          0
  5966,    69,   62000000,   24947029,        0,  -37052971,          0
  5966,    70,   62000000,   27139639,        0,  -34860361,          0
  5966,    71,   62000000,   25020831,        0,  -36979169,          0
  5966,    72,   62000000,   27055854,        0,  -34944146,          0
  5966,    73,   62000000,   29029138,        0,  -32970862,          0
  5966,    74,   62000000,   27067494,        0,  -34932506,          0
  5966,    75,   62000000,   26412496,        0,  -35587504,          0
  5966,    76,   62000000,   27079368,        0,  -34920632,          0
  5966,    77,   62000000,   25036986,        0,  -36963014,          0
  5966,    78,   62000000,   27123926,        0,  -34876074,          0
  5966,    79,   62000000,   25064315,        0,  -36935685,          0
  5966,    80,   62000000,   27058402,        0,  -34941598,          0
  5966,    81,   62000000,   27071317,        0,  -34928683,          0
  5966,    82,   62000000,   27099907,        0,  -34900093,          0
  5966,    83,   62000000,   25071231,        0,  -36928769,          0
  5966,    84,   62000000,   27110919,        0,  -34889081,          0
  5966,    85,   62000000,   25077488,        0,  -36922512,          0
  5966,    86,   62000000,   27122914,        0,  -34877086,          0
  5966,    87,   62000000,   24962119,        0,  -37037881,          0
  5966,    88,   62000000,   27142497,        0,  -34857503,          0
  5966,    89,   62000000,   24996062,        0,  -37003938,          0
  5966,    90,   62000000,   27066785,        0,  -34933215,          0
  5966,    91,   62000000,   25035088,        0,  -36964912,          0
  5966,    92,   62000000,   27078046,        0,  -34921954,          0
  5966,    93,   62000000,   24972849,        0,  -37027151,          0
  5966,    94,   62000000,   27073725,        0,  -34926275,          0
  5966,    95,   62000000,   24938137,        0,  -37061863,          0
  5966,    96,   62000000,   27023424,        0,  -34976576,          0
  5966,    97,   62000000,   25041985,        0,  -36958015,          0
  5966,    98,   62000000,   27126406,        0,  -34873594,          0
  5966,    99,   62000000,   25034264,        0,  -36965736,          0
  5966,   100,   62000000,   27471361,        0,  -34528639,          0
  5966,   101,   62000000,   25467130,        0,  -36532870,          0
  5966,   102,   62000000,   27289793,        0,  -34710207,          0
  5966,   103,   62000000,   25021250,        0,  -36978750,          0
  5966,   104,   62000000,   27329867,        0,  -34670133,          0
  5966,   105,   62000000,   25023477,        0,  -36976523,          0
  5966,   106,   62000000,   27282480,        0,  -34717520,          0
  5966,   107,   62000000,   25044325,        0,  -36955675,          0
  5966,   108,   62000000,   27057967,        0,  -34942033,          0
  5966,   109,   62000000,   25059421,        0,  -36940579,          0
  5966,   110,   62000000,   27076038,        0,  -34923962,          0
  5966,   111,   62000000,   24978009,        0,  -37021991,          0
  5966,   112,   62000000,   27313825,        0,  -34686175,          0
  5966,   113,   62000000,   25113464,        0,  -36886536,          0
  5966,   114,   62000000,   27282919,        0,  -34717081,          0
  5966,   115,   62000000,   25200345,        0,  -36799655,          0
  5966,   116,   62000000,   27315377,        0,  -34684623,          0
  5966,   117,   62000000,   25086460,        0,  -36913540,          0
  5966,   118,   62000000,   27379239,        0,  -34620761,          0
  5966,   119,   62000000,   24984872,        0,  -37015128,          0
  5966,   120,   62000000,   27411420,        0,  -34588580,          0
  5966,   121,   62000000,   29040131,        0,  -32959869,          0
  5966,   122,   62000000,   27298403,        0,  -34701597,          0
  5966,   123,   62000000,   24976923,        0,  -37023077,          0
  5966,   124,   62000000,   27051272,        0,  -34948728,          0
  5966,   125,   62000000,   25134298,        0,  -36865702,          0
  5966,   126,   62000000,   27094078,        0,  -34905922,          0
  5966,   127,   62000000,   25048143,        0,  -36951857,          0
  5966,   128,   62000000,   27326121,        0,  -34673879,          0
  5966,   129,   62000000,   25076084,        0,  -36923916,          0
  5966,   130,   62000000,   29377254,        0,  -32622746,          0
  5966,   131,   62000000,   25034166,        0,  -36965834,          0
  5966,   132,   62000000,   27128059,        0,  -34871941,          0
  5966,   133,   62000000,   24996985,        0,  -37003015,          0
  5966,   134,   62000000,   27124174,        0,  -34875826,          0
  5966,   135,   62000000,   24988218,        0,  -37011782,          0
  5966,   136,   62000000,   27480447,        0,  -34519553,          0
  5966,   137,   62000000,   25040457,        0,  -36959543,          0
  5966,   138,   62000000,   27299784,        0,  -34700216,          0
  5966,   139,   62000000,   25061198,        0,  -36938802,          0
  5966,   140,   62000000,   27055122,        0,  -34944878,          0
  5966,   141,   62000000,   25027623,        0,  -36972377,          0
  5966,   142,   62000000,   28329036,        0,  -33670964,          0
  5966,   143,   62000000,   25022675,        0,  -36977325,          0
  5966,   144,   62000000,   27317310,        0,  -34682690,          0
  5966,   145,   62000000,   24956870,        0,  -37043130,          0
  5966,   146,   62000000,   27386021,        0,  -34613979,          0
  5966,   147,   62000000,   24945688,        0,  -37054312,          0
  5966,   148,   62000000,   27079771,        0,  -34920229,          0
  5966,   149,   62000000,   25097913,        0,  -36902087,          0
  5966,   150,   62000000,   26988177,        0,  -35011823,          0
  5966,   151,   62000000,   25037629,        0,  -36962371,          0
  5966,   152,   62000000,   26983115,        0,  -35016885,          0
  5966,   153,   62000000,   24994880,        0,  -37005120,          0
  5966,   154,   62000000,   29055514,        0,  -32944486,          0
  5966,   155,   62000000,   25103982,        0,  -36896018,          0
  5966,   156,   62000000,   27058662,        0,  -34941338,          0
  5966,   157,   62000000,   25023320,        0,  -36976680,          0
  5966,   158,   62000000,   26991329,        0,  -35008671,          0
  5966,   159,   62000000,   25146818,        0,  -36853182,          0
  5966,   160,   62000000,   26975101,        0,  -35024899,          0
  5966,   161,   62000000,   24957088,        0,  -37042912,          0
  5966,   162,   62000000,   27050548,        0,  -34949452,          0
  5966,   163,   62000000,   25040124,        0,  -36959876,          0
  5966,   164,   62000000,   27042134,        0,  -34957866,          0
  5966,   165,   62000000,   25137620,        0,  -36862380,          0
# task NAME=myapp PID=5969 COST=13790000 PERIOD=43000000 CPU=0
  5969,     2,   43000000,       5894,        0,  -42994106,          0
  5969,     3,   43000000,      93929,        0,  -42906071,          0
  5969,     4,   43000000,   22552388,        0,  -20447612,          0
  5969,     5,   43000000,   23522961,        0,  -19477039,          0
  5969,     6,   43000000,   24510268,        0,  -18489732,          0
  5969,     7,   43000000,   21437298,        0,  -21562702,          0
  5969,     8,   43000000,   22425140,        0,  -20574860,          0
  5969,     9,   43000000,   23866853,        0,  -19133147,          0
  5969,    10,   43000000,   24537367,        0,  -18462633,          0
  5969,    11,   43000000,   21534025,        0,  -21465975,          0
  5969,    12,   43000000,   22870996,        0,  -20129004,          0
  5969,    13,   43000000,   23559277,        0,  -19440723,          0
  5969,    14,   43000000,   24509836,        0,  -18490164,          0
  5969,    15,   43000000,   21518466,        0,  -21481534,          0
  5969,    16,   43000000,   24434823,        0,  -18565177,          0
  5969,    17,   43000000,   23602474,        0,  -19397526,          0
  5969,    18,   43000000,   24579298,        0,  -18420702,          0
  5969,    19,   43000000,   21718182,        0,  -21281818,          0
  5969,    20,   43000000,   22529642,        0,  -20470358,          0
  5969,    21,   43000000,   23458624,        0,  -19541376,          0
  5969,    22,   43000000,   24512417,        0,  -18487583,          0
  5969,    23,   43000000,   21487563,        0,  -21512437,          0
  5969,    24,   43000000,   22447589,        0,  -20552411,          0
  5969,    25,   43000000,   23524892,        0,  -19475108,          0
  5969,    26,   43000000,   24536198,        0,  -18463802,          0
  5969,    27,   43000000,   21457572,        0,  -21542428,          0
  5969,    28,   43000000,   22475689,        0,  -20524311,          0
  5969,    29,   43000000,   23498319,        0,  -19501681,          0
  5969,    30,   43000000,   26561282,        0,  -16438718,          0
  5969,    31,   43000000,   21492444,        0,  -21507556,          0
  5969,    32,   43000000,   24506953,        0,  -18493047,          0
  5969,    33,   43000000,   23563547,        0,  -19436453,          0
  5969,    34,   43000000,   24566814,        0,  -18433186,          0
  5969,    35,   43000000,   21708268,        0,  -21291732,          0
  5969,    36,   43000000,   22582558,        0,  -20417442,          0
  5969,    37,   43000000,   23550749,        0,  -19449251,          0
  5969,    38,   43000000,   24528778,        0,  -18471222,          0
  5969,    39,   43000000,   21473842,        0,  -21526158,          0
  5969,    40,   43000000,   22528804,        0,  -20471196,          0
  5969,    41,   43000000,   23583925,        0,  -19416075,          0
  5969,    42,   43000000,   24522397,        0,  -18477603,          0
  5969,    43,   43000000,   23475278,        0,  -19524722,          0
  5969,    44,   43000000,   22672701,        0,  -20327299,          0
  5969,    45,   43000000,   23535251,        0,  -19464749,          0
  5969,    46,   43000000,   24542016,        0,  -18457984,          0
  5969,    47,   43000000,   21559547,        0,  -21440453,          0
  5969,    48,   43000000,   22539224,        0,  -20460776,          0
  5969,    49,   43000000,   23641642,        0,  -19358358,          0
  5969,    50,   43000000,   24570283,        0,  -18429717,          0
  5969,    51,   43000000,   21485669,        0,  -21514331,          0
  5969,    52,   43000000,   22592611,        0,  -20407389,          0
  5969,    53,   43000000,   23610236,        0,  -19389764,          0
  5969,    54,   43000000,   24542081,        0,  -18457919,          0
  5969,    55,   43000000,   21489250,        0,  -21510750,          0
  5969,    56,   43000000,   22478867,        0,  -20521133,          0
  5969,    57,   43000000,   23480323,        0,  -19519677,          0
  5969,    58,   43000000,   24516979,        0,  -18483021,          0
  5969,    59,   43000000,   21470975,        0,  -21529025,          0
  5969,    60,   43000000,   22508125,        0,  -20491875,          0
  5969,    61,   43000000,   23501652,        0,  -19498348,          0
  5969,    62,   43000000,   24485401,        0,  -18514599,          0
  5969,    63,   43000000,   21449360,        0,  -21550640,          0
  5969,    64,   43000000,   22435416,        0,  -20564584,          0
  5969,    65,   43000000,   23592563,        0,  -19407437,          0
  5969,    66,   43000000,   24572629,        0,  -18427371,          0
  5969,    67,   43000000,   21791397,        0,  -21208603,          0
  5969,    68,   43000000,   23387272,        0,  -19612728,          0
  5969,    69,   43000000,   23543631,        0,  -19456369,          0
  5969,    70,   43000000,   24833783,        0,  -18166217,          0
  5969,    71,   43000000,   25543913,        0,  -17456087,          0
  5969,    72,   43000000,   24514294,        0,  -18485706,          0
  5969,    73,   43000000,   23486215,        0,  -19513785,          0
  5969,    74,   43000000,   24557509,        0,  -18442491,          0
  5969,    75,   43000000,   21463493,        0,  -21536507,          0
  5969,    76,   43000000,   22583630,        0,  -20416370,          0
  5969,    77,   43000000,   25510515,        0,  -17489485,          0
  5969,    78,   43000000,   24454939,        0,  -18545061,          0
  5969,    79,   43000000,   21519302,        0,  -21480698,          0
  5969,    80,   43000000,   22477648,        0,  -20522352,          0
  5969,    81,   43000000,   23516309,        0,  -19483691,          0
  5969,    82,   43000000,   24556959,        0,  -18443041,          0
  5969,    83,   43000000,   21595366,        0,  -21404634,          0
  5969,    84,   43000000,   22432635,        0,  -20567365,          0
  5969,    85,   43000000,   23518178,        0,  -19481822,          0
  5969,    86,   43000000,   24543600,        0,  -18456400,          0
  5969,    87,   43000000,   25897592,        0,  -17102408,          0
  5969,    88,   43000000,   22550220,        0,  -20449780,          0
  5969,    89,   43000000,   23484133,        0,  -19515867,          0
  5969,    90,   43000000,   24805420,        0,  -18194580,          0
  5969,    91,   43000000,   21468120,        0,  -21531880,          0
  5969,    92,   43000000,   22598534,        0,  -20401466,          0
  5969,    93,   43000000,   23789000,        0,  -19211000,          0
  5969,    94,   43000000,   24512070,        0,  -18487930,          0
  5969,    95,   43000000,   21555669,        0,  -21444331,          0
  5969,    96,   43000000,   22504183,        0,  -20495817,          0
  5969,    97,   43000000,   23509104,        0,  -19490896,          0
  5969,    98,   43000000,   24483199,        0,  -18516801,          0
  5969,    99,   43000000,   21482850,        0,  -21517150,          0
  5969,   100,   43000000,   22481512,        0,  -20518488,          0
  5969,   101,   43000000,   23499064,        0,  -19500936,          0
  5969,   102,   43000000,   24809563,        0,  -18190437,          0
  5969,   103,   43000000,   21490579,        0,  -21509421,          0
  5969,   104,   43000000,   22510982,        0,  -20489018,          0
  5969,   105,   43000000,   23738656,        0,  -19261344,          0
  5969,   106,   43000000,   24517656,        0,  -18482344,          0
  5969,   107,   43000000,   21476315,        0,  -21523685,          0
  5969,   108,   43000000,   22812082,        0,  -20187918,          0
  5969,   109,   43000000,   23489324,        0,  -19510676,          0
  5969,   110,   43000000,   24393150,        0,  -18606850,          0
  5969,   111,   43000000,   21427963,        0,  -21572037,          0
  5969,   112,   43000000,   22469370,        0,  -20530630,          0
  5969,   113,   43000000,   23564012,        0,  -19435988,          0
  5969,   114,   43000000,   24485968,        0,  -18514032,          0
  5969,   115,   43000000,   21509287,        0,  -21490713,          0
  5969,   116,   43000000,   22544760,        0,  -20455240,          0
  5969,   117,   43000000,   25443000,        0,  -17557000,          0
  5969,   118,   43000000,   24536863,        0,  -18463137,          0
  5969,   119,   43000000,   21461607,        0,  -21538393,          0
  5969,   120,   43000000,   22543894,        0,  -20456106,          0
  5969,   121,   43000000,   23505716,        0,  -19494284,          0
  5969,   122,   43000000,   26498760,        0,  -16501240,          0
  5969,   123,   43000000,   23454556,        0,  -19545444,          0
  5969,   124,   43000000,   24532026,        0,  -18467974,          0
  5969,   125,   43000000,   23812437,        0,  -19187563,          0
  5969,   126,   43000000,   24502686,        0,  -18497314,          0
  5969,   127,   43000000,   21580876,        0,  -21419124,          0
  5969,   128,   43000000,   22733192,        0,  -20266808,          0
  5969,   129,   43000000,   23650420,        0,  -19349580,          0
  5969,   130,   43000000,   24543843,        0,  -18456157,          0
  5969,   131,   43000000,   21496469,        0,  -21503531,          0
  5969,   132,   43000000,   22494786,        0,  -20505214,          0
  5969,   133,   43000000,   23581636,        0,  -19418364,          0
  5969,   134,   43000000,   24552017,        0,  -18447983,          0
  5969,   135,   43000000,   21455121,        0,  -21544879,          0
  5969,   136,   43000000,   22474506,        0,  -20525494,          0
  5969,   137,   43000000,   23758173,        0,  -19241827,          0
  5969,   138,   43000000,   24545082,        0,  -18454918,          0
  5969,   139,   43000000,   21414932,        0,  -21585068,          0
  5969,   140,   43000000,   22516688,        0,  -20483312,          0
  5969,   141,   43000000,   23511587,        0,  -19488413,          0
  5969,   142,   43000000,   24604860,        0,  -18395140,          0
  5969,   143,   43000000,   21478572,        0,  -21521428,          0
  5969,   144,   43000000,   22514290,        0,  -20485710,          0
  5969,   145,   43000000,   23836974,        0,  -19163026,          0
  5969,   146,   43000000,   24490389,        0,  -18509611,          0
  5969,   147,   43000000,   21569931,        0,  -21430069,          0
  5969,   148,   43000000,   22543775,        0,  -20456225,          0
  5969,   149,   43000000,   23563780,        0,  -19436220,          0
  5969,   150,   43000000,   24440102,        0,  -18559898,          0
  5969,   151,   43000000,   25578541,        0,  -17421459,          0
  5969,   152,   43000000,   22488380,        0,  -20511620,          0
  5969,   153,   43000000,   24299294,        0,  -18700706,          0
  5969,   154,   43000000,   24448769,        0,  -18551231,          0
  5969,   155,   43000000,   22467407,        0,  -20532593,          0
  5969,   156,   43000000,   22445496,        0,  -20554504,          0
  5969,   157,   43000000,   23480629,        0,  -19519371,          0
  5969,   158,   43000000,   24505336,        0,  -18494664,          0
  5969,   159,   43000000,   21401352,        0,  -21598648,          0
  5969,   160,   43000000,   22768636,        0,  -20231364,          0
  5969,   161,   43000000,   23524898,        0,  -19475102,          0
  5969,   162,   43000000,   24477248,        0,  -18522752,          0
  5969,   163,   43000000,   21804467,        0,  -21195533,          0
  5969,   164,   43000000,   22474899,        0,  -20525101,          0
  5969,   165,   43000000,   23466965,        0,  -19533035,          0
  5969,   166,   43000000,   24842123,        0,  -18157877,          0
  5969,   167,   43000000,   21459961,        0,  -21540039,          0
  5969,   168,   43000000,   24557949,        0,  -18442051,          0
  5969,   169,   43000000,   23715191,        0,  -19284809,          0
  5969,   170,   43000000,   24554475,        0,  -18445525,          0
  5969,   171,   43000000,   21523364,        0,  -21476636,          0
  5969,   172,   43000000,   22460995,        0,  -20539005,          0
  5969,   173,   43000000,   23586156,        0,  -19413844,          0
  5969,   174,   43000000,   24470910,        0,  -18529090,          0
  5969,   175,   43000000,   21475380,        0,  -21524620,          0
  5969,   176,   43000000,   22510667,        0,  -20489333,          0
  5969,   177,   43000000,   23594959,        0,  -19405041,          0
  5969,   178,   43000000,   24481702,        0,  -18518298,          0
  5969,   179,   43000000,   21516150,        0,  -21483850,          0
  5969,   180,   43000000,   22494076,        0,  -20505924,          0
  5969,   181,   43000000,   23496258,        0,  -19503742,          0
  5969,   182,   43000000,   24621003,        0,  -18378997,          0
  5969,   183,   43000000,   21494354,        0,  -21505646,          0
  5969,   184,   43000000,   22557139,        0,  -20442861,          0
  5969,   185,   43000000,   23574733,        0,  -19425267,          0
  5969,   186,   43000000,   24782493,        0,  -18217507,          0
  5969,   187,   43000000,   21461269,        0,  -21538731,          0
  5969,   188,   43000000,   22531297,        0,  -20468703,          0
  5969,   189,   43000000,   23628560,        0,  -19371440,          0
  5969,   190,   43000000,   24497013,        0,  -18502987,          0
  5969,   191,   43000000,   21457336,        0,  -21542664,          0
  5969,   192,   43000000,   22529956,        0,  -20470044,          0
  5969,   193,   43000000,   25493314,        0,  -17506686,          0
  5969,   194,   43000000,   24625893,        0,  -18374107,          0
  5969,   195,   43000000,   21529256,        0,  -21470744,          0
  5969,   196,   43000000,   22494727,        0,  -20505273,          0
  5969,   197,   43000000,   23433873,        0,  -19566127,          0
  5969,   198,   43000000,   24778036,        0,  -18221964,          0
  5969,   199,   43000000,   21551291,        0,  -21448709,          0
  5969,   200,   43000000,   22508229,        0,  -20491771,          0
  5969,   201,   43000000,   23810595,        0,  -19189405,          0
  5969,   202,   43000000,   24564590,        0,  -18435410,          0
  5969,   203,   43000000,   21496882,        0,  -21503118,          0
  5969,   204,   43000000,   22547694,        0,  -20452306,          0
  5969,   205,   43000000,   23479749,        0,  -19520251,          0
  5969,   206,   43000000,   24500317,        0,  -18499683,          0
  5969,   207,   43000000,   21502624,        0,  -21497376,          0
  5969,   208,   43000000,   22543975,        0,  -20456025,          0
  5969,   209,   43000000,   23418083,        0,  -19581917,          0
  5969,   210,   43000000,   24462678,        0,  -18537322,          0
  5969,   211,   43000000,   21488084,        0,  -21511916,          0
  5969,   212,   43000000,   22506976,        0,  -20493024,          0
  5969,   213,   43000000,   23513352,        0,  -19486648,          0
  5969,   214,   43000000,   24531124,        0,  -18468876,          0
  5969,   215,   43000000,   21424513,        0,  -21575487,          0
  5969,   216,   43000000,   22524873,        0,  -20475127,          0
  5969,   217,   43000000,   23503792,        0,  -19496208,          0
  5969,   218,   43000000,   25225045,        0,  -17774955,          0
  5969,   219,   43000000,   21463803,        0,  -21536197,          0
  5969,   220,   43000000,   22491630,        0,  -20508370,          0
  5969,   221,   43000000,   23845917,        0,  -19154083,          0
  5969,   222,   43000000,   26563587,        0,  -16436413,          0
  5969,   223,   43000000,   21500848,        0,  -21499152,          0
  5969,   224,   43000000,   22495057,        0,  -20504943,          0
  5969,   225,   43000000,   23523007,        0,  -19476993,          0
  5969,   226,   43000000,   24464278,        0,  -18535722,          0
  5969,   227,   43000000,   21540058,        0,  -21459942,          0
  5969,   228,   43000000,   22554224,        0,  -20445776,          0
  5969,   229,   43000000,   23606317,        0,  -19393683,          0
  5969,   230,   43000000,   24775331,        0,  -18224669,          0
  5969,   231,   43000000,   23515112,        0,  -19484888,          0
  5969,   232,   43000000,   22506442,        0,  -20493558,          0
  5969,   233,   43000000,   23461486,        0,  -19538514,          0
  5969,   234,   43000000,   24502427,        0,  -18497573,          0
  5969,   235,   43000000,   21490530,        0,  -21509470,          0
  5969,   236,   43000000,   22534975,        0,  -20465025,          0
# task NAME=myapp PID=5973 COST=12495000 PERIOD=100000000 CPU=0
  5973,     2,  100000000,      11123,        0,  -99988877,          0
  5973,     3,  100000000,      88446,        0,  -99911554,          0
  5973,     4,  100000000,   18226540,        0,  -81773460,          0
  5973,     5,  100000000,   18205131,        0,  -81794869,          0
  5973,     6,  100000000,   20270316,        0,  -79729684,          0
  5973,     7,  100000000,   18265733,        0,  -81734267,          0
  5973,     8,  100000000,   18191083,        0,  -81808917,          0
  5973,     9,  100000000,   18232021,        0,  -81767979,          0
  5973,    10,  100000000,   18175572,        0,  -81824428,          0
  5973,    11,  100000000,   18326740,        0,  -81673260,          0
  5973,    12,  100000000,   18192902,        0,  -81807098,          0
  5973,    13,  100000000,   20455280,        0,  -79544720,          0
  5973,    14,  100000000,   18327442,        0,  -81672558,          0
  5973,    15,  100000000,   18232881,        0,  -81767119,          0
  5973,    16,  100000000,   18180398,        0,  -81819602,          0
  5973,    17,  100000000,   18272220,        0,  -81727780,          0
  5973,    18,  100000000,   18164995,        0,  -81835005,          0
  5973,    19,  100000000,   18213781,        0,  -81786219,          0
  5973,    20,  100000000,   18160151,        0,  -81839849,          0
  5973,    21,  100000000,   18202151,        0,  -81797849,          0
  5973,    22,  100000000,   19307863,        0,  -80692137,          0
  5973,    23,  100000000,   18203665,        0,  -81796335,          0
  5973,    24,  100000000,   20176532,        0,  -79823468,          0
  5973,    25,  100000000,   19474940,        0,  -80525060,          0
  5973,    26,  100000000,   18235853,        0,  -81764147,          0
  5973,    27,  100000000,   18197414,        0,  -81802586,          0
  5973,    28,  100000000,   18235849,        0,  -81764151,          0
  5973,    29,  100000000,   18251993,        0,  -81748007,          0
  5973,    30,  100000000,   18255899,        0,  -81744101,          0
  5973,    31,  100000000,   18282973,        0,  -81717027,          0
  5973,    32,  100000000,   18300968,        0,  -81699032,          0
  5973,    33,  100000000,   18174749,        0,  -81825251,          0
  5973,    34,  100000000,   18223525,        0,  -81776475,          0
  5973,    35,  100000000,   18221266,        0,  -81778734,          0
  5973,    36,  100000000,   18234265,        0,  -81765735,          0
  5973,    37,  100000000,   18228796,        0,  -81771204,          0
  5973,    38,  100000000,   18272935,        0,  -81727065,          0
  5973,    39,  100000000,   18206877,        0,  -81793123,          0
  5973,    40,  100000000,   18162622,        0,  -81837378,          0
  5973,    41,  100000000,   22255641,        0,  -77744359,          0
  5973,    42,  100000000,   18198305,        0,  -81801695,          0
  5973,    43,  100000000,   18271044,        0,  -81728956,          0
  5973,    44,  100000000,   18223631,        0,  -81776369,          0
  5973,    45,  100000000,   18256035,        0,  -81743965,          0
  5973,    46,  100000000,   22282848,        0,  -77717152,          0
  5973,    47,  100000000,   18279519,        0,  -81720481,          0
  5973,    48,  100000000,   18291066,        0,  -81708934,          0
  5973,    49,  100000000,   18242230,        0,  -81757770,          0
  5973,    50,  100000000,   18264585,        0,  -81735415,          0
  5973,    51,  100000000,   18272454,        0,  -81727546,          0
  5973,    52,  100000000,   18268905,        0,  -81731095,          0
  5973,    53,  100000000,   18188094,        0,  -81811906,          0
  5973,    54,  100000000,   18264017,        0,  -81735983,          0
  5973,    55,  100000000,   18220016,        0,  -81779984,          0
  5973,    56,  100000000,   20388952,        0,  -79611048,          0
  5973,    57,  100000000,   21988634,        0,  -78011366,          0
  5973,    58,  100000000,   18286839,        0,  -81713161,          0
  5973,    59,  100000000,   22228600,        0,  -77771400,          0
  5973,    60,  100000000,   20378786,        0,  -79621214,          0
  5973,    61,  100000000,   18250188,        0,  -81749812,          0
  5973,    62,  100000000,   18172774,        0,  -81827226,          0
  5973,    63,  100000000,   18237837,        0,  -81762163,          0
  5973,    64,  100000000,   18228168,        0,  -81771832,          0
  5973,    65,  100000000,   18259921,        0,  -81740079,          0
  5973,    66,  100000000,   18316332,        0,  -81683668,          0
  5973,    67,  100000000,   18210061,        0,  -81789939,          0
  5973,    68,  100000000,   18183982,        0,  -81816018,          0
  5973,    69,  100000000,   18299812,        0,  -81700188,          0
  5973,    70,  100000000,   18210676,        0,  -81789324,          0
  5973,    71,  100000000,   18258207,        0,  -81741793,          0
  5973,    72,  100000000,   18176033,        0,  -81823967,          0
  5973,    73,  100000000,   18223063,        0,  -81776937,          0
  5973,    74,  100000000,   18217955,        0,  -81782045,          0
  5973,    75,  100000000,   22252056,        0,  -77747944,          0
  5973,    76,  100000000,   18233630,        0,  -81766370,          0
  5973,    77,  100000000,   21209316,        0,  -78790684,          0
  5973,    78,  100000000,   20568101,        0,  -79431899,          0
  5973,    79,  100000000,   18223446,        0,  -81776554,          0
  5973,    80,  100000000,   22257392,        0,  -77742608,          0
  5973,    81,  100000000,   18228177,        0,  -81771823,          0
  5973,    82,  100000000,   18262496,        0,  -81737504,          0
  5973,    83,  100000000,   18226350,        0,  -81773650,          0
  5973,    84,  100000000,   18247304,        0,  -81752696,          0
  5973,    85,  100000000,   18198618,        0,  -81801382,          0
  5973,    86,  100000000,   18216302,        0,  -81783698,          0
  5973,    87,  100000000,   18171860,        0,  -81828140,          0
  5973,    88,  100000000,   22495108,        0,  -77504892,          0
  5973,    89,  100000000,   18270184,        0,  -81729816,          0
  5973,    90,  100000000,   18278153,        0,  -81721847,          0
  5973,    91,  100000000,   18173406,        0,  -81826594,          0
  5973,    92,  100000000,   18222427,        0,  -81777573,          0
  5973,    93,  100000000,   18265652,        0,  -81734348,          0
  5973,    94,  100000000,   18243724,        0,  -81756276,          0
  5973,    95,  100000000,   18320204,        0,  -81679796,          0
  5973,    96,  100000000,   22293917,        0,  -77706083,          0
  5973,    97,  100000000,   18248184,        0,  -81751816,          0
  5973,    98,  100000000,   18232248,        0,  -81767752,          0
  5973,    99,  100000000,   18206274,        0,  -81793726,          0
  5973,   100,  100000000,   18187688,        0,  -81812312,          0
  5973,   101,  100000000,   18198833,        0,  -81801167,          0
  5973,   102,  100000000,   18219670,        0,  -81780330,          0
  5973,   103,  100000000,   18227201,        0,  -81772799,          0
  5973,   104,  100000000,   18277387,        0,  -81722613,          0
# task NAME=myapp PID=5978 COST=3072000 PERIOD=29000000 CPU=0
  5978,     2,   29000000,      11686,        0,  -28988314,          0
  5978,     3,   29000000,      79318,        0,  -28920682,          0
  5978,     4,   29000000,    4332468,        0,  -24667532,          0
  5978,     5,   29000000,    4690510,        0,  -24309490,          0
  5978,     6,   29000000,    2975859,        0,  -26024141,          0
  5978,     7,   29000000,    2995616,        0,  -26004384,          0
  5978,     8,   29000000,    5109450,        0,  -23890550,          0
  5978,     9,   29000000,    3266503,        0,  -25733497,          0
  5978,    10,   29000000,    2956374,        0,  -26043626,          0
  5978,    11,   29000000,    2958936,        0,  -26041064,          0
  5978,    12,   29000000,    6288985,        0,  -22711015,          0
  5978,    13,   29000000,    3663968,        0,  -25336032,          0
  5978,    14,   29000000,    2951975,        0,  -26048025,          0
  5978,    15,   29000000,    2936145,        0,  -26063855,          0
  5978,    16,   29000000,    4301510,        0,  -24698490,          0
  5978,    17,   29000000,    3292420,        0,  -25707580,          0
  5978,    18,   29000000,    2979795,        0,  -26020205,          0
  5978,    19,   29000000,    3026551,        0,  -25973449,          0
  5978,    20,   29000000,    6208786,        0,  -22791214,          0
  5978,    21,   29000000,    3313253,        0,  -25686747,          0
  5978,    22,   29000000,    2977557,        0,  -26022443,          0
  5978,    23,   29000000,    2974880,        0,  -26025120,          0
  5978,    24,   29000000,    4259479,        0,  -24740521,          0
  5978,    25,   29000000,    5570701,        0,  -23429299,          0
  5978,    26,   29000000,    2956771,        0,  -26043229,          0
  5978,    27,   29000000,    2987658,        0,  -26012342,          0
  5978,    28,   29000000,    4316221,        0,  -24683779,          0
  5978,    29,   29000000,    3293336,        0,  -25706664,          0
  5978,    30,   29000000,    3018700,        0,  -25981300,          0
  5978,    31,   29000000,    2996450,        0,  -26003550,          0
  5978,    32,   29000000,    4881399,        0,  -24118601,          0
  5978,    33,   29000000,    3569488,        0,  -25430512,          0
  5978,    34,   29000000,    2950046,        0,  -26049954,          0
  5978,    35,   29000000,    3022027,        0,  -25977973,          0
  5978,    36,   29000000,    4296716,        0,  -24703284,          0
  5978,    37,   29000000,    3311132,        0,  -25688868,          0
  5978,    38,   29000000,    4607613,        0,  -24392387,          0
  5978,    39,   29000000,    2951987,        0,  -26048013,          0
  5978,    40,   29000000,    4281638,        0,  -24718362,          0
  5978,    41,   29000000,    5240685,        0,  -23759315,          0
  5978,    42,   29000000,    2996152,        0,  -26003848,          0
  5978,    43,   29000000,    2968019,        0,  -26031981,          0
  5978,    44,   29000000,    6312584,        0,  -22687416,          0
  5978,    45,   29000000,    3295924,        0,  -25704076,          0
  5978,    46,   29000000,    3017100,        0,  -25982900,          0
  5978,    47,   29000000,    2987897,        0,  -26012103,          0
  5978,    48,   29000000,    4336800,        0,  -24663200,          0
  5978,    49,   29000000,    3289252,        0,  -25710748,          0
  5978,    50,   29000000,    2983678,        0,  -26016322,          0
  5978,    51,   29000000,    2960377,        0,  -26039623,          0
  5978,    52,   29000000,    4293163,        0,  -24706837,          0
  5978,    53,   29000000,    3342398,        0,  -25657602,          0
  5978,    54,   29000000,    3013927,        0,  -25986073,          0
  5978,    55,   29000000,    2943013,        0,  -26056987,          0
  5978,    56,   29000000,    4273035,        0,  -24726965,          0
  5978,    57,   29000000,    4512823,        0,  -24487177,          0
  5978,    58,   29000000,    2952187,        0,  -26047813,          0
  5978,    59,   29000000,    2941511,        0,  -26058489,          0
  5978,    60,   29000000,    4291400,        0,  -24708600,          0
  5978,    61,   29000000,    3504836,        0,  -25495164,          0
  5978,    62,   29000000,    2973151,        0,  -26026849,          0
  5978,    63,   29000000,    2970480,        0,  -26029520,          0
  5978,    64,   29000000,    4331362,        0,  -24668638,          0
  5978,    65,   29000000,    5331983,        0,  -23668017,          0
  5978,    66,   29000000,    2998356,        0,  -26001644,          0
  5978,    67,   29000000,    3330502,        0,  -25669498,          0
  5978,    68,   29000000,    4295133,        0,  -24704867,          0
  5978,    69,   29000000,    4540812,        0,  -24459188,          0
  5978,    70,   29000000,    2983187,        0,  -26016813,          0
  5978,    71,   29000000,    2986051,        0,  -26013949,          0
  5978,    72,   29000000,    6313602,        0,  -22686398,          0
  5978,    73,   29000000,    3323674,        0,  -25676326,          0
  5978,    74,   29000000,    2997067,        0,  -26002933,          0
  5978,    75,   29000000,    2968354,        0,  -26031646,          0
  5978,    76,   29000000,    6300009,        0,  -22699991,          0
  5978,    77,   29000000,    5305947,        0,  -23694053,          0
  5978,    78,   29000000,    2959758,        0,  -26040242,          0
  5978,    79,   29000000,    2954387,        0,  -26045613,          0
  5978,    80,   29000000,    4313621,        0,  -24686379,          0
  5978,    81,   29000000,    5315902,        0,  -23684098,          0
  5978,    82,   29000000,    3057765,        0,  -25942235,          0
  5978,    83,   29000000,    2955747,        0,  -26044253,          0
  5978,    84,   29000000,    4582315,        0,  -24417685,          0
  5978,    85,   29000000,    3287468,        0,  -25712532,          0
  5978,    86,   29000000,    2960061,        0,  -26039939,          0
  5978,    87,   29000000,    2973727,        0,  -26026273,          0
  5978,    88,   29000000,    5565065,        0,  -23434935,          0
  5978,    89,   29000000,    3316639,        0,  -25683361,          0
  5978,    90,   29000000,    2982937,        0,  -26017063,          0
  5978,    91,   29000000,    2967811,        0,  -26032189,          0
  5978,    92,   29000000,    5225395,        0,  -23774605,          0
  5978,    93,   29000000,    3674611,        0,  -25325389,          0
  5978,    94,   29000000,    3247938,        0,  -25752062,          0
  5978,    95,   29000000,    2944334,        0,  -26055666,          0
  5978,    96,   29000000,    4287783,        0,  -24712217,          0
  5978,    97,   29000000,    3309667,        0,  -25690333,          0
  5978,    98,   29000000,    4308772,        0,  -24691228,          0
  5978,    99,   29000000,    2993320,        0,  -26006680,          0
  5978,   100,   29000000,    4287344,        0,  -24712656,          0
  5978,   101,   29000000,    5289195,        0,  -23710805,          0
  5978,   102,   29000000,    2956687,        0,  -26043313,          0
  5978,   103,   29000000,    2947935,        0,  -26052065,          0
  5978,   104,   29000000,    4649935,        0,  -24350065,          0
  5978,   105,   29000000,    5336086,        0,  -23663914,          0
  5978,   106,   29000000,    2944529,        0,  -26055471,          0
  5978,   107,   29000000,    2933639,        0,  -26066361,          0
  5978,   108,   29000000,    6378521,        0,  -22621479,          0
  5978,   109,   29000000,    3323690,        0,  -25676310,          0
  5978,   110,   29000000,    3033857,        0,  -25966143,          0
  5978,   111,   29000000,    2971582,        0,  -26028418,          0
  5978,   112,   29000000,    6315649,        0,  -22684351,          0
  5978,   113,   29000000,    3793515,        0,  -25206485,          0
  5978,   114,   29000000,    2958072,        0,  -26041928,          0
  5978,   115,   29000000,    2962761,        0,  -26037239,          0
  5978,   116,   29000000,    6320311,        0,  -22679689,          0
  5978,   117,   29000000,    3314010,        0,  -25685990,          0
  5978,   118,   29000000,    2981477,        0,  -26018523,          0
  5978,   119,   29000000,    2937073,        0,  -26062927,          0
  5978,   120,   29000000,    4804109,        0,  -24195891,          0
  5978,   121,   29000000,    4435882,        0,  -24564118,          0
  5978,   122,   29000000,    4435711,        0,  -24564289,          0
  5978,   123,   29000000,    2961278,        0,  -26038722,          0
  5978,   124,   29000000,    6572778,        0,  -22427222,          0
  5978,   125,   29000000,    3304653,        0,  -25695347,          0
  5978,   126,   29000000,    3050767,        0,  -25949233,          0
  5978,   127,   29000000,    3316858,        0,  -25683142,          0
  5978,   128,   29000000,    4298514,        0,  -24701486,          0
  5978,   129,   29000000,    5293976,        0,  -23706024,          0
  5978,   130,   29000000,    2992424,        0,  -26007576,          0
  5978,   131,   29000000,    2959571,        0,  -26040429,          0
  5978,   132,   29000000,    4304055,        0,  -24695945,          0
  5978,   133,   29000000,    4598187,        0,  -24401813,          0
  5978,   134,   29000000,    2933770,        0,  -26066230,          0
  5978,   135,   29000000,    2947478,        0,  -26052522,          0
  5978,   136,   29000000,    4676610,        0,  -24323390,          0
  5978,   137,   29000000,    3325876,        0,  -25674124,          0
  5978,   138,   29000000,    2967361,        0,  -26032639,          0
  5978,   139,   29000000,    3007596,        0,  -25992404,          0
  5978,   140,   29000000,    6340394,        0,  -22659606,          0
  5978,   141,   29000000,    4108291,        0,  -24891709,          0
  5978,   142,   29000000,    2929394,        0,  -26070606,          0
  5978,   143,   29000000,    2949106,        0,  -26050894,          0
  5978,   144,   29000000,    6295857,        0,  -22704143,          0
  5978,   145,   29000000,    3752617,        0,  -25247383,          0
  5978,   146,   29000000,    2958934,        0,  -26041066,          0
  5978,   147,   29000000,    3013774,        0,  -25986226,          0
  5978,   148,   29000000,    4730923,        0,  -24269077,          0
  5978,   149,   29000000,    3355254,        0,  -25644746,          0
  5978,   150,   29000000,    3250987,        0,  -25749013,          0
  5978,   151,   29000000,    3056403,        0,  -25943597,          0
  5978,   152,   29000000,    4298092,        0,  -24701908,          0
  5978,   153,   29000000,    3294180,        0,  -25705820,          0
  5978,   154,   29000000,    2951166,        0,  -26048834,          0
  5978,   155,   29000000,    2917948,        0,  -26082052,          0
  5978,   156,   29000000,    6286559,        0,  -22713441,          0
  5978,   157,   29000000,    3674220,        0,  -25325780,          0
  5978,   158,   29000000,    2958808,        0,  -26041192,          0
  5978,   159,   29000000,    2953065,        0,  -26046935,          0
  5978,   160,   29000000,    4301094,        0,  -24698906,          0
  5978,   161,   29000000,    3300494,        0,  -25699506,          0
  5978,   162,   29000000,    2948815,        0,  -26051185,          0
  5978,   163,   29000000,    3219923,        0,  -25780077,          0
  5978,   164,   29000000,    5335673,        0,  -23664327,          0
  5978,   165,   29000000,    5660731,        0,  -23339269,          0
  5978,   166,   29000000,    3093636,        0,  -25906364,          0
  5978,   167,   29000000,    2977436,        0,  -26022564,          0
  5978,   168,   29000000,    6285020,        0,  -22714980,          0
  5978,   169,   29000000,    3260866,        0,  -25739134,          0
  5978,   170,   29000000,    2975788,        0,  -26024212,          0
  5978,   171,   29000000,    2946630,        0,  -26053370,          0
  5978,   172,   29000000,    6308619,        0,  -22691381,          0
  5978,   173,   29000000,    5334657,        0,  -23665343,          0
  5978,   174,   29000000,    2967931,        0,  -26032069,          0
  5978,   175,   29000000,    2970139,        0,  -26029861,          0
  5978,   176,   29000000,    4295277,        0,  -24704723,          0
  5978,   177,   29000000,    5304823,        0,  -23695177,          0
  5978,   178,   29000000,    2991617,        0,  -26008383,          0
  5978,   179,   29000000,    2979653,        0,  -26020347,          0
  5978,   180,   29000000,    6293408,        0,  -22706592,          0
  5978,   181,   29000000,    5297300,        0,  -23702700,          0
  5978,   182,   29000000,    3012991,        0,  -25987009,          0
  5978,   183,   29000000,    2927220,        0,  -26072780,          0
  5978,   184,   29000000,    6283568,        0,  -22716432,          0
  5978,   185,   29000000,    3311392,        0,  -25688608,          0
  5978,   186,   29000000,    2977317,        0,  -26022683,          0
  5978,   187,   29000000,    2931484,        0,  -26068516,          0
  5978,   188,   29000000,    4309633,        0,  -24690367,          0
  5978,   189,   29000000,    3314434,        0,  -25685566,          0
  5978,   190,   29000000,    3039755,        0,  -25960245,          0
  5978,   191,   29000000,    2961563,        0,  -26038437,          0
  5978,   192,   29000000,    4304023,        0,  -24695977,          0
  5978,   193,   29000000,    3319029,        0,  -25680971,          0
  5978,   194,   29000000,    4344180,        0,  -24655820,          0
  5978,   195,   29000000,    2949134,        0,  -26050866,          0
  5978,   196,   29000000,    4282838,        0,  -24717162,          0
  5978,   197,   29000000,    3328356,        0,  -25671644,          0
  5978,   198,   29000000,    2940055,        0,  -26059945,          0
  5978,   199,   29000000,    2944617,        0,  -26055383,          0
  5978,   200,   29000000,    6272527,        0,  -22727473,          0
  5978,   201,   29000000,    3303122,        0,  -25696878,          0
  5978,   202,   29000000,    2946135,        0,  -26053865,          0
  5978,   203,   29000000,    3022582,        0,  -25977418,          0
  5978,   204,   29000000,    4290924,        0,  -24709076,          0
  5978,   205,   29000000,    3556308,        0,  -25443692,          0
  5978,   206,   29000000,    3314861,        0,  -25685139,          0
  5978,   207,   29000000,    2951699,        0,  -26048301,          0
  5978,   208,   29000000,    6298644,        0,  -22701356,          0
  5978,   209,   29000000,    3333501,        0,  -25666499,          0
  5978,   210,   29000000,    2993629,        0,  -26006371,          0
  5978,   211,   29000000,    2959507,        0,  -26040493,          0
  5978,   212,   29000000,    6112204,        0,  -22887796,          0
  5978,   213,   29000000,    3382158,        0,  -25617842,          0
  5978,   214,   29000000,    2978514,        0,  -26021486,          0
  5978,   215,   29000000,    2951425,        0,  -26048575,          0
  5978,   216,   29000000,    4275779,        0,  -24724221,          0
  5978,   217,   29000000,    3292356,        0,  -25707644,          0
  5978,   218,   29000000,    3084196,        0,  -25915804,          0
  5978,   219,   29000000,    3261255,        0,  -25738745,          0
  5978,   220,   29000000,    4303292,        0,  -24696708,          0
  5978,   221,   29000000,    4700975,        0,  -24299025,          0
  5978,   222,   29000000,    2993940,        0,  -26006060,          0
  5978,   223,   29000000,    2968314,        0,  -26031686,          0
  5978,   224,   29000000,    4298430,        0,  -24701570,          0
  5978,   225,   29000000,    3315594,        0,  -25684406,          0
  5978,   226,   29000000,    2954469,        0,  -26045531,          0
  5978,   227,   29000000,    2959220,        0,  -26040780,          0
  5978,   228,   29000000,    6297587,        0,  -22702413,          0
  5978,   229,   29000000,    3315175,        0,  -25684825,          0
  5978,   230,   29000000,    2961508,        0,  -26038492,          0
  5978,   231,   29000000,    2998114,        0,  -26001886,          0
  5978,   232,   29000000,    4301131,        0,  -24698869,          0
  5978,   233,   29000000,    3278352,        0,  -25721648,          0
  5978,   234,   29000000,    2943911,        0,  -26056089,          0
  5978,   235,   29000000,    2955241,        0,  -26044759,          0
  5978,   236,   29000000,    4316242,        0,  -24683758,          0
  5978,   237,   29000000,    3305494,        0,  -25694506,          0
  5978,   238,   29000000,    2954251,        0,  -26045749,          0
  5978,   239,   29000000,    2972913,        0,  -26027087,          0
  5978,   240,   29000000,    4350028,        0,  -24649972,          0
  5978,   241,   29000000,    5291169,        0,  -23708831,          0
  5978,   242,   29000000,    2969860,        0,  -26030140,          0
  5978,   243,   29000000,    2963883,        0,  -26036117,          0
  5978,   244,   29000000,    4280661,        0,  -24719339,          0
  5978,   245,   29000000,    5320118,        0,  -23679882,          0
  5978,   246,   29000000,    3010107,        0,  -25989893,          0
  5978,   247,   29000000,    2963195,        0,  -26036805,          0
  5978,   248,   29000000,    6364916,        0,  -22635084,          0
  5978,   249,   29000000,    3306655,        0,  -25693345,          0
  5978,   250,   29000000,    2947201,        0,  -26052799,          0
  5978,   251,   29000000,    2968807,        0,  -26031193,          0
  5978,   252,   29000000,    6310731,        0,  -22689269,          0
  5978,   253,   29000000,    4405171,        0,  -24594829,          0
  5978,   254,   29000000,    2980770,        0,  -26019230,          0
  5978,   255,   29000000,    3032507,        0,  -25967493,          0
  5978,   256,   29000000,    4306727,        0,  -24693273,          0
  5978,   257,   29000000,    5331517,        0,  -23668483,          0
  5978,   258,   29000000,    4376548,        0,  -24623452,          0
  5978,   259,   29000000,    2964604,        0,  -26035396,          0
  5978,   260,   29000000,    4303298,        0,  -24696702,          0
  5978,   261,   29000000,    3258529,        0,  -25741471,          0
  5978,   262,   29000000,    4568795,        0,  -24431205,          0
  5978,   263,   29000000,    5293330,        0,  -23706670,          0
  5978,   264,   29000000,    4307467,        0,  -24692533,          0
  5978,   265,   29000000,    5362919,        0,  -23637081,          0
  5978,   266,   29000000,    3175941,        0,  -25824059,          0
  5978,   267,   29000000,    2982133,        0,  -26017867,          0
  5978,   268,   29000000,    5042494,        0,  -23957506,          0
  5978,   269,   29000000,    3288784,        0,  -25711216,          0
  5978,   270,   29000000,    2956233,        0,  -26043767,          0
  5978,   271,   29000000,    5347047,        0,  -23652953,          0
  5978,   272,   29000000,    4291159,        0,  -24708841,          0
  5978,   273,   29000000,    4134375,        0,  -24865625,          0
  5978,   274,   29000000,    3593307,        0,  -25406693,          0
  5978,   275,   29000000,    3278649,        0,  -25721351,          0
  5978,   276,   29000000,    4264042,        0,  -24735958,          0
  5978,   277,   29000000,    3383353,        0,  -25616647,          0
  5978,   278,   29000000,    2946187,        0,  -26053813,          0
  5978,   279,   29000000,    7276948,        0,  -21723052,          0
  5978,   280,   29000000,    4316327,        0,  -24683673,          0
  5978,   281,   29000000,    5281778,        0,  -23718222,          0
  5978,   282,   29000000,    2967654,        0,  -26032346,          0
  5978,   283,   29000000,    2981350,        0,  -26018650,          0
  5978,   284,   29000000,    4303474,        0,  -24696526,          0
  5978,   285,   29000000,    3668323,        0,  -25331677,          0
  5978,   286,   29000000,    2937275,        0,  -26062725,          0
  5978,   287,   29000000,    2982759,        0,  -26017241,          0
  5978,   288,   29000000,    4313907,        0,  -24686093,          0
  5978,   289,   29000000,    3310911,        0,  -25689089,          0
  5978,   290,   29000000,    2982326,        0,  -26017674,          0
  5978,   291,   29000000,    2957500,        0,  -26042500,          0
  5978,   292,   29000000,    4629658,        0,  -24370342,          0
  5978,   293,   29000000,    3279259,        0,  -25720741,          0
  5978,   294,   29000000,    2987020,        0,  -26012980,          0
  5978,   295,   29000000,    2977577,        0,  -26022423,          0
  5978,   296,   29000000,    4294487,        0,  -24705513,          0
  5978,   297,   29000000,    4157913,        0,  -24842087,          0
  5978,   298,   29000000,    2935583,        0,  -26064417,          0
  5978,   299,   29000000,    2952152,        0,  -26047848,          0
  5978,   300,   29000000,    4253006,        0,  -24746994,          0
  5978,   301,   29000000,    5053774,        0,  -23946226,          0
  5978,   302,   29000000,    2934334,        0,  -26065666,          0
  5978,   303,   29000000,    2963424,        0,  -26036576,          0
  5978,   304,   29000000,    4315520,        0,  -24684480,          0
  5978,   305,   29000000,    3339444,        0,  -25660556,          0
  5978,   306,   29000000,    4318622,        0,  -24681378,          0
  5978,   307,   29000000,    2956714,        0,  -26043286,          0
  5978,   308,   29000000,    4284777,        0,  -24715223,          0
  5978,   309,   29000000,    3295518,        0,  -25704482,          0
  5978,   310,   29000000,    3636579,        0,  -25363421,          0
  5978,   311,   29000000,    2950112,        0,  -26049888,          0
  5978,   312,   29000000,    4329202,        0,  -24670798,          0
  5978,   313,   29000000,    3305437,        0,  -25694563,          0
  5978,   314,   29000000,    2960986,        0,  -26039014,          0
  5978,   315,   29000000,    2999874,        0,  -26000126,          0
  5978,   316,   29000000,    4286692,        0,  -24713308,          0
  5978,   317,   29000000,    3309805,        0,  -25690195,          0
  5978,   318,   29000000,    2978733,        0,  -26021267,          0
  5978,   319,   29000000,    2958500,        0,  -26041500,          0
  5978,   320,   29000000,    4305933,        0,  -24694067,          0
  5978,   321,   29000000,    4474408,        0,  -24525592,          0
  5978,   322,   29000000,    3069733,        0,  -25930267,          0
  5978,   323,   29000000,    2961752,        0,  -26038248,          0
  5978,   324,   29000000,    4459430,        0,  -24540570,          0
  5978,   325,   29000000,    5296656,        0,  -23703344,          0
  5978,   326,   29000000,    3073991,        0,  -25926009,          0
  5978,   327,   29000000,    2957585,        0,  -26042415,          0
  5978,   328,   29000000,    4674941,        0,  -24325059,          0
  5978,   329,   29000000,    3274801,        0,  -25725199,          0
  5978,   330,   29000000,    3020689,        0,  -25979311,          0
  5978,   331,   29000000,    3041787,        0,  -25958213,          0
  5978,   332,   29000000,    4362049,        0,  -24637951,          0
  5978,   333,   29000000,    3316298,        0,  -25683702,          0
  5978,   334,   29000000,    2967881,        0,  -26032119,          0
  5978,   335,   29000000,    2990795,        0,  -26009205,          0
  5978,   336,   29000000,    4280983,        0,  -24719017,          0
  5978,   337,   29000000,    3353165,        0,  -25646835,          0
  5978,   338,   29000000,    4304731,        0,  -24695269,          0
  5978,   339,   29000000,    2947217,        0,  -26052783,          0
  5978,   340,   29000000,    4293892,        0,  -24706108,          0
  5978,   341,   29000000,    5260818,        0,  -23739182,          0
  5978,   342,   29000000,    3009970,        0,  -25990030,          0
  5978,   343,   29000000,    3044303,        0,  -25955697,          0
  5978,   344,   29000000,    6355864,        0,  -22644136,          0
  5978,   345,   29000000,    5288575,        0,  -23711425,          0
  5978,   346,   29000000,    2964709,        0,  -26035291,          0
  5978,   347,   29000000,    2993750,        0,  -26006250,          0
  5978,   348,   29000000,    5066975,        0,  -23933025,          0
