273 273 1
457 457 1
109 109 1
503 503 1
387 387 1
122 122 1
161 161 1
207 207 1
123 123 1
123 123 1
136 136 1
373 373 1
188 188 1
451 451 1
669 669 1
336 336 1
306 306 1
112 112 1
220 220 1
184 184 1
772 772 1
278 278 1
912 912 1
360 360 1
634 634 1
 
537 537 1
349 349 1
248 248 1
382 382 1
732 732 1
1175 1175 1
498 498 1
264 264 1
285 285 1
226 226 1
457 457 1
227 227 1
1445 1445 1
617 617 1
1256 1256 1
411 411 1
559 559 1
645 645 1
1365 1365 1
272 272 1
211 211 1
444 444 1
291 291 1
756 756 1
359 359 1
 
951 951 1
430 430 1
586 586 1
519 519 1
615 615 1
418 418 1
1355 1355 1
739 739 1
546 546 1
563 563 1
471 471 1
641 641 1
884 884 1
519 519 1
381 381 1
288 288 1
534 534 1
621 621 1
1280 1280 1
403 403 1
387 387 1
1190 1190 1
291 291 1
760 760 1
1628 1628 1
 
1369 1369 1
563 563 1
529 529 1
571 571 1
628 628 1
1657 1657 1
1302 1302 1
708 708 1
884 884 1
654 654 1
970 970 1
1750 1750 1
611 611 1
1397 1397 1
452 452 1
818 818 1
419 419 1
617 617 1
799 799 1
1220 1220 1
819 819 1
1060 1060 1
960 960 1
1714 1714 1
849 849 1
 
690 690 1
2544 2544 1
1120 1120 1
771 771 1
988 988 1
520 520 1
1830 1830 1
1008 1008 1
1885 1885 1
1314 1314 1
2468 2468 1
1085 1085 1
2054 2054 1
884 884 1
1984 1984 1
1163 1163 1
1478 1478 1
1010 1010 1
718 718 1
865 865 1
1268 1268 1
793 793 1
1105 1105 1
1011 1011 1
1855 1855 1
 
1146 1146 1
1693 1693 1
1218 1218 1
560 560 1
1587 1587 1
2098 2098 1
1133 1133 1
1664 1664 1
1259 1259 1
1821 1821 1
1270 1270 1
841 841 1
964 964 1
2252 2252 1
1432 1432 1
896 896 1
1325 1325 1
626 626 1
1314 1314 1
1291 1291 1
909 909 1
1264 1264 1
1122 1122 1
1371 1371 1
1451 1451 1
 
760 760 1
1271 1271 1
2001 2001 1
1751 1751 1
1240 1240 1
1520 1520 1
1985 1985 1
2112 2112 1
1109 1109 1
2004 2004 1
2680 2681 0
833 833 1
1555 1555 1
1748 1748 1
1111 1111 1
3061 3061 1
2122 2122 1
1458 1458 1
2011 2011 1
1950 1954 0
2621 2621 1
1822 1822 1
1138 1138 1
1450 1450 1
1864 1864 1
 
1398 1398 1
2346 2346 1
3316 3316 1
1831 1831 1
1515 1515 1
2246 2246 1
2219 2219 1
1805 1805 1
893 893 1
1677 1677 1
1239 1239 1
3049 3049 1
2157 2157 1
2176 2176 1
1691 1691 1
2087 2087 1
2523 2523 1
1264 1264 1
2308 2308 1
1002 1002 1
1567 1567 1
2459 2459 1
1173 1173 1
1496 1496 1
1768 1768 1
 
1368 1368 1
1763 1763 1
1341 1341 1
2603 2603 1
2265 2265 1
1882 1882 1
1574 1574 1
1311 1311 1
1904 1904 1
2685 2685 1
1683 1683 1
2322 2322 1
1702 1702 1
1407 1407 1
1405 1405 1
2250 2250 1
1646 1646 1
2498 2500 0
1904 1904 1
2069 2069 1
1895 1895 1
2866 2867 0
1367 1367 1
2236 2236 1
3126 3126 1
 
1899 1899 1
2050 2050 1
2649 2649 1
2363 2365 0
2841 2842 0
1727 1727 1
2224 2224 1
2523 2523 1
3147 3147 1
2663 2663 1
1896 1896 1
2752 2752 1
3583 3583 1
2585 2585 1
2548 2548 1
2686 2686 1
2026 2026 1
2777 2777 1
3451 3451 1
2285 2285 1
1754 1754 1
1639 1639 1
1843 1843 1
2366 2368 0
2233 2233 1
 
3026 3026 1
1394 1394 1
3879 3879 1
3656 3656 1
1614 1614 1
2263 2263 1
2289 2289 1
2372 2373 0
2542 2542 1
2400 2400 1
1697 1697 1
1929 1929 1
2566 2566 1
2630 2630 1
2338 2338 1
1810 1810 1
2128 2128 1
1820 1820 1
1968 1968 1
1178 1178 1
1738 1738 1
1716 1716 1
2199 2199 1
1939 1939 1
2151 2151 1
 
1771 1771 1
5069 5069 1
3056 3056 1
2017 2017 1
3257 3257 1
2201 2201 1
4492 4492 1
3043 3044 0
4008 4008 1
2110 2110 1
1700 1700 1
2472 2472 1
2551 2551 1
2241 2241 1
2117 2117 1
4330 4330 1
2955 2955 1
2194 2194 1
3631 3631 1
3496 3496 1
2153 2153 1
1776 1776 1
1618 1618 1
1469 1469 1
1867 1867 1
 
2806 2806 1
1463 1463 1
3285 3285 1
2690 2690 1
2700 2700 1
2233 2233 1
2218 2218 1
2132 2132 1
2980 2980 1
3199 3199 1
2790 2790 1
2423 2423 1
2754 2754 1
3132 3132 1
2136 2136 1
2364 2364 1
2123 2123 1
3085 3085 1
1824 1824 1
2641 2641 1
2652 2652 1
2377 2377 1
2930 2930 1
3035 3035 1
1841 1841 1
 
2699 2699 1
2664 2664 1
2733 2733 1
2381 2381 1
3128 3128 1
2752 2752 1
3740 3740 1
3483 3483 1
2949 2949 1
3723 3723 1
3211 3212 0
4439 4439 1
2579 2579 1
3696 3696 1
2612 2612 1
3772 3772 1
1949 1949 1
2654 2654 1
3540 3540 1
2403 2403 1
2602 2602 1
2943 2943 1
3743 3755 0
3176 3176 1
2501 2501 1
 
2753 2753 1
3079 3080 0
5489 5489 1
1886 1886 1
3017 3017 1
3347 3347 1
3818 3818 1
4724 4728 0
2697 2697 1
4030 4030 1
3289 3289 1
2583 2583 1
2713 2713 1
3782 3784 0
3652 3652 1
2672 2672 1
3428 3428 1
2701 2701 1
2756 2760 0
4108 4108 1
2809 2811 0
4011 4013 0
2994 2994 1
2937 2940 0
3078 3078 1
 
3713 3713 1
2917 2918 0
3414 3414 1
3454 3454 1
1855 1855 1
2735 2736 0
2845 2845 1
3083 3083 1
5182 5182 1
4389 4389 1
3900 3906 0
4066 4067 0
3630 3630 1
3693 3693 1
2870 2870 1
3779 3782 0
3941 3941 1
4226 4226 1
2679 2679 1
3763 3763 1
3851 3851 1
3802 3802 1
2114 2114 1
2996 2996 1
4956 4956 1
 
2682 2682 1
3896 3899 0
5961 5968 0
2626 2626 1
2663 2665 0
3794 3815 0
3557 3558 0
3120 3120 1
3483 3483 1
3260 3260 1
3019 3020 0
5225 5228 0
4666 4678 0
3272 3279 0
3668 3668 1
4438 4439 0
3315 3315 1
3073 3073 1
5741 5743 0
3416 3420 0
3473 3473 1
3548 3548 1
3168 3168 1
2828 2828 1
2500 2500 1
 
3420 3420 1
2775 2775 1
3260 3261 0
5241 5242 0
4413 4434 0
3856 3861 0
2663 2665 0
3823 3823 1
3401 3401 1
3611 3611 1
3098 3099 0
3006 3006 1
3888 3898 0
3219 3248 0
4147 4148 0
3506 3506 1
3675 3675 1
3528 3528 1
3030 3030 1
3802 3803 0
3555 3555 1
3550 3551 0
3781 3781 1
5464 5492 0
4255 4256 0
 
3948 3956 0
3326 3328 0
3344 3348 0
2740 2740 1
3696 3696 1
5213 5214 0
3764 3793 0
3390 3390 1
4164 4167 0
4683 4683 1
3005 3013 0
3106 3106 1
4553 4554 0
5163 5207 0
5294 5321 0
4117 4179 0
3588 3589 0
5699 5702 0
3965 3965 1
3926 3931 0
4840 4841 0
4329 4335 0
5262 5281 0
5355 5362 0
3514 3521 0
 
4337 4434 0
3877 3886 0
3624 3629 0
3464 3465 0
4884 4889 0
4520 4581 0
5892 5920 0
4853 4857 0
3045 3048 0
4077 4160 0
4725 4755 0
4256 4326 0
3852 3852 1
4634 4656 0
3485 3486 0
3884 3888 0
4342 4419 0
4932 4973 0
5293 5293 1
4241 4243 0
5789 5797 0
4159 4183 0
4140 4146 0
4765 4822 0
5094 5210 0
 
4021 4114 0
3901 3966 0
3439 3573 0
5184 5409 0
3177 3366 0
3609 3732 0
3266 3319 0
3766 3851 0
5654 5962 0
4092 4104 0
4243 4395 0
4298 4498 0
4115 4371 0
3870 3950 0
3632 3690 0
4379 4499 0
4350 4478 0
4515 4731 0
5760 5903 0
4392 4634 0
3206 3277 0
4396 4473 0
3908 4106 0
3905 4001 0
4570 4674 0
 
===
