# Task,   Job,     Period,   Response, DL Miss?,   Lateness,  Tardiness
# task NAME=myapp PID=11692 COST=12697000 PERIOD=73000000 CPU=0
 11692,     2,   73000000,       9596,        0,  -72990404,          0
 11692,     3,   73000000,     114059,        0,  -72885941,          0
 11692,     4,   73000000,   23483832,        0,  -49516168,          0
 11692,     5,   73000000,   22577708,        0,  -50422292,          0
 11692,     6,   73000000,   21445155,        0,  -51554845,          0
 11692,     7,   73000000,   20419234,        0,  -52580766,          0
 11692,     8,   73000000,   23426353,        0,  -49573647,          0
 11692,     9,   73000000,   22495361,        0,  -50504639,          0
 11692,    10,   73000000,   21455880,        0,  -51544120,          0
 11692,    11,   73000000,   20706690,        0,  -52293310,          0
 11692,    12,   73000000,   23464019,        0,  -49535981,          0
 11692,    13,   73000000,   22531157,        0,  -50468843,          0
 11692,    14,   73000000,   23482878,        0,  -49517122,          0
 11692,    15,   73000000,   21030568,        0,  -51969432,          0
 11692,    16,   73000000,   23455540,        0,  -49544460,          0
 11692,    17,   73000000,   22501658,        0,  -50498342,          0
 11692,    18,   73000000,   21775685,        0,  -51224315,          0
 11692,    19,   73000000,   20403457,        0,  -52596543,          0
 11692,    20,   73000000,   23506657,        0,  -49493343,          0
 11692,    21,   73000000,   22534345,        0,  -50465655,          0
 11692,    22,   73000000,   21523959,        0,  -51476041,          0
 11692,    23,   73000000,   20671240,        0,  -52328760,          0
 11692,    24,   73000000,   23431721,        0,  -49568279,          0
 11692,    25,   73000000,   22478409,        0,  -50521591,          0
 11692,    26,   73000000,   21468757,        0,  -51531243,          0
 11692,    27,   73000000,   20451109,        0,  -52548891,          0
 11692,    28,   73000000,   23541567,        0,  -49458433,          0
 11692,    29,   73000000,   22480666,        0,  -50519334,          0
 11692,    30,   73000000,   21741909,        0,  -51258091,          0
 11692,    31,   73000000,   20529012,        0,  -52470988,          0
 11692,    32,   73000000,   23522537,        0,  -49477463,          0
 11692,    33,   73000000,   22503843,        0,  -50496157,          0
 11692,    34,   73000000,   21517472,        0,  -51482528,          0
 11692,    35,   73000000,   20456643,        0,  -52543357,          0
 11692,    36,   73000000,   23585031,        0,  -49414969,          0
 11692,    37,   73000000,   22513934,        0,  -50486066,          0
 11692,    38,   73000000,   21465523,        0,  -51534477,          0
 11692,    39,   73000000,   20447569,        0,  -52552431,          0
 11692,    40,   73000000,   23545250,        0,  -49454750,          0
 11692,    41,   73000000,   22488888,        0,  -50511112,          0
 11692,    42,   73000000,   21427799,        0,  -51572201,          0
 11692,    43,   73000000,   24458315,        0,  -48541685,          0
 11692,    44,   73000000,   23514846,        0,  -49485154,          0
 11692,    45,   73000000,   22503424,        0,  -50496576,          0
 11692,    46,   73000000,   21445546,        0,  -51554454,          0
 11692,    47,   73000000,   22510050,        0,  -50489950,          0
 11692,    48,   73000000,   23512839,        0,  -49487161,          0
 11692,    49,   73000000,   22546115,        0,  -50453885,          0
 11692,    50,   73000000,   21476662,        0,  -51523338,          0
 11692,    51,   73000000,   20409219,        0,  -52590781,          0
 11692,    52,   73000000,   23471442,        0,  -49528558,          0
 11692,    53,   73000000,   22524085,        0,  -50475915,          0
 11692,    54,   73000000,   21738431,        0,  -51261569,          0
 11692,    55,   73000000,   20439804,        0,  -52560196,          0
 11692,    56,   73000000,   23524279,        0,  -49475721,          0
 11692,    57,   73000000,   22392885,        0,  -50607115,          0
 11692,    58,   73000000,   21427431,        0,  -51572569,          0
 11692,    59,   73000000,   20710209,        0,  -52289791,          0
 11692,    60,   73000000,   23509144,        0,  -49490856,          0
 11692,    61,   73000000,   22520073,        0,  -50479927,          0
 11692,    62,   73000000,   23439014,        0,  -49560986,          0
 11692,    63,   73000000,   20439209,        0,  -52560791,          0
 11692,    64,   73000000,   23465143,        0,  -49534857,          0
 11692,    65,   73000000,   22418109,        0,  -50581891,          0
 11692,    66,   73000000,   21581092,        0,  -51418908,          0
 11692,    67,   73000000,   22413449,        0,  -50586551,          0
 11692,    68,   73000000,   23429014,        0,  -49570986,          0
 11692,    69,   73000000,   24460922,        0,  -48539078,          0
 11692,    70,   73000000,   21421557,        0,  -51578443,          0
 11692,    71,   73000000,   20823323,        0,  -52176677,          0
 11692,    72,   73000000,   23467210,        0,  -49532790,          0
 11692,    73,   73000000,   22492700,        0,  -50507300,          0
 11692,    74,   73000000,   21440510,        0,  -51559490,          0
 11692,    75,   73000000,   20407556,        0,  -52592444,          0
 11692,    76,   73000000,   23455718,        0,  -49544282,          0
 11692,    77,   73000000,   22438071,        0,  -50561929,          0
 11692,    78,   73000000,   21618878,        0,  -51381122,          0
 11692,    79,   73000000,   20517106,        0,  -52482894,          0
 11692,    80,   73000000,   23450551,        0,  -49549449,          0
 11692,    81,   73000000,   22512220,        0,  -50487780,          0
 11692,    82,   73000000,   21446492,        0,  -51553508,          0
 11692,    83,   73000000,   20728656,        0,  -52271344,          0
 11692,    84,   73000000,   23448547,        0,  -49551453,          0
 11692,    85,   73000000,   22949384,        0,  -50050616,          0
 11692,    86,   73000000,   21448883,        0,  -51551117,          0
 11692,    87,   73000000,   20457526,        0,  -52542474,          0
 11692,    88,   73000000,   23517302,        0,  -49482698,          0
 11692,    89,   73000000,   22463633,        0,  -50536367,          0
 11692,    90,   73000000,   21621537,        0,  -51378463,          0
 11692,    91,   73000000,   20508573,        0,  -52491427,          0
 11692,    92,   73000000,   23495607,        0,  -49504393,          0
 11692,    93,   73000000,   22511778,        0,  -50488222,          0
 11692,    94,   73000000,   21400500,        0,  -51599500,          0
 11692,    95,   73000000,   20744649,        0,  -52255351,          0
 11692,    96,   73000000,   23418054,        0,  -49581946,          0
 11692,    97,   73000000,   22588794,        0,  -50411206,          0
 11692,    98,   73000000,   21445290,        0,  -51554710,          0
 11692,    99,   73000000,   20487275,        0,  -52512725,          0
 11692,   100,   73000000,   23778699,        0,  -49221301,          0
 11692,   101,   73000000,   22476285,        0,  -50523715,          0
 11692,   102,   73000000,   21480351,        0,  -51519649,          0
 11692,   103,   73000000,   20489998,        0,  -52510002,          0
 11692,   104,   73000000,   23517833,        0,  -49482167,          0
 11692,   105,   73000000,   22484454,        0,  -50515546,          0
 11692,   106,   73000000,   21425778,        0,  -51574222,          0
 11692,   107,   73000000,   24730811,        0,  -48269189,          0
 11692,   108,   73000000,   23594512,        0,  -49405488,          0
 11692,   109,   73000000,   22463168,        0,  -50536832,          0
 11692,   110,   73000000,   21432578,        0,  -51567422,          0
 11692,   111,   73000000,   20533707,        0,  -52466293,          0
 11692,   112,   73000000,   25706917,        0,  -47293083,          0
 11692,   113,   73000000,   20381471,        0,  -52618529,          0
 11692,   114,   73000000,   21432852,        0,  -51567148,          0
 11692,   115,   73000000,   20405838,        0,  -52594162,          0
 11692,   116,   73000000,   23418093,        0,  -49581907,          0
 11692,   117,   73000000,   22476055,        0,  -50523945,          0
 11692,   118,   73000000,   21523717,        0,  -51476283,          0
 11692,   119,   73000000,   20734195,        0,  -52265805,          0
 11692,   120,   73000000,   25495799,        0,  -47504201,          0
 11692,   121,   73000000,   22454934,        0,  -50545066,          0
 11692,   122,   73000000,   21420561,        0,  -51579439,          0
 11692,   123,   73000000,   20441861,        0,  -52558139,          0
 11692,   124,   73000000,   23856501,        0,  -49143499,          0
 11692,   125,   73000000,   22653443,        0,  -50346557,          0
 11692,   126,   73000000,   21444173,        0,  -51555827,          0
 11692,   127,   73000000,   20397060,        0,  -52602940,          0
 11692,   128,   73000000,   25478397,        0,  -47521603,          0
 11692,   129,   73000000,   22539599,        0,  -50460401,          0
 11692,   130,   73000000,   21461658,        0,  -51538342,          0
 11692,   131,   73000000,   20419410,        0,  -52580590,          0
 11692,   132,   73000000,   23502939,        0,  -49497061,          0
 11692,   133,   73000000,   22456751,        0,  -50543249,          0
 11692,   134,   73000000,   21495348,        0,  -51504652,          0
 11692,   135,   73000000,   20458238,        0,  -52541762,          0
 11692,   136,   73000000,   23534547,        0,  -49465453,          0
 11692,   137,   73000000,   22612718,        0,  -50387282,          0
 11692,   138,   73000000,   21529113,        0,  -51470887,          0
 11692,   139,   73000000,   20494848,        0,  -52505152,          0
 11692,   140,   73000000,   23559925,        0,  -49440075,          0
# task NAME=myapp PID=11695 COST=18022000 PERIOD=85000000 CPU=0
 11695,     2,   85000000,       9035,        0,  -84990965,          0
 11695,     3,   85000000,     104404,        0,  -84895596,          0
 11695,     4,   85000000,   32756955,        0,  -52243045,          0
 11695,     5,   85000000,   31519051,        0,  -53480949,          0
 11695,     6,   85000000,   30570917,        0,  -54429083,          0
 11695,     7,   85000000,   29526510,        0,  -55473490,          0
 11695,     8,   85000000,   32730993,        0,  -52269007,          0
 11695,     9,   85000000,   31510621,        0,  -53489379,          0
 11695,    10,   85000000,   30858111,        0,  -54141889,          0
 11695,    11,   85000000,   29526534,        0,  -55473466,          0
 11695,    12,   85000000,   32567282,        0,  -52432718,          0
 11695,    13,   85000000,   31720126,        0,  -53279874,          0
 11695,    14,   85000000,   30902100,        0,  -54097900,          0
 11695,    15,   85000000,   29512513,        0,  -55487487,          0
 11695,    16,   85000000,   34404592,        0,  -50595408,          0
 11695,    17,   85000000,   31566221,        0,  -53433779,          0
 11695,    18,   85000000,   30574816,        0,  -54425184,          0
 11695,    19,   85000000,   29491859,        0,  -55508141,          0
 11695,    20,   85000000,   32929822,        0,  -52070178,          0
 11695,    21,   85000000,   31558723,        0,  -53441277,          0
 11695,    22,   85000000,   32573587,        0,  -52426413,          0
 11695,    23,   85000000,   29636971,        0,  -55363029,          0
 11695,    24,   85000000,   32625840,        0,  -52374160,          0
 11695,    25,   85000000,   31595392,        0,  -53404608,          0
 11695,    26,   85000000,   30831002,        0,  -54168998,          0
 11695,    27,   85000000,   29464051,        0,  -55535949,          0
 11695,    28,   85000000,   32680242,        0,  -52319758,          0
 11695,    29,   85000000,   31492343,        0,  -53507657,          0
 11695,    30,   85000000,   30593644,        0,  -54406356,          0
 11695,    31,   85000000,   29632002,        0,  -55367998,          0
 11695,    32,   85000000,   32847283,        0,  -52152717,          0
 11695,    33,   85000000,   31541507,        0,  -53458493,          0
 11695,    34,   85000000,   30441439,        0,  -54558561,          0
 11695,    35,   85000000,   29743167,        0,  -55256833,          0
 11695,    36,   85000000,   32629793,        0,  -52370207,          0
 11695,    37,   85000000,   31510451,        0,  -53489549,          0
 11695,    38,   85000000,   30815879,        0,  -54184121,          0
 11695,    39,   85000000,   29562857,        0,  -55437143,          0
 11695,    40,   85000000,   32614580,        0,  -52385420,          0
 11695,    41,   85000000,   31551651,        0,  -53448349,          0
 11695,    42,   85000000,   30512873,        0,  -54487127,          0
 11695,    43,   85000000,   29545553,        0,  -55454447,          0
 11695,    44,   85000000,   32497723,        0,  -52502277,          0
 11695,    45,   85000000,   31512694,        0,  -53487306,          0
 11695,    46,   85000000,   30526439,        0,  -54473561,          0
 11695,    47,   85000000,   29465030,        0,  -55534970,          0
 11695,    48,   85000000,   32557386,        0,  -52442614,          0
 11695,    49,   85000000,   31533181,        0,  -53466819,          0
 11695,    50,   85000000,   31642696,        0,  -53357304,          0
 11695,    51,   85000000,   29786082,        0,  -55213918,          0
 11695,    52,   85000000,   32495472,        0,  -52504528,          0
 11695,    53,   85000000,   31494524,        0,  -53505476,          0
 11695,    54,   85000000,   30535027,        0,  -54464973,          0
 11695,    55,   85000000,   29479696,        0,  -55520304,          0
 11695,    56,   85000000,   33484002,        0,  -51515998,          0
 11695,    57,   85000000,   32106708,        0,  -52893292,          0
 11695,    58,   85000000,   30475928,        0,  -54524072,          0
 11695,    59,   85000000,   29494717,        0,  -55505283,          0
 11695,    60,   85000000,   32481811,        0,  -52518189,          0
 11695,    61,   85000000,   31589616,        0,  -53410384,          0
 11695,    62,   85000000,   30535796,        0,  -54464204,          0
 11695,    63,   85000000,   29655203,        0,  -55344797,          0
 11695,    64,   85000000,   32557204,        0,  -52442796,          0
 11695,    65,   85000000,   33539546,        0,  -51460454,          0
 11695,    66,   85000000,   30581338,        0,  -54418662,          0
 11695,    67,   85000000,   29523353,        0,  -55476647,          0
 11695,    68,   85000000,   32610386,        0,  -52389614,          0
 11695,    69,   85000000,   31548106,        0,  -53451894,          0
 11695,    70,   85000000,   30497810,        0,  -54502190,          0
 11695,    71,   85000000,   29420891,        0,  -55579109,          0
 11695,    72,   85000000,   32542166,        0,  -52457834,          0
 11695,    73,   85000000,   31773460,        0,  -53226540,          0
 11695,    74,   85000000,   30454619,        0,  -54545381,          0
 11695,    75,   85000000,   29495938,        0,  -55504062,          0
 11695,    76,   85000000,   32659890,        0,  -52340110,          0
 11695,    77,   85000000,   31553712,        0,  -53446288,          0
 11695,    78,   85000000,   30534482,        0,  -54465518,          0
 11695,    79,   85000000,   29818311,        0,  -55181689,          0
 11695,    80,   85000000,   32638677,        0,  -52361323,          0
 11695,    81,   85000000,   31468242,        0,  -53531758,          0
 11695,    82,   85000000,   30498214,        0,  -54501786,          0
 11695,    83,   85000000,   29463490,        0,  -55536510,          0
 11695,    84,   85000000,   32535064,        0,  -52464936,          0
 11695,    85,   85000000,   31776428,        0,  -53223572,          0
 11695,    86,   85000000,   30493418,        0,  -54506582,          0
 11695,    87,   85000000,   29537584,        0,  -55462416,          0
 11695,    88,   85000000,   32810069,        0,  -52189931,          0
 11695,    89,   85000000,   31509572,        0,  -53490428,          0
 11695,    90,   85000000,   30433537,        0,  -54566463,          0
 11695,    91,   85000000,   29506389,        0,  -55493611,          0
 11695,    92,   85000000,   32532034,        0,  -52467966,          0
 11695,    93,   85000000,   33594485,        0,  -51405515,          0
 11695,    94,   85000000,   30528621,        0,  -54471379,          0
 11695,    95,   85000000,   29531595,        0,  -55468405,          0
 11695,    96,   85000000,   32584252,        0,  -52415748,          0
 11695,    97,   85000000,   31636814,        0,  -53363186,          0
 11695,    98,   85000000,   30813447,        0,  -54186553,          0
 11695,    99,   85000000,   29590014,        0,  -55409986,          0
 11695,   100,   85000000,   32569198,        0,  -52430802,          0
 11695,   101,   85000000,   33562370,        0,  -51437630,          0
 11695,   102,   85000000,   30472402,        0,  -54527598,          0
 11695,   103,   85000000,   29536117,        0,  -55463883,          0
 11695,   104,   85000000,   32863739,        0,  -52136261,          0
 11695,   105,   85000000,   31506376,        0,  -53493624,          0
 11695,   106,   85000000,   30526027,        0,  -54473973,          0
 11695,   107,   85000000,   29545720,        0,  -55454280,          0
 11695,   108,   85000000,   32623632,        0,  -52376368,          0
 11695,   109,   85000000,   31523824,        0,  -53476176,          0
 11695,   110,   85000000,   30813491,        0,  -54186509,          0
 11695,   111,   85000000,   29404574,        0,  -55595426,          0
 11695,   112,   85000000,   32542664,        0,  -52457336,          0
 11695,   113,   85000000,   31823614,        0,  -53176386,          0
 11695,   114,   85000000,   30446368,        0,  -54553632,          0
 11695,   115,   85000000,   29495700,        0,  -55504300,          0
 11695,   116,   85000000,   32544831,        0,  -52455169,          0
 11695,   117,   85000000,   31682507,        0,  -53317493,          0
 11695,   118,   85000000,   30603654,        0,  -54396346,          0
 11695,   119,   85000000,   29631116,        0,  -55368884,          0
 11695,   120,   85000000,   32872455,        0,  -52127545,          0
 11695,   121,   85000000,   31624081,        0,  -53375919,          0
# task NAME=myapp PID=11699 COST=32835000 PERIOD=86000000 CPU=0
 11699,     2,   86000000,       9790,        0,  -85990210,          0
 11699,     3,   86000000,     119632,        0,  -85880368,          0
 11699,     4,   86000000,   59887758,        0,  -26112242,          0
 11699,     5,   86000000,   57672178,        0,  -28327822,          0
 11699,     6,   86000000,   59629049,        0,  -26370951,          0
 11699,     7,   86000000,   57856675,        0,  -28143325,          0
 11699,     8,   86000000,   59797625,        0,  -26202375,          0
 11699,     9,   86000000,   57650956,        0,  -28349044,          0
 11699,    10,   86000000,   59630104,        0,  -26369896,          0
 11699,    11,   86000000,   59722822,        0,  -26277178,          0
 11699,    12,   86000000,   59569365,        0,  -26430635,          0
 11699,    13,   86000000,   57538406,        0,  -28461594,          0
 11699,    14,   86000000,   59806484,        0,  -26193516,          0
 11699,    15,   86000000,   57745419,        0,  -28254581,          0
 11699,    16,   86000000,   59676982,        0,  -26323018,          0
 11699,    17,   86000000,   57754016,        0,  -28245984,          0
 11699,    18,   86000000,   59679904,        0,  -26320096,          0
 11699,    19,   86000000,   57681017,        0,  -28318983,          0
 11699,    20,   86000000,   59952068,        0,  -26047932,          0
 11699,    21,   86000000,   58077588,        0,  -27922412,          0
 11699,    22,   86000000,   59843316,        0,  -26156684,          0
 11699,    23,   86000000,   57896179,        0,  -28103821,          0
 11699,    24,   86000000,   59682750,        0,  -26317250,          0
 11699,    25,   86000000,   57612409,        0,  -28387591,          0
 11699,    26,   86000000,   59719284,        0,  -26280716,          0
 11699,    27,   86000000,   58047789,        0,  -27952211,          0
 11699,    28,   86000000,   59891504,        0,  -26108496,          0
 11699,    29,   86000000,   57713373,        0,  -28286627,          0
 11699,    30,   86000000,   59584658,        0,  -26415342,          0
 11699,    31,   86000000,   57738076,        0,  -28261924,          0
 11699,    32,   86000000,   59748835,        0,  -26251165,          0
 11699,    33,   86000000,   57733024,        0,  -28266976,          0
 11699,    34,   86000000,   59704958,        0,  -26295042,          0
 11699,    35,   86000000,   57698018,        0,  -28301982,          0
 11699,    36,   86000000,   59664320,        0,  -26335680,          0
 11699,    37,   86000000,   57967272,        0,  -28032728,          0
 11699,    38,   86000000,   59675112,        0,  -26324888,          0
 11699,    39,   86000000,   57957248,        0,  -28042752,          0
 11699,    40,   86000000,   59776943,        0,  -26223057,          0
 11699,    41,   86000000,   57693909,        0,  -28306091,          0
 11699,    42,   86000000,   59758162,        0,  -26241838,          0
 11699,    43,   86000000,   57859597,        0,  -28140403,          0
 11699,    44,   86000000,   59644795,        0,  -26355205,          0
 11699,    45,   86000000,   57687960,        0,  -28312040,          0
 11699,    46,   86000000,   61771411,        0,  -24228589,          0
 11699,    47,   86000000,   57583170,        0,  -28416830,          0
 11699,    48,   86000000,   59675012,        0,  -26324988,          0
 11699,    49,   86000000,   57555731,        0,  -28444269,          0
 11699,    50,   86000000,   59681027,        0,  -26318973,          0
 11699,    51,   86000000,   57625598,        0,  -28374402,          0
 11699,    52,   86000000,   59737853,        0,  -26262147,          0
 11699,    53,   86000000,   57641863,        0,  -28358137,          0
 11699,    54,   86000000,   59673919,        0,  -26326081,          0
 11699,    55,   86000000,   57889830,        0,  -28110170,          0
 11699,    56,   86000000,   59983228,        0,  -26016772,          0
 11699,    57,   86000000,   57527934,        0,  -28472066,          0
 11699,    58,   86000000,   59701139,        0,  -26298861,          0
 11699,    59,   86000000,   57731045,        0,  -28268955,          0
 11699,    60,   86000000,   59643877,        0,  -26356123,          0
 11699,    61,   86000000,   57713179,        0,  -28286821,          0
 11699,    62,   86000000,   59961955,        0,  -26038045,          0
 11699,    63,   86000000,   57727609,        0,  -28272391,          0
 11699,    64,   86000000,   59672759,        0,  -26327241,          0
 11699,    65,   86000000,   57622714,        0,  -28377286,          0
 11699,    66,   86000000,   59929978,        0,  -26070022,          0
 11699,    67,   86000000,   57733799,        0,  -28266201,          0
 11699,    68,   86000000,   59951630,        0,  -26048370,          0
 11699,    69,   86000000,   57615309,        0,  -28384691,          0
 11699,    70,   86000000,   59657553,        0,  -26342447,          0
 11699,    71,   86000000,   57772909,        0,  -28227091,          0
 11699,    72,   86000000,   59881160,        0,  -26118840,          0
 11699,    73,   86000000,   57752889,        0,  -28247111,          0
 11699,    74,   86000000,   59613830,        0,  -26386170,          0
 11699,    75,   86000000,   57862743,        0,  -28137257,          0
 11699,    76,   86000000,   59596984,        0,  -26403016,          0
 11699,    77,   86000000,   57557771,        0,  -28442229,          0
 11699,    78,   86000000,   60014028,        0,  -25985972,          0
 11699,    79,   86000000,   57890272,        0,  -28109728,          0
 11699,    80,   86000000,   59710257,        0,  -26289743,          0
 11699,    81,   86000000,   57695980,        0,  -28304020,          0
 11699,    82,   86000000,   59632840,        0,  -26367160,          0
 11699,    83,   86000000,   57721178,        0,  -28278822,          0
 11699,    84,   86000000,   60027123,        0,  -25972877,          0
 11699,    85,   86000000,   57904542,        0,  -28095458,          0
 11699,    86,   86000000,   59704858,        0,  -26295142,          0
 11699,    87,   86000000,   57709888,        0,  -28290112,          0
 11699,    88,   86000000,   59637975,        0,  -26362025,          0
 11699,    89,   86000000,   57631865,        0,  -28368135,          0
 11699,    90,   86000000,   59766073,        0,  -26233927,          0
 11699,    91,   86000000,   57849524,        0,  -28150476,          0
 11699,    92,   86000000,   59590611,        0,  -26409389,          0
 11699,    93,   86000000,   57736054,        0,  -28263946,          0
 11699,    94,   86000000,   59778463,        0,  -26221537,          0
 11699,    95,   86000000,   57581591,        0,  -28418409,          0
 11699,    96,   86000000,   59659460,        0,  -26340540,          0
 11699,    97,   86000000,   57853154,        0,  -28146846,          0
 11699,    98,   86000000,   59725199,        0,  -26274801,          0
 11699,    99,   86000000,   57647264,        0,  -28352736,          0
 11699,   100,   86000000,   59739428,        0,  -26260572,          0
 11699,   101,   86000000,   58026690,        0,  -27973310,          0
 11699,   102,   86000000,   59780502,        0,  -26219498,          0
 11699,   103,   86000000,   57819874,        0,  -28180126,          0
 11699,   104,   86000000,   59697016,        0,  -26302984,          0
 11699,   105,   86000000,   57630232,        0,  -28369768,          0
 11699,   106,   86000000,   59727520,        0,  -26272480,          0
 11699,   107,   86000000,   57953809,        0,  -28046191,          0
 11699,   108,   86000000,   59717795,        0,  -26282205,          0
 11699,   109,   86000000,   57629728,        0,  -28370272,          0
 11699,   110,   86000000,   59716177,        0,  -26283823,          0
 11699,   111,   86000000,   57642200,        0,  -28357800,          0
 11699,   112,   86000000,   59825895,        0,  -26174105,          0
 11699,   113,   86000000,   57857361,        0,  -28142639,          0
 11699,   114,   86000000,   60026868,        0,  -25973132,          0
 11699,   115,   86000000,   57714461,        0,  -28285539,          0
 11699,   116,   86000000,   59969375,        0,  -26030625,          0
 11699,   117,   86000000,   57695321,        0,  -28304679,          0
 11699,   118,   86000000,   59710648,        0,  -26289352,          0
 11699,   119,   86000000,   57838148,        0,  -28161852,          0
 11699,   120,   86000000,   60017172,        0,  -25982828,          0
# task NAME=myapp PID=11703 COST=1773000 PERIOD=55000000 CPU=0
 11703,     2,   55000000,      16702,        0,  -54983298,          0
 11703,     3,   55000000,     123948,        0,  -54876052,          0
 11703,     4,   55000000,    1766342,        0,  -53233658,          0
 11703,     5,   55000000,    2041733,        0,  -52958267,          0
 11703,     6,   55000000,    1753034,        0,  -53246966,          0
 11703,     7,   55000000,    1708018,        0,  -53291982,          0
 11703,     8,   55000000,    1760290,        0,  -53239710,          0
 11703,     9,   55000000,    1754716,        0,  -53245284,          0
 11703,    10,   55000000,    1716257,        0,  -53283743,          0
 11703,    11,   55000000,    1706453,        0,  -53293547,          0
 11703,    12,   55000000,    1741504,        0,  -53258496,          0
 11703,    13,   55000000,    2024539,        0,  -52975461,          0
 11703,    14,   55000000,    3047846,        0,  -51952154,          0
 11703,    15,   55000000,    1728841,        0,  -53271159,          0
 11703,    16,   55000000,    1699310,        0,  -53300690,          0
 11703,    17,   55000000,    2032037,        0,  -52967963,          0
 11703,    18,   55000000,    3020539,        0,  -51979461,          0
 11703,    19,   55000000,    1717298,        0,  -53282702,          0
 11703,    20,   55000000,    1740055,        0,  -53259945,          0
 11703,    21,   55000000,    2116922,        0,  -52883078,          0
 11703,    22,   55000000,    1726104,        0,  -53273896,          0
 11703,    23,   55000000,    1752310,        0,  -53247690,          0
 11703,    24,   55000000,    1728232,        0,  -53271768,          0
 11703,    25,   55000000,    2042145,        0,  -52957855,          0
 11703,    26,   55000000,    2847606,        0,  -52152394,          0
 11703,    27,   55000000,    1724462,        0,  -53275538,          0
 11703,    28,   55000000,    1752085,        0,  -53247915,          0
 11703,    29,   55000000,    1779580,        0,  -53220420,          0
 11703,    30,   55000000,    1772560,        0,  -53227440,          0
 11703,    31,   55000000,    1711228,        0,  -53288772,          0
 11703,    32,   55000000,    1733149,        0,  -53266851,          0
 11703,    33,   55000000,    2039536,        0,  -52960464,          0
 11703,    34,   55000000,    2622245,        0,  -52377755,          0
 11703,    35,   55000000,    1750206,        0,  -53249794,          0
 11703,    36,   55000000,    1707629,        0,  -53292371,          0
 11703,    37,   55000000,    1738444,        0,  -53261556,          0
 11703,    38,   55000000,    1948915,        0,  -53051085,          0
 11703,    39,   55000000,    1707282,        0,  -53292718,          0
 11703,    40,   55000000,    1710291,        0,  -53289709,          0
 11703,    41,   55000000,    2033660,        0,  -52966340,          0
 11703,    42,   55000000,    2098896,        0,  -52901104,          0
 11703,    43,   55000000,    1748287,        0,  -53251713,          0
 11703,    44,   55000000,    1724692,        0,  -53275308,          0
 11703,    45,   55000000,    2061679,        0,  -52938321,          0
 11703,    46,   55000000,    1792940,        0,  -53207060,          0
 11703,    47,   55000000,    1723035,        0,  -53276965,          0
 11703,    48,   55000000,    1694767,        0,  -53305233,          0
 11703,    49,   55000000,    1976299,        0,  -53023701,          0
 11703,    50,   55000000,    3088565,        0,  -51911435,          0
 11703,    51,   55000000,    1758358,        0,  -53241642,          0
 11703,    52,   55000000,    1716656,        0,  -53283344,          0
 11703,    53,   55000000,    2041257,        0,  -52958743,          0
 11703,    54,   55000000,    3046508,        0,  -51953492,          0
 11703,    55,   55000000,    1741648,        0,  -53258352,          0
 11703,    56,   55000000,    1954155,        0,  -53045845,          0
 11703,    57,   55000000,    1857746,        0,  -53142254,          0
 11703,    58,   55000000,    1767683,        0,  -53232317,          0
 11703,    59,   55000000,    2060486,        0,  -52939514,          0
 11703,    60,   55000000,    3072020,        0,  -51927980,          0
 11703,    61,   55000000,    2081560,        0,  -52918440,          0
 11703,    62,   55000000,    1751912,        0,  -53248088,          0
 11703,    63,   55000000,    4062327,        0,  -50937673,          0
 11703,    64,   55000000,    1758520,        0,  -53241480,          0
 11703,    65,   55000000,    2034166,        0,  -52965834,          0
 11703,    66,   55000000,    2452253,        0,  -52547747,          0
 11703,    67,   55000000,    2675743,        0,  -52324257,          0
 11703,    68,   55000000,    3262411,        0,  -51737589,          0
 11703,    69,   55000000,    1725171,        0,  -53274829,          0
 11703,    70,   55000000,    1998748,        0,  -53001252,          0
 11703,    71,   55000000,    1716846,        0,  -53283154,          0
 11703,    72,   55000000,    1743645,        0,  -53256355,          0
 11703,    73,   55000000,    2317335,        0,  -52682665,          0
 11703,    74,   55000000,    2887564,        0,  -52112436,          0
 11703,    75,   55000000,    1704383,        0,  -53295617,          0
 11703,    76,   55000000,    1699894,        0,  -53300106,          0
 11703,    77,   55000000,    1733589,        0,  -53266411,          0
 11703,    78,   55000000,    1969875,        0,  -53030125,          0
 11703,    79,   55000000,    1715224,        0,  -53284776,          0
 11703,    80,   55000000,    1742047,        0,  -53257953,          0
 11703,    81,   55000000,    1804789,        0,  -53195211,          0
 11703,    82,   55000000,    3062151,        0,  -51937849,          0
 11703,    83,   55000000,    1724515,        0,  -53275485,          0
 11703,    84,   55000000,    1819783,        0,  -53180217,          0
 11703,    85,   55000000,    1802886,        0,  -53197114,          0
 11703,    86,   55000000,    1714623,        0,  -53285377,          0
 11703,    87,   55000000,    1696160,        0,  -53303840,          0
 11703,    88,   55000000,    1735477,        0,  -53264523,          0
 11703,    89,   55000000,    2088006,        0,  -52911994,          0
 11703,    90,   55000000,    1842815,        0,  -53157185,          0
 11703,    91,   55000000,    1733518,        0,  -53266482,          0
 11703,    92,   55000000,    1722567,        0,  -53277433,          0
 11703,    93,   55000000,    1698826,        0,  -53301174,          0
 11703,    94,   55000000,    1746216,        0,  -53253784,          0
 11703,    95,   55000000,    1735666,        0,  -53264334,          0
 11703,    96,   55000000,    1725978,        0,  -53274022,          0
 11703,    97,   55000000,    2049490,        0,  -52950510,          0
 11703,    98,   55000000,    2229722,        0,  -52770278,          0
 11703,    99,   55000000,    1730813,        0,  -53269187,          0
 11703,   100,   55000000,    1729318,        0,  -53270682,          0
 11703,   101,   55000000,    2027111,        0,  -52972889,          0
 11703,   102,   55000000,    3044999,        0,  -51955001,          0
 11703,   103,   55000000,    1747181,        0,  -53252819,          0
 11703,   104,   55000000,    1747649,        0,  -53252351,          0
 11703,   105,   55000000,    2084883,        0,  -52915117,          0
 11703,   106,   55000000,    1963580,        0,  -53036420,          0
 11703,   107,   55000000,    1732752,        0,  -53267248,          0
 11703,   108,   55000000,    1699673,        0,  -53300327,          0
 11703,   109,   55000000,    1797062,        0,  -53202938,          0
 11703,   110,   55000000,    3054642,        0,  -51945358,          0
 11703,   111,   55000000,    1707491,        0,  -53292509,          0
 11703,   112,   55000000,    1798928,        0,  -53201072,          0
 11703,   113,   55000000,    2057122,        0,  -52942878,          0
 11703,   114,   55000000,    1755755,        0,  -53244245,          0
 11703,   115,   55000000,    1723610,        0,  -53276390,          0
 11703,   116,   55000000,    3438434,        0,  -51561566,          0
 11703,   117,   55000000,    2029758,        0,  -52970242,          0
 11703,   118,   55000000,    3035729,        0,  -51964271,          0
 11703,   119,   55000000,    1767219,        0,  -53232781,          0
 11703,   120,   55000000,    1731356,        0,  -53268644,          0
 11703,   121,   55000000,    2017100,        0,  -52982900,          0
 11703,   122,   55000000,    1765743,        0,  -53234257,          0
 11703,   123,   55000000,    1775297,        0,  -53224703,          0
 11703,   124,   55000000,    3057095,        0,  -51942905,          0
 11703,   125,   55000000,    1787640,        0,  -53212360,          0
 11703,   126,   55000000,    2406616,        0,  -52593384,          0
 11703,   127,   55000000,    1794452,        0,  -53205548,          0
 11703,   128,   55000000,    1725974,        0,  -53274026,          0
 11703,   129,   55000000,    1887788,        0,  -53112212,          0
 11703,   130,   55000000,    3035595,        0,  -51964405,          0
 11703,   131,   55000000,    1712519,        0,  -53287481,          0
 11703,   132,   55000000,    1790504,        0,  -53209496,          0
 11703,   133,   55000000,    1745470,        0,  -53254530,          0
 11703,   134,   55000000,    3033557,        0,  -51966443,          0
 11703,   135,   55000000,    1739065,        0,  -53260935,          0
 11703,   136,   55000000,    1705871,        0,  -53294129,          0
 11703,   137,   55000000,    2044527,        0,  -52955473,          0
 11703,   138,   55000000,    2160563,        0,  -52839437,          0
 11703,   139,   55000000,    1853837,        0,  -53146163,          0
 11703,   140,   55000000,    1708721,        0,  -53291279,          0
 11703,   141,   55000000,    1731354,        0,  -53268646,          0
 11703,   142,   55000000,    1723035,        0,  -53276965,          0
 11703,   143,   55000000,    1791876,        0,  -53208124,          0
 11703,   144,   55000000,    3543440,        0,  -51456560,          0
 11703,   145,   55000000,    1731842,        0,  -53268158,          0
 11703,   146,   55000000,    2872111,        0,  -52127889,          0
 11703,   147,   55000000,    1753440,        0,  -53246560,          0
 11703,   148,   55000000,    1705773,        0,  -53294227,          0
 11703,   149,   55000000,    2042681,        0,  -52957319,          0
 11703,   150,   55000000,    2448335,        0,  -52551665,          0
 11703,   151,   55000000,    1724903,        0,  -53275097,          0
 11703,   152,   55000000,    1746076,        0,  -53253924,          0
 11703,   153,   55000000,    2050252,        0,  -52949748,          0
 11703,   154,   55000000,    3013730,        0,  -51986270,          0
 11703,   155,   55000000,    1705110,        0,  -53294890,          0
 11703,   156,   55000000,    1739966,        0,  -53260034,          0
 11703,   157,   55000000,    2064054,        0,  -52935946,          0
 11703,   158,   55000000,    3076067,        0,  -51923933,          0
 11703,   159,   55000000,    1737921,        0,  -53262079,          0
 11703,   160,   55000000,    1717850,        0,  -53282150,          0
 11703,   161,   55000000,    2056085,        0,  -52943915,          0
 11703,   162,   55000000,    2438121,        0,  -52561879,          0
 11703,   163,   55000000,    1707025,        0,  -53292975,          0
 11703,   164,   55000000,    1767076,        0,  -53232924,          0
 11703,   165,   55000000,    2032246,        0,  -52967754,          0
 11703,   166,   55000000,    1723245,        0,  -53276755,          0
 11703,   167,   55000000,    1721340,        0,  -53278660,          0
 11703,   168,   55000000,    1787593,        0,  -53212407,          0
 11703,   169,   55000000,    2039903,        0,  -52960097,          0
 11703,   170,   55000000,    2992776,        0,  -52007224,          0
 11703,   171,   55000000,    1720741,        0,  -53279259,          0
 11703,   172,   55000000,    1731366,        0,  -53268634,          0
 11703,   173,   55000000,    2390856,        0,  -52609144,          0
 11703,   174,   55000000,    2038063,        0,  -52961937,          0
 11703,   175,   55000000,    1700620,        0,  -53299380,          0
 11703,   176,   55000000,    1763698,        0,  -53236302,          0
 11703,   177,   55000000,    2037695,        0,  -52962305,          0
 11703,   178,   55000000,    3038992,        0,  -51961008,          0
 11703,   179,   55000000,    1707347,        0,  -53292653,          0
 11703,   180,   55000000,    1765148,        0,  -53234852,          0
 11703,   181,   55000000,    1792861,        0,  -53207139,          0
 11703,   182,   55000000,    2003393,        0,  -52996607,          0
 11703,   183,   55000000,    1732110,        0,  -53267890,          0
 11703,   184,   55000000,    1757713,        0,  -53242287,          0
 11703,   185,   55000000,    2038190,        0,  -52961810,          0
