# Task,   Job,     Period,   Response, DL Miss?,   Lateness,  Tardiness
# task NAME=myapp PID=12606 COST=16840000 PERIOD=44000000 CPU=0
 12606,     2,   44000000,       2788,        0,  -43997212,          0
 12606,     3,   44000000,     120990,        0,  -43879010,          0
 12606,     4,   44000000,   16760431,        0,  -27239569,          0
 12606,     5,   44000000,   16739768,        0,  -27260232,          0
 12606,     6,   44000000,   16817023,        0,  -27182977,          0
 12606,     7,   44000000,   16766483,        0,  -27233517,          0
 12606,     8,   44000000,   17892594,        0,  -26107406,          0
 12606,     9,   44000000,   16751969,        0,  -27248031,          0
 12606,    10,   44000000,   18947996,        0,  -25052004,          0
 12606,    11,   44000000,   16920856,        0,  -27079144,          0
 12606,    12,   44000000,   16760546,        0,  -27239454,          0
 12606,    13,   44000000,   17021022,        0,  -26978978,          0
 12606,    14,   44000000,   19437545,        0,  -24562455,          0
 12606,    15,   44000000,   17799150,        0,  -26200850,          0
 12606,    16,   44000000,   27929814,        0,  -16070186,          0
 12606,    17,   44000000,   16744159,        0,  -27255841,          0
 12606,    18,   44000000,   16816566,        0,  -27183434,          0
 12606,    19,   44000000,   16779019,        0,  -27220981,          0
 12606,    20,   44000000,   16721106,        0,  -27278894,          0
 12606,    21,   44000000,   20620900,        0,  -23379100,          0
 12606,    22,   44000000,   16722771,        0,  -27277229,          0
 12606,    23,   44000000,   16732336,        0,  -27267664,          0
 12606,    24,   44000000,   32089614,        0,  -11910386,          0
 12606,    25,   44000000,   16753521,        0,  -27246479,          0
 12606,    26,   44000000,   23822225,        0,  -20177775,          0
 12606,    27,   44000000,   18158380,        0,  -25841620,          0
 12606,    28,   44000000,   16753850,        0,  -27246150,          0
 12606,    29,   44000000,   19546781,        0,  -24453219,          0
 12606,    30,   44000000,   24585427,        0,  -19414573,          0
 12606,    31,   44000000,   16785990,        0,  -27214010,          0
 12606,    32,   44000000,   16849741,        0,  -27150259,          0
 12606,    33,   44000000,   16813456,        0,  -27186544,          0
 12606,    34,   44000000,   17312408,        0,  -26687592,          0
 12606,    35,   44000000,   16760646,        0,  -27239354,          0
 12606,    36,   44000000,   16800168,        0,  -27199832,          0
 12606,    37,   44000000,   20200733,        0,  -23799267,          0
 12606,    38,   44000000,   16769947,        0,  -27230053,          0
 12606,    39,   44000000,   16763276,        0,  -27236724,          0
 12606,    40,   44000000,   16765725,        0,  -27234275,          0
 12606,    41,   44000000,   17782709,        0,  -26217291,          0
 12606,    42,   44000000,   16843746,        0,  -27156254,          0
 12606,    43,   44000000,   18033527,        0,  -25966473,          0
 12606,    44,   44000000,   17062149,        0,  -26937851,          0
 12606,    45,   44000000,   22025627,        0,  -21974373,          0
 12606,    46,   44000000,   16720933,        0,  -27279067,          0
 12606,    47,   44000000,   17051249,        0,  -26948751,          0
 12606,    48,   44000000,   16822914,        0,  -27177086,          0
 12606,    49,   44000000,   16890333,        0,  -27109667,          0
 12606,    50,   44000000,   17041850,        0,  -26958150,          0
 12606,    51,   44000000,   16885846,        0,  -27114154,          0
 12606,    52,   44000000,   24426754,        0,  -19573246,          0
 12606,    53,   44000000,   16788922,        0,  -27211078,          0
 12606,    54,   44000000,   18108379,        0,  -25891621,          0
 12606,    55,   44000000,   16764097,        0,  -27235903,          0
 12606,    56,   44000000,   19984004,        0,  -24015996,          0
 12606,    57,   44000000,   20651353,        0,  -23348647,          0
 12606,    58,   44000000,   19708435,        0,  -24291565,          0
 12606,    59,   44000000,   16754355,        0,  -27245645,          0
 12606,    60,   44000000,   16863412,        0,  -27136588,          0
 12606,    61,   44000000,   17065539,        0,  -26934461,          0
 12606,    62,   44000000,   18227721,        0,  -25772279,          0
 12606,    63,   44000000,   16740476,        0,  -27259524,          0
 12606,    64,   44000000,   17094685,        0,  -26905315,          0
 12606,    65,   44000000,   16714592,        0,  -27285408,          0
 12606,    66,   44000000,   16749572,        0,  -27250428,          0
 12606,    67,   44000000,   17036443,        0,  -26963557,          0
 12606,    68,   44000000,   16774232,        0,  -27225768,          0
 12606,    69,   44000000,   26761458,        0,  -17238542,          0
 12606,    70,   44000000,   16738317,        0,  -27261683,          0
 12606,    71,   44000000,   22262276,        0,  -21737724,          0
 12606,    72,   44000000,   16816619,        0,  -27183381,          0
 12606,    73,   44000000,   16772374,        0,  -27227626,          0
 12606,    74,   44000000,   16758071,        0,  -27241929,          0
 12606,    75,   44000000,   16842499,        0,  -27157501,          0
 12606,    76,   44000000,   20800965,        0,  -23199035,          0
 12606,    77,   44000000,   16822297,        0,  -27177703,          0
 12606,    78,   44000000,   19954020,        0,  -24045980,          0
 12606,    79,   44000000,   16820856,        0,  -27179144,          0
 12606,    80,   44000000,   16781500,        0,  -27218500,          0
 12606,    81,   44000000,   20185994,        0,  -23814006,          0
 12606,    82,   44000000,   16806973,        0,  -27193027,          0
 12606,    83,   44000000,   16736983,        0,  -27263017,          0
 12606,    84,   44000000,   17016428,        0,  -26983572,          0
 12606,    85,   44000000,   19391363,        0,  -24608637,          0
 12606,    86,   44000000,   16751854,        0,  -27248146,          0
 12606,    87,   44000000,   17446917,        0,  -26553083,          0
 12606,    88,   44000000,   16840365,        0,  -27159635,          0
 12606,    89,   44000000,   16750836,        0,  -27249164,          0
 12606,    90,   44000000,   17090089,        0,  -26909911,          0
 12606,    91,   44000000,   16806318,        0,  -27193682,          0
 12606,    92,   44000000,   16724314,        0,  -27275686,          0
 12606,    93,   44000000,   16774631,        0,  -27225369,          0
 12606,    94,   44000000,   16735756,        0,  -27264244,          0
 12606,    95,   44000000,   16820840,        0,  -27179160,          0
 12606,    96,   44000000,   16803650,        0,  -27196350,          0
 12606,    97,   44000000,   16740481,        0,  -27259519,          0
 12606,    98,   44000000,   17153748,        0,  -26846252,          0
 12606,    99,   44000000,   17524027,        0,  -26475973,          0
 12606,   100,   44000000,   16732831,        0,  -27267169,          0
 12606,   101,   44000000,   17099910,        0,  -26900090,          0
 12606,   102,   44000000,   20023445,        0,  -23976555,          0
 12606,   103,   44000000,   19106096,        0,  -24893904,          0
 12606,   104,   44000000,   16792755,        0,  -27207245,          0
 12606,   105,   44000000,   16783304,        0,  -27216696,          0
 12606,   106,   44000000,   18822945,        0,  -25177055,          0
 12606,   107,   44000000,   16804313,        0,  -27195687,          0
 12606,   108,   44000000,   17811557,        0,  -26188443,          0
 12606,   109,   44000000,   16780359,        0,  -27219641,          0
 12606,   110,   44000000,   16727531,        0,  -27272469,          0
 12606,   111,   44000000,   16796754,        0,  -27203246,          0
 12606,   112,   44000000,   16760215,        0,  -27239785,          0
 12606,   113,   44000000,   17459185,        0,  -26540815,          0
 12606,   114,   44000000,   16753186,        0,  -27246814,          0
 12606,   115,   44000000,   17071154,        0,  -26928846,          0
 12606,   116,   44000000,   16777753,        0,  -27222247,          0
 12606,   117,   44000000,   17016861,        0,  -26983139,          0
 12606,   118,   44000000,   17056810,        0,  -26943190,          0
 12606,   119,   44000000,   16729965,        0,  -27270035,          0
 12606,   120,   44000000,   16853324,        0,  -27146676,          0
 12606,   121,   44000000,   17096134,        0,  -26903866,          0
 12606,   122,   44000000,   18369831,        0,  -25630169,          0
 12606,   123,   44000000,   18178076,        0,  -25821924,          0
 12606,   124,   44000000,   16872932,        0,  -27127068,          0
 12606,   125,   44000000,   19704627,        0,  -24295373,          0
 12606,   126,   44000000,   16772684,        0,  -27227316,          0
 12606,   127,   44000000,   17180812,        0,  -26819188,          0
 12606,   128,   44000000,   16748145,        0,  -27251855,          0
 12606,   129,   44000000,   20593041,        0,  -23406959,          0
 12606,   130,   44000000,   16782288,        0,  -27217712,          0
 12606,   131,   44000000,   16820086,        0,  -27179914,          0
 12606,   132,   44000000,   16770148,        0,  -27229852,          0
 12606,   133,   44000000,   16762531,        0,  -27237469,          0
 12606,   134,   44000000,   18941504,        0,  -25058496,          0
 12606,   135,   44000000,   26431455,        0,  -17568545,          0
 12606,   136,   44000000,   16778152,        0,  -27221848,          0
 12606,   137,   44000000,   16845120,        0,  -27154880,          0
 12606,   138,   44000000,   17104489,        0,  -26895511,          0
 12606,   139,   44000000,   19680879,        0,  -24319121,          0
 12606,   140,   44000000,   16754203,        0,  -27245797,          0
 12606,   141,   44000000,   16767714,        0,  -27232286,          0
 12606,   142,   44000000,   16783798,        0,  -27216202,          0
 12606,   143,   44000000,   16789607,        0,  -27210393,          0
 12606,   144,   44000000,   16799435,        0,  -27200565,          0
 12606,   145,   44000000,   16753093,        0,  -27246907,          0
 12606,   146,   44000000,   18811800,        0,  -25188200,          0
 12606,   147,   44000000,   16886970,        0,  -27113030,          0
 12606,   148,   44000000,   19567520,        0,  -24432480,          0
 12606,   149,   44000000,   16742106,        0,  -27257894,          0
 12606,   150,   44000000,   16775943,        0,  -27224057,          0
 12606,   151,   44000000,   16750302,        0,  -27249698,          0
 12606,   152,   44000000,   18106217,        0,  -25893783,          0
 12606,   153,   44000000,   16772573,        0,  -27227427,          0
 12606,   154,   44000000,   20225167,        0,  -23774833,          0
 12606,   155,   44000000,   17046698,        0,  -26953302,          0
 12606,   156,   44000000,   17491882,        0,  -26508118,          0
 12606,   157,   44000000,   24045499,        0,  -19954501,          0
 12606,   158,   44000000,   16729079,        0,  -27270921,          0
 12606,   159,   44000000,   16770470,        0,  -27229530,          0
 12606,   160,   44000000,   16741551,        0,  -27258449,          0
 12606,   161,   44000000,   16779755,        0,  -27220245,          0
 12606,   162,   44000000,   16751179,        0,  -27248821,          0
 12606,   163,   44000000,   17098781,        0,  -26901219,          0
 12606,   164,   44000000,   16764678,        0,  -27235322,          0
 12606,   165,   44000000,   24545261,        0,  -19454739,          0
 12606,   166,   44000000,   16769055,        0,  -27230945,          0
 12606,   167,   44000000,   24016938,        0,  -19983062,          0
 12606,   168,   44000000,   18820858,        0,  -25179142,          0
 12606,   169,   44000000,   17112005,        0,  -26887995,          0
 12606,   170,   44000000,   17879344,        0,  -26120656,          0
 12606,   171,   44000000,   16752295,        0,  -27247705,          0
 12606,   172,   44000000,   17030336,        0,  -26969664,          0
 12606,   173,   44000000,   16753616,        0,  -27246384,          0
 12606,   174,   44000000,   16800029,        0,  -27199971,          0
 12606,   175,   44000000,   17031644,        0,  -26968356,          0
 12606,   176,   44000000,   16925498,        0,  -27074502,          0
 12606,   177,   44000000,   19886405,        0,  -24113595,          0
 12606,   178,   44000000,   16735423,        0,  -27264577,          0
 12606,   179,   44000000,   16841742,        0,  -27158258,          0
 12606,   180,   44000000,   19346281,        0,  -24653719,          0
 12606,   181,   44000000,   19432492,        0,  -24567508,          0
 12606,   182,   44000000,   17826300,        0,  -26173700,          0
 12606,   183,   44000000,   16777014,        0,  -27222986,          0
 12606,   184,   44000000,   16747823,        0,  -27252177,          0
 12606,   185,   44000000,   18813596,        0,  -25186404,          0
 12606,   186,   44000000,   17123281,        0,  -26876719,          0
 12606,   187,   44000000,   16784785,        0,  -27215215,          0
 12606,   188,   44000000,   16801224,        0,  -27198776,          0
 12606,   189,   44000000,   20560224,        0,  -23439776,          0
 12606,   190,   44000000,   16755048,        0,  -27244952,          0
 12606,   191,   44000000,   16769758,        0,  -27230242,          0
 12606,   192,   44000000,   17067001,        0,  -26932999,          0
 12606,   193,   44000000,   16800781,        0,  -27199219,          0
 12606,   194,   44000000,   16837853,        0,  -27162147,          0
 12606,   195,   44000000,   31904033,        0,  -12095967,          0
 12606,   196,   44000000,   16819630,        0,  -27180370,          0
 12606,   197,   44000000,   16796827,        0,  -27203173,          0
 12606,   198,   44000000,   16783986,        0,  -27216014,          0
 12606,   199,   44000000,   16739927,        0,  -27260073,          0
 12606,   200,   44000000,   16767066,        0,  -27232934,          0
 12606,   201,   44000000,   19830238,        0,  -24169762,          0
 12606,   202,   44000000,   33335075,        0,  -10664925,          0
 12606,   203,   44000000,   16777389,        0,  -27222611,          0
 12606,   204,   44000000,   17748115,        0,  -26251885,          0
 12606,   205,   44000000,   16739384,        0,  -27260616,          0
 12606,   206,   44000000,   21762112,        0,  -22237888,          0
 12606,   207,   44000000,   16760462,        0,  -27239538,          0
 12606,   208,   44000000,   16734677,        0,  -27265323,          0
 12606,   209,   44000000,   17913319,        0,  -26086681,          0
 12606,   210,   44000000,   16777562,        0,  -27222438,          0
 12606,   211,   44000000,   16813605,        0,  -27186395,          0
 12606,   212,   44000000,   16809393,        0,  -27190607,          0
 12606,   213,   44000000,   16720620,        0,  -27279380,          0
 12606,   214,   44000000,   16765667,        0,  -27234333,          0
 12606,   215,   44000000,   16730440,        0,  -27269560,          0
 12606,   216,   44000000,   16833359,        0,  -27166641,          0
 12606,   217,   44000000,   20118636,        0,  -23881364,          0
 12606,   218,   44000000,   17441001,        0,  -26558999,          0
 12606,   219,   44000000,   16763287,        0,  -27236713,          0
 12606,   220,   44000000,   16753300,        0,  -27246700,          0
 12606,   221,   44000000,   17054889,        0,  -26945111,          0
 12606,   222,   44000000,   16735948,        0,  -27264052,          0
 12606,   223,   44000000,   17042450,        0,  -26957550,          0
 12606,   224,   44000000,   16789017,        0,  -27210983,          0
 12606,   225,   44000000,   16785564,        0,  -27214436,          0
 12606,   226,   44000000,   19116805,        0,  -24883195,          0
 12606,   227,   44000000,   16734756,        0,  -27265244,          0
 12606,   228,   44000000,   16874498,        0,  -27125502,          0
 12606,   229,   44000000,   17641733,        0,  -26358267,          0
 12606,   230,   44000000,   16782123,        0,  -27217877,          0
 12606,   231,   44000000,   16804260,        0,  -27195740,          0
# task NAME=myapp PID=12610 COST=24774000 PERIOD=92000000 CPU=0
 12610,     2,   92000000,      14164,        0,  -91985836,          0
 12610,     3,   92000000,     137774,        0,  -91862226,          0
 12610,     4,   92000000,   24612186,        0,  -67387814,          0
 12610,     5,   92000000,   24883084,        0,  -67116916,          0
 12610,     6,   92000000,   25203425,        0,  -66796575,          0
 12610,     7,   92000000,   24629943,        0,  -67370057,          0
 12610,     8,   92000000,   24635028,        0,  -67364972,          0
 12610,     9,   92000000,   24886972,        0,  -67113028,          0
 12610,    10,   92000000,   24627501,        0,  -67372499,          0
 12610,    11,   92000000,   24596474,        0,  -67403526,          0
 12610,    12,   92000000,   24658429,        0,  -67341571,          0
 12610,    13,   92000000,   49413616,        0,  -42586384,          0
 12610,    14,   92000000,   30433207,        0,  -61566793,          0
 12610,    15,   92000000,   24593799,        0,  -67406201,          0
 12610,    16,   92000000,   31810639,        0,  -60189361,          0
 12610,    17,   92000000,   24614613,        0,  -67385387,          0
 12610,    18,   92000000,   28686099,        0,  -63313901,          0
 12610,    19,   92000000,   27671422,        0,  -64328578,          0
 12610,    20,   92000000,   24900047,        0,  -67099953,          0
 12610,    21,   92000000,   24685031,        0,  -67314969,          0
 12610,    22,   92000000,   24657525,        0,  -67342475,          0
 12610,    23,   92000000,   24721871,        0,  -67278129,          0
 12610,    24,   92000000,   24898355,        0,  -67101645,          0
 12610,    25,   92000000,   24611734,        0,  -67388266,          0
 12610,    26,   92000000,   24709618,        0,  -67290382,          0
 12610,    27,   92000000,   24654004,        0,  -67345996,          0
 12610,    28,   92000000,   26176509,        0,  -65823491,          0
 12610,    29,   92000000,   24636026,        0,  -67363974,          0
 12610,    30,   92000000,   24947597,        0,  -67052403,          0
 12610,    31,   92000000,   24614519,        0,  -67385481,          0
 12610,    32,   92000000,   24847902,        0,  -67152098,          0
 12610,    33,   92000000,   24638217,        0,  -67361783,          0
 12610,    34,   92000000,   24596043,        0,  -67403957,          0
 12610,    35,   92000000,   24734277,        0,  -67265723,          0
 12610,    36,   92000000,   24671831,        0,  -67328169,          0
 12610,    37,   92000000,   24641502,        0,  -67358498,          0
 12610,    38,   92000000,   26422511,        0,  -65577489,          0
 12610,    39,   92000000,   27248653,        0,  -64751347,          0
 12610,    40,   92000000,   25680134,        0,  -66319866,          0
 12610,    41,   92000000,   24691038,        0,  -67308962,          0
 12610,    42,   92000000,   25672921,        0,  -66327079,          0
 12610,    43,   92000000,   24898973,        0,  -67101027,          0
 12610,    44,   92000000,   24601349,        0,  -67398651,          0
 12610,    45,   92000000,   24616152,        0,  -67383848,          0
 12610,    46,   92000000,   29475838,        0,  -62524162,          0
 12610,    47,   92000000,   24888986,        0,  -67111014,          0
 12610,    48,   92000000,   24625931,        0,  -67374069,          0
 12610,    49,   92000000,   24623821,        0,  -67376179,          0
 12610,    50,   92000000,   24590984,        0,  -67409016,          0
 12610,    51,   92000000,   24660359,        0,  -67339641,          0
 12610,    52,   92000000,   24643769,        0,  -67356231,          0
 12610,    53,   92000000,   24654157,        0,  -67345843,          0
 12610,    54,   92000000,   24900001,        0,  -67099999,          0
 12610,    55,   92000000,   24645191,        0,  -67354809,          0
 12610,    56,   92000000,   24669731,        0,  -67330269,          0
 12610,    57,   92000000,   24641156,        0,  -67358844,          0
 12610,    58,   92000000,   24916361,        0,  -67083639,          0
 12610,    59,   92000000,   29774618,        0,  -62225382,          0
 12610,    60,   92000000,   24610055,        0,  -67389945,          0
 12610,    61,   92000000,   24573318,        0,  -67426682,          0
 12610,    62,   92000000,   27592081,        0,  -64407919,          0
 12610,    63,   92000000,   24657376,        0,  -67342624,          0
 12610,    64,   92000000,   24625683,        0,  -67374317,          0
 12610,    65,   92000000,   26751460,        0,  -65248540,          0
 12610,    66,   92000000,   24922715,        0,  -67077285,          0
 12610,    67,   92000000,   24623392,        0,  -67376608,          0
 12610,    68,   92000000,   34773547,        0,  -57226453,          0
 12610,    69,   92000000,   24627218,        0,  -67372782,          0
 12610,    70,   92000000,   30542318,        0,  -61457682,          0
 12610,    71,   92000000,   24638218,        0,  -67361782,          0
 12610,    72,   92000000,   24625055,        0,  -67374945,          0
 12610,    73,   92000000,   24911225,        0,  -67088775,          0
 12610,    74,   92000000,   25221052,        0,  -66778948,          0
 12610,    75,   92000000,   24645335,        0,  -67354665,          0
 12610,    76,   92000000,   24804629,        0,  -67195371,          0
 12610,    77,   92000000,   24925513,        0,  -67074487,          0
 12610,    78,   92000000,   24648474,        0,  -67351526,          0
 12610,    79,   92000000,   27643486,        0,  -64356514,          0
 12610,    80,   92000000,   24627769,        0,  -67372231,          0
 12610,    81,   92000000,   24878842,        0,  -67121158,          0
 12610,    82,   92000000,   31759813,        0,  -60240187,          0
 12610,    83,   92000000,   24592487,        0,  -67407513,          0
 12610,    84,   92000000,   25604511,        0,  -66395489,          0
 12610,    85,   92000000,   24918499,        0,  -67081501,          0
 12610,    86,   92000000,   24596432,        0,  -67403568,          0
 12610,    87,   92000000,   24624063,        0,  -67375937,          0
 12610,    88,   92000000,   24590655,        0,  -67409345,          0
 12610,    89,   92000000,   24604867,        0,  -67395133,          0
 12610,    90,   92000000,   24584071,        0,  -67415929,          0
 12610,    91,   92000000,   24705001,        0,  -67294999,          0
 12610,    92,   92000000,   24927332,        0,  -67072668,          0
 12610,    93,   92000000,   31653838,        0,  -60346162,          0
 12610,    94,   92000000,   26697019,        0,  -65302981,          0
 12610,    95,   92000000,   24649438,        0,  -67350562,          0
 12610,    96,   92000000,   25257542,        0,  -66742458,          0
 12610,    97,   92000000,   24603570,        0,  -67396430,          0
 12610,    98,   92000000,   24622732,        0,  -67377268,          0
 12610,    99,   92000000,   24641751,        0,  -67358249,          0
 12610,   100,   92000000,   24944416,        0,  -67055584,          0
 12610,   101,   92000000,   24588868,        0,  -67411132,          0
 12610,   102,   92000000,   24660859,        0,  -67339141,          0
 12610,   103,   92000000,   24601821,        0,  -67398179,          0
 12610,   104,   92000000,   24606535,        0,  -67393465,          0
 12610,   105,   92000000,   24588567,        0,  -67411433,          0
 12610,   106,   92000000,   24651046,        0,  -67348954,          0
 12610,   107,   92000000,   29669796,        0,  -62330204,          0
 12610,   108,   92000000,   25751155,        0,  -66248845,          0
 12610,   109,   92000000,   24636897,        0,  -67363103,          0
 12610,   110,   92000000,   28509324,        0,  -63490676,          0
 12610,   111,   92000000,   24906037,        0,  -67093963,          0
 12610,   112,   92000000,   24601466,        0,  -67398534,          0
# task NAME=myapp PID=12614 COST=11030000 PERIOD=66000000 CPU=0
 12614,     2,   66000000,      14098,        0,  -65985902,          0
 12614,     3,   66000000,     133413,        0,  -65866587,          0
 12614,     4,   66000000,   11291182,        0,  -54708818,          0
 12614,     5,   66000000,   11043280,        0,  -54956720,          0
 12614,     6,   66000000,   11029251,        0,  -54970749,          0
 12614,     7,   66000000,   11024872,        0,  -54975128,          0
 12614,     8,   66000000,   14198456,        0,  -51801544,          0
 12614,     9,   66000000,   11034472,        0,  -54965528,          0
 12614,    10,   66000000,   13090180,        0,  -52909820,          0
 12614,    11,   66000000,   12047115,        0,  -53952885,          0
 12614,    12,   66000000,   10969687,        0,  -55030313,          0
 12614,    13,   66000000,   11072462,        0,  -54927538,          0
 12614,    14,   66000000,   11134205,        0,  -54865795,          0
 12614,    15,   66000000,   11039726,        0,  -54960274,          0
 12614,    16,   66000000,   11026326,        0,  -54973674,          0
 12614,    17,   66000000,   26873860,        0,  -39126140,          0
 12614,    18,   66000000,   11015021,        0,  -54984979,          0
 12614,    19,   66000000,   12114890,        0,  -53885110,          0
 12614,    20,   66000000,   10992869,        0,  -55007131,          0
 12614,    21,   66000000,   22272277,        0,  -43727723,          0
 12614,    22,   66000000,   12075440,        0,  -53924560,          0
 12614,    23,   66000000,   11040479,        0,  -54959521,          0
 12614,    24,   66000000,   11013286,        0,  -54986714,          0
 12614,    25,   66000000,   11066079,        0,  -54933921,          0
 12614,    26,   66000000,   11051633,        0,  -54948367,          0
 12614,    27,   66000000,   12046151,        0,  -53953849,          0
 12614,    28,   66000000,   15106120,        0,  -50893880,          0
 12614,    29,   66000000,   11082109,        0,  -54917891,          0
 12614,    30,   66000000,   11222293,        0,  -54777707,          0
 12614,    31,   66000000,   14046091,        0,  -51953909,          0
 12614,    32,   66000000,   14072204,        0,  -51927796,          0
 12614,    33,   66000000,   11077545,        0,  -54922455,          0
 12614,    34,   66000000,   12058206,        0,  -53941794,          0
 12614,    35,   66000000,   11108275,        0,  -54891725,          0
 12614,    36,   66000000,   10966268,        0,  -55033732,          0
 12614,    37,   66000000,   14791931,        0,  -51208069,          0
 12614,    38,   66000000,   11270109,        0,  -54729891,          0
 12614,    39,   66000000,   11026627,        0,  -54973373,          0
 12614,    40,   66000000,   11316080,        0,  -54683920,          0
 12614,    41,   66000000,   11034555,        0,  -54965445,          0
 12614,    42,   66000000,   11044189,        0,  -54955811,          0
 12614,    43,   66000000,   11000318,        0,  -54999682,          0
 12614,    44,   66000000,   13737267,        0,  -52262733,          0
 12614,    45,   66000000,   12765855,        0,  -53234145,          0
 12614,    46,   66000000,   10994193,        0,  -55005807,          0
 12614,    47,   66000000,   18915041,        0,  -47084959,          0
 12614,    48,   66000000,   10983790,        0,  -55016210,          0
 12614,    49,   66000000,   11070184,        0,  -54929816,          0
 12614,    50,   66000000,   13121320,        0,  -52878680,          0
 12614,    51,   66000000,   11061191,        0,  -54938809,          0
 12614,    52,   66000000,   10996192,        0,  -55003808,          0
 12614,    53,   66000000,   11056890,        0,  -54943110,          0
 12614,    54,   66000000,   10997540,        0,  -55002460,          0
 12614,    55,   66000000,   11031990,        0,  -54968010,          0
 12614,    56,   66000000,   10983042,        0,  -55016958,          0
 12614,    57,   66000000,   12222038,        0,  -53777962,          0
 12614,    58,   66000000,   10983208,        0,  -55016792,          0
 12614,    59,   66000000,   12833117,        0,  -53166883,          0
 12614,    60,   66000000,   12528111,        0,  -53471889,          0
 12614,    61,   66000000,   11334653,        0,  -54665347,          0
 12614,    62,   66000000,   11074265,        0,  -54925735,          0
 12614,    63,   66000000,   10998555,        0,  -55001445,          0
 12614,    64,   66000000,   10972318,        0,  -55027682,          0
 12614,    65,   66000000,   11055559,        0,  -54944441,          0
 12614,    66,   66000000,   11093467,        0,  -54906533,          0
 12614,    67,   66000000,   13822580,        0,  -52177420,          0
 12614,    68,   66000000,   11037934,        0,  -54962066,          0
 12614,    69,   66000000,   11046862,        0,  -54953138,          0
 12614,    70,   66000000,   12080762,        0,  -53919238,          0
 12614,    71,   66000000,   10998253,        0,  -55001747,          0
 12614,    72,   66000000,   11034673,        0,  -54965327,          0
 12614,    73,   66000000,   12235751,        0,  -53764249,          0
 12614,    74,   66000000,   11402012,        0,  -54597988,          0
 12614,    75,   66000000,   11052665,        0,  -54947335,          0
 12614,    76,   66000000,   11300931,        0,  -54699069,          0
 12614,    77,   66000000,   13080804,        0,  -52919196,          0
 12614,    78,   66000000,   11005325,        0,  -54994675,          0
 12614,    79,   66000000,   13090146,        0,  -52909854,          0
 12614,    80,   66000000,   10999919,        0,  -55000081,          0
 12614,    81,   66000000,   11054149,        0,  -54945851,          0
 12614,    82,   66000000,   11040208,        0,  -54959792,          0
 12614,    83,   66000000,   11016889,        0,  -54983111,          0
 12614,    84,   66000000,   11022671,        0,  -54977329,          0
 12614,    85,   66000000,   11032858,        0,  -54967142,          0
 12614,    86,   66000000,   11272801,        0,  -54727199,          0
 12614,    87,   66000000,   11493366,        0,  -54506634,          0
 12614,    88,   66000000,   11038032,        0,  -54961968,          0
 12614,    89,   66000000,   11039804,        0,  -54960196,          0
 12614,    90,   66000000,   10989072,        0,  -55010928,          0
 12614,    91,   66000000,   19519486,        0,  -46480514,          0
 12614,    92,   66000000,   11106393,        0,  -54893607,          0
 12614,    93,   66000000,   11324633,        0,  -54675367,          0
 12614,    94,   66000000,   11029894,        0,  -54970106,          0
 12614,    95,   66000000,   13684703,        0,  -52315297,          0
 12614,    96,   66000000,   11042482,        0,  -54957518,          0
 12614,    97,   66000000,   11038206,        0,  -54961794,          0
 12614,    98,   66000000,   11045355,        0,  -54954645,          0
 12614,    99,   66000000,   12412695,        0,  -53587305,          0
 12614,   100,   66000000,   11029163,        0,  -54970837,          0
 12614,   101,   66000000,   11029315,        0,  -54970685,          0
 12614,   102,   66000000,   11039038,        0,  -54960962,          0
 12614,   103,   66000000,   11035974,        0,  -54964026,          0
 12614,   104,   66000000,   10992899,        0,  -55007101,          0
 12614,   105,   66000000,   12815859,        0,  -53184141,          0
 12614,   106,   66000000,   11015164,        0,  -54984836,          0
 12614,   107,   66000000,   11060272,        0,  -54939728,          0
 12614,   108,   66000000,   17689892,        0,  -48310108,          0
 12614,   109,   66000000,   15079124,        0,  -50920876,          0
 12614,   110,   66000000,   12062281,        0,  -53937719,          0
 12614,   111,   66000000,   17859596,        0,  -48140404,          0
 12614,   112,   66000000,   13659130,        0,  -52340870,          0
 12614,   113,   66000000,   14446091,        0,  -51553909,          0
 12614,   114,   66000000,   11020738,        0,  -54979262,          0
 12614,   115,   66000000,   11031812,        0,  -54968188,          0
 12614,   116,   66000000,   11810027,        0,  -54189973,          0
 12614,   117,   66000000,   11068477,        0,  -54931523,          0
 12614,   118,   66000000,   11033794,        0,  -54966206,          0
 12614,   119,   66000000,   11001073,        0,  -54998927,          0
 12614,   120,   66000000,   10986006,        0,  -55013994,          0
 12614,   121,   66000000,   11051922,        0,  -54948078,          0
 12614,   122,   66000000,   11131460,        0,  -54868540,          0
 12614,   123,   66000000,   11036892,        0,  -54963108,          0
 12614,   124,   66000000,   10999813,        0,  -55000187,          0
 12614,   125,   66000000,   11029358,        0,  -54970642,          0
 12614,   126,   66000000,   10973484,        0,  -55026516,          0
 12614,   127,   66000000,   11285050,        0,  -54714950,          0
 12614,   128,   66000000,   10987091,        0,  -55012909,          0
 12614,   129,   66000000,   11316863,        0,  -54683137,          0
 12614,   130,   66000000,   14977697,        0,  -51022303,          0
 12614,   131,   66000000,   16104537,        0,  -49895463,          0
 12614,   132,   66000000,   11017192,        0,  -54982808,          0
 12614,   133,   66000000,   11088288,        0,  -54911712,          0
 12614,   134,   66000000,   10994846,        0,  -55005154,          0
 12614,   135,   66000000,   14360045,        0,  -51639955,          0
 12614,   136,   66000000,   17628864,        0,  -48371136,          0
 12614,   137,   66000000,   25891111,        0,  -40108889,          0
 12614,   138,   66000000,   10983054,        0,  -55016946,          0
 12614,   139,   66000000,   10997160,        0,  -55002840,          0
 12614,   140,   66000000,   11840091,        0,  -54159909,          0
 12614,   141,   66000000,   11028592,        0,  -54971408,          0
 12614,   142,   66000000,   11034671,        0,  -54965329,          0
 12614,   143,   66000000,   11042349,        0,  -54957651,          0
 12614,   144,   66000000,   11432370,        0,  -54567630,          0
 12614,   145,   66000000,   11058075,        0,  -54941925,          0
 12614,   146,   66000000,   12243978,        0,  -53756022,          0
 12614,   147,   66000000,   13116192,        0,  -52883808,          0
 12614,   148,   66000000,   15056514,        0,  -50943486,          0
 12614,   149,   66000000,   11044523,        0,  -54955477,          0
 12614,   150,   66000000,   11016932,        0,  -54983068,          0
 12614,   151,   66000000,   11048639,        0,  -54951361,          0
 12614,   152,   66000000,   10995377,        0,  -55004623,          0
 12614,   153,   66000000,   11089520,        0,  -54910480,          0
 12614,   154,   66000000,   12125231,        0,  -53874769,          0
 12614,   155,   66000000,   11062467,        0,  -54937533,          0
# task NAME=myapp PID=12618 COST=14460000 PERIOD=79000000 CPU=0
 12618,     2,   79000000,       3081,        0,  -78996919,          0
 12618,     3,   79000000,     124746,        0,  -78875254,          0
 12618,     4,   79000000,   14382699,        0,  -64617301,          0
 12618,     5,   79000000,   14456220,        0,  -64543780,          0
 12618,     6,   79000000,   14516784,        0,  -64483216,          0
 12618,     7,   79000000,   14679404,        0,  -64320596,          0
 12618,     8,   79000000,   14390069,        0,  -64609931,          0
 12618,     9,   79000000,   14431220,        0,  -64568780,          0
 12618,    10,   79000000,   14467850,        0,  -64532150,          0
 12618,    11,   79000000,   14400752,        0,  -64599248,          0
 12618,    12,   79000000,   14415801,        0,  -64584199,          0
 12618,    13,   79000000,   14393258,        0,  -64606742,          0
 12618,    14,   79000000,   14400962,        0,  -64599038,          0
 12618,    15,   79000000,   20933232,        0,  -58066768,          0
 12618,    16,   79000000,   19361290,        0,  -59638710,          0
 12618,    17,   79000000,   14504980,        0,  -64495020,          0
 12618,    18,   79000000,   14678907,        0,  -64321093,          0
 12618,    19,   79000000,   16454147,        0,  -62545853,          0
 12618,    20,   79000000,   14479590,        0,  -64520410,          0
 12618,    21,   79000000,   14434785,        0,  -64565215,          0
 12618,    22,   79000000,   14626001,        0,  -64373999,          0
 12618,    23,   79000000,   14464081,        0,  -64535919,          0
 12618,    24,   79000000,   19752879,        0,  -59247121,          0
 12618,    25,   79000000,   19219718,        0,  -59780282,          0
 12618,    26,   79000000,   14653248,        0,  -64346752,          0
 12618,    27,   79000000,   14360624,        0,  -64639376,          0
 12618,    28,   79000000,   14383897,        0,  -64616103,          0
 12618,    29,   79000000,   17557842,        0,  -61442158,          0
 12618,    30,   79000000,   20860772,        0,  -58139228,          0
 12618,    31,   79000000,   14516010,        0,  -64483990,          0
 12618,    32,   79000000,   17855057,        0,  -61144943,          0
 12618,    33,   79000000,   14381712,        0,  -64618288,          0
 12618,    34,   79000000,   14378687,        0,  -64621313,          0
 12618,    35,   79000000,   14827683,        0,  -64172317,          0
 12618,    36,   79000000,   20255255,        0,  -58744745,          0
 12618,    37,   79000000,   14713262,        0,  -64286738,          0
 12618,    38,   79000000,   16234052,        0,  -62765948,          0
 12618,    39,   79000000,   14421407,        0,  -64578593,          0
 12618,    40,   79000000,   14384781,        0,  -64615219,          0
 12618,    41,   79000000,   14535837,        0,  -64464163,          0
 12618,    42,   79000000,   14526976,        0,  -64473024,          0
 12618,    43,   79000000,   14460340,        0,  -64539660,          0
 12618,    44,   79000000,   14491234,        0,  -64508766,          0
 12618,    45,   79000000,   16473585,        0,  -62526415,          0
 12618,    46,   79000000,   15223682,        0,  -63776318,          0
 12618,    47,   79000000,   14510235,        0,  -64489765,          0
 12618,    48,   79000000,   14707473,        0,  -64292527,          0
 12618,    49,   79000000,   18503539,        0,  -60496461,          0
 12618,    50,   79000000,   14394514,        0,  -64605486,          0
 12618,    51,   79000000,   17066525,        0,  -61933475,          0
 12618,    52,   79000000,   14467087,        0,  -64532913,          0
 12618,    53,   79000000,   14428694,        0,  -64571306,          0
 12618,    54,   79000000,   14417448,        0,  -64582552,          0
 12618,    55,   79000000,   15602163,        0,  -63397837,          0
 12618,    56,   79000000,   14669479,        0,  -64330521,          0
 12618,    57,   79000000,   14387852,        0,  -64612148,          0
 12618,    58,   79000000,   15965887,        0,  -63034113,          0
 12618,    59,   79000000,   14407201,        0,  -64592799,          0
 12618,    60,   79000000,   22456626,        0,  -56543374,          0
 12618,    61,   79000000,   14376464,        0,  -64623536,          0
 12618,    62,   79000000,   14376657,        0,  -64623343,          0
 12618,    63,   79000000,   14409021,        0,  -64590979,          0
 12618,    64,   79000000,   14405114,        0,  -64594886,          0
 12618,    65,   79000000,   21163448,        0,  -57836552,          0
 12618,    66,   79000000,   14431817,        0,  -64568183,          0
 12618,    67,   79000000,   17829825,        0,  -61170175,          0
 12618,    68,   79000000,   14499034,        0,  -64500966,          0
 12618,    69,   79000000,   14444397,        0,  -64555603,          0
 12618,    70,   79000000,   15531918,        0,  -63468082,          0
 12618,    71,   79000000,   14472855,        0,  -64527145,          0
 12618,    72,   79000000,   20814520,        0,  -58185480,          0
 12618,    73,   79000000,   14433118,        0,  -64566882,          0
 12618,    74,   79000000,   14416642,        0,  -64583358,          0
 12618,    75,   79000000,   21480713,        0,  -57519287,          0
 12618,    76,   79000000,   14408054,        0,  -64591946,          0
 12618,    77,   79000000,   14427137,        0,  -64572863,          0
 12618,    78,   79000000,   14580978,        0,  -64419022,          0
 12618,    79,   79000000,   14417410,        0,  -64582590,          0
 12618,    80,   79000000,   20378134,        0,  -58621866,          0
 12618,    81,   79000000,   14747037,        0,  -64252963,          0
 12618,    82,   79000000,   14371079,        0,  -64628921,          0
 12618,    83,   79000000,   14386365,        0,  -64613635,          0
 12618,    84,   79000000,   14435176,        0,  -64564824,          0
 12618,    85,   79000000,   15468311,        0,  -63531689,          0
 12618,    86,   79000000,   15856079,        0,  -63143921,          0
 12618,    87,   79000000,   14453738,        0,  -64546262,          0
 12618,    88,   79000000,   14393242,        0,  -64606758,          0
 12618,    89,   79000000,   14385858,        0,  -64614142,          0
 12618,    90,   79000000,   14397549,        0,  -64602451,          0
 12618,    91,   79000000,   16471033,        0,  -62528967,          0
 12618,    92,   79000000,   14405544,        0,  -64594456,          0
 12618,    93,   79000000,   14381245,        0,  -64618755,          0
 12618,    94,   79000000,   14637008,        0,  -64362992,          0
 12618,    95,   79000000,   21699951,        0,  -57300049,          0
 12618,    96,   79000000,   14813127,        0,  -64186873,          0
 12618,    97,   79000000,   14389376,        0,  -64610624,          0
 12618,    98,   79000000,   14594982,        0,  -64405018,          0
 12618,    99,   79000000,   14389986,        0,  -64610014,          0
 12618,   100,   79000000,   14384565,        0,  -64615435,          0
 12618,   101,   79000000,   18027487,        0,  -60972513,          0
 12618,   102,   79000000,   14410025,        0,  -64589975,          0
 12618,   103,   79000000,   14378361,        0,  -64621639,          0
 12618,   104,   79000000,   18087678,        0,  -60912322,          0
 12618,   105,   79000000,   14672228,        0,  -64327772,          0
 12618,   106,   79000000,   14426803,        0,  -64573197,          0
 12618,   107,   79000000,   16447486,        0,  -62552514,          0
 12618,   108,   79000000,   15141666,        0,  -63858334,          0
 12618,   109,   79000000,   14515674,        0,  -64484326,          0
 12618,   110,   79000000,   28606568,        0,  -50393432,          0
 12618,   111,   79000000,   17450156,        0,  -61549844,          0
 12618,   112,   79000000,   16120738,        0,  -62879262,          0
 12618,   113,   79000000,   14730805,        0,  -64269195,          0
 12618,   114,   79000000,   16589380,        0,  -62410620,          0
 12618,   115,   79000000,   22973624,        0,  -56026376,          0
 12618,   116,   79000000,   14441742,        0,  -64558258,          0
 12618,   117,   79000000,   14452915,        0,  -64547085,          0
 12618,   118,   79000000,   14402330,        0,  -64597670,          0
 12618,   119,   79000000,   14446629,        0,  -64553371,          0
 12618,   120,   79000000,   14453792,        0,  -64546208,          0
 12618,   121,   79000000,   14431842,        0,  -64568158,          0
 12618,   122,   79000000,   17044655,        0,  -61955345,          0
 12618,   123,   79000000,   14409535,        0,  -64590465,          0
 12618,   124,   79000000,   14738748,        0,  -64261252,          0
 12618,   125,   79000000,   28051912,        0,  -50948088,          0
 12618,   126,   79000000,   14421036,        0,  -64578964,          0
 12618,   127,   79000000,   16059880,        0,  -62940120,          0
 12618,   128,   79000000,   16462101,        0,  -62537899,          0
 12618,   129,   79000000,   14473566,        0,  -64526434,          0
 12618,   130,   79000000,   19173418,        0,  -59826582,          0
# task NAME=myapp PID=12622 COST=37965000 PERIOD=96000000 CPU=0
 12622,     2,   96000000,      15500,        0,  -95984500,          0
 12622,     3,   96000000,     142565,        0,  -95857435,          0
 12622,     4,   96000000,   37724900,        0,  -58275100,          0
 12622,     5,   96000000,   37996534,        0,  -58003466,          0
 12622,     6,   96000000,   38027781,        0,  -57972219,          0
 12622,     7,   96000000,   37689110,        0,  -58310890,          0
 12622,     8,   96000000,   37768662,        0,  -58231338,          0
 12622,     9,   96000000,   38381985,        0,  -57618015,          0
 12622,    10,   96000000,   38425315,        0,  -57574685,          0
 12622,    11,   96000000,   37674794,        0,  -58325206,          0
 12622,    12,   96000000,   37674827,        0,  -58325173,          0
 12622,    13,   96000000,   38733578,        0,  -57266422,          0
 12622,    14,   96000000,   39096080,        0,  -56903920,          0
 12622,    15,   96000000,   37653045,        0,  -58346955,          0
 12622,    16,   96000000,   37699020,        0,  -58300980,          0
 12622,    17,   96000000,   41781004,        0,  -54218996,          0
 12622,    18,   96000000,   37995438,        0,  -58004562,          0
 12622,    19,   96000000,   37953253,        0,  -58046747,          0
 12622,    20,   96000000,   37685921,        0,  -58314079,          0
 12622,    21,   96000000,   37720633,        0,  -58279367,          0
 12622,    22,   96000000,   40773334,        0,  -55226666,          0
 12622,    23,   96000000,   37968469,        0,  -58031531,          0
 12622,    24,   96000000,   37729925,        0,  -58270075,          0
 12622,    25,   96000000,   37761361,        0,  -58238639,          0
 12622,    26,   96000000,   37690280,        0,  -58309720,          0
 12622,    27,   96000000,   38793850,        0,  -57206150,          0
 12622,    28,   96000000,   37705453,        0,  -58294547,          0
 12622,    29,   96000000,   37707605,        0,  -58292395,          0
 12622,    30,   96000000,   37675514,        0,  -58324486,          0
 12622,    31,   96000000,   42354803,        0,  -53645197,          0
 12622,    32,   96000000,   42538412,        0,  -53461588,          0
 12622,    33,   96000000,   39790791,        0,  -56209209,          0
 12622,    34,   96000000,   37764901,        0,  -58235099,          0
 12622,    35,   96000000,   37696137,        0,  -58303863,          0
 12622,    36,   96000000,   38012417,        0,  -57987583,          0
 12622,    37,   96000000,   37791783,        0,  -58208217,          0
 12622,    38,   96000000,   37718496,        0,  -58281504,          0
 12622,    39,   96000000,   37680606,        0,  -58319394,          0
 12622,    40,   96000000,   37982024,        0,  -58017976,          0
 12622,    41,   96000000,   37780672,        0,  -58219328,          0
 12622,    42,   96000000,   37704294,        0,  -58295706,          0
 12622,    43,   96000000,   37753391,        0,  -58246609,          0
 12622,    44,   96000000,   38018134,        0,  -57981866,          0
 12622,    45,   96000000,   40992159,        0,  -55007841,          0
 12622,    46,   96000000,   37690555,        0,  -58309445,          0
 12622,    47,   96000000,   38511973,        0,  -57488027,          0
 12622,    48,   96000000,   37673694,        0,  -58326306,          0
 12622,    49,   96000000,   38019513,        0,  -57980487,          0
 12622,    50,   96000000,   39886345,        0,  -56113655,          0
 12622,    51,   96000000,   45751499,        0,  -50248501,          0
 12622,    52,   96000000,   37710369,        0,  -58289631,          0
 12622,    53,   96000000,   40079340,        0,  -55920660,          0
 12622,    54,   96000000,   51946077,        0,  -44053923,          0
 12622,    55,   96000000,   37717291,        0,  -58282709,          0
 12622,    56,   96000000,   37700898,        0,  -58299102,          0
 12622,    57,   96000000,   37974262,        0,  -58025738,          0
 12622,    58,   96000000,   37708966,        0,  -58291034,          0
 12622,    59,   96000000,   38413654,        0,  -57586346,          0
 12622,    60,   96000000,   37702402,        0,  -58297598,          0
 12622,    61,   96000000,   37963143,        0,  -58036857,          0
 12622,    62,   96000000,   37996343,        0,  -58003657,          0
 12622,    63,   96000000,   37703167,        0,  -58296833,          0
 12622,    64,   96000000,   37692822,        0,  -58307178,          0
 12622,    65,   96000000,   37688661,        0,  -58311339,          0
 12622,    66,   96000000,   38021046,        0,  -57978954,          0
 12622,    67,   96000000,   37668588,        0,  -58331412,          0
 12622,    68,   96000000,   41623682,        0,  -54376318,          0
 12622,    69,   96000000,   44923870,        0,  -51076130,          0
 12622,    70,   96000000,   38519969,        0,  -57480031,          0
 12622,    71,   96000000,   37704885,        0,  -58295115,          0
 12622,    72,   96000000,   37738841,        0,  -58261159,          0
 12622,    73,   96000000,   39905795,        0,  -56094205,          0
 12622,    74,   96000000,   37935726,        0,  -58064274,          0
 12622,    75,   96000000,   37953364,        0,  -58046636,          0
 12622,    76,   96000000,   38741012,        0,  -57258988,          0
 12622,    77,   96000000,   37671571,        0,  -58328429,          0
 12622,    78,   96000000,   40437774,        0,  -55562226,          0
 12622,    79,   96000000,   38021465,        0,  -57978535,          0
 12622,    80,   96000000,   37741355,        0,  -58258645,          0
 12622,    81,   96000000,   37668555,        0,  -58331445,          0
 12622,    82,   96000000,   39646593,        0,  -56353407,          0
 12622,    83,   96000000,   37968547,        0,  -58031453,          0
 12622,    84,   96000000,   37869825,        0,  -58130175,          0
 12622,    85,   96000000,   38855122,        0,  -57144878,          0
 12622,    86,   96000000,   37739231,        0,  -58260769,          0
 12622,    87,   96000000,   44238146,        0,  -51761854,          0
 12622,    88,   96000000,   37941304,        0,  -58058696,          0
 12622,    89,   96000000,   39055246,        0,  -56944754,          0
 12622,    90,   96000000,   37668700,        0,  -58331300,          0
 12622,    91,   96000000,   50776248,        0,  -45223752,          0
 12622,    92,   96000000,   37999108,        0,  -58000892,          0
 12622,    93,   96000000,   37678443,        0,  -58321557,          0
 12622,    94,   96000000,   37710329,        0,  -58289671,          0
 12622,    95,   96000000,   37756706,        0,  -58243294,          0
 12622,    96,   96000000,   37973690,        0,  -58026310,          0
 12622,    97,   96000000,   41236072,        0,  -54763928,          0
 12622,    98,   96000000,   37651743,        0,  -58348257,          0
 12622,    99,   96000000,   37681237,        0,  -58318763,          0
 12622,   100,   96000000,   37995845,        0,  -58004155,          0
 12622,   101,   96000000,   38000223,        0,  -57999777,          0
 12622,   102,   96000000,   40841079,        0,  -55158921,          0
 12622,   103,   96000000,   37697216,        0,  -58302784,          0
 12622,   104,   96000000,   38263476,        0,  -57736524,          0
 12622,   105,   96000000,   37935539,        0,  -58064461,          0
 12622,   106,   96000000,   37676240,        0,  -58323760,          0
 12622,   107,   96000000,   37667776,        0,  -58332224,          0
 12622,   108,   96000000,   37801193,        0,  -58198807,          0
# task NAME=myapp PID=12625 COST=6700000 PERIOD=38000000 CPU=0
 12625,     2,   38000000,      14312,        0,  -37985688,          0
 12625,     3,   38000000,     148732,        0,  -37851268,          0
 12625,     4,   38000000,    6717648,        0,  -31282352,          0
 12625,     5,   38000000,    8979047,        0,  -29020953,          0
 12625,     6,   38000000,    6704248,        0,  -31295752,          0
 12625,     7,   38000000,    6698859,        0,  -31301141,          0
 12625,     8,   38000000,    7046021,        0,  -30953979,          0
 12625,     9,   38000000,    6718637,        0,  -31281363,          0
 12625,    10,   38000000,    6721830,        0,  -31278170,          0
 12625,    11,   38000000,    6756599,        0,  -31243401,          0
 12625,    12,   38000000,    6667592,        0,  -31332408,          0
 12625,    13,   38000000,    6697739,        0,  -31302261,          0
 12625,    14,   38000000,    6698249,        0,  -31301751,          0
 12625,    15,   38000000,    6753694,        0,  -31246306,          0
 12625,    16,   38000000,    6727647,        0,  -31272353,          0
 12625,    17,   38000000,    9388296,        0,  -28611704,          0
 12625,    18,   38000000,    6710596,        0,  -31289404,          0
 12625,    19,   38000000,    6715291,        0,  -31284709,          0
 12625,    20,   38000000,    6722311,        0,  -31277689,          0
 12625,    21,   38000000,    6689545,        0,  -31310455,          0
 12625,    22,   38000000,    6714072,        0,  -31285928,          0
 12625,    23,   38000000,   10278426,        0,  -27721574,          0
 12625,    24,   38000000,    9580106,        0,  -28419894,          0
 12625,    25,   38000000,    6685114,        0,  -31314886,          0
 12625,    26,   38000000,    6700066,        0,  -31299934,          0
 12625,    27,   38000000,    6733369,        0,  -31266631,          0
 12625,    28,   38000000,    6804534,        0,  -31195466,          0
 12625,    29,   38000000,    6704999,        0,  -31295001,          0
 12625,    30,   38000000,    6731099,        0,  -31268901,          0
 12625,    31,   38000000,    6982772,        0,  -31017228,          0
 12625,    32,   38000000,    6733700,        0,  -31266300,          0
 12625,    33,   38000000,    9628967,        0,  -28371033,          0
 12625,    34,   38000000,    6714604,        0,  -31285396,          0
 12625,    35,   38000000,    6790736,        0,  -31209264,          0
 12625,    36,   38000000,    6721617,        0,  -31278383,          0
 12625,    37,   38000000,    6738015,        0,  -31261985,          0
 12625,    38,   38000000,    6727608,        0,  -31272392,          0
 12625,    39,   38000000,    6879199,        0,  -31120801,          0
 12625,    40,   38000000,    6756840,        0,  -31243160,          0
 12625,    41,   38000000,    6755587,        0,  -31244413,          0
 12625,    42,   38000000,    6942277,        0,  -31057723,          0
 12625,    43,   38000000,    6709641,        0,  -31290359,          0
 12625,    44,   38000000,    7299520,        0,  -30700480,          0
 12625,    45,   38000000,   10978397,        0,  -27021603,          0
 12625,    46,   38000000,    6720194,        0,  -31279806,          0
 12625,    47,   38000000,    6688995,        0,  -31311005,          0
 12625,    48,   38000000,    6746751,        0,  -31253249,          0
 12625,    49,   38000000,    6734114,        0,  -31265886,          0
 12625,    50,   38000000,    6715925,        0,  -31284075,          0
 12625,    51,   38000000,    6675717,        0,  -31324283,          0
 12625,    52,   38000000,    6700018,        0,  -31299982,          0
 12625,    53,   38000000,    6682177,        0,  -31317823,          0
 12625,    54,   38000000,    7853706,        0,  -30146294,          0
 12625,    55,   38000000,    6708769,        0,  -31291231,          0
 12625,    56,   38000000,    6714500,        0,  -31285500,          0
 12625,    57,   38000000,    9268631,        0,  -28731369,          0
 12625,    58,   38000000,    6811474,        0,  -31188526,          0
 12625,    59,   38000000,   13378442,        0,  -24621558,          0
 12625,    60,   38000000,    8129563,        0,  -29870437,          0
 12625,    61,   38000000,    6763282,        0,  -31236718,          0
 12625,    62,   38000000,   12497136,        0,  -25502864,          0
 12625,    63,   38000000,    6735837,        0,  -31264163,          0
 12625,    64,   38000000,    8775646,        0,  -29224354,          0
 12625,    65,   38000000,    7466627,        0,  -30533373,          0
 12625,    66,   38000000,    7262443,        0,  -30737557,          0
 12625,    67,   38000000,    7648956,        0,  -30351044,          0
 12625,    68,   38000000,    6706284,        0,  -31293716,          0
 12625,    69,   38000000,    6740808,        0,  -31259192,          0
 12625,    70,   38000000,    6791815,        0,  -31208185,          0
 12625,    71,   38000000,    6739157,        0,  -31260843,          0
 12625,    72,   38000000,    6761857,        0,  -31238143,          0
 12625,    73,   38000000,    6734490,        0,  -31265510,          0
 12625,    74,   38000000,    9778279,        0,  -28221721,          0
 12625,    75,   38000000,    6745286,        0,  -31254714,          0
 12625,    76,   38000000,    6780627,        0,  -31219373,          0
 12625,    77,   38000000,    7916253,        0,  -30083747,          0
 12625,    78,   38000000,    6730328,        0,  -31269672,          0
 12625,    79,   38000000,    7047463,        0,  -30952537,          0
 12625,    80,   38000000,    6716077,        0,  -31283923,          0
 12625,    81,   38000000,    6708476,        0,  -31291524,          0
 12625,    82,   38000000,    9630354,        0,  -28369646,          0
 12625,    83,   38000000,    6716212,        0,  -31283788,          0
 12625,    84,   38000000,    6703573,        0,  -31296427,          0
 12625,    85,   38000000,    8141503,        0,  -29858497,          0
 12625,    86,   38000000,    6729443,        0,  -31270557,          0
 12625,    87,   38000000,    7017753,        0,  -30982247,          0
 12625,    88,   38000000,    6715146,        0,  -31284854,          0
 12625,    89,   38000000,    6854863,        0,  -31145137,          0
 12625,    90,   38000000,    7800063,        0,  -30199937,          0
 12625,    91,   38000000,    6776872,        0,  -31223128,          0
 12625,    92,   38000000,    6677086,        0,  -31322914,          0
 12625,    93,   38000000,    6749513,        0,  -31250487,          0
 12625,    94,   38000000,    6721008,        0,  -31278992,          0
 12625,    95,   38000000,    6712984,        0,  -31287016,          0
 12625,    96,   38000000,    6732374,        0,  -31267626,          0
 12625,    97,   38000000,    7776606,        0,  -30223394,          0
 12625,    98,   38000000,    7747841,        0,  -30252159,          0
 12625,    99,   38000000,    6816229,        0,  -31183771,          0
 12625,   100,   38000000,    6726110,        0,  -31273890,          0
 12625,   101,   38000000,    6676243,        0,  -31323757,          0
 12625,   102,   38000000,    6816545,        0,  -31183455,          0
 12625,   103,   38000000,    6736402,        0,  -31263598,          0
 12625,   104,   38000000,    6690567,        0,  -31309433,          0
 12625,   105,   38000000,    7637551,        0,  -30362449,          0
 12625,   106,   38000000,    6728921,        0,  -31271079,          0
 12625,   107,   38000000,    6738111,        0,  -31261889,          0
 12625,   108,   38000000,    6725735,        0,  -31274265,          0
 12625,   109,   38000000,    6712090,        0,  -31287910,          0
 12625,   110,   38000000,    7059900,        0,  -30940100,          0
 12625,   111,   38000000,    6743001,        0,  -31256999,          0
 12625,   112,   38000000,    6694549,        0,  -31305451,          0
 12625,   113,   38000000,    6806026,        0,  -31193974,          0
 12625,   114,   38000000,    6748318,        0,  -31251682,          0
 12625,   115,   38000000,    6700309,        0,  -31299691,          0
 12625,   116,   38000000,    6751523,        0,  -31248477,          0
 12625,   117,   38000000,   13596330,        0,  -24403670,          0
 12625,   118,   38000000,    6718361,        0,  -31281639,          0
 12625,   119,   38000000,    6711311,        0,  -31288689,          0
 12625,   120,   38000000,    8738763,        0,  -29261237,          0
 12625,   121,   38000000,    6753194,        0,  -31246806,          0
 12625,   122,   38000000,    6734824,        0,  -31265176,          0
 12625,   123,   38000000,    6695203,        0,  -31304797,          0
 12625,   124,   38000000,    6711405,        0,  -31288595,          0
 12625,   125,   38000000,    6703619,        0,  -31296381,          0
 12625,   126,   38000000,    6890259,        0,  -31109741,          0
 12625,   127,   38000000,    6713101,        0,  -31286899,          0
 12625,   128,   38000000,    6712560,        0,  -31287440,          0
 12625,   129,   38000000,    6735497,        0,  -31264503,          0
 12625,   130,   38000000,    6709344,        0,  -31290656,          0
 12625,   131,   38000000,    8792508,        0,  -29207492,          0
 12625,   132,   38000000,   14772788,        0,  -23227212,          0
 12625,   133,   38000000,    6998002,        0,  -31001998,          0
 12625,   134,   38000000,    6709517,        0,  -31290483,          0
 12625,   135,   38000000,   11852765,        0,  -26147235,          0
 12625,   136,   38000000,    6712315,        0,  -31287685,          0
 12625,   137,   38000000,   10784616,        0,  -27215384,          0
 12625,   138,   38000000,    6728670,        0,  -31271330,          0
 12625,   139,   38000000,    7533606,        0,  -30466394,          0
 12625,   140,   38000000,    6705021,        0,  -31294979,          0
 12625,   141,   38000000,    6682039,        0,  -31317961,          0
 12625,   142,   38000000,    6736477,        0,  -31263523,          0
 12625,   143,   38000000,    8047282,        0,  -29952718,          0
 12625,   144,   38000000,   10653591,        0,  -27346409,          0
 12625,   145,   38000000,    6707511,        0,  -31292489,          0
 12625,   146,   38000000,    6726258,        0,  -31273742,          0
 12625,   147,   38000000,    6721560,        0,  -31278440,          0
 12625,   148,   38000000,    8280761,        0,  -29719239,          0
 12625,   149,   38000000,   10471282,        0,  -27528718,          0
 12625,   150,   38000000,    7606507,        0,  -30393493,          0
 12625,   151,   38000000,    6706398,        0,  -31293602,          0
 12625,   152,   38000000,    6714948,        0,  -31285052,          0
 12625,   153,   38000000,    6767713,        0,  -31232287,          0
 12625,   154,   38000000,    6723014,        0,  -31276986,          0
 12625,   155,   38000000,    6719543,        0,  -31280457,          0
 12625,   156,   38000000,   11069136,        0,  -26930864,          0
 12625,   157,   38000000,    6732296,        0,  -31267704,          0
 12625,   158,   38000000,    6683461,        0,  -31316539,          0
 12625,   159,   38000000,    6702852,        0,  -31297148,          0
 12625,   160,   38000000,    6701606,        0,  -31298394,          0
 12625,   161,   38000000,    6737271,        0,  -31262729,          0
 12625,   162,   38000000,    6755545,        0,  -31244455,          0
 12625,   163,   38000000,   10520537,        0,  -27479463,          0
 12625,   164,   38000000,    6710134,        0,  -31289866,          0
 12625,   165,   38000000,    6733286,        0,  -31266714,          0
 12625,   166,   38000000,    6733456,        0,  -31266544,          0
 12625,   167,   38000000,    6725742,        0,  -31274258,          0
 12625,   168,   38000000,    6752608,        0,  -31247392,          0
 12625,   169,   38000000,    7647850,        0,  -30352150,          0
 12625,   170,   38000000,    6741050,        0,  -31258950,          0
 12625,   171,   38000000,    6800829,        0,  -31199171,          0
 12625,   172,   38000000,    6710486,        0,  -31289514,          0
 12625,   173,   38000000,    8785940,        0,  -29214060,          0
 12625,   174,   38000000,    6721624,        0,  -31278376,          0
 12625,   175,   38000000,    6707041,        0,  -31292959,          0
 12625,   176,   38000000,    6701467,        0,  -31298533,          0
 12625,   177,   38000000,    6701588,        0,  -31298412,          0
 12625,   178,   38000000,    8286648,        0,  -29713352,          0
 12625,   179,   38000000,    6994236,        0,  -31005764,          0
 12625,   180,   38000000,    8776050,        0,  -29223950,          0
 12625,   181,   38000000,    6694595,        0,  -31305405,          0
 12625,   182,   38000000,    6789956,        0,  -31210044,          0
 12625,   183,   38000000,    8960265,        0,  -29039735,          0
 12625,   184,   38000000,    9839053,        0,  -28160947,          0
 12625,   185,   38000000,   10999851,        0,  -27000149,          0
 12625,   186,   38000000,    6766391,        0,  -31233609,          0
 12625,   187,   38000000,    6707906,        0,  -31292094,          0
 12625,   188,   38000000,    6719431,        0,  -31280569,          0
 12625,   189,   38000000,   10906891,        0,  -27093109,          0
 12625,   190,   38000000,    6724523,        0,  -31275477,          0
 12625,   191,   38000000,    8461012,        0,  -29538988,          0
 12625,   192,   38000000,    6746755,        0,  -31253245,          0
 12625,   193,   38000000,    8718915,        0,  -29281085,          0
 12625,   194,   38000000,    6676533,        0,  -31323467,          0
 12625,   195,   38000000,    8395884,        0,  -29604116,          0
 12625,   196,   38000000,    6712922,        0,  -31287078,          0
 12625,   197,   38000000,    6795375,        0,  -31204625,          0
 12625,   198,   38000000,    6705325,        0,  -31294675,          0
 12625,   199,   38000000,    6747516,        0,  -31252484,          0
 12625,   200,   38000000,    6745087,        0,  -31254913,          0
 12625,   201,   38000000,    6784464,        0,  -31215536,          0
 12625,   202,   38000000,    7031202,        0,  -30968798,          0
 12625,   203,   38000000,    6763976,        0,  -31236024,          0
 12625,   204,   38000000,    6958192,        0,  -31041808,          0
 12625,   205,   38000000,   13092640,        0,  -24907360,          0
 12625,   206,   38000000,    6708868,        0,  -31291132,          0
 12625,   207,   38000000,    8482048,        0,  -29517952,          0
 12625,   208,   38000000,    6705786,        0,  -31294214,          0
 12625,   209,   38000000,    6686613,        0,  -31313387,          0
 12625,   210,   38000000,    6732755,        0,  -31267245,          0
 12625,   211,   38000000,   10585990,        0,  -27414010,          0
 12625,   212,   38000000,    7027104,        0,  -30972896,          0
 12625,   213,   38000000,    6794849,        0,  -31205151,          0
 12625,   214,   38000000,    6715950,        0,  -31284050,          0
 12625,   215,   38000000,    6678046,        0,  -31321954,          0
 12625,   216,   38000000,    6740885,        0,  -31259115,          0
 12625,   217,   38000000,    6712133,        0,  -31287867,          0
 12625,   218,   38000000,    6680223,        0,  -31319777,          0
 12625,   219,   38000000,    6832373,        0,  -31167627,          0
 12625,   220,   38000000,    6747944,        0,  -31252056,          0
 12625,   221,   38000000,   20738473,        0,  -17261527,          0
 12625,   222,   38000000,    6761807,        0,  -31238193,          0
 12625,   223,   38000000,    6726652,        0,  -31273348,          0
 12625,   224,   38000000,    8528115,        0,  -29471885,          0
 12625,   225,   38000000,    6737771,        0,  -31262229,          0
 12625,   226,   38000000,    6683675,        0,  -31316325,          0
 12625,   227,   38000000,    6746382,        0,  -31253618,          0
 12625,   228,   38000000,    6710087,        0,  -31289913,          0
 12625,   229,   38000000,    6718062,        0,  -31281938,          0
 12625,   230,   38000000,    6810172,        0,  -31189828,          0
 12625,   231,   38000000,    6700147,        0,  -31299853,          0
 12625,   232,   38000000,    6746963,        0,  -31253037,          0
 12625,   233,   38000000,    6715190,        0,  -31284810,          0
 12625,   234,   38000000,   10079551,        0,  -27920449,          0
 12625,   235,   38000000,    9637128,        0,  -28362872,          0
 12625,   236,   38000000,   10717261,        0,  -27282739,          0
 12625,   237,   38000000,    6848409,        0,  -31151591,          0
 12625,   238,   38000000,    6705647,        0,  -31294353,          0
 12625,   239,   38000000,    6694251,        0,  -31305749,          0
 12625,   240,   38000000,    6774308,        0,  -31225692,          0
 12625,   241,   38000000,    6738098,        0,  -31261902,          0
 12625,   242,   38000000,    6682313,        0,  -31317687,          0
 12625,   243,   38000000,    6692947,        0,  -31307053,          0
 12625,   244,   38000000,    7791673,        0,  -30208327,          0
 12625,   245,   38000000,    6766054,        0,  -31233946,          0
 12625,   246,   38000000,    7637662,        0,  -30362338,          0
 12625,   247,   38000000,    6757612,        0,  -31242388,          0
 12625,   248,   38000000,    6697346,        0,  -31302654,          0
 12625,   249,   38000000,    6763803,        0,  -31236197,          0
 12625,   250,   38000000,    6743826,        0,  -31256174,          0
 12625,   251,   38000000,    6717291,        0,  -31282709,          0
 12625,   252,   38000000,    7828803,        0,  -30171197,          0
 12625,   253,   38000000,    6741984,        0,  -31258016,          0
 12625,   254,   38000000,    6749428,        0,  -31250572,          0
 12625,   255,   38000000,    6742638,        0,  -31257362,          0
 12625,   256,   38000000,    6919222,        0,  -31080778,          0
 12625,   257,   38000000,    6661578,        0,  -31338422,          0
 12625,   258,   38000000,    6969354,        0,  -31030646,          0
 12625,   259,   38000000,    6731809,        0,  -31268191,          0
 12625,   260,   38000000,    6701580,        0,  -31298420,          0
 12625,   261,   38000000,    7967684,        0,  -30032316,          0
 12625,   262,   38000000,   10674438,        0,  -27325562,          0
 12625,   263,   38000000,    6724204,        0,  -31275796,          0
 12625,   264,   38000000,    6678622,        0,  -31321378,          0
 12625,   265,   38000000,    6712458,        0,  -31287542,          0
 12625,   266,   38000000,    6747781,        0,  -31252219,          0
 12625,   267,   38000000,    6783930,        0,  -31216070,          0
# task NAME=myapp PID=12630 COST=1093000 PERIOD=42000000 CPU=0
 12630,     2,   42000000,      25576,        0,  -41974424,          0
 12630,     3,   42000000,     128061,        0,  -41871939,          0
 12630,     4,   42000000,    1232149,        0,  -40767851,          0
 12630,     5,   42000000,    1159489,        0,  -40840511,          0
 12630,     6,   42000000,    1663758,        0,  -40336242,          0
 12630,     7,   42000000,    1207499,        0,  -40792501,          0
 12630,     8,   42000000,    1915232,        0,  -40084768,          0
 12630,     9,   42000000,    1125000,        0,  -40875000,          0
 12630,    10,   42000000,    1133672,        0,  -40866328,          0
 12630,    11,   42000000,    1180633,        0,  -40819367,          0
 12630,    12,   42000000,    1158496,        0,  -40841504,          0
 12630,    13,   42000000,    1168066,        0,  -40831934,          0
 12630,    14,   42000000,    1142714,        0,  -40857286,          0
 12630,    15,   42000000,    1223658,        0,  -40776342,          0
 12630,    16,   42000000,    2905137,        0,  -39094863,          0
 12630,    17,   42000000,    1153697,        0,  -40846303,          0
 12630,    18,   42000000,    1179239,        0,  -40820761,          0
 12630,    19,   42000000,    1139129,        0,  -40860871,          0
 12630,    20,   42000000,    1205207,        0,  -40794793,          0
 12630,    21,   42000000,    1123613,        0,  -40876387,          0
 12630,    22,   42000000,    1206602,        0,  -40793398,          0
 12630,    23,   42000000,    1176758,        0,  -40823242,          0
 12630,    24,   42000000,    1182483,        0,  -40817517,          0
 12630,    25,   42000000,    6473490,        0,  -35526510,          0
 12630,    26,   42000000,    3214438,        0,  -38785562,          0
 12630,    27,   42000000,    1164715,        0,  -40835285,          0
 12630,    28,   42000000,    1151218,        0,  -40848782,          0
 12630,    29,   42000000,    1139166,        0,  -40860834,          0
 12630,    30,   42000000,    1136412,        0,  -40863588,          0
 12630,    31,   42000000,    1177407,        0,  -40822593,          0
 12630,    32,   42000000,    2248949,        0,  -39751051,          0
 12630,    33,   42000000,    1155790,        0,  -40844210,          0
 12630,    34,   42000000,    1452757,        0,  -40547243,          0
 12630,    35,   42000000,    5257805,        0,  -36742195,          0
 12630,    36,   42000000,    1180287,        0,  -40819713,          0
 12630,    37,   42000000,    4214697,        0,  -37785303,          0
 12630,    38,   42000000,    1132183,        0,  -40867817,          0
 12630,    39,   42000000,    1127957,        0,  -40872043,          0
 12630,    40,   42000000,    1207569,        0,  -40792431,          0
 12630,    41,   42000000,    2365203,        0,  -39634797,          0
 12630,    42,   42000000,    1156228,        0,  -40843772,          0
 12630,    43,   42000000,    6104750,        0,  -35895250,          0
 12630,    44,   42000000,    1246602,        0,  -40753398,          0
 12630,    45,   42000000,    3211387,        0,  -38788613,          0
 12630,    46,   42000000,    1165097,        0,  -40834903,          0
 12630,    47,   42000000,    1170740,        0,  -40829260,          0
 12630,    48,   42000000,    1169167,        0,  -40830833,          0
 12630,    49,   42000000,    1156867,        0,  -40843133,          0
 12630,    50,   42000000,    1162588,        0,  -40837412,          0
 12630,    51,   42000000,    1195607,        0,  -40804393,          0
 12630,    52,   42000000,    2207525,        0,  -39792475,          0
 12630,    53,   42000000,    3260012,        0,  -38739988,          0
 12630,    54,   42000000,    1249906,        0,  -40750094,          0
 12630,    55,   42000000,    1181402,        0,  -40818598,          0
 12630,    56,   42000000,    2701041,        0,  -39298959,          0
 12630,    57,   42000000,    1162723,        0,  -40837277,          0
 12630,    58,   42000000,    1146962,        0,  -40853038,          0
 12630,    59,   42000000,    1149909,        0,  -40850091,          0
 12630,    60,   42000000,    1759028,        0,  -40240972,          0
 12630,    61,   42000000,    1141499,        0,  -40858501,          0
 12630,    62,   42000000,    1162321,        0,  -40837679,          0
 12630,    63,   42000000,    5578673,        0,  -36421327,          0
 12630,    64,   42000000,    2733476,        0,  -39266524,          0
 12630,    65,   42000000,    1157856,        0,  -40842144,          0
 12630,    66,   42000000,    1172141,        0,  -40827859,          0
 12630,    67,   42000000,    1162992,        0,  -40837008,          0
 12630,    68,   42000000,    1242059,        0,  -40757941,          0
 12630,    69,   42000000,    1162492,        0,  -40837508,          0
 12630,    70,   42000000,    1152575,        0,  -40847425,          0
 12630,    71,   42000000,    1207766,        0,  -40792234,          0
 12630,    72,   42000000,    1164489,        0,  -40835511,          0
 12630,    73,   42000000,    1261151,        0,  -40738849,          0
 12630,    74,   42000000,    1174137,        0,  -40825863,          0
 12630,    75,   42000000,    1157532,        0,  -40842468,          0
 12630,    76,   42000000,    1154499,        0,  -40845501,          0
 12630,    77,   42000000,    1964822,        0,  -40035178,          0
 12630,    78,   42000000,    1168602,        0,  -40831398,          0
 12630,    79,   42000000,    1171680,        0,  -40828320,          0
 12630,    80,   42000000,    1165780,        0,  -40834220,          0
 12630,    81,   42000000,    1124235,        0,  -40875765,          0
 12630,    82,   42000000,    2142103,        0,  -39857897,          0
 12630,    83,   42000000,    1172656,        0,  -40827344,          0
 12630,    84,   42000000,    1155248,        0,  -40844752,          0
 12630,    85,   42000000,    1155324,        0,  -40844676,          0
 12630,    86,   42000000,    2917581,        0,  -39082419,          0
 12630,    87,   42000000,    1222658,        0,  -40777342,          0
 12630,    88,   42000000,    1127054,        0,  -40872946,          0
 12630,    89,   42000000,    5397954,        0,  -36602046,          0
 12630,    90,   42000000,    1162874,        0,  -40837126,          0
 12630,    91,   42000000,    1836577,        0,  -40163423,          0
 12630,    92,   42000000,    1208877,        0,  -40791123,          0
 12630,    93,   42000000,    1215583,        0,  -40784417,          0
 12630,    94,   42000000,    1214123,        0,  -40785877,          0
 12630,    95,   42000000,    1139499,        0,  -40860501,          0
 12630,    96,   42000000,    1133386,        0,  -40866614,          0
 12630,    97,   42000000,    1160420,        0,  -40839580,          0
 12630,    98,   42000000,    1202087,        0,  -40797913,          0
 12630,    99,   42000000,    1175046,        0,  -40824954,          0
 12630,   100,   42000000,    2274626,        0,  -39725374,          0
 12630,   101,   42000000,    1197362,        0,  -40802638,          0
 12630,   102,   42000000,    1180566,        0,  -40819434,          0
 12630,   103,   42000000,    1121993,        0,  -40878007,          0
 12630,   104,   42000000,    1186646,        0,  -40813354,          0
 12630,   105,   42000000,    1187483,        0,  -40812517,          0
 12630,   106,   42000000,    1159257,        0,  -40840743,          0
 12630,   107,   42000000,    1171974,        0,  -40828026,          0
 12630,   108,   42000000,    1142856,        0,  -40857144,          0
 12630,   109,   42000000,    4221999,        0,  -37778001,          0
 12630,   110,   42000000,    4876362,        0,  -37123638,          0
 12630,   111,   42000000,    2137141,        0,  -39862859,          0
 12630,   112,   42000000,    1160589,        0,  -40839411,          0
 12630,   113,   42000000,    1251231,        0,  -40748769,          0
 12630,   114,   42000000,    1176301,        0,  -40823699,          0
 12630,   115,   42000000,    1161996,        0,  -40838004,          0
 12630,   116,   42000000,    1151411,        0,  -40848589,          0
 12630,   117,   42000000,    1195996,        0,  -40804004,          0
 12630,   118,   42000000,    1179696,        0,  -40820304,          0
 12630,   119,   42000000,    1176929,        0,  -40823071,          0
 12630,   120,   42000000,    1181188,        0,  -40818812,          0
 12630,   121,   42000000,    1136805,        0,  -40863195,          0
 12630,   122,   42000000,    2142234,        0,  -39857766,          0
 12630,   123,   42000000,    1190449,        0,  -40809551,          0
 12630,   124,   42000000,    1183292,        0,  -40816708,          0
 12630,   125,   42000000,    1235659,        0,  -40764341,          0
 12630,   126,   42000000,    2241754,        0,  -39758246,          0
 12630,   127,   42000000,    1187451,        0,  -40812549,          0
 12630,   128,   42000000,    1232076,        0,  -40767924,          0
 12630,   129,   42000000,    4148552,        0,  -37851448,          0
 12630,   130,   42000000,    1127640,        0,  -40872360,          0
 12630,   131,   42000000,    1185609,        0,  -40814391,          0
 12630,   132,   42000000,    1172405,        0,  -40827595,          0
 12630,   133,   42000000,    1221460,        0,  -40778540,          0
 12630,   134,   42000000,    1178274,        0,  -40821726,          0
 12630,   135,   42000000,    1135918,        0,  -40864082,          0
 12630,   136,   42000000,    1193455,        0,  -40806545,          0
 12630,   137,   42000000,    1125904,        0,  -40874096,          0
 12630,   138,   42000000,    1188742,        0,  -40811258,          0
 12630,   139,   42000000,    3833800,        0,  -38166200,          0
 12630,   140,   42000000,    1183940,        0,  -40816060,          0
 12630,   141,   42000000,    1170070,        0,  -40829930,          0
 12630,   142,   42000000,    1159700,        0,  -40840300,          0
 12630,   143,   42000000,    2144112,        0,  -39855888,          0
 12630,   144,   42000000,    1162160,        0,  -40837840,          0
 12630,   145,   42000000,    1215081,        0,  -40784919,          0
 12630,   146,   42000000,    1176478,        0,  -40823522,          0
 12630,   147,   42000000,    1178319,        0,  -40821681,          0
 12630,   148,   42000000,    1641211,        0,  -40358789,          0
 12630,   149,   42000000,    1210278,        0,  -40789722,          0
 12630,   150,   42000000,    5231787,        0,  -36768213,          0
 12630,   151,   42000000,    1193972,        0,  -40806028,          0
 12630,   152,   42000000,    1170295,        0,  -40829705,          0
 12630,   153,   42000000,    1186254,        0,  -40813746,          0
 12630,   154,   42000000,    1178500,        0,  -40821500,          0
 12630,   155,   42000000,    1292589,        0,  -40707411,          0
 12630,   156,   42000000,    1159671,        0,  -40840329,          0
 12630,   157,   42000000,    1198708,        0,  -40801292,          0
 12630,   158,   42000000,    1176432,        0,  -40823568,          0
 12630,   159,   42000000,    1242110,        0,  -40757890,          0
 12630,   160,   42000000,    1243105,        0,  -40756895,          0
 12630,   161,   42000000,    1180390,        0,  -40819610,          0
 12630,   162,   42000000,    1196393,        0,  -40803607,          0
 12630,   163,   42000000,    1171596,        0,  -40828404,          0
 12630,   164,   42000000,    1191231,        0,  -40808769,          0
 12630,   165,   42000000,    1942799,        0,  -40057201,          0
 12630,   166,   42000000,    1159373,        0,  -40840627,          0
 12630,   167,   42000000,    1166724,        0,  -40833276,          0
 12630,   168,   42000000,    1286330,        0,  -40713670,          0
 12630,   169,   42000000,    1157510,        0,  -40842490,          0
 12630,   170,   42000000,    1558069,        0,  -40441931,          0
 12630,   171,   42000000,    1247954,        0,  -40752046,          0
 12630,   172,   42000000,    1132661,        0,  -40867339,          0
 12630,   173,   42000000,    5180040,        0,  -36819960,          0
 12630,   174,   42000000,    1203737,        0,  -40796263,          0
 12630,   175,   42000000,    1140013,        0,  -40859987,          0
 12630,   176,   42000000,    1198204,        0,  -40801796,          0
 12630,   177,   42000000,    1152117,        0,  -40847883,          0
 12630,   178,   42000000,    3210943,        0,  -38789057,          0
 12630,   179,   42000000,    1174061,        0,  -40825939,          0
 12630,   180,   42000000,    1135711,        0,  -40864289,          0
 12630,   181,   42000000,    1143522,        0,  -40856478,          0
 12630,   182,   42000000,    1145808,        0,  -40854192,          0
 12630,   183,   42000000,    1199337,        0,  -40800663,          0
 12630,   184,   42000000,    1249255,        0,  -40750745,          0
 12630,   185,   42000000,    1129204,        0,  -40870796,          0
 12630,   186,   42000000,    1146861,        0,  -40853139,          0
 12630,   187,   42000000,    1188324,        0,  -40811676,          0
 12630,   188,   42000000,    1128834,        0,  -40871166,          0
 12630,   189,   42000000,    2251810,        0,  -39748190,          0
 12630,   190,   42000000,    1236876,        0,  -40763124,          0
 12630,   191,   42000000,    1221896,        0,  -40778104,          0
 12630,   192,   42000000,    1213685,        0,  -40786315,          0
 12630,   193,   42000000,    1243508,        0,  -40756492,          0
 12630,   194,   42000000,    1175713,        0,  -40824287,          0
 12630,   195,   42000000,    1147778,        0,  -40852222,          0
 12630,   196,   42000000,    1184967,        0,  -40815033,          0
 12630,   197,   42000000,    4216979,        0,  -37783021,          0
 12630,   198,   42000000,    1137177,        0,  -40862823,          0
 12630,   199,   42000000,    1133358,        0,  -40866642,          0
 12630,   200,   42000000,    1162102,        0,  -40837898,          0
 12630,   201,   42000000,    1187387,        0,  -40812613,          0
 12630,   202,   42000000,    1142305,        0,  -40857695,          0
 12630,   203,   42000000,    1763152,        0,  -40236848,          0
 12630,   204,   42000000,    1248277,        0,  -40751723,          0
 12630,   205,   42000000,    5134418,        0,  -36865582,          0
 12630,   206,   42000000,    1142239,        0,  -40857761,          0
 12630,   207,   42000000,    1506520,        0,  -40493480,          0
 12630,   208,   42000000,    1160871,        0,  -40839129,          0
 12630,   209,   42000000,    1137252,        0,  -40862748,          0
 12630,   210,   42000000,    1240927,        0,  -40759073,          0
 12630,   211,   42000000,    1210745,        0,  -40789255,          0
 12630,   212,   42000000,    8187300,        0,  -33812700,          0
 12630,   213,   42000000,    1185684,        0,  -40814316,          0
 12630,   214,   42000000,    3173082,        0,  -38826918,          0
 12630,   215,   42000000,    1156757,        0,  -40843243,          0
 12630,   216,   42000000,    1931226,        0,  -40068774,          0
 12630,   217,   42000000,    1219820,        0,  -40780180,          0
 12630,   218,   42000000,    1121247,        0,  -40878753,          0
 12630,   219,   42000000,    1155973,        0,  -40844027,          0
 12630,   220,   42000000,    1170774,        0,  -40829226,          0
 12630,   221,   42000000,    1140364,        0,  -40859636,          0
 12630,   222,   42000000,    1167157,        0,  -40832843,          0
 12630,   223,   42000000,    1139960,        0,  -40860040,          0
 12630,   224,   42000000,    1135668,        0,  -40864332,          0
 12630,   225,   42000000,    3933262,        0,  -38066738,          0
 12630,   226,   42000000,    1130667,        0,  -40869333,          0
 12630,   227,   42000000,    1184310,        0,  -40815690,          0
 12630,   228,   42000000,    1209537,        0,  -40790463,          0
 12630,   229,   42000000,    1393809,        0,  -40606191,          0
 12630,   230,   42000000,    1138045,        0,  -40861955,          0
 12630,   231,   42000000,    1183890,        0,  -40816110,          0
 12630,   232,   42000000,    1177575,        0,  -40822425,          0
 12630,   233,   42000000,    1168854,        0,  -40831146,          0
 12630,   234,   42000000,    1167396,        0,  -40832604,          0
 12630,   235,   42000000,    1188236,        0,  -40811764,          0
 12630,   236,   42000000,    1170319,        0,  -40829681,          0
 12630,   237,   42000000,    1162572,        0,  -40837428,          0
 12630,   238,   42000000,    1177532,        0,  -40822468,          0
 12630,   239,   42000000,    1159111,        0,  -40840889,          0
 12630,   240,   42000000,    1181975,        0,  -40818025,          0
 12630,   241,   42000000,    1179856,        0,  -40820144,          0
 12630,   242,   42000000,    1176904,        0,  -40823096,          0
