# Task,   Job,     Period,   Response, DL Miss?,   Lateness,  Tardiness
# task NAME=myapp PID=19290 COST=21360000 PERIOD=65000000 CPU=0
 19290,     2,   65000000,       6481,        0,  -64993519,          0
 19290,     3,   65000000,     105595,        0,  -64894405,          0
 19290,     4,   65000000,   39720040,        0,  -25279960,          0
 19290,     5,   65000000,   38782709,        0,  -26217291,          0
 19290,     6,   65000000,   37747938,        0,  -27252062,          0
 19290,     7,   65000000,   36814955,        0,  -28185045,          0
 19290,     8,   65000000,   39777525,        0,  -25222475,          0
 19290,     9,   65000000,   38694706,        0,  -26305294,          0
 19290,    10,   65000000,   37683525,        0,  -27316475,          0
 19290,    11,   65000000,   36992356,        0,  -28007644,          0
 19290,    12,   65000000,   39760288,        0,  -25239712,          0
 19290,    13,   65000000,   39018050,        0,  -25981950,          0
 19290,    14,   65000000,   37736722,        0,  -27263278,          0
 19290,    15,   65000000,   36707719,        0,  -28292281,          0
 19290,    16,   65000000,   39788975,        0,  -25211025,          0
 19290,    17,   65000000,   38825063,        0,  -26174937,          0
 19290,    18,   65000000,   37723075,        0,  -27276925,          0
 19290,    19,   65000000,   37125170,        0,  -27874830,          0
 19290,    20,   65000000,   39711805,        0,  -25288195,          0
 19290,    21,   65000000,   38824772,        0,  -26175228,          0
 19290,    22,   65000000,   37755178,        0,  -27244822,          0
 19290,    23,   65000000,   36824779,        0,  -28175221,          0
 19290,    24,   65000000,   39789444,        0,  -25210556,          0
 19290,    25,   65000000,   39079525,        0,  -25920475,          0
 19290,    26,   65000000,   37618198,        0,  -27381802,          0
 19290,    27,   65000000,   36773676,        0,  -28226324,          0
 19290,    28,   65000000,   39786832,        0,  -25213168,          0
 19290,    29,   65000000,   38789516,        0,  -26210484,          0
 19290,    30,   65000000,   37705606,        0,  -27294394,          0
 19290,    31,   65000000,   36767966,        0,  -28232034,          0
 19290,    32,   65000000,   39638802,        0,  -25361198,          0
 19290,    33,   65000000,   39137443,        0,  -25862557,          0
 19290,    34,   65000000,   37696522,        0,  -27303478,          0
 19290,    35,   65000000,   36653590,        0,  -28346410,          0
 19290,    36,   65000000,   40030859,        0,  -24969141,          0
 19290,    37,   65000000,   38736620,        0,  -26263380,          0
 19290,    38,   65000000,   37870659,        0,  -27129341,          0
 19290,    39,   65000000,   36647151,        0,  -28352849,          0
 19290,    40,   65000000,   39686646,        0,  -25313354,          0
 19290,    41,   65000000,   38852942,        0,  -26147058,          0
 19290,    42,   65000000,   38045358,        0,  -26954642,          0
 19290,    43,   65000000,   36723912,        0,  -28276088,          0
 19290,    44,   65000000,   40025070,        0,  -24974930,          0
 19290,    45,   65000000,   38800786,        0,  -26199214,          0
 19290,    46,   65000000,   37953042,        0,  -27046958,          0
 19290,    47,   65000000,   36758747,        0,  -28241253,          0
 19290,    48,   65000000,   39803553,        0,  -25196447,          0
 19290,    49,   65000000,   38769768,        0,  -26230232,          0
 19290,    50,   65000000,   38123643,        0,  -26876357,          0
 19290,    51,   65000000,   36680541,        0,  -28319459,          0
 19290,    52,   65000000,   39711091,        0,  -25288909,          0
 19290,    53,   65000000,   40144852,        0,  -24855148,          0
 19290,    54,   65000000,   39652302,        0,  -25347698,          0
 19290,    55,   65000000,   36677635,        0,  -28322365,          0
 19290,    56,   65000000,   39723285,        0,  -25276715,          0
 19290,    57,   65000000,   38770455,        0,  -26229545,          0
 19290,    58,   65000000,   37661992,        0,  -27338008,          0
 19290,    59,   65000000,   36691111,        0,  -28308889,          0
 19290,    60,   65000000,   39775577,        0,  -25224423,          0
 19290,    61,   65000000,   38760756,        0,  -26239244,          0
 19290,    62,   65000000,   37729668,        0,  -27270332,          0
 19290,    63,   65000000,   36794199,        0,  -28205801,          0
 19290,    64,   65000000,   39810449,        0,  -25189551,          0
 19290,    65,   65000000,   39110279,        0,  -25889721,          0
 19290,    66,   65000000,   37732481,        0,  -27267519,          0
 19290,    67,   65000000,   36958938,        0,  -28041062,          0
 19290,    68,   65000000,   39704517,        0,  -25295483,          0
 19290,    69,   65000000,   38784820,        0,  -26215180,          0
 19290,    70,   65000000,   37681632,        0,  -27318368,          0
 19290,    71,   65000000,   36718580,        0,  -28281420,          0
 19290,    72,   65000000,   39803517,        0,  -25196483,          0
 19290,    73,   65000000,   39089304,        0,  -25910696,          0
 19290,    74,   65000000,   41744586,        0,  -23255414,          0
 19290,    75,   65000000,   36951160,        0,  -28048840,          0
 19290,    76,   65000000,   39711149,        0,  -25288851,          0
 19290,    77,   65000000,   38730860,        0,  -26269140,          0
 19290,    78,   65000000,   37795867,        0,  -27204133,          0
 19290,    79,   65000000,   36695241,        0,  -28304759,          0
 19290,    80,   65000000,   39862719,        0,  -25137281,          0
 19290,    81,   65000000,   38732687,        0,  -26267313,          0
 19290,    82,   65000000,   37717144,        0,  -27282856,          0
 19290,    83,   65000000,   36715105,        0,  -28284895,          0
 19290,    84,   65000000,   39789359,        0,  -25210641,          0
 19290,    85,   65000000,   38824767,        0,  -26175233,          0
 19290,    86,   65000000,   37745073,        0,  -27254927,          0
 19290,    87,   65000000,   36747196,        0,  -28252804,          0
 19290,    88,   65000000,   40205093,        0,  -24794907,          0
 19290,    89,   65000000,   38791656,        0,  -26208344,          0
 19290,    90,   65000000,   37988363,        0,  -27011637,          0
 19290,    91,   65000000,   36787608,        0,  -28212392,          0
 19290,    92,   65000000,   39773141,        0,  -25226859,          0
 19290,    93,   65000000,   38773522,        0,  -26226478,          0
 19290,    94,   65000000,   37695937,        0,  -27304063,          0
 19290,    95,   65000000,   36633037,        0,  -28366963,          0
 19290,    96,   65000000,   40048890,        0,  -24951110,          0
 19290,    97,   65000000,   38714930,        0,  -26285070,          0
 19290,    98,   65000000,   37993201,        0,  -27006799,          0
 19290,    99,   65000000,   36831794,        0,  -28168206,          0
 19290,   100,   65000000,   40111876,        0,  -24888124,          0
 19290,   101,   65000000,   38739102,        0,  -26260898,          0
 19290,   102,   65000000,   37674673,        0,  -27325327,          0
 19290,   103,   65000000,   36595869,        0,  -28404131,          0
 19290,   104,   65000000,   39772059,        0,  -25227941,          0
 19290,   105,   65000000,   38786650,        0,  -26213350,          0
 19290,   106,   65000000,   37734936,        0,  -27265064,          0
 19290,   107,   65000000,   36687371,        0,  -28312629,          0
 19290,   108,   65000000,   39676458,        0,  -25323542,          0
 19290,   109,   65000000,   38733642,        0,  -26266358,          0
 19290,   110,   65000000,   37759122,        0,  -27240878,          0
 19290,   111,   65000000,   37090849,        0,  -27909151,          0
 19290,   112,   65000000,   39717982,        0,  -25282018,          0
 19290,   113,   65000000,   39048997,        0,  -25951003,          0
 19290,   114,   65000000,   37708379,        0,  -27291621,          0
 19290,   115,   65000000,   36752133,        0,  -28247867,          0
 19290,   116,   65000000,   39730739,        0,  -25269261,          0
 19290,   117,   65000000,   38751061,        0,  -26248939,          0
 19290,   118,   65000000,   37707551,        0,  -27292449,          0
 19290,   119,   65000000,   38073102,        0,  -26926898,          0
 19290,   120,   65000000,   40161874,        0,  -24838126,          0
 19290,   121,   65000000,   39076396,        0,  -25923604,          0
 19290,   122,   65000000,   37764626,        0,  -27235374,          0
 19290,   123,   65000000,   36978673,        0,  -28021327,          0
 19290,   124,   65000000,   39752860,        0,  -25247140,          0
 19290,   125,   65000000,   38931546,        0,  -26068454,          0
 19290,   126,   65000000,   37671755,        0,  -27328245,          0
 19290,   127,   65000000,   36637575,        0,  -28362425,          0
 19290,   128,   65000000,   39771453,        0,  -25228547,          0
 19290,   129,   65000000,   38756215,        0,  -26243785,          0
 19290,   130,   65000000,   37746732,        0,  -27253268,          0
 19290,   131,   65000000,   36773203,        0,  -28226797,          0
 19290,   132,   65000000,   39674298,        0,  -25325702,          0
 19290,   133,   65000000,   38725458,        0,  -26274542,          0
 19290,   134,   65000000,   37701504,        0,  -27298496,          0
 19290,   135,   65000000,   36679718,        0,  -28320282,          0
 19290,   136,   65000000,   40127430,        0,  -24872570,          0
 19290,   137,   65000000,   38820494,        0,  -26179506,          0
 19290,   138,   65000000,   37692229,        0,  -27307771,          0
 19290,   139,   65000000,   36750573,        0,  -28249427,          0
 19290,   140,   65000000,   39723167,        0,  -25276833,          0
 19290,   141,   65000000,   38761133,        0,  -26238867,          0
 19290,   142,   65000000,   37987988,        0,  -27012012,          0
 19290,   143,   65000000,   36655680,        0,  -28344320,          0
 19290,   144,   65000000,   40853143,        0,  -24146857,          0
 19290,   145,   65000000,   38731846,        0,  -26268154,          0
 19290,   146,   65000000,   37710268,        0,  -27289732,          0
 19290,   147,   65000000,   37182804,        0,  -27817196,          0
 19290,   148,   65000000,   39784003,        0,  -25215997,          0
 19290,   149,   65000000,   38815059,        0,  -26184941,          0
 19290,   150,   65000000,   37950074,        0,  -27049926,          0
 19290,   151,   65000000,   36688699,        0,  -28311301,          0
 19290,   152,   65000000,   39645229,        0,  -25354771,          0
 19290,   153,   65000000,   38747867,        0,  -26252133,          0
 19290,   154,   65000000,   37692896,        0,  -27307104,          0
 19290,   155,   65000000,   36636397,        0,  -28363603,          0
 19290,   156,   65000000,   39735705,        0,  -25264295,          0
 19290,   157,   65000000,   38837759,        0,  -26162241,          0
# task NAME=myapp PID=19293 COST=20434000 PERIOD=74000000 CPU=0
 19293,     2,   74000000,      11619,        0,  -73988381,          0
 19293,     3,   74000000,     112117,        0,  -73887883,          0
 19293,     4,   74000000,   35873308,        0,  -38126692,          0
 19293,     5,   74000000,   34120632,        0,  -39879368,          0
 19293,     6,   74000000,   35781726,        0,  -38218274,          0
 19293,     7,   74000000,   33809549,        0,  -40190451,          0
 19293,     8,   74000000,   35909290,        0,  -38090710,          0
 19293,     9,   74000000,   33772922,        0,  -40227078,          0
 19293,    10,   74000000,   35774676,        0,  -38225324,          0
 19293,    11,   74000000,   34178781,        0,  -39821219,          0
 19293,    12,   74000000,   36078749,        0,  -37921251,          0
 19293,    13,   74000000,   33747785,        0,  -40252215,          0
 19293,    14,   74000000,   35915382,        0,  -38084618,          0
 19293,    15,   74000000,   33985912,        0,  -40014088,          0
 19293,    16,   74000000,   35908086,        0,  -38091914,          0
 19293,    17,   74000000,   34119500,        0,  -39880500,          0
 19293,    18,   74000000,   35826395,        0,  -38173605,          0
 19293,    19,   74000000,   33717976,        0,  -40282024,          0
 19293,    20,   74000000,   35820285,        0,  -38179715,          0
 19293,    21,   74000000,   33836101,        0,  -40163899,          0
 19293,    22,   74000000,   35846999,        0,  -38153001,          0
 19293,    23,   74000000,   33774918,        0,  -40225082,          0
 19293,    24,   74000000,   37902934,        0,  -36097066,          0
 19293,    25,   74000000,   33809617,        0,  -40190383,          0
 19293,    26,   74000000,   35769668,        0,  -38230332,          0
 19293,    27,   74000000,   33899271,        0,  -40100729,          0
 19293,    28,   74000000,   35890750,        0,  -38109250,          0
 19293,    29,   74000000,   33827857,        0,  -40172143,          0
 19293,    30,   74000000,   35753527,        0,  -38246473,          0
 19293,    31,   74000000,   35762298,        0,  -38237702,          0
 19293,    32,   74000000,   36158889,        0,  -37841111,          0
 19293,    33,   74000000,   33756810,        0,  -40243190,          0
 19293,    34,   74000000,   35870119,        0,  -38129881,          0
 19293,    35,   74000000,   33944862,        0,  -40055138,          0
 19293,    36,   74000000,   37812061,        0,  -36187939,          0
 19293,    37,   74000000,   33814287,        0,  -40185713,          0
 19293,    38,   74000000,   35922683,        0,  -38077317,          0
 19293,    39,   74000000,   34069525,        0,  -39930475,          0
 19293,    40,   74000000,   35789855,        0,  -38210145,          0
 19293,    41,   74000000,   33829638,        0,  -40170362,          0
 19293,    42,   74000000,   35812495,        0,  -38187505,          0
 19293,    43,   74000000,   33831260,        0,  -40168740,          0
 19293,    44,   74000000,   36164201,        0,  -37835799,          0
 19293,    45,   74000000,   33781470,        0,  -40218530,          0
 19293,    46,   74000000,   35854428,        0,  -38145572,          0
 19293,    47,   74000000,   33792208,        0,  -40207792,          0
 19293,    48,   74000000,   35932123,        0,  -38067877,          0
 19293,    49,   74000000,   35903040,        0,  -38096960,          0
 19293,    50,   74000000,   35814269,        0,  -38185731,          0
 19293,    51,   74000000,   33758727,        0,  -40241273,          0
 19293,    52,   74000000,   35909722,        0,  -38090278,          0
 19293,    53,   74000000,   33892482,        0,  -40107518,          0
 19293,    54,   74000000,   35774009,        0,  -38225991,          0
 19293,    55,   74000000,   35853234,        0,  -38146766,          0
 19293,    56,   74000000,   35860000,        0,  -38140000,          0
 19293,    57,   74000000,   33786528,        0,  -40213472,          0
 19293,    58,   74000000,   36345353,        0,  -37654647,          0
 19293,    59,   74000000,   33857255,        0,  -40142745,          0
 19293,    60,   74000000,   35859153,        0,  -38140847,          0
 19293,    61,   74000000,   33818707,        0,  -40181293,          0
 19293,    62,   74000000,   35825954,        0,  -38174046,          0
 19293,    63,   74000000,   33843063,        0,  -40156937,          0
 19293,    64,   74000000,   35850531,        0,  -38149469,          0
 19293,    65,   74000000,   33830865,        0,  -40169135,          0
 19293,    66,   74000000,   36141729,        0,  -37858271,          0
 19293,    67,   74000000,   33840205,        0,  -40159795,          0
 19293,    68,   74000000,   35843505,        0,  -38156495,          0
 19293,    69,   74000000,   33748407,        0,  -40251593,          0
 19293,    70,   74000000,   35968856,        0,  -38031144,          0
 19293,    71,   74000000,   34030678,        0,  -39969322,          0
 19293,    72,   74000000,   36033240,        0,  -37966760,          0
 19293,    73,   74000000,   34064771,        0,  -39935229,          0
 19293,    74,   74000000,   35807312,        0,  -38192688,          0
 19293,    75,   74000000,   33772472,        0,  -40227528,          0
 19293,    76,   74000000,   35846802,        0,  -38153198,          0
 19293,    77,   74000000,   33736163,        0,  -40263837,          0
 19293,    78,   74000000,   36142701,        0,  -37857299,          0
 19293,    79,   74000000,   33763312,        0,  -40236688,          0
 19293,    80,   74000000,   35826070,        0,  -38173930,          0
 19293,    81,   74000000,   33795184,        0,  -40204816,          0
 19293,    82,   74000000,   35800982,        0,  -38199018,          0
 19293,    83,   74000000,   34091122,        0,  -39908878,          0
 19293,    84,   74000000,   35772649,        0,  -38227351,          0
 19293,    85,   74000000,   33771583,        0,  -40228417,          0
 19293,    86,   74000000,   35909060,        0,  -38090940,          0
 19293,    87,   74000000,   33886022,        0,  -40113978,          0
 19293,    88,   74000000,   35792447,        0,  -38207553,          0
 19293,    89,   74000000,   33796551,        0,  -40203449,          0
 19293,    90,   74000000,   35883654,        0,  -38116346,          0
 19293,    91,   74000000,   33799568,        0,  -40200432,          0
 19293,    92,   74000000,   35856257,        0,  -38143743,          0
 19293,    93,   74000000,   34056228,        0,  -39943772,          0
 19293,    94,   74000000,   35875948,        0,  -38124052,          0
 19293,    95,   74000000,   33881524,        0,  -40118476,          0
 19293,    96,   74000000,   35845961,        0,  -38154039,          0
 19293,    97,   74000000,   33758171,        0,  -40241829,          0
 19293,    98,   74000000,   36123484,        0,  -37876516,          0
 19293,    99,   74000000,   33866320,        0,  -40133680,          0
 19293,   100,   74000000,   36181673,        0,  -37818327,          0
 19293,   101,   74000000,   33799809,        0,  -40200191,          0
 19293,   102,   74000000,   35938977,        0,  -38061023,          0
 19293,   103,   74000000,   35775490,        0,  -38224510,          0
 19293,   104,   74000000,   35845202,        0,  -38154798,          0
 19293,   105,   74000000,   34175457,        0,  -39824543,          0
 19293,   106,   74000000,   35878822,        0,  -38121178,          0
 19293,   107,   74000000,   34784033,        0,  -39215967,          0
 19293,   108,   74000000,   35874817,        0,  -38125183,          0
 19293,   109,   74000000,   33796010,        0,  -40203990,          0
 19293,   110,   74000000,   35882578,        0,  -38117422,          0
 19293,   111,   74000000,   33845472,        0,  -40154528,          0
 19293,   112,   74000000,   35873901,        0,  -38126099,          0
 19293,   113,   74000000,   33943475,        0,  -40056525,          0
 19293,   114,   74000000,   35883017,        0,  -38116983,          0
 19293,   115,   74000000,   33776446,        0,  -40223554,          0
 19293,   116,   74000000,   35797518,        0,  -38202482,          0
 19293,   117,   74000000,   33746725,        0,  -40253275,          0
 19293,   118,   74000000,   35893838,        0,  -38106162,          0
 19293,   119,   74000000,   33842835,        0,  -40157165,          0
 19293,   120,   74000000,   36173644,        0,  -37826356,          0
 19293,   121,   74000000,   33744817,        0,  -40255183,          0
 19293,   122,   74000000,   37092952,        0,  -36907048,          0
 19293,   123,   74000000,   35844405,        0,  -38155595,          0
 19293,   124,   74000000,   35884949,        0,  -38115051,          0
 19293,   125,   74000000,   34123003,        0,  -39876997,          0
 19293,   126,   74000000,   35956378,        0,  -38043622,          0
 19293,   127,   74000000,   34009513,        0,  -39990487,          0
 19293,   128,   74000000,   35955434,        0,  -38044566,          0
 19293,   129,   74000000,   33843480,        0,  -40156520,          0
 19293,   130,   74000000,   35884992,        0,  -38115008,          0
 19293,   131,   74000000,   33802927,        0,  -40197073,          0
 19293,   132,   74000000,   36239788,        0,  -37760212,          0
 19293,   133,   74000000,   33884259,        0,  -40115741,          0
 19293,   134,   74000000,   35883427,        0,  -38116573,          0
 19293,   135,   74000000,   33803904,        0,  -40196096,          0
 19293,   136,   74000000,   35854088,        0,  -38145912,          0
 19293,   137,   74000000,   33822280,        0,  -40177720,          0
 19293,   138,   74000000,   35933036,        0,  -38066964,          0
 19293,   139,   74000000,   33867125,        0,  -40132875,          0
# task NAME=myapp PID=19297 COST=8395000 PERIOD=43000000 CPU=0
 19297,     2,   43000000,      11670,        0,  -42988330,          0
 19297,     3,   43000000,      85780,        0,  -42914220,          0
 19297,     4,   43000000,   11334895,        0,  -31665105,          0
 19297,     5,   43000000,   13308292,        0,  -29691708,          0
 19297,     6,   43000000,   15391008,        0,  -27608992,          0
 19297,     7,   43000000,   12629616,        0,  -30370384,          0
 19297,     8,   43000000,   13398286,        0,  -29601714,          0
 19297,     9,   43000000,   14414958,        0,  -28585042,          0
 19297,    10,   43000000,   15536493,        0,  -27463507,          0
 19297,    11,   43000000,   10289801,        0,  -32710199,          0
 19297,    12,   43000000,   13380875,        0,  -29619125,          0
 19297,    13,   43000000,   14641524,        0,  -28358476,          0
 19297,    14,   43000000,   15393422,        0,  -27606578,          0
 19297,    15,   43000000,   10502723,        0,  -32497277,          0
 19297,    16,   43000000,   11329132,        0,  -31670868,          0
 19297,    17,   43000000,   12323301,        0,  -30676699,          0
 19297,    18,   43000000,   15775828,        0,  -27224172,          0
 19297,    19,   43000000,   12420056,        0,  -30579944,          0
 19297,    20,   43000000,   13378865,        0,  -29621135,          0
 19297,    21,   43000000,   14401014,        0,  -28598986,          0
 19297,    22,   43000000,   15378373,        0,  -27621627,          0
 19297,    23,   43000000,   10328112,        0,  -32671888,          0
 19297,    24,   43000000,   11308321,        0,  -31691679,          0
 19297,    25,   43000000,   12328565,        0,  -30671435,          0
 19297,    26,   43000000,   13296989,        0,  -29703011,          0
 19297,    27,   43000000,   12832238,        0,  -30167762,          0
 19297,    28,   43000000,   11323072,        0,  -31676928,          0
 19297,    29,   43000000,   12319068,        0,  -30680932,          0
 19297,    30,   43000000,   15419052,        0,  -27580948,          0
 19297,    31,   43000000,   10293613,        0,  -32706387,          0
 19297,    32,   43000000,   11263070,        0,  -31736930,          0
 19297,    33,   43000000,   12248660,        0,  -30751340,          0
 19297,    34,   43000000,   13343134,        0,  -29656866,          0
 19297,    35,   43000000,   10292952,        0,  -32707048,          0
 19297,    36,   43000000,   11301285,        0,  -31698715,          0
 19297,    37,   43000000,   14483919,        0,  -28516081,          0
 19297,    38,   43000000,   14655011,        0,  -28344989,          0
 19297,    39,   43000000,   12609795,        0,  -30390205,          0
 19297,    40,   43000000,   11234075,        0,  -31765925,          0
 19297,    41,   43000000,   14411040,        0,  -28588960,          0
 19297,    42,   43000000,   15676705,        0,  -27323295,          0
 19297,    43,   43000000,   10297458,        0,  -32702542,          0
 19297,    44,   43000000,   11347219,        0,  -31652781,          0
 19297,    45,   43000000,   14658682,        0,  -28341318,          0
 19297,    46,   43000000,   15382950,        0,  -27617050,          0
 19297,    47,   43000000,   12360081,        0,  -30639919,          0
 19297,    48,   43000000,   13313952,        0,  -29686048,          0
 19297,    49,   43000000,   12731159,        0,  -30268841,          0
 19297,    50,   43000000,   15447600,        0,  -27552400,          0
 19297,    51,   43000000,   12387546,        0,  -30612454,          0
 19297,    52,   43000000,   13396737,        0,  -29603263,          0
 19297,    53,   43000000,   12300862,        0,  -30699138,          0
 19297,    54,   43000000,   15382648,        0,  -27617352,          0
 19297,    55,   43000000,   12288040,        0,  -30711960,          0
 19297,    56,   43000000,   13416481,        0,  -29583519,          0
 19297,    57,   43000000,   14420287,        0,  -28579713,          0
 19297,    58,   43000000,   13635956,        0,  -29364044,          0
 19297,    59,   43000000,   10795447,        0,  -32204553,          0
 19297,    60,   43000000,   13407083,        0,  -29592917,          0
 19297,    61,   43000000,   14393674,        0,  -28606326,          0
 19297,    62,   43000000,   13345560,        0,  -29654440,          0
 19297,    63,   43000000,   10302313,        0,  -32697687,          0
 19297,    64,   43000000,   13285193,        0,  -29714807,          0
 19297,    65,   43000000,   12299500,        0,  -30700500,          0
 19297,    66,   43000000,   15403236,        0,  -27596764,          0
 19297,    67,   43000000,   10302297,        0,  -32697703,          0
 19297,    68,   43000000,   11334395,        0,  -31665605,          0
 19297,    69,   43000000,   14417227,        0,  -28582773,          0
 19297,    70,   43000000,   13332318,        0,  -29667682,          0
 19297,    71,   43000000,   12418254,        0,  -30581746,          0
 19297,    72,   43000000,   11323289,        0,  -31676711,          0
 19297,    73,   43000000,   12371924,        0,  -30628076,          0
 19297,    74,   43000000,   14208385,        0,  -28791615,          0
 19297,    75,   43000000,   10323669,        0,  -32676331,          0
 19297,    76,   43000000,   13389982,        0,  -29610018,          0
 19297,    77,   43000000,   14378886,        0,  -28621114,          0
 19297,    78,   43000000,   15521940,        0,  -27478060,          0
 19297,    79,   43000000,   12280503,        0,  -30719497,          0
 19297,    80,   43000000,   11344372,        0,  -31655628,          0
 19297,    81,   43000000,   16396242,        0,  -26603758,          0
 19297,    82,   43000000,   13330379,        0,  -29669621,          0
 19297,    83,   43000000,   11109077,        0,  -31890923,          0
 19297,    84,   43000000,   11268323,        0,  -31731677,          0
 19297,    85,   43000000,   12377077,        0,  -30622923,          0
 19297,    86,   43000000,   13329437,        0,  -29670563,          0
 19297,    87,   43000000,   12424284,        0,  -30575716,          0
 19297,    88,   43000000,   11301032,        0,  -31698968,          0
 19297,    89,   43000000,   14405239,        0,  -28594761,          0
 19297,    90,   43000000,   14663948,        0,  -28336052,          0
 19297,    91,   43000000,   12285049,        0,  -30714951,          0
 19297,    92,   43000000,   13407411,        0,  -29592589,          0
 19297,    93,   43000000,   13501976,        0,  -29498024,          0
 19297,    94,   43000000,   13324213,        0,  -29675787,          0
 19297,    95,   43000000,   10301429,        0,  -32698571,          0
 19297,    96,   43000000,   11269524,        0,  -31730476,          0
 19297,    97,   43000000,   14466906,        0,  -28533094,          0
 19297,    98,   43000000,   13290610,        0,  -29709390,          0
 19297,    99,   43000000,   12426050,        0,  -30573950,          0
 19297,   100,   43000000,   13603896,        0,  -29396104,          0
 19297,   101,   43000000,   12312317,        0,  -30687683,          0
 19297,   102,   43000000,   15393294,        0,  -27606706,          0
 19297,   103,   43000000,   10309485,        0,  -32690515,          0
 19297,   104,   43000000,   13447113,        0,  -29552887,          0
 19297,   105,   43000000,   12329625,        0,  -30670375,          0
 19297,   106,   43000000,   15641751,        0,  -27358249,          0
 19297,   107,   43000000,   10291224,        0,  -32708776,          0
 19297,   108,   43000000,   11798868,        0,  -31201132,          0
 19297,   109,   43000000,   14397701,        0,  -28602299,          0
 19297,   110,   43000000,   13330025,        0,  -29669975,          0
 19297,   111,   43000000,   12370906,        0,  -30629094,          0
 19297,   112,   43000000,   13258944,        0,  -29741056,          0
 19297,   113,   43000000,   12614390,        0,  -30385610,          0
 19297,   114,   43000000,   13320078,        0,  -29679922,          0
 19297,   115,   43000000,   10261628,        0,  -32738372,          0
 19297,   116,   43000000,   13378174,        0,  -29621826,          0
 19297,   117,   43000000,   12792244,        0,  -30207756,          0
 19297,   118,   43000000,   15410982,        0,  -27589018,          0
 19297,   119,   43000000,   12387069,        0,  -30612931,          0
 19297,   120,   43000000,   11312010,        0,  -31687990,          0
 19297,   121,   43000000,   12299635,        0,  -30700365,          0
 19297,   122,   43000000,   15401322,        0,  -27598678,          0
 19297,   123,   43000000,   10320656,        0,  -32679344,          0
 19297,   124,   43000000,   11319685,        0,  -31680315,          0
 19297,   125,   43000000,   12339372,        0,  -30660628,          0
 19297,   126,   43000000,   15383606,        0,  -27616394,          0
 19297,   127,   43000000,   10276842,        0,  -32723158,          0
 19297,   128,   43000000,   13389571,        0,  -29610429,          0
 19297,   129,   43000000,   12353795,        0,  -30646205,          0
 19297,   130,   43000000,   15393725,        0,  -27606275,          0
 19297,   131,   43000000,   12308648,        0,  -30691352,          0
 19297,   132,   43000000,   13647526,        0,  -29352474,          0
 19297,   133,   43000000,   12320326,        0,  -30679674,          0
 19297,   134,   43000000,   14450810,        0,  -28549190,          0
 19297,   135,   43000000,   12870110,        0,  -30129890,          0
 19297,   136,   43000000,   11332404,        0,  -31667596,          0
 19297,   137,   43000000,   14381754,        0,  -28618246,          0
 19297,   138,   43000000,   15672003,        0,  -27327997,          0
 19297,   139,   43000000,   10295554,        0,  -32704446,          0
 19297,   140,   43000000,   13469365,        0,  -29530635,          0
 19297,   141,   43000000,   12304648,        0,  -30695352,          0
 19297,   142,   43000000,   15406162,        0,  -27593838,          0
 19297,   143,   43000000,   10316771,        0,  -32683229,          0
 19297,   144,   43000000,   13407213,        0,  -29592787,          0
 19297,   145,   43000000,   14399269,        0,  -28600731,          0
 19297,   146,   43000000,   15400882,        0,  -27599118,          0
 19297,   147,   43000000,   12374625,        0,  -30625375,          0
 19297,   148,   43000000,   11288423,        0,  -31711577,          0
 19297,   149,   43000000,   14385020,        0,  -28614980,          0
 19297,   150,   43000000,   15374630,        0,  -27625370,          0
 19297,   151,   43000000,   12390451,        0,  -30609549,          0
 19297,   152,   43000000,   13399307,        0,  -29600693,          0
 19297,   153,   43000000,   14364060,        0,  -28635940,          0
 19297,   154,   43000000,   15368113,        0,  -27631887,          0
 19297,   155,   43000000,   12386835,        0,  -30613165,          0
 19297,   156,   43000000,   11308929,        0,  -31691071,          0
 19297,   157,   43000000,   12317682,        0,  -30682318,          0
 19297,   158,   43000000,   15413144,        0,  -27586856,          0
 19297,   159,   43000000,   12394812,        0,  -30605188,          0
 19297,   160,   43000000,   11333225,        0,  -31666775,          0
 19297,   161,   43000000,   14380935,        0,  -28619065,          0
 19297,   162,   43000000,   15737032,        0,  -27262968,          0
 19297,   163,   43000000,   12412340,        0,  -30587660,          0
 19297,   164,   43000000,   11325405,        0,  -31674595,          0
 19297,   165,   43000000,   12317216,        0,  -30682784,          0
 19297,   166,   43000000,   15384272,        0,  -27615728,          0
 19297,   167,   43000000,   10282369,        0,  -32717631,          0
 19297,   168,   43000000,   13322884,        0,  -29677116,          0
 19297,   169,   43000000,   14502872,        0,  -28497128,          0
 19297,   170,   43000000,   15612474,        0,  -27387526,          0
 19297,   171,   43000000,   12385128,        0,  -30614872,          0
 19297,   172,   43000000,   13361989,        0,  -29638011,          0
 19297,   173,   43000000,   12352849,        0,  -30647151,          0
 19297,   174,   43000000,   15409011,        0,  -27590989,          0
 19297,   175,   43000000,   10321934,        0,  -32678066,          0
 19297,   176,   43000000,   11342259,        0,  -31657741,          0
 19297,   177,   43000000,   14340967,        0,  -28659033,          0
 19297,   178,   43000000,   15382779,        0,  -27617221,          0
 19297,   179,   43000000,   10300098,        0,  -32699902,          0
 19297,   180,   43000000,   11295977,        0,  -31704023,          0
 19297,   181,   43000000,   14402514,        0,  -28597486,          0
 19297,   182,   43000000,   14149719,        0,  -28850281,          0
 19297,   183,   43000000,   12332736,        0,  -30667264,          0
 19297,   184,   43000000,   13348461,        0,  -29651539,          0
 19297,   185,   43000000,   12334523,        0,  -30665477,          0
 19297,   186,   43000000,   13346869,        0,  -29653131,          0
 19297,   187,   43000000,   12320345,        0,  -30679655,          0
 19297,   188,   43000000,   11301141,        0,  -31698859,          0
 19297,   189,   43000000,   14389363,        0,  -28610637,          0
 19297,   190,   43000000,   13339568,        0,  -29660432,          0
 19297,   191,   43000000,   12301655,        0,  -30698345,          0
 19297,   192,   43000000,   11335926,        0,  -31664074,          0
 19297,   193,   43000000,   14326113,        0,  -28673887,          0
 19297,   194,   43000000,   13314411,        0,  -29685589,          0
 19297,   195,   43000000,   11273198,        0,  -31726802,          0
 19297,   196,   43000000,   13576667,        0,  -29423333,          0
 19297,   197,   43000000,   14394555,        0,  -28605445,          0
 19297,   198,   43000000,   15417350,        0,  -27582650,          0
 19297,   199,   43000000,   12623930,        0,  -30376070,          0
 19297,   200,   43000000,   11269513,        0,  -31730487,          0
 19297,   201,   43000000,   14467687,        0,  -28532313,          0
 19297,   202,   43000000,   15335321,        0,  -27664679,          0
 19297,   203,   43000000,   12135569,        0,  -30864431,          0
 19297,   204,   43000000,   11319969,        0,  -31680031,          0
 19297,   205,   43000000,   14496998,        0,  -28503002,          0
 19297,   206,   43000000,   15404967,        0,  -27595033,          0
 19297,   207,   43000000,   10405966,        0,  -32594034,          0
 19297,   208,   43000000,   13401959,        0,  -29598041,          0
 19297,   209,   43000000,   12327755,        0,  -30672245,          0
 19297,   210,   43000000,   15342878,        0,  -27657122,          0
 19297,   211,   43000000,   11251917,        0,  -31748083,          0
 19297,   212,   43000000,   11309473,        0,  -31690527,          0
 19297,   213,   43000000,   14385816,        0,  -28614184,          0
 19297,   214,   43000000,   13320191,        0,  -29679809,          0
 19297,   215,   43000000,   12347072,        0,  -30652928,          0
 19297,   216,   43000000,   13426813,        0,  -29573187,          0
 19297,   217,   43000000,   12338378,        0,  -30661622,          0
 19297,   218,   43000000,   13331211,        0,  -29668789,          0
 19297,   219,   43000000,   10343388,        0,  -32656612,          0
 19297,   220,   43000000,   11345594,        0,  -31654406,          0
 19297,   221,   43000000,   12274853,        0,  -30725147,          0
 19297,   222,   43000000,   15433429,        0,  -27566571,          0
 19297,   223,   43000000,   12415420,        0,  -30584580,          0
 19297,   224,   43000000,   13390417,        0,  -29609583,          0
 19297,   225,   43000000,   14628012,        0,  -28371988,          0
 19297,   226,   43000000,   15421734,        0,  -27578266,          0
 19297,   227,   43000000,   14322136,        0,  -28677864,          0
 19297,   228,   43000000,   13623198,        0,  -29376802,          0
 19297,   229,   43000000,   12310424,        0,  -30689576,          0
 19297,   230,   43000000,   16037615,        0,  -26962385,          0
 19297,   231,   43000000,   12655711,        0,  -30344289,          0
 19297,   232,   43000000,   11296124,        0,  -31703876,          0
 19297,   233,   43000000,   12334438,        0,  -30665562,          0
 19297,   234,   43000000,   15445706,        0,  -27554294,          0
 19297,   235,   43000000,   12881232,        0,  -30118768,          0
 19297,   236,   43000000,   11916127,        0,  -31083873,          0
