# Task,   Job,     Period,   Response, DL Miss?,   Lateness,  Tardiness
# task NAME=myapp PID=28945 COST=15656000 PERIOD=40000000 CPU=0
 28945,     2,   40000000,       9739,        0,  -39990261,          0
 28945,     3,   40000000,      75559,        0,  -39924441,          0
 28945,     4,   40000000,   27178860,        0,  -12821140,          0
 28945,     5,   40000000,   24087050,        0,  -15912950,          0
 28945,     6,   40000000,   27640551,        0,  -12359449,          0
 28945,     7,   40000000,   26498907,        0,  -13501093,          0
 28945,     8,   40000000,   27222326,        0,  -12777674,          0
 28945,     9,   40000000,   24400138,        0,  -15599862,          0
 28945,    10,   40000000,   26687157,        0,  -13312843,          0
 28945,    11,   40000000,   27349428,        0,  -12650572,          0
 28945,    12,   40000000,   26428923,        0,  -13571077,          0
 28945,    13,   40000000,   27123583,        0,  -12876417,          0
 28945,    14,   40000000,   26822361,        0,  -13177639,          0
 28945,    15,   40000000,   26512481,        0,  -13487519,          0
 28945,    16,   40000000,   27722509,        0,  -12277491,          0
 28945,    17,   40000000,   26526459,        0,  -13473541,          0
 28945,    18,   40000000,   24682429,        0,  -15317571,          0
 28945,    19,   40000000,   24580089,        0,  -15419911,          0
 28945,    20,   40000000,   27757480,        0,  -12242520,          0
 28945,    21,   40000000,   27712966,        0,  -12287034,          0
 28945,    22,   40000000,   27217932,        0,  -12782068,          0
 28945,    23,   40000000,   26263130,        0,  -13736870,          0
 28945,    24,   40000000,   27090951,        0,  -12909049,          0
 28945,    25,   40000000,   27705416,        0,  -12294584,          0
 28945,    26,   40000000,   27629607,        0,  -12370393,          0
 28945,    27,   40000000,   24447516,        0,  -15552484,          0
 28945,    28,   40000000,   24999751,        0,  -15000249,          0
 28945,    29,   40000000,   26608368,        0,  -13391632,          0
 28945,    30,   40000000,   24083688,        0,  -15916312,          0
 28945,    31,   40000000,   26855403,        0,  -13144597,          0
 28945,    32,   40000000,   27090116,        0,  -12909884,          0
 28945,    33,   40000000,   24971646,        0,  -15028354,          0
 28945,    34,   40000000,   26902447,        0,  -13097553,          0
 28945,    35,   40000000,   26399671,        0,  -13600329,          0
 28945,    36,   40000000,   27719229,        0,  -12280771,          0
 28945,    37,   40000000,   26809203,        0,  -13190797,          0
 28945,    38,   40000000,   24576928,        0,  -15423072,          0
 28945,    39,   40000000,   27239477,        0,  -12760523,          0
 28945,    40,   40000000,   26762329,        0,  -13237671,          0
 28945,    41,   40000000,   27691716,        0,  -12308284,          0
 28945,    42,   40000000,   26731147,        0,  -13268853,          0
 28945,    43,   40000000,   23469855,        0,  -16530145,          0
 28945,    44,   40000000,   26660825,        0,  -13339175,          0
 28945,    45,   40000000,   24676909,        0,  -15323091,          0
 28945,    46,   40000000,   26860362,        0,  -13139638,          0
 28945,    47,   40000000,   28271598,        0,  -11728402,          0
 28945,    48,   40000000,   24356938,        0,  -15643062,          0
 28945,    49,   40000000,   26789161,        0,  -13210839,          0
 28945,    50,   40000000,   27056970,        0,  -12943030,          0
 28945,    51,   40000000,   26662214,        0,  -13337786,          0
 28945,    52,   40000000,   26665898,        0,  -13334102,          0
 28945,    53,   40000000,   24615815,        0,  -15384185,          0
 28945,    54,   40000000,   27148330,        0,  -12851670,          0
 28945,    55,   40000000,   26894633,        0,  -13105367,          0
 28945,    56,   40000000,   27067547,        0,  -12932453,          0
 28945,    57,   40000000,   24073026,        0,  -15926974,          0
 28945,    58,   40000000,   26892858,        0,  -13107142,          0
 28945,    59,   40000000,   24138768,        0,  -15861232,          0
 28945,    60,   40000000,   27306868,        0,  -12693132,          0
 28945,    61,   40000000,   27368486,        0,  -12631514,          0
 28945,    62,   40000000,   24952491,        0,  -15047509,          0
 28945,    63,   40000000,   24068539,        0,  -15931461,          0
 28945,    64,   40000000,   24681930,        0,  -15318070,          0
 28945,    65,   40000000,   24196675,        0,  -15803325,          0
 28945,    66,   40000000,   27199974,        0,  -12800026,          0
 28945,    67,   40000000,   26622094,        0,  -13377906,          0
 28945,    68,   40000000,   27403260,        0,  -12596740,          0
 28945,    69,   40000000,   29146526,        0,  -10853474,          0
 28945,    70,   40000000,   26407553,        0,  -13592447,          0
 28945,    71,   40000000,   26684904,        0,  -13315096,          0
 28945,    72,   40000000,   27128965,        0,  -12871035,          0
 28945,    73,   40000000,   27495596,        0,  -12504404,          0
 28945,    74,   40000000,   27303197,        0,  -12696803,          0
 28945,    75,   40000000,   26596592,        0,  -13403408,          0
 28945,    76,   40000000,   27213070,        0,  -12786930,          0
 28945,    77,   40000000,   26511765,        0,  -13488235,          0
 28945,    78,   40000000,   27220625,        0,  -12779375,          0
 28945,    79,   40000000,   24388671,        0,  -15611329,          0
 28945,    80,   40000000,   26566494,        0,  -13433506,          0
 28945,    81,   40000000,   27133033,        0,  -12866967,          0
 28945,    82,   40000000,   26702605,        0,  -13297395,          0
 28945,    83,   40000000,   26940383,        0,  -13059617,          0
 28945,    84,   40000000,   27592586,        0,  -12407414,          0
 28945,    85,   40000000,   27600501,        0,  -12399499,          0
 28945,    86,   40000000,   26744441,        0,  -13255559,          0
 28945,    87,   40000000,   24350204,        0,  -15649796,          0
 28945,    88,   40000000,   24424264,        0,  -15575736,          0
 28945,    89,   40000000,   26471520,        0,  -13528480,          0
 28945,    90,   40000000,   27915884,        0,  -12084116,          0
 28945,    91,   40000000,   23976074,        0,  -16023926,          0
 28945,    92,   40000000,   26531101,        0,  -13468899,          0
 28945,    93,   40000000,   24404696,        0,  -15595304,          0
 28945,    94,   40000000,   26628394,        0,  -13371606,          0
 28945,    95,   40000000,   24614082,        0,  -15385918,          0
 28945,    96,   40000000,   24545249,        0,  -15454751,          0
 28945,    97,   40000000,   26546744,        0,  -13453256,          0
 28945,    98,   40000000,   24758787,        0,  -15241213,          0
 28945,    99,   40000000,   27251366,        0,  -12748634,          0
 28945,   100,   40000000,   26907999,        0,  -13092001,          0
 28945,   101,   40000000,   27433713,        0,  -12566287,          0
 28945,   102,   40000000,   24269069,        0,  -15730931,          0
 28945,   103,   40000000,   27788201,        0,  -12211799,          0
 28945,   104,   40000000,   26906274,        0,  -13093726,          0
 28945,   105,   40000000,   27188578,        0,  -12811422,          0
 28945,   106,   40000000,   26405903,        0,  -13594097,          0
 28945,   107,   40000000,   24213841,        0,  -15786159,          0
 28945,   108,   40000000,   24338752,        0,  -15661248,          0
 28945,   109,   40000000,   26635501,        0,  -13364499,          0
 28945,   110,   40000000,   23933292,        0,  -16066708,          0
 28945,   111,   40000000,   27044496,        0,  -12955504,          0
 28945,   112,   40000000,   24440171,        0,  -15559829,          0
 28945,   113,   40000000,   26542850,        0,  -13457150,          0
 28945,   114,   40000000,   27610028,        0,  -12389972,          0
 28945,   115,   40000000,   26471790,        0,  -13528210,          0
 28945,   116,   40000000,   26455882,        0,  -13544118,          0
 28945,   117,   40000000,   24607453,        0,  -15392547,          0
 28945,   118,   40000000,   23915520,        0,  -16084480,          0
 28945,   119,   40000000,   27111079,        0,  -12888921,          0
 28945,   120,   40000000,   27198353,        0,  -12801647,          0
 28945,   121,   40000000,   26929364,        0,  -13070636,          0
 28945,   122,   40000000,   26367884,        0,  -13632116,          0
 28945,   123,   40000000,   26407654,        0,  -13592346,          0
 28945,   124,   40000000,   23685957,        0,  -16314043,          0
 28945,   125,   40000000,   24265215,        0,  -15734785,          0
 28945,   126,   40000000,   27286723,        0,  -12713277,          0
 28945,   127,   40000000,   24544060,        0,  -15455940,          0
 28945,   128,   40000000,   26449311,        0,  -13550689,          0
 28945,   129,   40000000,   27296639,        0,  -12703361,          0
 28945,   130,   40000000,   27461465,        0,  -12538535,          0
 28945,   131,   40000000,   24625220,        0,  -15374780,          0
 28945,   132,   40000000,   26604469,        0,  -13395531,          0
 28945,   133,   40000000,   24215978,        0,  -15784022,          0
 28945,   134,   40000000,   27035523,        0,  -12964477,          0
 28945,   135,   40000000,   27166454,        0,  -12833546,          0
 28945,   136,   40000000,   26558550,        0,  -13441450,          0
 28945,   137,   40000000,   26790951,        0,  -13209049,          0
 28945,   138,   40000000,   23992906,        0,  -16007094,          0
 28945,   139,   40000000,   27324986,        0,  -12675014,          0
 28945,   140,   40000000,   27313783,        0,  -12686217,          0
 28945,   141,   40000000,   27351850,        0,  -12648150,          0
 28945,   142,   40000000,   27226817,        0,  -12773183,          0
 28945,   143,   40000000,   27068039,        0,  -12931961,          0
 28945,   144,   40000000,   25122659,        0,  -14877341,          0
 28945,   145,   40000000,   24119834,        0,  -15880166,          0
 28945,   146,   40000000,   26707936,        0,  -13292064,          0
 28945,   147,   40000000,   25015991,        0,  -14984009,          0
 28945,   148,   40000000,   26441534,        0,  -13558466,          0
 28945,   149,   40000000,   26895782,        0,  -13104218,          0
 28945,   150,   40000000,   24361772,        0,  -15638228,          0
 28945,   151,   40000000,   27659677,        0,  -12340323,          0
 28945,   152,   40000000,   24223738,        0,  -15776262,          0
 28945,   153,   40000000,   27675983,        0,  -12324017,          0
 28945,   154,   40000000,   26747256,        0,  -13252744,          0
 28945,   155,   40000000,   26505410,        0,  -13494590,          0
 28945,   156,   40000000,   26740066,        0,  -13259934,          0
 28945,   157,   40000000,   26259056,        0,  -13740944,          0
 28945,   158,   40000000,   26798316,        0,  -13201684,          0
 28945,   159,   40000000,   27080796,        0,  -12919204,          0
 28945,   160,   40000000,   26458103,        0,  -13541897,          0
 28945,   161,   40000000,   26467813,        0,  -13532187,          0
 28945,   162,   40000000,   27392806,        0,  -12607194,          0
 28945,   163,   40000000,   26602038,        0,  -13397962,          0
 28945,   164,   40000000,   24105702,        0,  -15894298,          0
 28945,   165,   40000000,   26911994,        0,  -13088006,          0
 28945,   166,   40000000,   27169897,        0,  -12830103,          0
 28945,   167,   40000000,   25268823,        0,  -14731177,          0
 28945,   168,   40000000,   27274674,        0,  -12725326,          0
 28945,   169,   40000000,   24731755,        0,  -15268245,          0
 28945,   170,   40000000,   26823328,        0,  -13176672,          0
 28945,   171,   40000000,   24107926,        0,  -15892074,          0
 28945,   172,   40000000,   27003258,        0,  -12996742,          0
 28945,   173,   40000000,   28279337,        0,  -11720663,          0
 28945,   174,   40000000,   24178048,        0,  -15821952,          0
 28945,   175,   40000000,   27111302,        0,  -12888698,          0
 28945,   176,   40000000,   26686151,        0,  -13313849,          0
 28945,   177,   40000000,   24147921,        0,  -15852079,          0
 28945,   178,   40000000,   27723232,        0,  -12276768,          0
 28945,   179,   40000000,   26297877,        0,  -13702123,          0
 28945,   180,   40000000,   26382568,        0,  -13617432,          0
 28945,   181,   40000000,   27481526,        0,  -12518474,          0
 28945,   182,   40000000,   26737655,        0,  -13262345,          0
 28945,   183,   40000000,   24866729,        0,  -15133271,          0
 28945,   184,   40000000,   23874115,        0,  -16125885,          0
 28945,   185,   40000000,   26841108,        0,  -13158892,          0
 28945,   186,   40000000,   24955719,        0,  -15044281,          0
 28945,   187,   40000000,   27215264,        0,  -12784736,          0
 28945,   188,   40000000,   24128905,        0,  -15871095,          0
 28945,   189,   40000000,   27768405,        0,  -12231595,          0
 28945,   190,   40000000,   26329848,        0,  -13670152,          0
 28945,   191,   40000000,   26279842,        0,  -13720158,          0
 28945,   192,   40000000,   27292510,        0,  -12707490,          0
 28945,   193,   40000000,   27781140,        0,  -12218860,          0
 28945,   194,   40000000,   26349086,        0,  -13650914,          0
 28945,   195,   40000000,   27717188,        0,  -12282812,          0
 28945,   196,   40000000,   26443025,        0,  -13556975,          0
 28945,   197,   40000000,   26653845,        0,  -13346155,          0
 28945,   198,   40000000,   27535003,        0,  -12464997,          0
 28945,   199,   40000000,   24525044,        0,  -15474956,          0
 28945,   200,   40000000,   26833285,        0,  -13166715,          0
 28945,   201,   40000000,   26397769,        0,  -13602231,          0
 28945,   202,   40000000,   26956407,        0,  -13043593,          0
 28945,   203,   40000000,   27603480,        0,  -12396520,          0
 28945,   204,   40000000,   26611343,        0,  -13388657,          0
 28945,   205,   40000000,   26568877,        0,  -13431123,          0
 28945,   206,   40000000,   27342864,        0,  -12657136,          0
 28945,   207,   40000000,   26727396,        0,  -13272604,          0
 28945,   208,   40000000,   26509781,        0,  -13490219,          0
 28945,   209,   40000000,   24454025,        0,  -15545975,          0
 28945,   210,   40000000,   26433297,        0,  -13566703,          0
 28945,   211,   40000000,   26779469,        0,  -13220531,          0
 28945,   212,   40000000,   26825997,        0,  -13174003,          0
 28945,   213,   40000000,   24552133,        0,  -15447867,          0
 28945,   214,   40000000,   26287654,        0,  -13712346,          0
 28945,   215,   40000000,   27299067,        0,  -12700933,          0
 28945,   216,   40000000,   27385191,        0,  -12614809,          0
 28945,   217,   40000000,   25910645,        0,  -14089355,          0
 28945,   218,   40000000,   26763776,        0,  -13236224,          0
 28945,   219,   40000000,   26664828,        0,  -13335172,          0
 28945,   220,   40000000,   27349597,        0,  -12650403,          0
 28945,   221,   40000000,   24203118,        0,  -15796882,          0
 28945,   222,   40000000,   26905544,        0,  -13094456,          0
 28945,   223,   40000000,   26930648,        0,  -13069352,          0
 28945,   224,   40000000,   24340328,        0,  -15659672,          0
 28945,   225,   40000000,   23724954,        0,  -16275046,          0
 28945,   226,   40000000,   26873982,        0,  -13126018,          0
 28945,   227,   40000000,   26307723,        0,  -13692277,          0
 28945,   228,   40000000,   28297443,        0,  -11702557,          0
 28945,   229,   40000000,   24100745,        0,  -15899255,          0
 28945,   230,   40000000,   26534046,        0,  -13465954,          0
 28945,   231,   40000000,   26921220,        0,  -13078780,          0
 28945,   232,   40000000,   24900370,        0,  -15099630,          0
 28945,   233,   40000000,   26459109,        0,  -13540891,          0
 28945,   234,   40000000,   27377715,        0,  -12622285,          0
 28945,   235,   40000000,   24268912,        0,  -15731088,          0
 28945,   236,   40000000,   27256384,        0,  -12743616,          0
 28945,   237,   40000000,   27347378,        0,  -12652622,          0
 28945,   238,   40000000,   24512874,        0,  -15487126,          0
 28945,   239,   40000000,   27305189,        0,  -12694811,          0
 28945,   240,   40000000,   26313087,        0,  -13686913,          0
 28945,   241,   40000000,   26489774,        0,  -13510226,          0
 28945,   242,   40000000,   26928526,        0,  -13071474,          0
 28945,   243,   40000000,   26499791,        0,  -13500209,          0
 28945,   244,   40000000,   27303669,        0,  -12696331,          0
 28945,   245,   40000000,   26840533,        0,  -13159467,          0
 28945,   246,   40000000,   26631698,        0,  -13368302,          0
 28945,   247,   40000000,   27300789,        0,  -12699211,          0
 28945,   248,   40000000,   27547213,        0,  -12452787,          0
 28945,   249,   40000000,   25046487,        0,  -14953513,          0
 28945,   250,   40000000,   27050345,        0,  -12949655,          0
 28945,   251,   40000000,   26914208,        0,  -13085792,          0
 28945,   252,   40000000,   27117783,        0,  -12882217,          0
 28945,   253,   40000000,   24270555,        0,  -15729445,          0
 28945,   254,   40000000,   26837633,        0,  -13162367,          0
# task NAME=myapp PID=28949 COST=14285000 PERIOD=47000000 CPU=0
 28949,     2,   47000000,      10214,        0,  -46989786,          0
 28949,     3,   47000000,      90931,        0,  -46909069,          0
 28949,     4,   47000000,   25690338,        0,  -21309662,          0
 28949,     5,   47000000,   21964999,        0,  -25035001,          0
 28949,     6,   47000000,   22897416,        0,  -24102584,          0
 28949,     7,   47000000,   23528534,        0,  -23471466,          0
 28949,     8,   47000000,   24738525,        0,  -22261475,          0
 28949,     9,   47000000,   21729300,        0,  -25270700,          0
 28949,    10,   47000000,   22881435,        0,  -24118565,          0
 28949,    11,   47000000,   23370580,        0,  -23629420,          0
 28949,    12,   47000000,   24251232,        0,  -22748768,          0
 28949,    13,   47000000,   22343755,        0,  -24656245,          0
 28949,    14,   47000000,   23172412,        0,  -23827588,          0
 28949,    15,   47000000,   23570999,        0,  -23429001,          0
 28949,    16,   47000000,   25026998,        0,  -21973002,          0
 28949,    17,   47000000,   21043885,        0,  -25956115,          0
 28949,    18,   47000000,   22584607,        0,  -24415393,          0
 28949,    19,   47000000,   24292197,        0,  -22707803,          0
 28949,    20,   47000000,   24149435,        0,  -22850565,          0
 28949,    21,   47000000,   21529183,        0,  -25470817,          0
 28949,    22,   47000000,   22595936,        0,  -24404064,          0
 28949,    23,   47000000,   23693525,        0,  -23306475,          0
 28949,    24,   47000000,   24346771,        0,  -22653229,          0
 28949,    25,   47000000,   21127620,        0,  -25872380,          0
 28949,    26,   47000000,   19448052,        0,  -27551948,          0
 28949,    27,   47000000,   23508638,        0,  -23491362,          0
 28949,    28,   47000000,   24741481,        0,  -22258519,          0
 28949,    29,   47000000,   22705107,        0,  -24294893,          0
 28949,    30,   47000000,   22415477,        0,  -24584523,          0
 28949,    31,   47000000,   23908742,        0,  -23091258,          0
 28949,    32,   47000000,   24118556,        0,  -22881444,          0
 28949,    33,   47000000,   22070314,        0,  -24929686,          0
 28949,    34,   47000000,   22175371,        0,  -24824629,          0
 28949,    35,   47000000,   24085154,        0,  -22914846,          0
 28949,    36,   47000000,   24797800,        0,  -22202200,          0
 28949,    37,   47000000,   20743939,        0,  -26256061,          0
 28949,    38,   47000000,   22511187,        0,  -24488813,          0
 28949,    39,   47000000,   23639258,        0,  -23360742,          0
 28949,    40,   47000000,   25861189,        0,  -21138811,          0
 28949,    41,   47000000,   21488731,        0,  -25511269,          0
 28949,    42,   47000000,   23345552,        0,  -23654448,          0
 28949,    43,   47000000,   22781284,        0,  -24218716,          0
 28949,    44,   47000000,   23572040,        0,  -23427960,          0
 28949,    45,   47000000,   22398894,        0,  -24601106,          0
 28949,    46,   47000000,   23049176,        0,  -23950824,          0
 28949,    47,   47000000,   22936682,        0,  -24063318,          0
 28949,    48,   47000000,   24212409,        0,  -22787591,          0
 28949,    49,   47000000,   20693023,        0,  -26306977,          0
 28949,    50,   47000000,   22882172,        0,  -24117828,          0
 28949,    51,   47000000,   23055738,        0,  -23944262,          0
 28949,    52,   47000000,   24509617,        0,  -22490383,          0
 28949,    53,   47000000,   21101205,        0,  -25898795,          0
 28949,    54,   47000000,   21720960,        0,  -25279040,          0
 28949,    55,   47000000,   22276887,        0,  -24723113,          0
 28949,    56,   47000000,   24298983,        0,  -22701017,          0
 28949,    57,   47000000,   22217715,        0,  -24782285,          0
 28949,    58,   47000000,   22377492,        0,  -24622508,          0
 28949,    59,   47000000,   23732542,        0,  -23267458,          0
 28949,    60,   47000000,   23525920,        0,  -23474080,          0
 28949,    61,   47000000,   21955720,        0,  -25044280,          0
 28949,    62,   47000000,   22588386,        0,  -24411614,          0
 28949,    63,   47000000,   23138573,        0,  -23861427,          0
 28949,    64,   47000000,   25047277,        0,  -21952723,          0
 28949,    65,   47000000,   22221307,        0,  -24778693,          0
 28949,    66,   47000000,   22569914,        0,  -24430086,          0
 28949,    67,   47000000,   23884385,        0,  -23115615,          0
 28949,    68,   47000000,   23930884,        0,  -23069116,          0
 28949,    69,   47000000,   21542334,        0,  -25457666,          0
 28949,    70,   47000000,   22423200,        0,  -24576800,          0
 28949,    71,   47000000,   23085624,        0,  -23914376,          0
 28949,    72,   47000000,   25636326,        0,  -21363674,          0
 28949,    73,   47000000,   21546560,        0,  -25453440,          0
 28949,    74,   47000000,   23078860,        0,  -23921140,          0
 28949,    75,   47000000,   23613251,        0,  -23386749,          0
 28949,    76,   47000000,   24866749,        0,  -22133251,          0
 28949,    77,   47000000,   21903809,        0,  -25096191,          0
 28949,    78,   47000000,   22084710,        0,  -24915290,          0
 28949,    79,   47000000,   22441250,        0,  -24558750,          0
 28949,    80,   47000000,   25079809,        0,  -21920191,          0
 28949,    81,   47000000,   21178413,        0,  -25821587,          0
 28949,    82,   47000000,   22522855,        0,  -24477145,          0
 28949,    83,   47000000,   24230046,        0,  -22769954,          0
 28949,    84,   47000000,   24478436,        0,  -22521564,          0
 28949,    85,   47000000,   21829950,        0,  -25170050,          0
 28949,    86,   47000000,   22032483,        0,  -24967517,          0
 28949,    87,   47000000,   23399546,        0,  -23600454,          0
 28949,    88,   47000000,   25931567,        0,  -21068433,          0
 28949,    89,   47000000,   21627899,        0,  -25372101,          0
 28949,    90,   47000000,   22803610,        0,  -24196390,          0
 28949,    91,   47000000,   23981985,        0,  -23018015,          0
 28949,    92,   47000000,   24609735,        0,  -22390265,          0
 28949,    93,   47000000,   25258793,        0,  -21741207,          0
 28949,    94,   47000000,   22206782,        0,  -24793218,          0
 28949,    95,   47000000,   23766666,        0,  -23233334,          0
 28949,    96,   47000000,   24611182,        0,  -22388818,          0
 28949,    97,   47000000,   21477499,        0,  -25522501,          0
 28949,    98,   47000000,   22840945,        0,  -24159055,          0
 28949,    99,   47000000,   23996949,        0,  -23003051,          0
 28949,   100,   47000000,   24222454,        0,  -22777546,          0
 28949,   101,   47000000,   21300150,        0,  -25699850,          0
 28949,   102,   47000000,   22571046,        0,  -24428954,          0
 28949,   103,   47000000,   23517549,        0,  -23482451,          0
 28949,   104,   47000000,   25004356,        0,  -21995644,          0
 28949,   105,   47000000,   22382422,        0,  -24617578,          0
 28949,   106,   47000000,   22850517,        0,  -24149483,          0
 28949,   107,   47000000,   23854094,        0,  -23145906,          0
 28949,   108,   47000000,   25266126,        0,  -21733874,          0
 28949,   109,   47000000,   22635254,        0,  -24364746,          0
 28949,   110,   47000000,   22529073,        0,  -24470927,          0
 28949,   111,   47000000,   23470701,        0,  -23529299,          0
 28949,   112,   47000000,   24087773,        0,  -22912227,          0
 28949,   113,   47000000,   21725367,        0,  -25274633,          0
 28949,   114,   47000000,   23378358,        0,  -23621642,          0
 28949,   115,   47000000,   23745354,        0,  -23254646,          0
 28949,   116,   47000000,   24908331,        0,  -22091669,          0
 28949,   117,   47000000,   22027359,        0,  -24972641,          0
 28949,   118,   47000000,   23028430,        0,  -23971570,          0
 28949,   119,   47000000,   23511668,        0,  -23488332,          0
 28949,   120,   47000000,   25409585,        0,  -21590415,          0
 28949,   121,   47000000,   21890120,        0,  -25109880,          0
 28949,   122,   47000000,   22491441,        0,  -24508559,          0
 28949,   123,   47000000,   24377089,        0,  -22622911,          0
 28949,   124,   47000000,   24611670,        0,  -22388330,          0
 28949,   125,   47000000,   21239019,        0,  -25760981,          0
 28949,   126,   47000000,   23643625,        0,  -23356375,          0
 28949,   127,   47000000,   24711040,        0,  -22288960,          0
 28949,   128,   47000000,   23928192,        0,  -23071808,          0
 28949,   129,   47000000,   21874381,        0,  -25125619,          0
 28949,   130,   47000000,   22734410,        0,  -24265590,          0
 28949,   131,   47000000,   23377700,        0,  -23622300,          0
 28949,   132,   47000000,   24974041,        0,  -22025959,          0
 28949,   133,   47000000,   21547356,        0,  -25452644,          0
 28949,   134,   47000000,   22606681,        0,  -24393319,          0
 28949,   135,   47000000,   23458234,        0,  -23541766,          0
 28949,   136,   47000000,   27513621,        0,  -19486379,          0
 28949,   137,   47000000,   21171019,        0,  -25828981,          0
 28949,   138,   47000000,   23546162,        0,  -23453838,          0
 28949,   139,   47000000,   23659515,        0,  -23340485,          0
 28949,   140,   47000000,   23524415,        0,  -23475585,          0
 28949,   141,   47000000,   21534029,        0,  -25465971,          0
 28949,   142,   47000000,   22488481,        0,  -24511519,          0
 28949,   143,   47000000,   23192486,        0,  -23807514,          0
 28949,   144,   47000000,   25032997,        0,  -21967003,          0
 28949,   145,   47000000,   21756497,        0,  -25243503,          0
 28949,   146,   47000000,   22132615,        0,  -24867385,          0
 28949,   147,   47000000,   23409657,        0,  -23590343,          0
 28949,   148,   47000000,   25041414,        0,  -21958586,          0
 28949,   149,   47000000,   21935515,        0,  -25064485,          0
 28949,   150,   47000000,   22531998,        0,  -24468002,          0
 28949,   151,   47000000,   22782305,        0,  -24217695,          0
 28949,   152,   47000000,   25655980,        0,  -21344020,          0
 28949,   153,   47000000,   21861834,        0,  -25138166,          0
 28949,   154,   47000000,   22509926,        0,  -24490074,          0
 28949,   155,   47000000,   23871948,        0,  -23128052,          0
 28949,   156,   47000000,   25375554,        0,  -21624446,          0
 28949,   157,   47000000,   20269440,        0,  -26730560,          0
 28949,   158,   47000000,   27561792,        0,  -19438208,          0
 28949,   159,   47000000,   24060633,        0,  -22939367,          0
 28949,   160,   47000000,   25682879,        0,  -21317121,          0
 28949,   161,   47000000,   21962737,        0,  -25037263,          0
 28949,   162,   47000000,   22922612,        0,  -24077388,          0
 28949,   163,   47000000,   23553723,        0,  -23446277,          0
 28949,   164,   47000000,   24679944,        0,  -22320056,          0
 28949,   165,   47000000,   21528326,        0,  -25471674,          0
 28949,   166,   47000000,   21554038,        0,  -25445962,          0
 28949,   167,   47000000,   23380823,        0,  -23619177,          0
 28949,   168,   47000000,   24785610,        0,  -22214390,          0
 28949,   169,   47000000,   22379549,        0,  -24620451,          0
 28949,   170,   47000000,   23365737,        0,  -23634263,          0
 28949,   171,   47000000,   23483524,        0,  -23516476,          0
 28949,   172,   47000000,   24393420,        0,  -22606580,          0
 28949,   173,   47000000,   22043904,        0,  -24956096,          0
 28949,   174,   47000000,   22482389,        0,  -24517611,          0
 28949,   175,   47000000,   24288072,        0,  -22711928,          0
 28949,   176,   47000000,   24466682,        0,  -22533318,          0
 28949,   177,   47000000,   21084352,        0,  -25915648,          0
 28949,   178,   47000000,   21759360,        0,  -25240640,          0
 28949,   179,   47000000,   22394071,        0,  -24605929,          0
 28949,   180,   47000000,   24487462,        0,  -22512538,          0
 28949,   181,   47000000,   21745760,        0,  -25254240,          0
 28949,   182,   47000000,   22416396,        0,  -24583604,          0
 28949,   183,   47000000,   24127187,        0,  -22872813,          0
 28949,   184,   47000000,   23955623,        0,  -23044377,          0
 28949,   185,   47000000,   21954056,        0,  -25045944,          0
 28949,   186,   47000000,   23732779,        0,  -23267221,          0
 28949,   187,   47000000,   23087982,        0,  -23912018,          0
 28949,   188,   47000000,   24091083,        0,  -22908917,          0
 28949,   189,   47000000,   22335434,        0,  -24664566,          0
 28949,   190,   47000000,   23420435,        0,  -23579565,          0
 28949,   191,   47000000,   23218252,        0,  -23781748,          0
 28949,   192,   47000000,   24856879,        0,  -22143121,          0
 28949,   193,   47000000,   21859456,        0,  -25140544,          0
 28949,   194,   47000000,   22853358,        0,  -24146642,          0
 28949,   195,   47000000,   23161777,        0,  -23838223,          0
 28949,   196,   47000000,   25536049,        0,  -21463951,          0
 28949,   197,   47000000,   21652792,        0,  -25347208,          0
 28949,   198,   47000000,   22497673,        0,  -24502327,          0
 28949,   199,   47000000,   23908147,        0,  -23091853,          0
 28949,   200,   47000000,   25114933,        0,  -21885067,          0
 28949,   201,   47000000,   22377926,        0,  -24622074,          0
 28949,   202,   47000000,   22086482,        0,  -24913518,          0
 28949,   203,   47000000,   23344379,        0,  -23655621,          0
 28949,   204,   47000000,   24932133,        0,  -22067867,          0
 28949,   205,   47000000,   21981648,        0,  -25018352,          0
 28949,   206,   47000000,   23602928,        0,  -23397072,          0
 28949,   207,   47000000,   24499187,        0,  -22500813,          0
 28949,   208,   47000000,   25357779,        0,  -21642221,          0
 28949,   209,   47000000,   21520395,        0,  -25479605,          0
 28949,   210,   47000000,   22836254,        0,  -24163746,          0
 28949,   211,   47000000,   23704072,        0,  -23295928,          0
 28949,   212,   47000000,   24230253,        0,  -22769747,          0
 28949,   213,   47000000,   21937360,        0,  -25062640,          0
 28949,   214,   47000000,   22896936,        0,  -24103064,          0
 28949,   215,   47000000,   24157415,        0,  -22842585,          0
 28949,   216,   47000000,   23938434,        0,  -23061566,          0
# task NAME=myapp PID=28952 COST=6803000 PERIOD=65000000 CPU=0
 28952,     2,   65000000,      17205,        0,  -64982795,          0
 28952,     3,   65000000,      72107,        0,  -64927893,          0
 28952,     4,   65000000,   10259232,        0,  -54740768,          0
 28952,     5,   65000000,    9208124,        0,  -55791876,          0
 28952,     6,   65000000,   11902872,        0,  -53097128,          0
 28952,     7,   65000000,   10952136,        0,  -54047864,          0
 28952,     8,   65000000,    9706168,        0,  -55293832,          0
 28952,     9,   65000000,    9087775,        0,  -55912225,          0
 28952,    10,   65000000,   11759728,        0,  -53240272,          0
 28952,    11,   65000000,    8573162,        0,  -56426838,          0
 28952,    12,   65000000,    9785080,        0,  -55214920,          0
 28952,    13,   65000000,    9230507,        0,  -55769493,          0
 28952,    14,   65000000,    9420096,        0,  -55579904,          0
 28952,    15,   65000000,   10455839,        0,  -54544161,          0
 28952,    16,   65000000,   10547897,        0,  -54452103,          0
 28952,    17,   65000000,    8653633,        0,  -56346367,          0
 28952,    18,   65000000,    9148758,        0,  -55851242,          0
 28952,    19,   65000000,   10708003,        0,  -54291997,          0
 28952,    20,   65000000,    9364349,        0,  -55635651,          0
 28952,    21,   65000000,    8752904,        0,  -56247096,          0
 28952,    22,   65000000,   11840269,        0,  -53159731,          0
 28952,    23,   65000000,   10878583,        0,  -54121417,          0
 28952,    24,   65000000,   10497463,        0,  -54502537,          0
 28952,    25,   65000000,    8918395,        0,  -56081605,          0
 28952,    26,   65000000,   11501583,        0,  -53498417,          0
 28952,    27,   65000000,    9048029,        0,  -55951971,          0
 28952,    28,   65000000,   10256078,        0,  -54743922,          0
 28952,    29,   65000000,    8674972,        0,  -56325028,          0
 28952,    30,   65000000,   10626243,        0,  -54373757,          0
 28952,    31,   65000000,   10759231,        0,  -54240769,          0
 28952,    32,   65000000,    8342007,        0,  -56657993,          0
 28952,    33,   65000000,    8736448,        0,  -56263552,          0
 28952,    34,   65000000,   11385041,        0,  -53614959,          0
 28952,    35,   65000000,   11315733,        0,  -53684267,          0
 28952,    36,   65000000,   10066613,        0,  -54933387,          0
 28952,    37,   65000000,    9510099,        0,  -55489901,          0
 28952,    38,   65000000,   11390418,        0,  -53609582,          0
 28952,    39,   65000000,   11099859,        0,  -53900141,          0
 28952,    40,   65000000,   10032553,        0,  -54967447,          0
 28952,    41,   65000000,    8541585,        0,  -56458415,          0
 28952,    42,   65000000,   11717431,        0,  -53282569,          0
 28952,    43,   65000000,   10662943,        0,  -54337057,          0
 28952,    44,   65000000,    9739301,        0,  -55260699,          0
 28952,    45,   65000000,    9504345,        0,  -55495655,          0
 28952,    46,   65000000,   11632311,        0,  -53367689,          0
 28952,    47,   65000000,   11399281,        0,  -53600719,          0
 28952,    48,   65000000,   10491861,        0,  -54508139,          0
 28952,    49,   65000000,    8413306,        0,  -56586694,          0
 28952,    50,   65000000,   11376357,        0,  -53623643,          0
 28952,    51,   65000000,   11229453,        0,  -53770547,          0
 28952,    52,   65000000,    9741962,        0,  -55258038,          0
 28952,    53,   65000000,    8661352,        0,  -56338648,          0
 28952,    54,   65000000,   11503340,        0,  -53496660,          0
 28952,    55,   65000000,   10732237,        0,  -54267763,          0
 28952,    56,   65000000,   10128491,        0,  -54871509,          0
 28952,    57,   65000000,    8432894,        0,  -56567106,          0
 28952,    58,   65000000,    9044474,        0,  -55955526,          0
 28952,    59,   65000000,   10927232,        0,  -54072768,          0
 28952,    60,   65000000,    9920726,        0,  -55079274,          0
 28952,    61,   65000000,    8318341,        0,  -56681659,          0
 28952,    62,   65000000,   11420181,        0,  -53579819,          0
 28952,    63,   65000000,    8412721,        0,  -56587279,          0
 28952,    64,   65000000,    9633621,        0,  -55366379,          0
 28952,    65,   65000000,    8387258,        0,  -56612742,          0
 28952,    66,   65000000,   12546332,        0,  -52453668,          0
 28952,    67,   65000000,   11853874,        0,  -53146126,          0
 28952,    68,   65000000,    9743104,        0,  -55256896,          0
 28952,    69,   65000000,   12384810,        0,  -52615190,          0
 28952,    70,   65000000,   11727845,        0,  -53272155,          0
 28952,    71,   65000000,   11083471,        0,  -53916529,          0
 28952,    72,   65000000,   10591948,        0,  -54408052,          0
 28952,    73,   65000000,    9540283,        0,  -55459717,          0
 28952,    74,   65000000,    9247325,        0,  -55752675,          0
 28952,    75,   65000000,    8449077,        0,  -56550923,          0
 28952,    76,   65000000,    9792168,        0,  -55207832,          0
 28952,    77,   65000000,    8731667,        0,  -56268333,          0
 28952,    78,   65000000,   11741817,        0,  -53258183,          0
 28952,    79,   65000000,   10356661,        0,  -54643339,          0
 28952,    80,   65000000,    9771453,        0,  -55228547,          0
 28952,    81,   65000000,    6723366,        0,  -58276634,          0
 28952,    82,   65000000,   11269225,        0,  -53730775,          0
 28952,    83,   65000000,    8701367,        0,  -56298633,          0
 28952,    84,   65000000,   10749815,        0,  -54250185,          0
 28952,    85,   65000000,    8730186,        0,  -56269814,          0
 28952,    86,   65000000,    9418203,        0,  -55581797,          0
 28952,    87,   65000000,   10723597,        0,  -54276403,          0
 28952,    88,   65000000,    9693989,        0,  -55306011,          0
 28952,    89,   65000000,    9613182,        0,  -55386818,          0
 28952,    90,   65000000,   11319253,        0,  -53680747,          0
 28952,    91,   65000000,   10741639,        0,  -54258361,          0
 28952,    92,   65000000,    9703397,        0,  -55296603,          0
 28952,    93,   65000000,    9521738,        0,  -55478262,          0
 28952,    94,   65000000,   11784908,        0,  -53215092,          0
 28952,    95,   65000000,   11204006,        0,  -53795994,          0
 28952,    96,   65000000,   10537095,        0,  -54462905,          0
 28952,    97,   65000000,    8411033,        0,  -56588967,          0
 28952,    98,   65000000,   11470600,        0,  -53529400,          0
 28952,    99,   65000000,    8429588,        0,  -56570412,          0
 28952,   100,   65000000,   10178569,        0,  -54821431,          0
 28952,   101,   65000000,    8804468,        0,  -56195532,          0
 28952,   102,   65000000,   10579171,        0,  -54420829,          0
 28952,   103,   65000000,   10537854,        0,  -54462146,          0
 28952,   104,   65000000,    9961430,        0,  -55038570,          0
 28952,   105,   65000000,    9144224,        0,  -55855776,          0
 28952,   106,   65000000,   11856026,        0,  -53143974,          0
 28952,   107,   65000000,   11041430,        0,  -53958570,          0
 28952,   108,   65000000,   10541514,        0,  -54458486,          0
 28952,   109,   65000000,    8883326,        0,  -56116674,          0
 28952,   110,   65000000,   11300650,        0,  -53699350,          0
 28952,   111,   65000000,   10760074,        0,  -54239926,          0
 28952,   112,   65000000,   10582354,        0,  -54417646,          0
 28952,   113,   65000000,    9070711,        0,  -55929289,          0
 28952,   114,   65000000,   11434232,        0,  -53565768,          0
 28952,   115,   65000000,   11200976,        0,  -53799024,          0
 28952,   116,   65000000,   10157901,        0,  -54842099,          0
 28952,   117,   65000000,    8419010,        0,  -56580990,          0
 28952,   118,   65000000,   12555681,        0,  -52444319,          0
 28952,   119,   65000000,   10447956,        0,  -54552044,          0
 28952,   120,   65000000,   10565873,        0,  -54434127,          0
 28952,   121,   65000000,    8663493,        0,  -56336507,          0
 28952,   122,   65000000,   11331379,        0,  -53668621,          0
 28952,   123,   65000000,   10736027,        0,  -54263973,          0
 28952,   124,   65000000,   10115803,        0,  -54884197,          0
 28952,   125,   65000000,    8719601,        0,  -56280399,          0
 28952,   126,   65000000,   12266174,        0,  -52733826,          0
 28952,   127,   65000000,   10778835,        0,  -54221165,          0
 28952,   128,   65000000,    9304798,        0,  -55695202,          0
 28952,   129,   65000000,    8382621,        0,  -56617379,          0
 28952,   130,   65000000,   11363150,        0,  -53636850,          0
 28952,   131,   65000000,   11219712,        0,  -53780288,          0
 28952,   132,   65000000,    9727646,        0,  -55272354,          0
 28952,   133,   65000000,    8370954,        0,  -56629046,          0
 28952,   134,   65000000,    9490907,        0,  -55509093,          0
 28952,   135,   65000000,   10749789,        0,  -54250211,          0
 28952,   136,   65000000,   10276854,        0,  -54723146,          0
 28952,   137,   65000000,    8507740,        0,  -56492260,          0
 28952,   138,   65000000,   11325188,        0,  -53674812,          0
 28952,   139,   65000000,   10738691,        0,  -54261309,          0
 28952,   140,   65000000,   10618667,        0,  -54381333,          0
 28952,   141,   65000000,    9739670,        0,  -55260330,          0
 28952,   142,   65000000,   11761907,        0,  -53238093,          0
 28952,   143,   65000000,   10788546,        0,  -54211454,          0
 28952,   144,   65000000,    9741963,        0,  -55258037,          0
 28952,   145,   65000000,    8679458,        0,  -56320542,          0
 28952,   146,   65000000,   11359157,        0,  -53640843,          0
 28952,   147,   65000000,   10352349,        0,  -54647651,          0
 28952,   148,   65000000,    9407688,        0,  -55592312,          0
 28952,   149,   65000000,    8676177,        0,  -56323823,          0
 28952,   150,   65000000,   11900052,        0,  -53099948,          0
 28952,   151,   65000000,    8731985,        0,  -56268015,          0
 28952,   152,   65000000,    9682721,        0,  -55317279,          0
 28952,   153,   65000000,    8694620,        0,  -56305380,          0
 28952,   154,   65000000,   12419122,        0,  -52580878,          0
 28952,   155,   65000000,   11192081,        0,  -53807919,          0
 28952,   156,   65000000,   10603387,        0,  -54396613,          0
 28952,   157,   65000000,    8770892,        0,  -56229108,          0
