# Task,   Job,     Period,   Response, DL Miss?,   Lateness,  Tardiness
# task NAME=myapp PID=1495 COST=3208000 PERIOD=57000000 CPU=0
  1495,     2,   57000000,      11867,        0,  -56988133,          0
  1495,     3,   57000000,     107529,        0,  -56892471,          0
  1495,     4,   57000000,    3144555,        0,  -53855445,          0
  1495,     5,   57000000,    3078303,        0,  -53921697,          0
  1495,     6,   57000000,    5395827,        0,  -51604173,          0
  1495,     7,   57000000,    3334700,        0,  -53665300,          0
  1495,     8,   57000000,    3110216,        0,  -53889784,          0
  1495,     9,   57000000,    3114099,        0,  -53885901,          0
  1495,    10,   57000000,    4435299,        0,  -52564701,          0
  1495,    11,   57000000,    3466706,        0,  -53533294,          0
  1495,    12,   57000000,    3125530,        0,  -53874470,          0
  1495,    13,   57000000,    3102036,        0,  -53897964,          0
  1495,    14,   57000000,    4788510,        0,  -52211490,          0
  1495,    15,   57000000,    3606325,        0,  -53393675,          0
  1495,    16,   57000000,    3186038,        0,  -53813962,          0
  1495,    17,   57000000,    3112894,        0,  -53887106,          0
  1495,    18,   57000000,    4591298,        0,  -52408702,          0
  1495,    19,   57000000,    3620292,        0,  -53379708,          0
  1495,    20,   57000000,    3093052,        0,  -53906948,          0
  1495,    21,   57000000,    3187672,        0,  -53812328,          0
  1495,    22,   57000000,    4740770,        0,  -52259230,          0
  1495,    23,   57000000,    3813511,        0,  -53186489,          0
  1495,    24,   57000000,    3128934,        0,  -53871066,          0
  1495,    25,   57000000,    5112992,        0,  -51887008,          0
  1495,    26,   57000000,    4866543,        0,  -52133457,          0
  1495,    27,   57000000,    3874285,        0,  -53125715,          0
  1495,    28,   57000000,    3102582,        0,  -53897418,          0
  1495,    29,   57000000,    3192222,        0,  -53807778,          0
  1495,    30,   57000000,    4941106,        0,  -52058894,          0
  1495,    31,   57000000,    4115643,        0,  -52884357,          0
  1495,    32,   57000000,    3137598,        0,  -53862402,          0
  1495,    33,   57000000,    3137124,        0,  -53862876,          0
  1495,    34,   57000000,    4176117,        0,  -52823883,          0
  1495,    35,   57000000,    4147379,        0,  -52852621,          0
  1495,    36,   57000000,    3431395,        0,  -53568605,          0
  1495,    37,   57000000,    3139819,        0,  -53860181,          0
  1495,    38,   57000000,    3145696,        0,  -53854304,          0
  1495,    39,   57000000,    4195246,        0,  -52804754,          0
  1495,    40,   57000000,    4712254,        0,  -52287746,          0
  1495,    41,   57000000,    3106337,        0,  -53893663,          0
  1495,    42,   57000000,    3242155,        0,  -53757845,          0
  1495,    43,   57000000,    4372841,        0,  -52627159,          0
  1495,    44,   57000000,    4890446,        0,  -52109554,          0
  1495,    45,   57000000,    3160483,        0,  -53839517,          0
  1495,    46,   57000000,    4743135,        0,  -52256865,          0
  1495,    47,   57000000,    4394912,        0,  -52605088,          0
  1495,    48,   57000000,    3443163,        0,  -53556837,          0
  1495,    49,   57000000,    3144853,        0,  -53855147,          0
  1495,    50,   57000000,    3223250,        0,  -53776750,          0
  1495,    51,   57000000,    4579608,        0,  -52420392,          0
  1495,    52,   57000000,    3580399,        0,  -53419601,          0
  1495,    53,   57000000,    3144458,        0,  -53855542,          0
  1495,    54,   57000000,    3150300,        0,  -53849700,          0
  1495,    55,   57000000,    4705724,        0,  -52294276,          0
  1495,    56,   57000000,    3710886,        0,  -53289114,          0
  1495,    57,   57000000,    3091419,        0,  -53908581,          0
  1495,    58,   57000000,    3185851,        0,  -53814149,          0
  1495,    59,   57000000,    4826591,        0,  -52173409,          0
  1495,    60,   57000000,    3837165,        0,  -53162835,          0
  1495,    61,   57000000,    3199865,        0,  -53800135,          0
  1495,    62,   57000000,    3128067,        0,  -53871933,          0
  1495,    63,   57000000,    4923908,        0,  -52076092,          0
  1495,    64,   57000000,    3866433,        0,  -53133567,          0
  1495,    65,   57000000,    3132656,        0,  -53867344,          0
  1495,    66,   57000000,    3138820,        0,  -53861180,          0
  1495,    67,   57000000,    5038865,        0,  -51961135,          0
  1495,    68,   57000000,    4060702,        0,  -52939298,          0
  1495,    69,   57000000,    3196788,        0,  -53803212,          0
  1495,    70,   57000000,    3948725,        0,  -53051275,          0
  1495,    71,   57000000,    4214425,        0,  -52785575,          0
  1495,    72,   57000000,    4168535,        0,  -52831465,          0
  1495,    73,   57000000,    3173636,        0,  -53826364,          0
  1495,    74,   57000000,    3154617,        0,  -53845383,          0
  1495,    75,   57000000,    3157854,        0,  -53842146,          0
  1495,    76,   57000000,    4309616,        0,  -52690384,          0
  1495,    77,   57000000,    3845868,        0,  -53154132,          0
  1495,    78,   57000000,    3196887,        0,  -53803113,          0
  1495,    79,   57000000,    4363775,        0,  -52636225,          0
  1495,    80,   57000000,    4335833,        0,  -52664167,          0
  1495,    81,   57000000,    3422753,        0,  -53577247,          0
  1495,    82,   57000000,    3190061,        0,  -53809939,          0
  1495,    83,   57000000,    3159541,        0,  -53840459,          0
  1495,    84,   57000000,    4513862,        0,  -52486138,          0
  1495,    85,   57000000,    3519493,        0,  -53480507,          0
  1495,    86,   57000000,    3092007,        0,  -53907993,          0
  1495,    87,   57000000,    3119223,        0,  -53880777,          0
  1495,    88,   57000000,    4640160,        0,  -52359840,          0
  1495,    89,   57000000,    3667079,        0,  -53332921,          0
  1495,    90,   57000000,    3086206,        0,  -53913794,          0
  1495,    91,   57000000,    3093375,        0,  -53906625,          0
  1495,    92,   57000000,    3717664,        0,  -53282336,          0
  1495,    93,   57000000,    4035030,        0,  -52964970,          0
  1495,    94,   57000000,    3090414,        0,  -53909586,          0
  1495,    95,   57000000,    3131986,        0,  -53868014,          0
  1495,    96,   57000000,    4929167,        0,  -52070833,          0
  1495,    97,   57000000,    3877427,        0,  -53122573,          0
  1495,    98,   57000000,    3132827,        0,  -53867173,          0
  1495,    99,   57000000,    3146288,        0,  -53853712,          0
  1495,   100,   57000000,    4989601,        0,  -52010399,          0
  1495,   101,   57000000,    3931847,        0,  -53068153,          0
  1495,   102,   57000000,    3233892,        0,  -53766108,          0
  1495,   103,   57000000,    3140554,        0,  -53859446,          0
  1495,   104,   57000000,    5315072,        0,  -51684928,          0
  1495,   105,   57000000,    4075916,        0,  -52924084,          0
  1495,   106,   57000000,    3136139,        0,  -53863861,          0
  1495,   107,   57000000,    3178416,        0,  -53821584,          0
  1495,   108,   57000000,    5234215,        0,  -51765785,          0
  1495,   109,   57000000,    4201653,        0,  -52798347,          0
  1495,   110,   57000000,    3938120,        0,  -53061880,          0
  1495,   111,   57000000,    3172573,        0,  -53827427,          0
  1495,   112,   57000000,    3124704,        0,  -53875296,          0
  1495,   113,   57000000,    4327924,        0,  -52672076,          0
  1495,   114,   57000000,    4599879,        0,  -52400121,          0
  1495,   115,   57000000,    3437740,        0,  -53562260,          0
  1495,   116,   57000000,    3243714,        0,  -53756286,          0
  1495,   117,   57000000,    6450940,        0,  -50549060,          0
  1495,   118,   57000000,    5505120,        0,  -51494880,          0
  1495,   119,   57000000,    3130380,        0,  -53869620,          0
  1495,   120,   57000000,    3140044,        0,  -53859956,          0
  1495,   121,   57000000,    3563756,        0,  -53436244,          0
  1495,   122,   57000000,    3642924,        0,  -53357076,          0
  1495,   123,   57000000,    3065190,        0,  -53934810,          0
  1495,   124,   57000000,    3106015,        0,  -53893985,          0
  1495,   125,   57000000,    3666867,        0,  -53333133,          0
  1495,   126,   57000000,    3685146,        0,  -53314854,          0
  1495,   127,   57000000,    3128110,        0,  -53871890,          0
  1495,   128,   57000000,    3186061,        0,  -53813939,          0
  1495,   129,   57000000,    4774609,        0,  -52225391,          0
  1495,   130,   57000000,    3787111,        0,  -53212889,          0
  1495,   131,   57000000,    3102782,        0,  -53897218,          0
  1495,   132,   57000000,    3097106,        0,  -53902894,          0
  1495,   133,   57000000,    4912720,        0,  -52087280,          0
  1495,   134,   57000000,    3920649,        0,  -53079351,          0
  1495,   135,   57000000,    3119898,        0,  -53880102,          0
  1495,   136,   57000000,    3144220,        0,  -53855780,          0
  1495,   137,   57000000,    4068879,        0,  -52931121,          0
  1495,   138,   57000000,    4108826,        0,  -52891174,          0
  1495,   139,   57000000,    4424539,        0,  -52575461,          0
  1495,   140,   57000000,    3118831,        0,  -53881169,          0
  1495,   141,   57000000,    5183870,        0,  -51816130,          0
  1495,   142,   57000000,    4156987,        0,  -52843013,          0
  1495,   143,   57000000,    3173692,        0,  -53826308,          0
  1495,   144,   57000000,    3135998,        0,  -53864002,          0
  1495,   145,   57000000,    3155934,        0,  -53844066,          0
  1495,   146,   57000000,    4284672,        0,  -52715328,          0
  1495,   147,   57000000,    3262436,        0,  -53737564,          0
  1495,   148,   57000000,    3213310,        0,  -53786690,          0
  1495,   149,   57000000,    3082401,        0,  -53917599,          0
  1495,   150,   57000000,    6661143,        0,  -50338857,          0
  1495,   151,   57000000,    3408887,        0,  -53591113,          0
  1495,   152,   57000000,    3118599,        0,  -53881401,          0
  1495,   153,   57000000,    3145113,        0,  -53854887,          0
  1495,   154,   57000000,    4496916,        0,  -52503084,          0
  1495,   155,   57000000,    3532212,        0,  -53467788,          0
  1495,   156,   57000000,    3103487,        0,  -53896513,          0
  1495,   157,   57000000,    3175141,        0,  -53824859,          0
  1495,   158,   57000000,    3798619,        0,  -53201381,          0
  1495,   159,   57000000,    3630424,        0,  -53369576,          0
  1495,   160,   57000000,    3100990,        0,  -53899010,          0
  1495,   161,   57000000,    3124950,        0,  -53875050,          0
  1495,   162,   57000000,    3762064,        0,  -53237936,          0
  1495,   163,   57000000,    4151804,        0,  -52848196,          0
  1495,   164,   57000000,    3140013,        0,  -53859987,          0
  1495,   165,   57000000,    3137840,        0,  -53862160,          0
  1495,   166,   57000000,    4819779,        0,  -52180221,          0
  1495,   167,   57000000,    3928282,        0,  -53071718,          0
  1495,   168,   57000000,    3139339,        0,  -53860661,          0
  1495,   169,   57000000,    3107890,        0,  -53892110,          0
  1495,   170,   57000000,    4970474,        0,  -52029526,          0
  1495,   171,   57000000,    4084395,        0,  -52915605,          0
  1495,   172,   57000000,    3457177,        0,  -53542823,          0
  1495,   173,   57000000,    3082987,        0,  -53917013,          0
  1495,   174,   57000000,    5056380,        0,  -51943620,          0
  1495,   175,   57000000,    4088497,        0,  -52911503,          0
  1495,   176,   57000000,    3127502,        0,  -53872498,          0
  1495,   177,   57000000,    3143511,        0,  -53856489,          0
  1495,   178,   57000000,    3084035,        0,  -53915965,          0
  1495,   179,   57000000,    4301002,        0,  -52698998,          0
# task NAME=myapp PID=1498 COST=1143000 PERIOD=39000000 CPU=0
  1498,     2,   39000000,      10241,        0,  -38989759,          0
  1498,     3,   39000000,      62455,        0,  -38937545,          0
  1498,     4,   39000000,    1268277,        0,  -37731723,          0
  1498,     5,   39000000,    1128010,        0,  -37871990,          0
  1498,     6,   39000000,    1148426,        0,  -37851574,          0
  1498,     7,   39000000,    1134177,        0,  -37865823,          0
  1498,     8,   39000000,    1150824,        0,  -37849176,          0
  1498,     9,   39000000,    1118744,        0,  -37881256,          0
  1498,    10,   39000000,    1130215,        0,  -37869785,          0
  1498,    11,   39000000,    1127065,        0,  -37872935,          0
  1498,    12,   39000000,    1149399,        0,  -37850601,          0
  1498,    13,   39000000,    1143294,        0,  -37856706,          0
  1498,    14,   39000000,    1195890,        0,  -37804110,          0
  1498,    15,   39000000,    1206314,        0,  -37793686,          0
  1498,    16,   39000000,    1148907,        0,  -37851093,          0
  1498,    17,   39000000,    1172574,        0,  -37827426,          0
  1498,    18,   39000000,    1150197,        0,  -37849803,          0
  1498,    19,   39000000,    1164991,        0,  -37835009,          0
  1498,    20,   39000000,    1170305,        0,  -37829695,          0
  1498,    21,   39000000,    1148764,        0,  -37851236,          0
  1498,    22,   39000000,    1168153,        0,  -37831847,          0
  1498,    23,   39000000,    1129113,        0,  -37870887,          0
  1498,    24,   39000000,    1143043,        0,  -37856957,          0
  1498,    25,   39000000,    1180792,        0,  -37819208,          0
  1498,    26,   39000000,    1147190,        0,  -37852810,          0
  1498,    27,   39000000,    1153672,        0,  -37846328,          0
  1498,    28,   39000000,    1329887,        0,  -37670113,          0
  1498,    29,   39000000,    1198146,        0,  -37801854,          0
  1498,    30,   39000000,    1110679,        0,  -37889321,          0
  1498,    31,   39000000,    1154035,        0,  -37845965,          0
  1498,    32,   39000000,    1420188,        0,  -37579812,          0
  1498,    33,   39000000,    1199323,        0,  -37800677,          0
  1498,    34,   39000000,    1107858,        0,  -37892142,          0
  1498,    35,   39000000,    1870799,        0,  -37129201,          0
  1498,    36,   39000000,    1217179,        0,  -37782821,          0
  1498,    37,   39000000,    1173722,        0,  -37826278,          0
  1498,    38,   39000000,    1128833,        0,  -37871167,          0
  1498,    39,   39000000,    1216550,        0,  -37783450,          0
  1498,    40,   39000000,    1177154,        0,  -37822846,          0
  1498,    41,   39000000,    1159653,        0,  -37840347,          0
  1498,    42,   39000000,    1183951,        0,  -37816049,          0
  1498,    43,   39000000,    1183526,        0,  -37816474,          0
  1498,    44,   39000000,    1741173,        0,  -37258827,          0
  1498,    45,   39000000,    2106729,        0,  -36893271,          0
  1498,    46,   39000000,    1184879,        0,  -37815121,          0
  1498,    47,   39000000,    1171239,        0,  -37828761,          0
  1498,    48,   39000000,    3193924,        0,  -35806076,          0
  1498,    49,   39000000,    1162637,        0,  -37837363,          0
  1498,    50,   39000000,    1133558,        0,  -37866442,          0
  1498,    51,   39000000,    1199757,        0,  -37800243,          0
  1498,    52,   39000000,    1160097,        0,  -37839903,          0
  1498,    53,   39000000,    1129682,        0,  -37870318,          0
  1498,    54,   39000000,    1129273,        0,  -37870727,          0
  1498,    55,   39000000,    1178946,        0,  -37821054,          0
  1498,    56,   39000000,    1121646,        0,  -37878354,          0
  1498,    57,   39000000,    1155060,        0,  -37844940,          0
  1498,    58,   39000000,    1140007,        0,  -37859993,          0
  1498,    59,   39000000,    1245235,        0,  -37754765,          0
  1498,    60,   39000000,    1191914,        0,  -37808086,          0
  1498,    61,   39000000,    1131924,        0,  -37868076,          0
  1498,    62,   39000000,    1173288,        0,  -37826712,          0
  1498,    63,   39000000,    1590341,        0,  -37409659,          0
  1498,    64,   39000000,    1176237,        0,  -37823763,          0
  1498,    65,   39000000,    1128443,        0,  -37871557,          0
  1498,    66,   39000000,    1537702,        0,  -37462298,          0
  1498,    67,   39000000,    1179876,        0,  -37820124,          0
  1498,    68,   39000000,    1143403,        0,  -37856597,          0
  1498,    69,   39000000,    1134544,        0,  -37865456,          0
  1498,    70,   39000000,    1232069,        0,  -37767931,          0
  1498,    71,   39000000,    2535783,        0,  -36464217,          0
  1498,    72,   39000000,    1144401,        0,  -37855599,          0
  1498,    73,   39000000,    1157525,        0,  -37842475,          0
  1498,    74,   39000000,    1242061,        0,  -37757939,          0
  1498,    75,   39000000,    1171990,        0,  -37828010,          0
  1498,    76,   39000000,    1174465,        0,  -37825535,          0
  1498,    77,   39000000,    2663522,        0,  -36336478,          0
  1498,    78,   39000000,    1130267,        0,  -37869733,          0
  1498,    79,   39000000,    1201169,        0,  -37798831,          0
  1498,    80,   39000000,    1109192,        0,  -37890808,          0
  1498,    81,   39000000,    1112781,        0,  -37887219,          0
  1498,    82,   39000000,    1227947,        0,  -37772053,          0
  1498,    83,   39000000,    1167754,        0,  -37832246,          0
  1498,    84,   39000000,    1129272,        0,  -37870728,          0
  1498,    85,   39000000,    1187909,        0,  -37812091,          0
  1498,    86,   39000000,    1138352,        0,  -37861648,          0
  1498,    87,   39000000,    1140465,        0,  -37859535,          0
  1498,    88,   39000000,    1149808,        0,  -37850192,          0
  1498,    89,   39000000,    1119733,        0,  -37880267,          0
  1498,    90,   39000000,    1146121,        0,  -37853879,          0
  1498,    91,   39000000,    1944691,        0,  -37055309,          0
  1498,    92,   39000000,    1127918,        0,  -37872082,          0
  1498,    93,   39000000,    1115775,        0,  -37884225,          0
  1498,    94,   39000000,    2001692,        0,  -36998308,          0
  1498,    95,   39000000,    1157424,        0,  -37842576,          0
  1498,    96,   39000000,    1185074,        0,  -37814926,          0
  1498,    97,   39000000,    1155111,        0,  -37844889,          0
  1498,    98,   39000000,    1782246,        0,  -37217754,          0
  1498,    99,   39000000,    1197975,        0,  -37802025,          0
  1498,   100,   39000000,    1190386,        0,  -37809614,          0
  1498,   101,   39000000,    1207684,        0,  -37792316,          0
  1498,   102,   39000000,    1173431,        0,  -37826569,          0
  1498,   103,   39000000,    1165450,        0,  -37834550,          0
  1498,   104,   39000000,    1217424,        0,  -37782576,          0
  1498,   105,   39000000,    1174559,        0,  -37825441,          0
  1498,   106,   39000000,    1211088,        0,  -37788912,          0
  1498,   107,   39000000,    1157640,        0,  -37842360,          0
  1498,   108,   39000000,    1133292,        0,  -37866708,          0
  1498,   109,   39000000,    1233676,        0,  -37766324,          0
  1498,   110,   39000000,    1198368,        0,  -37801632,          0
  1498,   111,   39000000,    1153037,        0,  -37846963,          0
  1498,   112,   39000000,    1142072,        0,  -37857928,          0
  1498,   113,   39000000,    1174189,        0,  -37825811,          0
  1498,   114,   39000000,    1417620,        0,  -37582380,          0
  1498,   115,   39000000,    1194364,        0,  -37805636,          0
  1498,   116,   39000000,    1183934,        0,  -37816066,          0
  1498,   117,   39000000,    1441932,        0,  -37558068,          0
  1498,   118,   39000000,    1165832,        0,  -37834168,          0
  1498,   119,   39000000,    1196209,        0,  -37803791,          0
  1498,   120,   39000000,    1227255,        0,  -37772745,          0
  1498,   121,   39000000,    1167643,        0,  -37832357,          0
  1498,   122,   39000000,    1211635,        0,  -37788365,          0
  1498,   123,   39000000,    1170400,        0,  -37829600,          0
  1498,   124,   39000000,    1124658,        0,  -37875342,          0
  1498,   125,   39000000,    1428065,        0,  -37571935,          0
  1498,   126,   39000000,    1165064,        0,  -37834936,          0
  1498,   127,   39000000,    1143082,        0,  -37856918,          0
  1498,   128,   39000000,    1190646,        0,  -37809354,          0
  1498,   129,   39000000,    1140066,        0,  -37859934,          0
  1498,   130,   39000000,    1165057,        0,  -37834943,          0
  1498,   131,   39000000,    1167868,        0,  -37832132,          0
  1498,   132,   39000000,    1142262,        0,  -37857738,          0
  1498,   133,   39000000,    1148163,        0,  -37851837,          0
  1498,   134,   39000000,    1151401,        0,  -37848599,          0
  1498,   135,   39000000,    1138815,        0,  -37861185,          0
  1498,   136,   39000000,    1846832,        0,  -37153168,          0
  1498,   137,   39000000,    1163457,        0,  -37836543,          0
  1498,   138,   39000000,    1415517,        0,  -37584483,          0
  1498,   139,   39000000,    1139817,        0,  -37860183,          0
  1498,   140,   39000000,    1281006,        0,  -37718994,          0
  1498,   141,   39000000,    1140548,        0,  -37859452,          0
  1498,   142,   39000000,    1705371,        0,  -37294629,          0
  1498,   143,   39000000,    1174043,        0,  -37825957,          0
  1498,   144,   39000000,    1204395,        0,  -37795605,          0
  1498,   145,   39000000,    1955626,        0,  -37044374,          0
  1498,   146,   39000000,    1264125,        0,  -37735875,          0
  1498,   147,   39000000,    1156328,        0,  -37843672,          0
  1498,   148,   39000000,    1197255,        0,  -37802745,          0
  1498,   149,   39000000,    1151190,        0,  -37848810,          0
  1498,   150,   39000000,    1177707,        0,  -37822293,          0
  1498,   151,   39000000,    1171859,        0,  -37828141,          0
  1498,   152,   39000000,    1127499,        0,  -37872501,          0
  1498,   153,   39000000,    2235032,        0,  -36764968,          0
  1498,   154,   39000000,    1134804,        0,  -37865196,          0
  1498,   155,   39000000,    1168484,        0,  -37831516,          0
  1498,   156,   39000000,    1103817,        0,  -37896183,          0
  1498,   157,   39000000,    1150761,        0,  -37849239,          0
  1498,   158,   39000000,    1161467,        0,  -37838533,          0
  1498,   159,   39000000,    1123044,        0,  -37876956,          0
  1498,   160,   39000000,    1201876,        0,  -37798124,          0
  1498,   161,   39000000,    1187049,        0,  -37812951,          0
  1498,   162,   39000000,    1134095,        0,  -37865905,          0
  1498,   163,   39000000,    1173299,        0,  -37826701,          0
  1498,   164,   39000000,    1171127,        0,  -37828873,          0
  1498,   165,   39000000,    1153678,        0,  -37846322,          0
  1498,   166,   39000000,    1189323,        0,  -37810677,          0
  1498,   167,   39000000,    1135759,        0,  -37864241,          0
  1498,   168,   39000000,    1577953,        0,  -37422047,          0
  1498,   169,   39000000,    1794878,        0,  -37205122,          0
  1498,   170,   39000000,    1179384,        0,  -37820616,          0
  1498,   171,   39000000,    1184379,        0,  -37815621,          0
  1498,   172,   39000000,    1183330,        0,  -37816670,          0
  1498,   173,   39000000,    1145088,        0,  -37854912,          0
  1498,   174,   39000000,    1135763,        0,  -37864237,          0
  1498,   175,   39000000,    1194324,        0,  -37805676,          0
  1498,   176,   39000000,    1161853,        0,  -37838147,          0
  1498,   177,   39000000,    1171090,        0,  -37828910,          0
  1498,   178,   39000000,    1211884,        0,  -37788116,          0
  1498,   179,   39000000,    1264408,        0,  -37735592,          0
  1498,   180,   39000000,    1138459,        0,  -37861541,          0
  1498,   181,   39000000,    1201342,        0,  -37798658,          0
  1498,   182,   39000000,    1136061,        0,  -37863939,          0
  1498,   183,   39000000,    1155880,        0,  -37844120,          0
  1498,   184,   39000000,    1150471,        0,  -37849529,          0
  1498,   185,   39000000,    1169193,        0,  -37830807,          0
  1498,   186,   39000000,    1153360,        0,  -37846640,          0
  1498,   187,   39000000,    1179554,        0,  -37820446,          0
  1498,   188,   39000000,    1199586,        0,  -37800414,          0
  1498,   189,   39000000,    1178632,        0,  -37821368,          0
  1498,   190,   39000000,    1139547,        0,  -37860453,          0
  1498,   191,   39000000,    1131185,        0,  -37868815,          0
  1498,   192,   39000000,    1175778,        0,  -37824222,          0
  1498,   193,   39000000,    1845348,        0,  -37154652,          0
  1498,   194,   39000000,    1138445,        0,  -37861555,          0
  1498,   195,   39000000,    1146236,        0,  -37853764,          0
  1498,   196,   39000000,    1228025,        0,  -37771975,          0
  1498,   197,   39000000,    3208457,        0,  -35791543,          0
  1498,   198,   39000000,    1195074,        0,  -37804926,          0
  1498,   199,   39000000,    1137994,        0,  -37862006,          0
  1498,   200,   39000000,    1200011,        0,  -37799989,          0
  1498,   201,   39000000,    1140458,        0,  -37859542,          0
  1498,   202,   39000000,    1126363,        0,  -37873637,          0
  1498,   203,   39000000,    1184274,        0,  -37815726,          0
  1498,   204,   39000000,    1208906,        0,  -37791094,          0
  1498,   205,   39000000,    1125271,        0,  -37874729,          0
  1498,   206,   39000000,    1130697,        0,  -37869303,          0
  1498,   207,   39000000,    2191977,        0,  -36808023,          0
  1498,   208,   39000000,    1174084,        0,  -37825916,          0
  1498,   209,   39000000,    1160971,        0,  -37839029,          0
  1498,   210,   39000000,    1118338,        0,  -37881662,          0
  1498,   211,   39000000,    1298849,        0,  -37701151,          0
  1498,   212,   39000000,    1147267,        0,  -37852733,          0
  1498,   213,   39000000,    1149040,        0,  -37850960,          0
  1498,   214,   39000000,    1186585,        0,  -37813415,          0
  1498,   215,   39000000,    1119519,        0,  -37880481,          0
  1498,   216,   39000000,    1200897,        0,  -37799103,          0
  1498,   217,   39000000,    1168752,        0,  -37831248,          0
  1498,   218,   39000000,    1429703,        0,  -37570297,          0
  1498,   219,   39000000,    1160592,        0,  -37839408,          0
  1498,   220,   39000000,    1185852,        0,  -37814148,          0
  1498,   221,   39000000,    1515772,        0,  -37484228,          0
  1498,   222,   39000000,    1129759,        0,  -37870241,          0
  1498,   223,   39000000,    1239096,        0,  -37760904,          0
  1498,   224,   39000000,    1163852,        0,  -37836148,          0
  1498,   225,   39000000,    1152398,        0,  -37847602,          0
  1498,   226,   39000000,    1161920,        0,  -37838080,          0
  1498,   227,   39000000,    1197571,        0,  -37802429,          0
  1498,   228,   39000000,    1143565,        0,  -37856435,          0
  1498,   229,   39000000,    1140595,        0,  -37859405,          0
  1498,   230,   39000000,    1132109,        0,  -37867891,          0
  1498,   231,   39000000,    1221506,        0,  -37778494,          0
  1498,   232,   39000000,    1197033,        0,  -37802967,          0
  1498,   233,   39000000,    1155566,        0,  -37844434,          0
  1498,   234,   39000000,    1172154,        0,  -37827846,          0
  1498,   235,   39000000,    1112002,        0,  -37887998,          0
  1498,   236,   39000000,    1131569,        0,  -37868431,          0
  1498,   237,   39000000,    1159009,        0,  -37840991,          0
  1498,   238,   39000000,    1145382,        0,  -37854618,          0
  1498,   239,   39000000,    1886260,        0,  -37113740,          0
  1498,   240,   39000000,    1259283,        0,  -37740717,          0
  1498,   241,   39000000,    1147858,        0,  -37852142,          0
  1498,   242,   39000000,    1167499,        0,  -37832501,          0
  1498,   243,   39000000,    1171952,        0,  -37828048,          0
  1498,   244,   39000000,    1158590,        0,  -37841410,          0
  1498,   245,   39000000,    1145503,        0,  -37854497,          0
  1498,   246,   39000000,    1137364,        0,  -37862636,          0
  1498,   247,   39000000,    1147106,        0,  -37852894,          0
  1498,   248,   39000000,    1164250,        0,  -37835750,          0
  1498,   249,   39000000,    1179849,        0,  -37820151,          0
  1498,   250,   39000000,    1170280,        0,  -37829720,          0
  1498,   251,   39000000,    2087740,        0,  -36912260,          0
  1498,   252,   39000000,    1183711,        0,  -37816289,          0
  1498,   253,   39000000,    2109999,        0,  -36890001,          0
  1498,   254,   39000000,    1142770,        0,  -37857230,          0
  1498,   255,   39000000,    1215472,        0,  -37784528,          0
  1498,   256,   39000000,    1198425,        0,  -37801575,          0
  1498,   257,   39000000,    1127894,        0,  -37872106,          0
  1498,   258,   39000000,    1256510,        0,  -37743490,          0
  1498,   259,   39000000,    1216328,        0,  -37783672,          0
  1498,   260,   39000000,    1147654,        0,  -37852346,          0
# task NAME=myapp PID=1502 COST=4486000 PERIOD=48000000 CPU=0
  1502,     2,   48000000,      11212,        0,  -47988788,          0
  1502,     3,   48000000,     119852,        0,  -47880148,          0
  1502,     4,   48000000,    6358383,        0,  -41641617,          0
  1502,     5,   48000000,    6498254,        0,  -41501746,          0
  1502,     6,   48000000,    4446156,        0,  -43553844,          0
  1502,     7,   48000000,    6432855,        0,  -41567145,          0
  1502,     8,   48000000,    4495984,        0,  -43504016,          0
  1502,     9,   48000000,    6561133,        0,  -41438867,          0
  1502,    10,   48000000,    6598056,        0,  -41401944,          0
  1502,    11,   48000000,    6679334,        0,  -41320666,          0
  1502,    12,   48000000,    6541820,        0,  -41458180,          0
  1502,    13,   48000000,    6634783,        0,  -41365217,          0
  1502,    14,   48000000,    6651938,        0,  -41348062,          0
  1502,    15,   48000000,    4658016,        0,  -43341984,          0
  1502,    16,   48000000,    6735563,        0,  -41264437,          0
  1502,    17,   48000000,    6713009,        0,  -41286991,          0
  1502,    18,   48000000,    5966064,        0,  -42033936,          0
  1502,    19,   48000000,    4725091,        0,  -43274909,          0
  1502,    20,   48000000,    6779082,        0,  -41220918,          0
  1502,    21,   48000000,    6860739,        0,  -41139261,          0
  1502,    22,   48000000,    6859504,        0,  -41140496,          0
  1502,    23,   48000000,    8219538,        0,  -39780462,          0
  1502,    24,   48000000,    6898428,        0,  -41101572,          0
  1502,    25,   48000000,    4967528,        0,  -43032472,          0
  1502,    26,   48000000,    4912513,        0,  -43087487,          0
  1502,    27,   48000000,    8288735,        0,  -39711265,          0
  1502,    28,   48000000,    4962161,        0,  -43037839,          0
  1502,    29,   48000000,    7031163,        0,  -40968837,          0
  1502,    30,   48000000,    7064394,        0,  -40935606,          0
  1502,    31,   48000000,    5587730,        0,  -42412270,          0
  1502,    32,   48000000,    6905612,        0,  -41094388,          0
  1502,    33,   48000000,    9161565,        0,  -38838435,          0
  1502,    34,   48000000,    7158855,        0,  -40841145,          0
  1502,    35,   48000000,    7250101,        0,  -40749899,          0
  1502,    36,   48000000,    5353427,        0,  -42646573,          0
  1502,    37,   48000000,    7238417,        0,  -40761583,          0
  1502,    38,   48000000,    7229821,        0,  -40770179,          0
  1502,    39,   48000000,    7293491,        0,  -40706509,          0
  1502,    40,   48000000,    7379751,        0,  -40620249,          0
  1502,    41,   48000000,    5452748,        0,  -42547252,          0
  1502,    42,   48000000,    5360944,        0,  -42639056,          0
  1502,    43,   48000000,    7332379,        0,  -40667621,          0
  1502,    44,   48000000,    7347500,        0,  -40652500,          0
  1502,    45,   48000000,    5464613,        0,  -42535387,          0
  1502,    46,   48000000,    5334454,        0,  -42665546,          0
  1502,    47,   48000000,    7474881,        0,  -40525119,          0
  1502,    48,   48000000,    7465422,        0,  -40534578,          0
  1502,    49,   48000000,    5502646,        0,  -42497354,          0
  1502,    50,   48000000,    4657305,        0,  -43342695,          0
  1502,    51,   48000000,    7606179,        0,  -40393821,          0
  1502,    52,   48000000,    5145425,        0,  -42854575,          0
  1502,    53,   48000000,    7597079,        0,  -40402921,          0
  1502,    54,   48000000,    5618185,        0,  -42381815,          0
  1502,    55,   48000000,    4713256,        0,  -43286744,          0
  1502,    56,   48000000,    7676412,        0,  -40323588,          0
  1502,    57,   48000000,    5655065,        0,  -42344935,          0
  1502,    58,   48000000,    4836595,        0,  -43163405,          0
  1502,    59,   48000000,    5773907,        0,  -42226093,          0
  1502,    60,   48000000,    5752068,        0,  -42247932,          0
  1502,    61,   48000000,    7783471,        0,  -40216529,          0
  1502,    62,   48000000,    4913665,        0,  -43086335,          0
  1502,    63,   48000000,    5831340,        0,  -42168660,          0
  1502,    64,   48000000,    4880250,        0,  -43119750,          0
  1502,    65,   48000000,    7933227,        0,  -40066773,          0
  1502,    66,   48000000,    7977567,        0,  -40022433,          0
  1502,    67,   48000000,    5928552,        0,  -42071448,          0
  1502,    68,   48000000,    7955798,        0,  -40044202,          0
  1502,    69,   48000000,    5545607,        0,  -42454393,          0
  1502,    70,   48000000,    6046995,        0,  -41953005,          0
  1502,    71,   48000000,    7779196,        0,  -40220804,          0
  1502,    72,   48000000,    6040890,        0,  -41959110,          0
  1502,    73,   48000000,    7112614,        0,  -40887386,          0
  1502,    74,   48000000,    7913880,        0,  -40086120,          0
  1502,    75,   48000000,    7968725,        0,  -40031275,          0
  1502,    76,   48000000,    8196466,        0,  -39803534,          0
  1502,    77,   48000000,    8121539,        0,  -39878461,          0
  1502,    78,   48000000,    8166192,        0,  -39833808,          0
  1502,    79,   48000000,    5901143,        0,  -42098857,          0
  1502,    80,   48000000,    8260272,        0,  -39739728,          0
  1502,    81,   48000000,    8404153,        0,  -39595847,          0
  1502,    82,   48000000,    8298457,        0,  -39701543,          0
  1502,    83,   48000000,    5408896,        0,  -42591104,          0
  1502,    84,   48000000,    4341154,        0,  -43658846,          0
  1502,    85,   48000000,    4369669,        0,  -43630331,          0
  1502,    86,   48000000,    4352472,        0,  -43647528,          0
  1502,    87,   48000000,    4429019,        0,  -43570981,          0
  1502,    88,   48000000,    4434694,        0,  -43565306,          0
  1502,    89,   48000000,    5364980,        0,  -42635020,          0
  1502,    90,   48000000,    4507095,        0,  -43492905,          0
  1502,    91,   48000000,    5608606,        0,  -42391394,          0
  1502,    92,   48000000,    4498206,        0,  -43501794,          0
  1502,    93,   48000000,    4554664,        0,  -43445336,          0
  1502,    94,   48000000,    4562069,        0,  -43437931,          0
  1502,    95,   48000000,    4590101,        0,  -43409899,          0
  1502,    96,   48000000,    4579197,        0,  -43420803,          0
  1502,    97,   48000000,    4630552,        0,  -43369448,          0
  1502,    98,   48000000,    4663519,        0,  -43336481,          0
  1502,    99,   48000000,    6103847,        0,  -41896153,          0
  1502,   100,   48000000,    4706243,        0,  -43293757,          0
  1502,   101,   48000000,    4745534,        0,  -43254466,          0
  1502,   102,   48000000,    7348710,        0,  -40651290,          0
  1502,   103,   48000000,    4935688,        0,  -43064312,          0
  1502,   104,   48000000,    4772070,        0,  -43227930,          0
  1502,   105,   48000000,    4879538,        0,  -43120462,          0
  1502,   106,   48000000,    4854422,        0,  -43145578,          0
  1502,   107,   48000000,    4842224,        0,  -43157776,          0
  1502,   108,   48000000,    5452973,        0,  -42547027,          0
  1502,   109,   48000000,    4903610,        0,  -43096390,          0
  1502,   110,   48000000,    4924457,        0,  -43075543,          0
  1502,   111,   48000000,    5149980,        0,  -42850020,          0
  1502,   112,   48000000,    5108228,        0,  -42891772,          0
  1502,   113,   48000000,    5011839,        0,  -42988161,          0
  1502,   114,   48000000,    5123359,        0,  -42876641,          0
  1502,   115,   48000000,    5143396,        0,  -42856604,          0
  1502,   116,   48000000,    7322165,        0,  -40677835,          0
  1502,   117,   48000000,    5164188,        0,  -42835812,          0
  1502,   118,   48000000,    5183521,        0,  -42816479,          0
  1502,   119,   48000000,    5854656,        0,  -42145344,          0
  1502,   120,   48000000,    5327137,        0,  -42672863,          0
  1502,   121,   48000000,    5481042,        0,  -42518958,          0
  1502,   122,   48000000,    5282490,        0,  -42717510,          0
  1502,   123,   48000000,    9315458,        0,  -38684542,          0
  1502,   124,   48000000,    4303774,        0,  -43696226,          0
  1502,   125,   48000000,    5364887,        0,  -42635113,          0
  1502,   126,   48000000,    5316264,        0,  -42683736,          0
  1502,   127,   48000000,    5364104,        0,  -42635896,          0
  1502,   128,   48000000,    4299466,        0,  -43700534,          0
  1502,   129,   48000000,    5521489,        0,  -42478511,          0
  1502,   130,   48000000,    5425332,        0,  -42574668,          0
  1502,   131,   48000000,    5492269,        0,  -42507731,          0
  1502,   132,   48000000,    5478917,        0,  -42521083,          0
  1502,   133,   48000000,    4534384,        0,  -43465616,          0
  1502,   134,   48000000,    5522529,        0,  -42477471,          0
  1502,   135,   48000000,    5545579,        0,  -42454421,          0
  1502,   136,   48000000,    4647228,        0,  -43352772,          0
  1502,   137,   48000000,    5531900,        0,  -42468100,          0
  1502,   138,   48000000,    5617077,        0,  -42382923,          0
  1502,   139,   48000000,    5680072,        0,  -42319928,          0
  1502,   140,   48000000,    5609325,        0,  -42390675,          0
  1502,   141,   48000000,    5658881,        0,  -42341119,          0
  1502,   142,   48000000,    5713679,        0,  -42286321,          0
  1502,   143,   48000000,    4320785,        0,  -43679215,          0
  1502,   144,   48000000,    5795065,        0,  -42204935,          0
  1502,   145,   48000000,    4334910,        0,  -43665090,          0
  1502,   146,   48000000,    5833800,        0,  -42166200,          0
  1502,   147,   48000000,    5823893,        0,  -42176107,          0
  1502,   148,   48000000,    5866693,        0,  -42133307,          0
  1502,   149,   48000000,    4683439,        0,  -43316561,          0
  1502,   150,   48000000,    5891526,        0,  -42108474,          0
  1502,   151,   48000000,    5907934,        0,  -42092066,          0
  1502,   152,   48000000,    5926467,        0,  -42073533,          0
  1502,   153,   48000000,    4352126,        0,  -43647874,          0
  1502,   154,   48000000,    6025145,        0,  -41974855,          0
  1502,   155,   48000000,    4306369,        0,  -43693631,          0
  1502,   156,   48000000,    6124770,        0,  -41875230,          0
  1502,   157,   48000000,    4342598,        0,  -43657402,          0
  1502,   158,   48000000,    6159112,        0,  -41840888,          0
  1502,   159,   48000000,    6181268,        0,  -41818732,          0
  1502,   160,   48000000,    4339300,        0,  -43660700,          0
  1502,   161,   48000000,    6129057,        0,  -41870943,          0
  1502,   162,   48000000,    6482697,        0,  -41517303,          0
  1502,   163,   48000000,    6269635,        0,  -41730365,          0
  1502,   164,   48000000,    6285007,        0,  -41714993,          0
  1502,   165,   48000000,    4330557,        0,  -43669443,          0
  1502,   166,   48000000,    6300560,        0,  -41699440,          0
  1502,   167,   48000000,    7353555,        0,  -40646445,          0
  1502,   168,   48000000,    4342603,        0,  -43657397,          0
  1502,   169,   48000000,    4461830,        0,  -43538170,          0
  1502,   170,   48000000,    6432708,        0,  -41567292,          0
  1502,   171,   48000000,    6469811,        0,  -41530189,          0
  1502,   172,   48000000,    6416189,        0,  -41583811,          0
  1502,   173,   48000000,    5015612,        0,  -42984388,          0
  1502,   174,   48000000,    6530020,        0,  -41469980,          0
  1502,   175,   48000000,    4785963,        0,  -43214037,          0
  1502,   176,   48000000,    4591355,        0,  -43408645,          0
  1502,   177,   48000000,    4622853,        0,  -43377147,          0
  1502,   178,   48000000,    6580384,        0,  -41419616,          0
  1502,   179,   48000000,    6435521,        0,  -41564479,          0
  1502,   180,   48000000,    6645815,        0,  -41354185,          0
  1502,   181,   48000000,    6642835,        0,  -41357165,          0
  1502,   182,   48000000,    4698820,        0,  -43301180,          0
  1502,   183,   48000000,    4708086,        0,  -43291914,          0
  1502,   184,   48000000,    4733816,        0,  -43266184,          0
  1502,   185,   48000000,    6773647,        0,  -41226353,          0
  1502,   186,   48000000,    6787014,        0,  -41212986,          0
  1502,   187,   48000000,    4798916,        0,  -43201084,          0
  1502,   188,   48000000,    6858712,        0,  -41141288,          0
  1502,   189,   48000000,    4880798,        0,  -43119202,          0
  1502,   190,   48000000,    6871267,        0,  -41128733,          0
  1502,   191,   48000000,    6991088,        0,  -41008912,          0
  1502,   192,   48000000,    6988321,        0,  -41011679,          0
  1502,   193,   48000000,    5344193,        0,  -42655807,          0
  1502,   194,   48000000,    4975321,        0,  -43024679,          0
  1502,   195,   48000000,    6983597,        0,  -41016403,          0
  1502,   196,   48000000,    5051642,        0,  -42948358,          0
  1502,   197,   48000000,    7106079,        0,  -40893921,          0
  1502,   198,   48000000,    7182483,        0,  -40817517,          0
  1502,   199,   48000000,    5921247,        0,  -42078753,          0
  1502,   200,   48000000,    7126940,        0,  -40873060,          0
  1502,   201,   48000000,    7465446,        0,  -40534554,          0
  1502,   202,   48000000,    7162345,        0,  -40837655,          0
  1502,   203,   48000000,    7075402,        0,  -40924598,          0
  1502,   204,   48000000,    7221081,        0,  -40778919,          0
  1502,   205,   48000000,    7266548,        0,  -40733452,          0
  1502,   206,   48000000,    7239950,        0,  -40760050,          0
  1502,   207,   48000000,    7268562,        0,  -40731438,          0
  1502,   208,   48000000,    4383033,        0,  -43616967,          0
  1502,   209,   48000000,    5377681,        0,  -42622319,          0
  1502,   210,   48000000,    5468729,        0,  -42531271,          0
  1502,   211,   48000000,    4609960,        0,  -43390040,          0
  1502,   212,   48000000,    5428232,        0,  -42571768,          0
# task NAME=myapp PID=1506 COST=963000 PERIOD=46000000 CPU=0
  1506,     2,   46000000,      15543,        0,  -45984457,          0
  1506,     3,   46000000,      82182,        0,  -45917818,          0
  1506,     4,   46000000,     989875,        0,  -45010125,          0
  1506,     5,   46000000,     971943,        0,  -45028057,          0
  1506,     6,   46000000,    1026044,        0,  -44973956,          0
  1506,     7,   46000000,     975428,        0,  -45024572,          0
  1506,     8,   46000000,     989280,        0,  -45010720,          0
  1506,     9,   46000000,    1146526,        0,  -44853474,          0
  1506,    10,   46000000,     955485,        0,  -45044515,          0
  1506,    11,   46000000,     982874,        0,  -45017126,          0
  1506,    12,   46000000,     992835,        0,  -45007165,          0
  1506,    13,   46000000,    1030328,        0,  -44969672,          0
  1506,    14,   46000000,    1285260,        0,  -44714740,          0
  1506,    15,   46000000,     972231,        0,  -45027769,          0
  1506,    16,   46000000,    1045584,        0,  -44954416,          0
  1506,    17,   46000000,     978625,        0,  -45021375,          0
  1506,    18,   46000000,     991822,        0,  -45008178,          0
  1506,    19,   46000000,     982330,        0,  -45017670,          0
  1506,    20,   46000000,     960817,        0,  -45039183,          0
  1506,    21,   46000000,     952297,        0,  -45047703,          0
  1506,    22,   46000000,     949229,        0,  -45050771,          0
  1506,    23,   46000000,    1002447,        0,  -44997553,          0
  1506,    24,   46000000,     952579,        0,  -45047421,          0
  1506,    25,   46000000,     983044,        0,  -45016956,          0
  1506,    26,   46000000,     939944,        0,  -45060056,          0
  1506,    27,   46000000,     956450,        0,  -45043550,          0
  1506,    28,   46000000,    1003296,        0,  -44996704,          0
  1506,    29,   46000000,     992995,        0,  -45007005,          0
  1506,    30,   46000000,     983769,        0,  -45016231,          0
  1506,    31,   46000000,     950976,        0,  -45049024,          0
  1506,    32,   46000000,    1020329,        0,  -44979671,          0
  1506,    33,   46000000,    1184098,        0,  -44815902,          0
  1506,    34,   46000000,     977007,        0,  -45022993,          0
  1506,    35,   46000000,     998915,        0,  -45001085,          0
  1506,    36,   46000000,    1003421,        0,  -44996579,          0
  1506,    37,   46000000,     964425,        0,  -45035575,          0
  1506,    38,   46000000,     960152,        0,  -45039848,          0
  1506,    39,   46000000,    1077744,        0,  -44922256,          0
  1506,    40,   46000000,     955931,        0,  -45044069,          0
  1506,    41,   46000000,     962071,        0,  -45037929,          0
  1506,    42,   46000000,    1025157,        0,  -44974843,          0
  1506,    43,   46000000,     989221,        0,  -45010779,          0
  1506,    44,   46000000,    1012055,        0,  -44987945,          0
  1506,    45,   46000000,    1601564,        0,  -44398436,          0
  1506,    46,   46000000,     975030,        0,  -45024970,          0
  1506,    47,   46000000,     988058,        0,  -45011942,          0
  1506,    48,   46000000,     994478,        0,  -45005522,          0
  1506,    49,   46000000,     971964,        0,  -45028036,          0
  1506,    50,   46000000,     988452,        0,  -45011548,          0
  1506,    51,   46000000,    1054408,        0,  -44945592,          0
  1506,    52,   46000000,     981223,        0,  -45018777,          0
  1506,    53,   46000000,     942634,        0,  -45057366,          0
  1506,    54,   46000000,     993854,        0,  -45006146,          0
  1506,    55,   46000000,    1040828,        0,  -44959172,          0
  1506,    56,   46000000,     959925,        0,  -45040075,          0
  1506,    57,   46000000,     949299,        0,  -45050701,          0
  1506,    58,   46000000,     963980,        0,  -45036020,          0
  1506,    59,   46000000,    1021468,        0,  -44978532,          0
  1506,    60,   46000000,     968989,        0,  -45031011,          0
  1506,    61,   46000000,    1035710,        0,  -44964290,          0
  1506,    62,   46000000,    1064507,        0,  -44935493,          0
  1506,    63,   46000000,     980648,        0,  -45019352,          0
  1506,    64,   46000000,     990876,        0,  -45009124,          0
  1506,    65,   46000000,    2187356,        0,  -43812644,          0
  1506,    66,   46000000,     965434,        0,  -45034566,          0
  1506,    67,   46000000,    1894861,        0,  -44105139,          0
  1506,    68,   46000000,     948672,        0,  -45051328,          0
  1506,    69,   46000000,    2577030,        0,  -43422970,          0
  1506,    70,   46000000,     967985,        0,  -45032015,          0
  1506,    71,   46000000,     971565,        0,  -45028435,          0
  1506,    72,   46000000,     961924,        0,  -45038076,          0
  1506,    73,   46000000,     995488,        0,  -45004512,          0
  1506,    74,   46000000,     982465,        0,  -45017535,          0
  1506,    75,   46000000,    1019039,        0,  -44980961,          0
  1506,    76,   46000000,     972320,        0,  -45027680,          0
  1506,    77,   46000000,     999937,        0,  -45000063,          0
  1506,    78,   46000000,     989638,        0,  -45010362,          0
  1506,    79,   46000000,     969281,        0,  -45030719,          0
  1506,    80,   46000000,     958758,        0,  -45041242,          0
  1506,    81,   46000000,    1006041,        0,  -44993959,          0
  1506,    82,   46000000,     982522,        0,  -45017478,          0
  1506,    83,   46000000,    2578812,        0,  -43421188,          0
  1506,    84,   46000000,     944594,        0,  -45055406,          0
  1506,    85,   46000000,    2905975,        0,  -43094025,          0
  1506,    86,   46000000,     973703,        0,  -45026297,          0
  1506,    87,   46000000,    2823326,        0,  -43176674,          0
  1506,    88,   46000000,     960241,        0,  -45039759,          0
  1506,    89,   46000000,    1090215,        0,  -44909785,          0
  1506,    90,   46000000,    1071560,        0,  -44928440,          0
  1506,    91,   46000000,     976249,        0,  -45023751,          0
  1506,    92,   46000000,     953957,        0,  -45046043,          0
  1506,    93,   46000000,     963849,        0,  -45036151,          0
  1506,    94,   46000000,     987148,        0,  -45012852,          0
  1506,    95,   46000000,     933287,        0,  -45066713,          0
  1506,    96,   46000000,    1003073,        0,  -44996927,          0
  1506,    97,   46000000,     982959,        0,  -45017041,          0
  1506,    98,   46000000,    1004529,        0,  -44995471,          0
  1506,    99,   46000000,     951020,        0,  -45048980,          0
  1506,   100,   46000000,    1045183,        0,  -44954817,          0
  1506,   101,   46000000,    1296872,        0,  -44703128,          0
  1506,   102,   46000000,     953120,        0,  -45046880,          0
  1506,   103,   46000000,    1062532,        0,  -44937468,          0
  1506,   104,   46000000,    1053374,        0,  -44946626,          0
  1506,   105,   46000000,     975363,        0,  -45024637,          0
  1506,   106,   46000000,     961383,        0,  -45038617,          0
  1506,   107,   46000000,     983404,        0,  -45016596,          0
  1506,   108,   46000000,    1059968,        0,  -44940032,          0
  1506,   109,   46000000,     941162,        0,  -45058838,          0
  1506,   110,   46000000,    1463064,        0,  -44536936,          0
  1506,   111,   46000000,    1022486,        0,  -44977514,          0
  1506,   112,   46000000,     957924,        0,  -45042076,          0
  1506,   113,   46000000,     994947,        0,  -45005053,          0
  1506,   114,   46000000,     986058,        0,  -45013942,          0
  1506,   115,   46000000,     980216,        0,  -45019784,          0
  1506,   116,   46000000,     958242,        0,  -45041758,          0
  1506,   117,   46000000,     948768,        0,  -45051232,          0
  1506,   118,   46000000,     989410,        0,  -45010590,          0
  1506,   119,   46000000,     979310,        0,  -45020690,          0
  1506,   120,   46000000,     979021,        0,  -45020979,          0
  1506,   121,   46000000,     965040,        0,  -45034960,          0
  1506,   122,   46000000,     945275,        0,  -45054725,          0
  1506,   123,   46000000,     983211,        0,  -45016789,          0
  1506,   124,   46000000,    1052414,        0,  -44947586,          0
  1506,   125,   46000000,     953682,        0,  -45046318,          0
  1506,   126,   46000000,     952970,        0,  -45047030,          0
  1506,   127,   46000000,     967266,        0,  -45032734,          0
  1506,   128,   46000000,     951158,        0,  -45048842,          0
  1506,   129,   46000000,     998319,        0,  -45001681,          0
  1506,   130,   46000000,     943739,        0,  -45056261,          0
  1506,   131,   46000000,     958507,        0,  -45041493,          0
  1506,   132,   46000000,     979925,        0,  -45020075,          0
  1506,   133,   46000000,     963332,        0,  -45036668,          0
  1506,   134,   46000000,     974541,        0,  -45025459,          0
  1506,   135,   46000000,     977118,        0,  -45022882,          0
  1506,   136,   46000000,     966840,        0,  -45033160,          0
  1506,   137,   46000000,     993150,        0,  -45006850,          0
  1506,   138,   46000000,     967348,        0,  -45032652,          0
  1506,   139,   46000000,     952251,        0,  -45047749,          0
  1506,   140,   46000000,     982058,        0,  -45017942,          0
  1506,   141,   46000000,     973117,        0,  -45026883,          0
  1506,   142,   46000000,     971323,        0,  -45028677,          0
  1506,   143,   46000000,    1082615,        0,  -44917385,          0
  1506,   144,   46000000,    1529795,        0,  -44470205,          0
  1506,   145,   46000000,    1024824,        0,  -44975176,          0
  1506,   146,   46000000,     958824,        0,  -45041176,          0
  1506,   147,   46000000,     994987,        0,  -45005013,          0
  1506,   148,   46000000,     947034,        0,  -45052966,          0
  1506,   149,   46000000,     992690,        0,  -45007310,          0
  1506,   150,   46000000,    1132046,        0,  -44867954,          0
  1506,   151,   46000000,     985882,        0,  -45014118,          0
  1506,   152,   46000000,     969821,        0,  -45030179,          0
  1506,   153,   46000000,     962754,        0,  -45037246,          0
  1506,   154,   46000000,     985147,        0,  -45014853,          0
  1506,   155,   46000000,     976202,        0,  -45023798,          0
  1506,   156,   46000000,    2559041,        0,  -43440959,          0
  1506,   157,   46000000,     956017,        0,  -45043983,          0
  1506,   158,   46000000,    1083592,        0,  -44916408,          0
  1506,   159,   46000000,    1011154,        0,  -44988846,          0
  1506,   160,   46000000,     984924,        0,  -45015076,          0
  1506,   161,   46000000,     987199,        0,  -45012801,          0
  1506,   162,   46000000,    2379403,        0,  -43620597,          0
  1506,   163,   46000000,     991042,        0,  -45008958,          0
  1506,   164,   46000000,    2756302,        0,  -43243698,          0
  1506,   165,   46000000,     987071,        0,  -45012929,          0
  1506,   166,   46000000,     963997,        0,  -45036003,          0
  1506,   167,   46000000,     977476,        0,  -45022524,          0
  1506,   168,   46000000,     961420,        0,  -45038580,          0
  1506,   169,   46000000,     938120,        0,  -45061880,          0
  1506,   170,   46000000,    2050094,        0,  -43949906,          0
  1506,   171,   46000000,     966186,        0,  -45033814,          0
  1506,   172,   46000000,     952359,        0,  -45047641,          0
  1506,   173,   46000000,     954413,        0,  -45045587,          0
  1506,   174,   46000000,     961179,        0,  -45038821,          0
  1506,   175,   46000000,     967839,        0,  -45032161,          0
  1506,   176,   46000000,     946470,        0,  -45053530,          0
  1506,   177,   46000000,     969563,        0,  -45030437,          0
  1506,   178,   46000000,     996616,        0,  -45003384,          0
  1506,   179,   46000000,     952119,        0,  -45047881,          0
  1506,   180,   46000000,     992834,        0,  -45007166,          0
  1506,   181,   46000000,     977977,        0,  -45022023,          0
  1506,   182,   46000000,     972751,        0,  -45027249,          0
  1506,   183,   46000000,     966359,        0,  -45033641,          0
  1506,   184,   46000000,     962623,        0,  -45037377,          0
  1506,   185,   46000000,     969826,        0,  -45030174,          0
  1506,   186,   46000000,    1004378,        0,  -44995622,          0
  1506,   187,   46000000,     983172,        0,  -45016828,          0
  1506,   188,   46000000,    1240343,        0,  -44759657,          0
  1506,   189,   46000000,    1034230,        0,  -44965770,          0
  1506,   190,   46000000,     967717,        0,  -45032283,          0
  1506,   191,   46000000,    1367757,        0,  -44632243,          0
  1506,   192,   46000000,     974975,        0,  -45025025,          0
  1506,   193,   46000000,    1420790,        0,  -44579210,          0
  1506,   194,   46000000,     991687,        0,  -45008313,          0
  1506,   195,   46000000,     982125,        0,  -45017875,          0
  1506,   196,   46000000,    1026003,        0,  -44973997,          0
  1506,   197,   46000000,     980274,        0,  -45019726,          0
  1506,   198,   46000000,    1048162,        0,  -44951838,          0
  1506,   199,   46000000,     974277,        0,  -45025723,          0
  1506,   200,   46000000,     968903,        0,  -45031097,          0
  1506,   201,   46000000,     962857,        0,  -45037143,          0
  1506,   202,   46000000,     995825,        0,  -45004175,          0
  1506,   203,   46000000,    1066666,        0,  -44933334,          0
  1506,   204,   46000000,     971163,        0,  -45028837,          0
  1506,   205,   46000000,     953813,        0,  -45046187,          0
  1506,   206,   46000000,     976693,        0,  -45023307,          0
  1506,   207,   46000000,     963586,        0,  -45036414,          0
  1506,   208,   46000000,     982736,        0,  -45017264,          0
  1506,   209,   46000000,    1766009,        0,  -44233991,          0
  1506,   210,   46000000,     948462,        0,  -45051538,          0
  1506,   211,   46000000,     954344,        0,  -45045656,          0
  1506,   212,   46000000,    1035844,        0,  -44964156,          0
  1506,   213,   46000000,     979279,        0,  -45020721,          0
  1506,   214,   46000000,     972386,        0,  -45027614,          0
  1506,   215,   46000000,     962602,        0,  -45037398,          0
  1506,   216,   46000000,    1982562,        0,  -44017438,          0
  1506,   217,   46000000,     953994,        0,  -45046006,          0
  1506,   218,   46000000,     949079,        0,  -45050921,          0
  1506,   219,   46000000,     986317,        0,  -45013683,          0
  1506,   220,   46000000,    1032612,        0,  -44967388,          0
  1506,   221,   46000000,     974002,        0,  -45025998,          0
