275 275 0
107 107 0
123 122 1
299 299 0
275 275 0
163 162 1
119 119 0
139 138 1
405 401 4
110 109 1
207 207 0
216 216 0
441 439 2
837 798 39
437 437 0
298 298 0
532 527 5
419 418 1
169 168 1
198 198 0
107 107 0
120 120 0
168 168 0
108 108 0
123 122 1
105 104 1
113 113 0
720 671 49
119 119 0
161 161 0
144 144 0
118 118 0
214 213 1
140 138 2
190 189 1
671 660 11
126 125 1
132 132 0
216 216 0
406 405 1
106 104 2
112 111 1
103 101 2
594 586 8
308 308 0
266 266 0
174 173 1
337 337 0
134 132 2
218 218 0
110 110 0
403 403 0
146 146 0
168 168 0
109 107 2
193 193 0
220 220 0
111 111 0
458 457 1
208 208 0
109 107 2
116 116 0
232 232 0
124 123 1
277 277 0
153 153 0
375 372 3
165 164 1
111 110 1
231 231 0
110 107 3
120 119 1
228 228 0
248 248 0
109 109 0
120 120 0
