# Task,   Job,     Period,   Response, DL Miss?,   Lateness,  Tardiness
# task NAME=myapp PID=1982 COST=24159000 PERIOD=88000000 CPU=0
  1982,     2,   88000000,      13698,        0,  -87986302,          0
  1982,     3,   88000000,     507708,        0,  -87492292,          0
  1982,     4,   88000000,   38833250,        0,  -49166750,          0
  1982,     5,   88000000,   40148580,        0,  -47851420,          0
  1982,     6,   88000000,   39726514,        0,  -48273486,          0
  1982,     7,   88000000,   39916665,        0,  -48083335,          0
  1982,     8,   88000000,   38645364,        0,  -49354636,          0
  1982,     9,   88000000,   40099153,        0,  -47900847,          0
  1982,    10,   88000000,   36441511,        0,  -51558489,          0
  1982,    11,   88000000,   36411967,        0,  -51588033,          0
  1982,    12,   88000000,   39780400,        0,  -48219600,          0
  1982,    13,   88000000,   38646759,        0,  -49353241,          0
  1982,    14,   88000000,   39247031,        0,  -48752969,          0
  1982,    15,   88000000,   43210650,        0,  -44789350,          0
  1982,    16,   88000000,   39247851,        0,  -48752149,          0
  1982,    17,   88000000,   40193201,        0,  -47806799,          0
  1982,    18,   88000000,   39727412,        0,  -48272588,          0
  1982,    19,   88000000,   42577128,        0,  -45422872,          0
  1982,    20,   88000000,   38792666,        0,  -49207334,          0
  1982,    21,   88000000,   36158129,        0,  -51841871,          0
  1982,    22,   88000000,   40319036,        0,  -47680964,          0
  1982,    23,   88000000,   39222023,        0,  -48777977,          0
  1982,    24,   88000000,   38915205,        0,  -49084795,          0
  1982,    25,   88000000,   40537601,        0,  -47462399,          0
  1982,    26,   88000000,   38759017,        0,  -49240983,          0
  1982,    27,   88000000,   39655783,        0,  -48344217,          0
  1982,    28,   88000000,   39118885,        0,  -48881115,          0
  1982,    29,   88000000,   39327842,        0,  -48672158,          0
  1982,    30,   88000000,   39924162,        0,  -48075838,          0
  1982,    31,   88000000,   39354541,        0,  -48645459,          0
  1982,    32,   88000000,   38674737,        0,  -49325263,          0
  1982,    33,   88000000,   39919671,        0,  -48080329,          0
  1982,    34,   88000000,   40136482,        0,  -47863518,          0
  1982,    35,   88000000,   39262926,        0,  -48737074,          0
  1982,    36,   88000000,   38938810,        0,  -49061190,          0
  1982,    37,   88000000,   39554719,        0,  -48445281,          0
  1982,    38,   88000000,   39638628,        0,  -48361372,          0
  1982,    39,   88000000,   39191442,        0,  -48808558,          0
  1982,    40,   88000000,   39745042,        0,  -48254958,          0
  1982,    41,   88000000,   38782327,        0,  -49217673,          0
  1982,    42,   88000000,   40775333,        0,  -47224667,          0
  1982,    43,   88000000,   39256905,        0,  -48743095,          0
  1982,    44,   88000000,   38678650,        0,  -49321350,          0
  1982,    45,   88000000,   38794127,        0,  -49205873,          0
  1982,    46,   88000000,   39291504,        0,  -48708496,          0
  1982,    47,   88000000,   35984688,        0,  -52015312,          0
  1982,    48,   88000000,   38817465,        0,  -49182535,          0
  1982,    49,   88000000,   36794064,        0,  -51205936,          0
  1982,    50,   88000000,   40386574,        0,  -47613426,          0
  1982,    51,   88000000,   40121594,        0,  -47878406,          0
  1982,    52,   88000000,   39422176,        0,  -48577824,          0
  1982,    53,   88000000,   39161560,        0,  -48838440,          0
  1982,    54,   88000000,   40404239,        0,  -47595761,          0
  1982,    55,   88000000,   39093744,        0,  -48906256,          0
  1982,    56,   88000000,   38742588,        0,  -49257412,          0
  1982,    57,   88000000,   40214558,        0,  -47785442,          0
  1982,    58,   88000000,   36256743,        0,  -51743257,          0
  1982,    59,   88000000,   39716582,        0,  -48283418,          0
  1982,    60,   88000000,   36468785,        0,  -51531215,          0
  1982,    61,   88000000,   39393554,        0,  -48606446,          0
  1982,    62,   88000000,   36784830,        0,  -51215170,          0
  1982,    63,   88000000,   38764851,        0,  -49235149,          0
  1982,    64,   88000000,   39102301,        0,  -48897699,          0
  1982,    65,   88000000,   39794067,        0,  -48205933,          0
  1982,    66,   88000000,   39268051,        0,  -48731949,          0
  1982,    67,   88000000,   36900540,        0,  -51099460,          0
  1982,    68,   88000000,   39791446,        0,  -48208554,          0
  1982,    69,   88000000,   36230394,        0,  -51769606,          0
  1982,    70,   88000000,   40381940,        0,  -47618060,          0
  1982,    71,   88000000,   39913496,        0,  -48086504,          0
  1982,    72,   88000000,   35781931,        0,  -52218069,          0
  1982,    73,   88000000,   38998198,        0,  -49001802,          0
  1982,    74,   88000000,   36683632,        0,  -51316368,          0
  1982,    75,   88000000,   35904372,        0,  -52095628,          0
  1982,    76,   88000000,   39335150,        0,  -48664850,          0
  1982,    77,   88000000,   38629671,        0,  -49370329,          0
  1982,    78,   88000000,   40166647,        0,  -47833353,          0
  1982,    79,   88000000,   40224097,        0,  -47775903,          0
  1982,    80,   88000000,   38814507,        0,  -49185493,          0
  1982,    81,   88000000,   40162441,        0,  -47837559,          0
  1982,    82,   88000000,   39848500,        0,  -48151500,          0
  1982,    83,   88000000,   36327827,        0,  -51672173,          0
  1982,    84,   88000000,   36863097,        0,  -51136903,          0
  1982,    85,   88000000,   39210939,        0,  -48789061,          0
  1982,    86,   88000000,   40032055,        0,  -47967945,          0
  1982,    87,   88000000,   39211132,        0,  -48788868,          0
  1982,    88,   88000000,   38904085,        0,  -49095915,          0
  1982,    89,   88000000,   39749097,        0,  -48250903,          0
  1982,    90,   88000000,   40275568,        0,  -47724432,          0
  1982,    91,   88000000,   38874996,        0,  -49125004,          0
  1982,    92,   88000000,   39669574,        0,  -48330426,          0
  1982,    93,   88000000,   38721828,        0,  -49278172,          0
  1982,    94,   88000000,   39629337,        0,  -48370663,          0
  1982,    95,   88000000,   39353671,        0,  -48646329,          0
  1982,    96,   88000000,   39576110,        0,  -48423890,          0
  1982,    97,   88000000,   40630701,        0,  -47369299,          0
  1982,    98,   88000000,   39620537,        0,  -48379463,          0
  1982,    99,   88000000,   39275997,        0,  -48724003,          0
  1982,   100,   88000000,   40167187,        0,  -47832813,          0
  1982,   101,   88000000,   40821768,        0,  -47178232,          0
  1982,   102,   88000000,   39016459,        0,  -48983541,          0
  1982,   103,   88000000,   38682937,        0,  -49317063,          0
  1982,   104,   88000000,   40540198,        0,  -47459802,          0
  1982,   105,   88000000,   39203962,        0,  -48796038,          0
  1982,   106,   88000000,   39305774,        0,  -48694226,          0
  1982,   107,   88000000,   39726462,        0,  -48273538,          0
  1982,   108,   88000000,   39153057,        0,  -48846943,          0
  1982,   109,   88000000,   42762813,        0,  -45237187,          0
  1982,   110,   88000000,   38730402,        0,  -49269598,          0
  1982,   111,   88000000,   40950015,        0,  -47049985,          0
  1982,   112,   88000000,   39620070,        0,  -48379930,          0
  1982,   113,   88000000,   39676850,        0,  -48323150,          0
  1982,   114,   88000000,   39359944,        0,  -48640056,          0
  1982,   115,   88000000,   39454735,        0,  -48545265,          0
  1982,   116,   88000000,   40315190,        0,  -47684810,          0
  1982,   117,   88000000,   39587171,        0,  -48412829,          0
# task NAME=myapp PID=1985 COST=18877000 PERIOD=58000000 CPU=0
  1985,     2,   58000000,      17578,        0,  -57982422,          0
  1985,     3,   58000000,      46769,        0,  -57953231,          0
  1985,     4,   58000000,   27865623,        0,  -30134377,          0
  1985,     5,   58000000,   28780684,        0,  -29219316,          0
  1985,     6,   58000000,   31494469,        0,  -26505531,          0
  1985,     7,   58000000,   28827294,        0,  -29172706,          0
  1985,     8,   58000000,   27751745,        0,  -30248255,          0
  1985,     9,   58000000,   27132485,        0,  -30867515,          0
  1985,    10,   58000000,   28513441,        0,  -29486559,          0
  1985,    11,   58000000,   26365933,        0,  -31634067,          0
  1985,    12,   58000000,   31136929,        0,  -26863071,          0
  1985,    13,   58000000,   29986044,        0,  -28013956,          0
  1985,    14,   58000000,   27703622,        0,  -30296378,          0
  1985,    15,   58000000,   26157245,        0,  -31842755,          0
  1985,    16,   58000000,   28701258,        0,  -29298742,          0
  1985,    17,   58000000,   29590908,        0,  -28409092,          0
  1985,    18,   58000000,   30803202,        0,  -27196798,          0
  1985,    19,   58000000,   28798930,        0,  -29201070,          0
  1985,    20,   58000000,   28728029,        0,  -29271971,          0
  1985,    21,   58000000,   26955014,        0,  -31044986,          0
  1985,    22,   58000000,   28698508,        0,  -29301492,          0
  1985,    23,   58000000,   26557670,        0,  -31442330,          0
  1985,    24,   58000000,   28740844,        0,  -29259156,          0
  1985,    25,   58000000,   29221823,        0,  -28778177,          0
  1985,    26,   58000000,   27800595,        0,  -30199405,          0
  1985,    27,   58000000,   28602265,        0,  -29397735,          0
  1985,    28,   58000000,   30591677,        0,  -27408323,          0
  1985,    29,   58000000,   27586315,        0,  -30413685,          0
  1985,    30,   58000000,   31160106,        0,  -26839894,          0
  1985,    31,   58000000,   29443764,        0,  -28556236,          0
  1985,    32,   58000000,   28827405,        0,  -29172595,          0
  1985,    33,   58000000,   28785740,        0,  -29214260,          0
  1985,    34,   58000000,   28674488,        0,  -29325512,          0
  1985,    35,   58000000,   26464332,        0,  -31535668,          0
  1985,    36,   58000000,   28012352,        0,  -29987648,          0
  1985,    37,   58000000,   26668326,        0,  -31331674,          0
  1985,    38,   58000000,   27843587,        0,  -30156413,          0
  1985,    39,   58000000,   29285811,        0,  -28714189,          0
  1985,    40,   58000000,   28053743,        0,  -29946257,          0
  1985,    41,   58000000,   29738632,        0,  -28261368,          0
  1985,    42,   58000000,   30925833,        0,  -27074167,          0
  1985,    43,   58000000,   26274804,        0,  -31725196,          0
  1985,    44,   58000000,   30959442,        0,  -27040558,          0
  1985,    45,   58000000,   26790884,        0,  -31209116,          0
  1985,    46,   58000000,   28540154,        0,  -29459846,          0
  1985,    47,   58000000,   30765520,        0,  -27234480,          0
  1985,    48,   58000000,   29001733,        0,  -28998267,          0
  1985,    49,   58000000,   28319010,        0,  -29680990,          0
  1985,    50,   58000000,   29210567,        0,  -28789433,          0
  1985,    51,   58000000,   28828522,        0,  -29171478,          0
  1985,    52,   58000000,   28671005,        0,  -29328995,          0
  1985,    53,   58000000,   28683066,        0,  -29316934,          0
  1985,    54,   58000000,   26742591,        0,  -31257409,          0
  1985,    55,   58000000,   28701326,        0,  -29298674,          0
  1985,    56,   58000000,   29084101,        0,  -28915899,          0
  1985,    57,   58000000,   31183899,        0,  -26816101,          0
  1985,    58,   58000000,   28685236,        0,  -29314764,          0
  1985,    59,   58000000,   31214564,        0,  -26785436,          0
  1985,    60,   58000000,   28758078,        0,  -29241922,          0
  1985,    61,   58000000,   31101290,        0,  -26898710,          0
  1985,    62,   58000000,   29626638,        0,  -28373362,          0
  1985,    63,   58000000,   27779999,        0,  -30220001,          0
  1985,    64,   58000000,   29587252,        0,  -28412748,          0
  1985,    65,   58000000,   29023958,        0,  -28976042,          0
  1985,    66,   58000000,   28729603,        0,  -29270397,          0
  1985,    67,   58000000,   31627442,        0,  -26372558,          0
  1985,    68,   58000000,   29248782,        0,  -28751218,          0
  1985,    69,   58000000,   30624822,        0,  -27375178,          0
  1985,    70,   58000000,   29115592,        0,  -28884408,          0
  1985,    71,   58000000,   30705064,        0,  -27294936,          0
  1985,    72,   58000000,   28872469,        0,  -29127531,          0
  1985,    73,   58000000,   31208287,        0,  -26791713,          0
  1985,    74,   58000000,   29194124,        0,  -28805876,          0
  1985,    75,   58000000,   31176976,        0,  -26823024,          0
  1985,    76,   58000000,   29610142,        0,  -28389858,          0
  1985,    77,   58000000,   30851865,        0,  -27148135,          0
  1985,    78,   58000000,   26715230,        0,  -31284770,          0
  1985,    79,   58000000,   30635407,        0,  -27364593,          0
  1985,    80,   58000000,   31163780,        0,  -26836220,          0
  1985,    81,   58000000,   30667889,        0,  -27332111,          0
  1985,    82,   58000000,   28629892,        0,  -29370108,          0
  1985,    83,   58000000,   33101019,        0,  -24898981,          0
  1985,    84,   58000000,   29368387,        0,  -28631613,          0
  1985,    85,   58000000,   32124151,        0,  -25875849,          0
  1985,    86,   58000000,   29647992,        0,  -28352008,          0
  1985,    87,   58000000,   30845072,        0,  -27154928,          0
  1985,    88,   58000000,   28619560,        0,  -29380440,          0
  1985,    89,   58000000,   31444158,        0,  -26555842,          0
  1985,    90,   58000000,   28787500,        0,  -29212500,          0
  1985,    91,   58000000,   30974438,        0,  -27025562,          0
  1985,    92,   58000000,   30117147,        0,  -27882853,          0
  1985,    93,   58000000,   30586643,        0,  -27413357,          0
  1985,    94,   58000000,   26566001,        0,  -31433999,          0
  1985,    95,   58000000,   30623140,        0,  -27376860,          0
  1985,    96,   58000000,   29573525,        0,  -28426475,          0
  1985,    97,   58000000,   30638553,        0,  -27361447,          0
  1985,    98,   58000000,   26912236,        0,  -31087764,          0
  1985,    99,   58000000,   31181055,        0,  -26818945,          0
  1985,   100,   58000000,   30069150,        0,  -27930850,          0
  1985,   101,   58000000,   30773566,        0,  -27226434,          0
  1985,   102,   58000000,   29225438,        0,  -28774562,          0
  1985,   103,   58000000,   31743961,        0,  -26256039,          0
  1985,   104,   58000000,   29245065,        0,  -28754935,          0
  1985,   105,   58000000,   28643161,        0,  -29356839,          0
  1985,   106,   58000000,   29138659,        0,  -28861341,          0
  1985,   107,   58000000,   31131728,        0,  -26868272,          0
  1985,   108,   58000000,   28629753,        0,  -29370247,          0
  1985,   109,   58000000,   30713848,        0,  -27286152,          0
  1985,   110,   58000000,   28985662,        0,  -29014338,          0
  1985,   111,   58000000,   28506751,        0,  -29493249,          0
  1985,   112,   58000000,   29165217,        0,  -28834783,          0
  1985,   113,   58000000,   28920297,        0,  -29079703,          0
  1985,   114,   58000000,   29285340,        0,  -28714660,          0
  1985,   115,   58000000,   31406876,        0,  -26593124,          0
  1985,   116,   58000000,   29600403,        0,  -28399597,          0
  1985,   117,   58000000,   31586100,        0,  -26413900,          0
  1985,   118,   58000000,   28661241,        0,  -29338759,          0
  1985,   119,   58000000,   28075611,        0,  -29924389,          0
  1985,   120,   58000000,   26842565,        0,  -31157435,          0
  1985,   121,   58000000,   31621976,        0,  -26378024,          0
  1985,   122,   58000000,   29044140,        0,  -28955860,          0
  1985,   123,   58000000,   31161600,        0,  -26838400,          0
  1985,   124,   58000000,   26657463,        0,  -31342537,          0
  1985,   125,   58000000,   30609471,        0,  -27390529,          0
  1985,   126,   58000000,   29365458,        0,  -28634542,          0
  1985,   127,   58000000,   28548905,        0,  -29451095,          0
  1985,   128,   58000000,   29076929,        0,  -28923071,          0
  1985,   129,   58000000,   30622958,        0,  -27377042,          0
  1985,   130,   58000000,   28694049,        0,  -29305951,          0
  1985,   131,   58000000,   28282375,        0,  -29717625,          0
  1985,   132,   58000000,   29134155,        0,  -28865845,          0
  1985,   133,   58000000,   31204316,        0,  -26795684,          0
  1985,   134,   58000000,   29856567,        0,  -28143433,          0
  1985,   135,   58000000,   30715241,        0,  -27284759,          0
  1985,   136,   58000000,   29173286,        0,  -28826714,          0
  1985,   137,   58000000,   31047808,        0,  -26952192,          0
  1985,   138,   58000000,   29266104,        0,  -28733896,          0
  1985,   139,   58000000,   31808901,        0,  -26191099,          0
  1985,   140,   58000000,   29568876,        0,  -28431124,          0
  1985,   141,   58000000,   31401307,        0,  -26598693,          0
  1985,   142,   58000000,   29987547,        0,  -28012453,          0
  1985,   143,   58000000,   31388314,        0,  -26611686,          0
  1985,   144,   58000000,   28646614,        0,  -29353386,          0
  1985,   145,   58000000,   28655652,        0,  -29344348,          0
  1985,   146,   58000000,   29657672,        0,  -28342328,          0
  1985,   147,   58000000,   32189613,        0,  -25810387,          0
  1985,   148,   58000000,   29188842,        0,  -28811158,          0
  1985,   149,   58000000,   32160227,        0,  -25839773,          0
  1985,   150,   58000000,   30043172,        0,  -27956828,          0
  1985,   151,   58000000,   28448635,        0,  -29551365,          0
  1985,   152,   58000000,   29218980,        0,  -28781020,          0
  1985,   153,   58000000,   31719638,        0,  -26280362,          0
  1985,   154,   58000000,   29125509,        0,  -28874491,          0
  1985,   155,   58000000,   31216911,        0,  -26783089,          0
  1985,   156,   58000000,   30247242,        0,  -27752758,          0
  1985,   157,   58000000,   28221308,        0,  -29778692,          0
  1985,   158,   58000000,   26932168,        0,  -31067832,          0
  1985,   159,   58000000,   31615081,        0,  -26384919,          0
  1985,   160,   58000000,   29230576,        0,  -28769424,          0
  1985,   161,   58000000,   30893896,        0,  -27106104,          0
  1985,   162,   58000000,   29247850,        0,  -28752150,          0
  1985,   163,   58000000,   28158052,        0,  -29841948,          0
  1985,   164,   58000000,   29514344,        0,  -28485656,          0
  1985,   165,   58000000,   31103322,        0,  -26896678,          0
  1985,   166,   58000000,   29162512,        0,  -28837488,          0
  1985,   167,   58000000,   28495444,        0,  -29504556,          0
  1985,   168,   58000000,   28772905,        0,  -29227095,          0
  1985,   169,   58000000,   28451858,        0,  -29548142,          0
  1985,   170,   58000000,   26681547,        0,  -31318453,          0
  1985,   171,   58000000,   30663934,        0,  -27336066,          0
  1985,   172,   58000000,   28696669,        0,  -29303331,          0
  1985,   173,   58000000,   28231235,        0,  -29768765,          0
  1985,   174,   58000000,   26660481,        0,  -31339519,          0
  1985,   175,   58000000,   28698062,        0,  -29301938,          0
  1985,   176,   58000000,   31643974,        0,  -26356026,          0
