86 4 82
150 8 142
215 10 205
78 5 73
161 8 153
84 5 79
156 9 147
94 5 89
405 29 376
97 5 92
405 27 378
86 4 82
214 12 202
104 7 97
121 5 116
253 14 239
191 11 180
129 8 121
349 18 331
90 5 85
126 6 120
178 9 169
407 34 373
87 6 81
269 14 255
403 27 376
409 41 368
242 15 227
399 24 375
83 5 78
134 6 128
83 5 78
96 5 91
106 7 99
408 27 381
84 6 78
167 8 159
83 5 78
100 5 95
124 8 116
299 18 281
79 3 76
104 5 99
120 7 113
108 5 103
118 6 112
197 10 187
172 9 163
100 5 95
182 10 172
116 6 110
178 9 169
102 5 97
253 13 240
163 10 153
91 4 87
113 5 108
99 5 94
404 22 382
180 9 171
131 7 124
98 4 94
130 7 123
137 7 130
312 18 294
89 4 85
87 6 81
413 37 376
119 7 112
163 9 154
405 42 363
104 6 98
118 7 111
408 42 366
127 7 120
165 9 156
219 13 206
113 5 108
98 5 93
120 7 113
84 4 80
139 8 131
