# Task,   Job,     Period,   Response, DL Miss?,   Lateness,  Tardiness
# task NAME=myapp PID=29815 COST=7295000 PERIOD=20000000 CPU=0
 29815,     2,   20000000,       6157,        0,  -19993843,          0
 29815,     3,   20000000,     147942,        0,  -19852058,          0
 29815,     4,   20000000,   11857651,        0,   -8142349,          0
 29815,     5,   20000000,   12193963,        0,   -7806037,          0
 29815,     6,   20000000,   11988332,        0,   -8011668,          0
 29815,     7,   20000000,   11398582,        0,   -8601418,          0
 29815,     8,   20000000,   12631792,        0,   -7368208,          0
 29815,     9,   20000000,   12185268,        0,   -7814732,          0
 29815,    10,   20000000,   12252069,        0,   -7747931,          0
 29815,    11,   20000000,    9895682,        0,  -10104318,          0
 29815,    12,   20000000,   11954689,        0,   -8045311,          0
 29815,    13,   20000000,   11516265,        0,   -8483735,          0
 29815,    14,   20000000,   11814280,        0,   -8185720,          0
 29815,    15,   20000000,   12587166,        0,   -7412834,          0
 29815,    16,   20000000,   12147116,        0,   -7852884,          0
 29815,    17,   20000000,   11886725,        0,   -8113275,          0
 29815,    18,   20000000,   12282520,        0,   -7717480,          0
 29815,    19,   20000000,   12205482,        0,   -7794518,          0
 29815,    20,   20000000,   12208195,        0,   -7791805,          0
 29815,    21,   20000000,   11814618,        0,   -8185382,          0
 29815,    22,   20000000,   12225802,        0,   -7774198,          0
 29815,    23,   20000000,   11767510,        0,   -8232490,          0
 29815,    24,   20000000,   12154113,        0,   -7845887,          0
 29815,    25,   20000000,   12706438,        0,   -7293562,          0
 29815,    26,   20000000,   12045468,        0,   -7954532,          0
 29815,    27,   20000000,   12064633,        0,   -7935367,          0
 29815,    28,   20000000,   12152140,        0,   -7847860,          0
 29815,    29,   20000000,   11880369,        0,   -8119631,          0
 29815,    30,   20000000,   12637866,        0,   -7362134,          0
 29815,    31,   20000000,   12284892,        0,   -7715108,          0
 29815,    32,   20000000,   12218170,        0,   -7781830,          0
 29815,    33,   20000000,   13324787,        0,   -6675213,          0
 29815,    34,   20000000,   11558112,        0,   -8441888,          0
 29815,    35,   20000000,   12753298,        0,   -7246702,          0
 29815,    36,   20000000,   11843027,        0,   -8156973,          0
 29815,    37,   20000000,   11415221,        0,   -8584779,          0
 29815,    38,   20000000,   11462658,        0,   -8537342,          0
 29815,    39,   20000000,   13024110,        0,   -6975890,          0
 29815,    40,   20000000,   11713568,        0,   -8286432,          0
 29815,    41,   20000000,   12124425,        0,   -7875575,          0
 29815,    42,   20000000,   12284152,        0,   -7715848,          0
 29815,    43,   20000000,   12290837,        0,   -7709163,          0
 29815,    44,   20000000,   12172239,        0,   -7827761,          0
 29815,    45,   20000000,   12341495,        0,   -7658505,          0
 29815,    46,   20000000,   13084351,        0,   -6915649,          0
 29815,    47,   20000000,   11509365,        0,   -8490635,          0
 29815,    48,   20000000,   12717585,        0,   -7282415,          0
 29815,    49,   20000000,   11845168,        0,   -8154832,          0
 29815,    50,   20000000,   12226527,        0,   -7773473,          0
 29815,    51,   20000000,   11960170,        0,   -8039830,          0
 29815,    52,   20000000,   12348231,        0,   -7651769,          0
 29815,    53,   20000000,   12108076,        0,   -7891924,          0
 29815,    54,   20000000,   13051806,        0,   -6948194,          0
 29815,    55,   20000000,   12185295,        0,   -7814705,          0
 29815,    56,   20000000,    9560037,        0,  -10439963,          0
 29815,    57,   20000000,   12167665,        0,   -7832335,          0
 29815,    58,   20000000,   12138304,        0,   -7861696,          0
 29815,    59,   20000000,   12885147,        0,   -7114853,          0
 29815,    60,   20000000,   12307043,        0,   -7692957,          0
 29815,    61,   20000000,   11526797,        0,   -8473203,          0
 29815,    62,   20000000,   12650465,        0,   -7349535,          0
 29815,    63,   20000000,   12210048,        0,   -7789952,          0
 29815,    64,   20000000,   11450111,        0,   -8549889,          0
 29815,    65,   20000000,   12216405,        0,   -7783595,          0
 29815,    66,   20000000,   12161425,        0,   -7838575,          0
 29815,    67,   20000000,   11616183,        0,   -8383817,          0
 29815,    68,   20000000,   12142532,        0,   -7857468,          0
 29815,    69,   20000000,   12240780,        0,   -7759220,          0
 29815,    70,   20000000,   12287224,        0,   -7712776,          0
 29815,    71,   20000000,   11932586,        0,   -8067414,          0
 29815,    72,   20000000,    9265554,        0,  -10734446,          0
 29815,    73,   20000000,   12264432,        0,   -7735568,          0
 29815,    74,   20000000,   12351574,        0,   -7648426,          0
 29815,    75,   20000000,   11895735,        0,   -8104265,          0
 29815,    76,   20000000,   12448324,        0,   -7551676,          0
 29815,    77,   20000000,   12118596,        0,   -7881404,          0
 29815,    78,   20000000,   12395404,        0,   -7604596,          0
 29815,    79,   20000000,   11520561,        0,   -8479439,          0
 29815,    80,   20000000,   12009436,        0,   -7990564,          0
 29815,    81,   20000000,   12201953,        0,   -7798047,          0
 29815,    82,   20000000,   11832729,        0,   -8167271,          0
 29815,    83,   20000000,   11849744,        0,   -8150256,          0
 29815,    84,   20000000,   11797334,        0,   -8202666,          0
 29815,    85,   20000000,   11816757,        0,   -8183243,          0
 29815,    86,   20000000,   11906947,        0,   -8093053,          0
 29815,    87,   20000000,   11867059,        0,   -8132941,          0
 29815,    88,   20000000,   12756849,        0,   -7243151,          0
 29815,    89,   20000000,   12235289,        0,   -7764711,          0
 29815,    90,   20000000,   11812485,        0,   -8187515,          0
 29815,    91,   20000000,   12162281,        0,   -7837719,          0
 29815,    92,   20000000,   11572152,        0,   -8427848,          0
 29815,    93,   20000000,   11881893,        0,   -8118107,          0
 29815,    94,   20000000,   12795239,        0,   -7204761,          0
 29815,    95,   20000000,   12287376,        0,   -7712624,          0
 29815,    96,   20000000,   12103902,        0,   -7896098,          0
 29815,    97,   20000000,   12222198,        0,   -7777802,          0
 29815,    98,   20000000,   12695254,        0,   -7304746,          0
 29815,    99,   20000000,    9491460,        0,  -10508540,          0
 29815,   100,   20000000,   12268259,        0,   -7731741,          0
 29815,   101,   20000000,   11843694,        0,   -8156306,          0
 29815,   102,   20000000,   11927976,        0,   -8072024,          0
 29815,   103,   20000000,   12329230,        0,   -7670770,          0
 29815,   104,   20000000,   11816337,        0,   -8183663,          0
 29815,   105,   20000000,   12666657,        0,   -7333343,          0
 29815,   106,   20000000,   11904298,        0,   -8095702,          0
 29815,   107,   20000000,   11517550,        0,   -8482450,          0
 29815,   108,   20000000,   11833441,        0,   -8166559,          0
 29815,   109,   20000000,   11945413,        0,   -8054587,          0
 29815,   110,   20000000,   12358662,        0,   -7641338,          0
 29815,   111,   20000000,   12719185,        0,   -7280815,          0
 29815,   112,   20000000,   12204191,        0,   -7795809,          0
 29815,   113,   20000000,   12245246,        0,   -7754754,          0
 29815,   114,   20000000,   13669074,        0,   -6330926,          0
 29815,   115,   20000000,   13033479,        0,   -6966521,          0
 29815,   116,   20000000,   12187639,        0,   -7812361,          0
 29815,   117,   20000000,   12756525,        0,   -7243475,          0
 29815,   118,   20000000,   11780030,        0,   -8219970,          0
 29815,   119,   20000000,   13070669,        0,   -6929331,          0
 29815,   120,   20000000,   11798582,        0,   -8201418,          0
 29815,   121,   20000000,   11328749,        0,   -8671251,          0
 29815,   122,   20000000,   12436288,        0,   -7563712,          0
 29815,   123,   20000000,   13078996,        0,   -6921004,          0
 29815,   124,   20000000,   13104975,        0,   -6895025,          0
 29815,   125,   20000000,   11886106,        0,   -8113894,          0
 29815,   126,   20000000,   13104423,        0,   -6895577,          0
 29815,   127,   20000000,   12187907,        0,   -7812093,          0
 29815,   128,   20000000,   12170029,        0,   -7829971,          0
 29815,   129,   20000000,   11809242,        0,   -8190758,          0
 29815,   130,   20000000,   12208512,        0,   -7791488,          0
 29815,   131,   20000000,   11774876,        0,   -8225124,          0
 29815,   132,   20000000,   12973007,        0,   -7026993,          0
 29815,   133,   20000000,   13145478,        0,   -6854522,          0
 29815,   134,   20000000,   12503199,        0,   -7496801,          0
 29815,   135,   20000000,   12210262,        0,   -7789738,          0
 29815,   136,   20000000,   11854403,        0,   -8145597,          0
 29815,   137,   20000000,   11988628,        0,   -8011372,          0
 29815,   138,   20000000,   11951236,        0,   -8048764,          0
 29815,   139,   20000000,   13103734,        0,   -6896266,          0
 29815,   140,   20000000,   11933607,        0,   -8066393,          0
 29815,   141,   20000000,   12178970,        0,   -7821030,          0
 29815,   142,   20000000,   12288781,        0,   -7711219,          0
 29815,   143,   20000000,   12254833,        0,   -7745167,          0
 29815,   144,   20000000,   11555121,        0,   -8444879,          0
 29815,   145,   20000000,   12238213,        0,   -7761787,          0
 29815,   146,   20000000,   12476024,        0,   -7523976,          0
 29815,   147,   20000000,   12272460,        0,   -7727540,          0
 29815,   148,   20000000,   12961915,        0,   -7038085,          0
 29815,   149,   20000000,   12055948,        0,   -7944052,          0
 29815,   150,   20000000,   13134806,        0,   -6865194,          0
 29815,   151,   20000000,   11434511,        0,   -8565489,          0
 29815,   152,   20000000,   11857834,        0,   -8142166,          0
 29815,   153,   20000000,   12682850,        0,   -7317150,          0
 29815,   154,   20000000,   12972102,        0,   -7027898,          0
 29815,   155,   20000000,   11864318,        0,   -8135682,          0
 29815,   156,   20000000,   11897542,        0,   -8102458,          0
 29815,   157,   20000000,   12255682,        0,   -7744318,          0
 29815,   158,   20000000,   13124815,        0,   -6875185,          0
 29815,   159,   20000000,   12673743,        0,   -7326257,          0
 29815,   160,   20000000,   11898046,        0,   -8101954,          0
 29815,   161,   20000000,    9296785,        0,  -10703215,          0
 29815,   162,   20000000,   12426194,        0,   -7573806,          0
 29815,   163,   20000000,   12712154,        0,   -7287846,          0
 29815,   164,   20000000,   11904778,        0,   -8095222,          0
 29815,   165,   20000000,   12137082,        0,   -7862918,          0
 29815,   166,   20000000,   13362513,        0,   -6637487,          0
 29815,   167,   20000000,   12170260,        0,   -7829740,          0
 29815,   168,   20000000,   12203789,        0,   -7796211,          0
 29815,   169,   20000000,   12229922,        0,   -7770078,          0
 29815,   170,   20000000,   11665723,        0,   -8334277,          0
 29815,   171,   20000000,   12245679,        0,   -7754321,          0
 29815,   172,   20000000,   11806422,        0,   -8193578,          0
 29815,   173,   20000000,   11755407,        0,   -8244593,          0
 29815,   174,   20000000,   12554674,        0,   -7445326,          0
 29815,   175,   20000000,   11298841,        0,   -8701159,          0
 29815,   176,   20000000,   12233075,        0,   -7766925,          0
 29815,   177,   20000000,   11863017,        0,   -8136983,          0
 29815,   178,   20000000,   12395622,        0,   -7604378,          0
 29815,   179,   20000000,   11918254,        0,   -8081746,          0
 29815,   180,   20000000,    9414990,        0,  -10585010,          0
 29815,   181,   20000000,   11797141,        0,   -8202859,          0
 29815,   182,   20000000,   12036383,        0,   -7963617,          0
 29815,   183,   20000000,   11850908,        0,   -8149092,          0
 29815,   184,   20000000,   12068890,        0,   -7931110,          0
 29815,   185,   20000000,   12227017,        0,   -7772983,          0
 29815,   186,   20000000,   12775087,        0,   -7224913,          0
 29815,   187,   20000000,   11848283,        0,   -8151717,          0
 29815,   188,   20000000,   11809784,        0,   -8190216,          0
 29815,   189,   20000000,   13133960,        0,   -6866040,          0
 29815,   190,   20000000,   12360222,        0,   -7639778,          0
 29815,   191,   20000000,   13096172,        0,   -6903828,          0
 29815,   192,   20000000,   12200131,        0,   -7799869,          0
 29815,   193,   20000000,   11916554,        0,   -8083446,          0
 29815,   194,   20000000,   12165359,        0,   -7834641,          0
 29815,   195,   20000000,   12222147,        0,   -7777853,          0
 29815,   196,   20000000,   12213462,        0,   -7786538,          0
 29815,   197,   20000000,   13066234,        0,   -6933766,          0
 29815,   198,   20000000,   11673413,        0,   -8326587,          0
 29815,   199,   20000000,   12201449,        0,   -7798551,          0
 29815,   200,   20000000,   12828987,        0,   -7171013,          0
 29815,   201,   20000000,   12484303,        0,   -7515697,          0
 29815,   202,   20000000,   12463732,        0,   -7536268,          0
 29815,   203,   20000000,   12115881,        0,   -7884119,          0
 29815,   204,   20000000,   12358878,        0,   -7641122,          0
 29815,   205,   20000000,   12249693,        0,   -7750307,          0
 29815,   206,   20000000,   11791691,        0,   -8208309,          0
 29815,   207,   20000000,   11836274,        0,   -8163726,          0
 29815,   208,   20000000,   11935110,        0,   -8064890,          0
 29815,   209,   20000000,   12812918,        0,   -7187082,          0
 29815,   210,   20000000,   12163175,        0,   -7836825,          0
 29815,   211,   20000000,   12218109,        0,   -7781891,          0
 29815,   212,   20000000,   11507649,        0,   -8492351,          0
 29815,   213,   20000000,   12675620,        0,   -7324380,          0
 29815,   214,   20000000,   12201221,        0,   -7798779,          0
 29815,   215,   20000000,   12285035,        0,   -7714965,          0
 29815,   216,   20000000,   12480722,        0,   -7519278,          0
 29815,   217,   20000000,   12283491,        0,   -7716509,          0
 29815,   218,   20000000,   11864446,        0,   -8135554,          0
 29815,   219,   20000000,   11850772,        0,   -8149228,          0
 29815,   220,   20000000,   12217139,        0,   -7782861,          0
 29815,   221,   20000000,   12151177,        0,   -7848823,          0
 29815,   222,   20000000,   12375476,        0,   -7624524,          0
 29815,   223,   20000000,   12245878,        0,   -7754122,          0
 29815,   224,   20000000,   12872185,        0,   -7127815,          0
 29815,   225,   20000000,   11473211,        0,   -8526789,          0
 29815,   226,   20000000,   12241522,        0,   -7758478,          0
 29815,   227,   20000000,   11917018,        0,   -8082982,          0
 29815,   228,   20000000,   13093521,        0,   -6906479,          0
 29815,   229,   20000000,   12414988,        0,   -7585012,          0
 29815,   230,   20000000,   12647178,        0,   -7352822,          0
 29815,   231,   20000000,   11859595,        0,   -8140405,          0
 29815,   232,   20000000,   11491749,        0,   -8508251,          0
 29815,   233,   20000000,   12216206,        0,   -7783794,          0
 29815,   234,   20000000,   12637808,        0,   -7362192,          0
 29815,   235,   20000000,   12188799,        0,   -7811201,          0
 29815,   236,   20000000,   11834165,        0,   -8165835,          0
 29815,   237,   20000000,   11870629,        0,   -8129371,          0
 29815,   238,   20000000,   13116140,        0,   -6883860,          0
 29815,   239,   20000000,   12107374,        0,   -7892626,          0
 29815,   240,   20000000,   12092285,        0,   -7907715,          0
 29815,   241,   20000000,   12177463,        0,   -7822537,          0
 29815,   242,   20000000,   12178225,        0,   -7821775,          0
 29815,   243,   20000000,   12270177,        0,   -7729823,          0
 29815,   244,   20000000,   12198922,        0,   -7801078,          0
 29815,   245,   20000000,   11909758,        0,   -8090242,          0
 29815,   246,   20000000,   12327340,        0,   -7672660,          0
 29815,   247,   20000000,   12296733,        0,   -7703267,          0
 29815,   248,   20000000,   12344771,        0,   -7655229,          0
 29815,   249,   20000000,   11821950,        0,   -8178050,          0
 29815,   250,   20000000,   11952247,        0,   -8047753,          0
 29815,   251,   20000000,   13019312,        0,   -6980688,          0
 29815,   252,   20000000,   11716568,        0,   -8283432,          0
 29815,   253,   20000000,    9609688,        0,  -10390312,          0
 29815,   254,   20000000,   12818528,        0,   -7181472,          0
 29815,   255,   20000000,   11824906,        0,   -8175094,          0
 29815,   256,   20000000,   11800234,        0,   -8199766,          0
 29815,   257,   20000000,   11929751,        0,   -8070249,          0
 29815,   258,   20000000,   12700644,        0,   -7299356,          0
 29815,   259,   20000000,   11851741,        0,   -8148259,          0
 29815,   260,   20000000,   11919229,        0,   -8080771,          0
 29815,   261,   20000000,   11472355,        0,   -8527645,          0
 29815,   262,   20000000,   11831102,        0,   -8168898,          0
 29815,   263,   20000000,    9193000,        0,  -10807000,          0
 29815,   264,   20000000,   12631573,        0,   -7368427,          0
 29815,   265,   20000000,   12344349,        0,   -7655651,          0
 29815,   266,   20000000,   12273680,        0,   -7726320,          0
 29815,   267,   20000000,   13103836,        0,   -6896164,          0
 29815,   268,   20000000,   13052266,        0,   -6947734,          0
 29815,   269,   20000000,   12100395,        0,   -7899605,          0
 29815,   270,   20000000,   12198516,        0,   -7801484,          0
 29815,   271,   20000000,   11856440,        0,   -8143560,          0
 29815,   272,   20000000,   12184690,        0,   -7815310,          0
 29815,   273,   20000000,   11505600,        0,   -8494400,          0
 29815,   274,   20000000,   11876284,        0,   -8123716,          0
 29815,   275,   20000000,   12249589,        0,   -7750411,          0
 29815,   276,   20000000,   12244488,        0,   -7755512,          0
 29815,   277,   20000000,   11900686,        0,   -8099314,          0
 29815,   278,   20000000,   12107028,        0,   -7892972,          0
 29815,   279,   20000000,   12637703,        0,   -7362297,          0
 29815,   280,   20000000,   12227788,        0,   -7772212,          0
 29815,   281,   20000000,   11737092,        0,   -8262908,          0
 29815,   282,   20000000,   11442338,        0,   -8557662,          0
 29815,   283,   20000000,   12212612,        0,   -7787388,          0
 29815,   284,   20000000,   11950396,        0,   -8049604,          0
 29815,   285,   20000000,   13733054,        0,   -6266946,          0
 29815,   286,   20000000,   13072589,        0,   -6927411,          0
 29815,   287,   20000000,   11859392,        0,   -8140608,          0
 29815,   288,   20000000,   12209617,        0,   -7790383,          0
 29815,   289,   20000000,   11897298,        0,   -8102702,          0
 29815,   290,   20000000,   12181322,        0,   -7818678,          0
 29815,   291,   20000000,   11902202,        0,   -8097798,          0
 29815,   292,   20000000,   12089599,        0,   -7910401,          0
 29815,   293,   20000000,   12556664,        0,   -7443336,          0
 29815,   294,   20000000,   12901801,        0,   -7098199,          0
 29815,   295,   20000000,   11539822,        0,   -8460178,          0
 29815,   296,   20000000,   12199371,        0,   -7800629,          0
 29815,   297,   20000000,   11789340,        0,   -8210660,          0
 29815,   298,   20000000,   12256507,        0,   -7743493,          0
 29815,   299,   20000000,   12205853,        0,   -7794147,          0
 29815,   300,   20000000,   11975473,        0,   -8024527,          0
 29815,   301,   20000000,   11891845,        0,   -8108155,          0
 29815,   302,   20000000,   12673678,        0,   -7326322,          0
 29815,   303,   20000000,   12146299,        0,   -7853701,          0
 29815,   304,   20000000,   12274904,        0,   -7725096,          0
 29815,   305,   20000000,   11382994,        0,   -8617006,          0
 29815,   306,   20000000,   12776871,        0,   -7223129,          0
 29815,   307,   20000000,   12473254,        0,   -7526746,          0
 29815,   308,   20000000,   12375917,        0,   -7624083,          0
 29815,   309,   20000000,   11816955,        0,   -8183045,          0
 29815,   310,   20000000,   12212592,        0,   -7787408,          0
 29815,   311,   20000000,   11516743,        0,   -8483257,          0
 29815,   312,   20000000,   13029728,        0,   -6970272,          0
 29815,   313,   20000000,   12315766,        0,   -7684234,          0
 29815,   314,   20000000,   12284875,        0,   -7715125,          0
 29815,   315,   20000000,   10071288,        0,   -9928712,          0
 29815,   316,   20000000,   12495009,        0,   -7504991,          0
 29815,   317,   20000000,   12330464,        0,   -7669536,          0
 29815,   318,   20000000,   12425103,        0,   -7574897,          0
 29815,   319,   20000000,   12748528,        0,   -7251472,          0
 29815,   320,   20000000,   12218348,        0,   -7781652,          0
 29815,   321,   20000000,   13142806,        0,   -6857194,          0
 29815,   322,   20000000,   11868366,        0,   -8131634,          0
 29815,   323,   20000000,   12265703,        0,   -7734297,          0
 29815,   324,   20000000,   12130451,        0,   -7869549,          0
 29815,   325,   20000000,   11514409,        0,   -8485591,          0
 29815,   326,   20000000,   11794210,        0,   -8205790,          0
 29815,   327,   20000000,   11825822,        0,   -8174178,          0
 29815,   328,   20000000,   12560908,        0,   -7439092,          0
 29815,   329,   20000000,   11814349,        0,   -8185651,          0
 29815,   330,   20000000,   11822503,        0,   -8177497,          0
 29815,   331,   20000000,   11677356,        0,   -8322644,          0
 29815,   332,   20000000,   12378874,        0,   -7621126,          0
 29815,   333,   20000000,   11881203,        0,   -8118797,          0
 29815,   334,   20000000,   13043398,        0,   -6956602,          0
 29815,   335,   20000000,   11891181,        0,   -8108819,          0
 29815,   336,   20000000,   11962409,        0,   -8037591,          0
 29815,   337,   20000000,   11436222,        0,   -8563778,          0
 29815,   338,   20000000,   12384027,        0,   -7615973,          0
 29815,   339,   20000000,   11856850,        0,   -8143150,          0
 29815,   340,   20000000,   11860912,        0,   -8139088,          0
 29815,   341,   20000000,   12269097,        0,   -7730903,          0
 29815,   342,   20000000,   10429374,        0,   -9570626,          0
 29815,   343,   20000000,   12987781,        0,   -7012219,          0
 29815,   344,   20000000,   11446940,        0,   -8553060,          0
 29815,   345,   20000000,   12600727,        0,   -7399273,          0
 29815,   346,   20000000,   11854634,        0,   -8145366,          0
 29815,   347,   20000000,   12653201,        0,   -7346799,          0
 29815,   348,   20000000,   13178301,        0,   -6821699,          0
 29815,   349,   20000000,   11286349,        0,   -8713651,          0
 29815,   350,   20000000,   12218995,        0,   -7781005,          0
 29815,   351,   20000000,   11893589,        0,   -8106411,          0
 29815,   352,   20000000,   11693503,        0,   -8306497,          0
 29815,   353,   20000000,   12699538,        0,   -7300462,          0
 29815,   354,   20000000,   11961132,        0,   -8038868,          0
 29815,   355,   20000000,   12236192,        0,   -7763808,          0
 29815,   356,   20000000,   12746294,        0,   -7253706,          0
 29815,   357,   20000000,   12586827,        0,   -7413173,          0
 29815,   358,   20000000,   12211945,        0,   -7788055,          0
 29815,   359,   20000000,   11247515,        0,   -8752485,          0
 29815,   360,   20000000,   11469825,        0,   -8530175,          0
 29815,   361,   20000000,   11784297,        0,   -8215703,          0
 29815,   362,   20000000,   12830016,        0,   -7169984,          0
 29815,   363,   20000000,   11617571,        0,   -8382429,          0
 29815,   364,   20000000,   12309763,        0,   -7690237,          0
 29815,   365,   20000000,   11824947,        0,   -8175053,          0
 29815,   366,   20000000,   13360569,        0,   -6639431,          0
 29815,   367,   20000000,   13098271,        0,   -6901729,          0
 29815,   368,   20000000,   12316720,        0,   -7683280,          0
 29815,   369,   20000000,   11425424,        0,   -8574576,          0
 29815,   370,   20000000,   12940095,        0,   -7059905,          0
 29815,   371,   20000000,   11899311,        0,   -8100689,          0
 29815,   372,   20000000,   11475556,        0,   -8524444,          0
 29815,   373,   20000000,   11825655,        0,   -8174345,          0
 29815,   374,   20000000,   12307629,        0,   -7692371,          0
 29815,   375,   20000000,   12050404,        0,   -7949596,          0
 29815,   376,   20000000,   12338613,        0,   -7661387,          0
 29815,   377,   20000000,   13046602,        0,   -6953398,          0
 29815,   378,   20000000,   13054967,        0,   -6945033,          0
 29815,   379,   20000000,   11893665,        0,   -8106335,          0
 29815,   380,   20000000,   11754378,        0,   -8245622,          0
 29815,   381,   20000000,   12175238,        0,   -7824762,          0
 29815,   382,   20000000,   11357330,        0,   -8642670,          0
 29815,   383,   20000000,   11929710,        0,   -8070290,          0
 29815,   384,   20000000,   12671953,        0,   -7328047,          0
 29815,   385,   20000000,   12280793,        0,   -7719207,          0
 29815,   386,   20000000,   12217601,        0,   -7782399,          0
 29815,   387,   20000000,   12694883,        0,   -7305117,          0
 29815,   388,   20000000,   12277636,        0,   -7722364,          0
 29815,   389,   20000000,   12302602,        0,   -7697398,          0
 29815,   390,   20000000,   12455890,        0,   -7544110,          0
 29815,   391,   20000000,   12162915,        0,   -7837085,          0
 29815,   392,   20000000,   13037571,        0,   -6962429,          0
 29815,   393,   20000000,   11880253,        0,   -8119747,          0
 29815,   394,   20000000,   12730321,        0,   -7269679,          0
 29815,   395,   20000000,   11870692,        0,   -8129308,          0
 29815,   396,   20000000,   11352017,        0,   -8647983,          0
 29815,   397,   20000000,   12589921,        0,   -7410079,          0
 29815,   398,   20000000,   11603095,        0,   -8396905,          0
 29815,   399,   20000000,   12340396,        0,   -7659604,          0
 29815,   400,   20000000,   13141280,        0,   -6858720,          0
 29815,   401,   20000000,   11915798,        0,   -8084202,          0
 29815,   402,   20000000,   11870912,        0,   -8129088,          0
 29815,   403,   20000000,   11909856,        0,   -8090144,          0
 29815,   404,   20000000,   12271333,        0,   -7728667,          0
 29815,   405,   20000000,   12289983,        0,   -7710017,          0
 29815,   406,   20000000,   11869961,        0,   -8130039,          0
 29815,   407,   20000000,   11876006,        0,   -8123994,          0
 29815,   408,   20000000,   13067764,        0,   -6932236,          0
 29815,   409,   20000000,   11403224,        0,   -8596776,          0
 29815,   410,   20000000,   11831727,        0,   -8168273,          0
 29815,   411,   20000000,   13056778,        0,   -6943222,          0
 29815,   412,   20000000,   12582573,        0,   -7417427,          0
 29815,   413,   20000000,   12227921,        0,   -7772079,          0
 29815,   414,   20000000,   11567529,        0,   -8432471,          0
 29815,   415,   20000000,   11836573,        0,   -8163427,          0
 29815,   416,   20000000,   12517716,        0,   -7482284,          0
 29815,   417,   20000000,   11938287,        0,   -8061713,          0
 29815,   418,   20000000,   13072212,        0,   -6927788,          0
 29815,   419,   20000000,   11469634,        0,   -8530366,          0
 29815,   420,   20000000,   11789015,        0,   -8210985,          0
 29815,   421,   20000000,   12683226,        0,   -7316774,          0
 29815,   422,   20000000,   12569634,        0,   -7430366,          0
 29815,   423,   20000000,   12565441,        0,   -7434559,          0
 29815,   424,   20000000,   11877996,        0,   -8122004,          0
 29815,   425,   20000000,   12242219,        0,   -7757781,          0
 29815,   426,   20000000,   11491099,        0,   -8508901,          0
 29815,   427,   20000000,   13044628,        0,   -6955372,          0
 29815,   428,   20000000,   12584390,        0,   -7415610,          0
 29815,   429,   20000000,   11841778,        0,   -8158222,          0
 29815,   430,   20000000,   12395829,        0,   -7604171,          0
 29815,   431,   20000000,   12533425,        0,   -7466575,          0
 29815,   432,   20000000,   11637253,        0,   -8362747,          0
 29815,   433,   20000000,   12226113,        0,   -7773887,          0
 29815,   434,   20000000,   12236430,        0,   -7763570,          0
 29815,   435,   20000000,   11788641,        0,   -8211359,          0
 29815,   436,   20000000,   12119694,        0,   -7880306,          0
 29815,   437,   20000000,   12309823,        0,   -7690177,          0
 29815,   438,   20000000,   12746430,        0,   -7253570,          0
 29815,   439,   20000000,   12250039,        0,   -7749961,          0
 29815,   440,   20000000,   11714476,        0,   -8285524,          0
 29815,   441,   20000000,   11272319,        0,   -8727681,          0
 29815,   442,   20000000,   12202768,        0,   -7797232,          0
 29815,   443,   20000000,   12180691,        0,   -7819309,          0
 29815,   444,   20000000,   11848119,        0,   -8151881,          0
 29815,   445,   20000000,   11936180,        0,   -8063820,          0
 29815,   446,   20000000,   12671510,        0,   -7328490,          0
 29815,   447,   20000000,   11829130,        0,   -8170870,          0
 29815,   448,   20000000,   11418096,        0,   -8581904,          0
 29815,   449,   20000000,   12285331,        0,   -7714669,          0
 29815,   450,   20000000,   11823522,        0,   -8176478,          0
 29815,   451,   20000000,   12216288,        0,   -7783712,          0
 29815,   452,   20000000,   12193540,        0,   -7806460,          0
 29815,   453,   20000000,   12943253,        0,   -7056747,          0
 29815,   454,   20000000,   12231033,        0,   -7768967,          0
 29815,   455,   20000000,   12677979,        0,   -7322021,          0
 29815,   456,   20000000,   12541454,        0,   -7458546,          0
 29815,   457,   20000000,   12201413,        0,   -7798587,          0
 29815,   458,   20000000,   12172361,        0,   -7827639,          0
 29815,   459,   20000000,   12182235,        0,   -7817765,          0
 29815,   460,   20000000,   11423467,        0,   -8576533,          0
 29815,   461,   20000000,   11836912,        0,   -8163088,          0
 29815,   462,   20000000,   13065539,        0,   -6934461,          0
 29815,   463,   20000000,   12271802,        0,   -7728198,          0
 29815,   464,   20000000,   12163603,        0,   -7836397,          0
 29815,   465,   20000000,   12266849,        0,   -7733151,          0
 29815,   466,   20000000,   13011895,        0,   -6988105,          0
 29815,   467,   20000000,   12245879,        0,   -7754121,          0
 29815,   468,   20000000,   10447480,        0,   -9552520,          0
 29815,   469,   20000000,   11700165,        0,   -8299835,          0
 29815,   470,   20000000,   13079918,        0,   -6920082,          0
 29815,   471,   20000000,   12340457,        0,   -7659543,          0
 29815,   472,   20000000,   12035167,        0,   -7964833,          0
 29815,   473,   20000000,   12168989,        0,   -7831011,          0
 29815,   474,   20000000,   12522437,        0,   -7477563,          0
 29815,   475,   20000000,   12008779,        0,   -7991221,          0
 29815,   476,   20000000,   12265591,        0,   -7734409,          0
 29815,   477,   20000000,   12270883,        0,   -7729117,          0
 29815,   478,   20000000,   12366728,        0,   -7633272,          0
 29815,   479,   20000000,   11843689,        0,   -8156311,          0
 29815,   480,   20000000,   11522298,        0,   -8477702,          0
 29815,   481,   20000000,   12193658,        0,   -7806342,          0
 29815,   482,   20000000,   12303927,        0,   -7696073,          0
 29815,   483,   20000000,   12406222,        0,   -7593778,          0
 29815,   484,   20000000,   12354541,        0,   -7645459,          0
 29815,   485,   20000000,   12415318,        0,   -7584682,          0
 29815,   486,   20000000,   13084986,        0,   -6915014,          0
 29815,   487,   20000000,   11824266,        0,   -8175734,          0
 29815,   488,   20000000,   12740245,        0,   -7259755,          0
 29815,   489,   20000000,   12307559,        0,   -7692441,          0
 29815,   490,   20000000,   11876238,        0,   -8123762,          0
 29815,   491,   20000000,   12516214,        0,   -7483786,          0
 29815,   492,   20000000,   11565582,        0,   -8434418,          0
 29815,   493,   20000000,   11502803,        0,   -8497197,          0
 29815,   494,   20000000,   12202942,        0,   -7797058,          0
 29815,   495,   20000000,   13103664,        0,   -6896336,          0
 29815,   496,   20000000,   13057427,        0,   -6942573,          0
 29815,   497,   20000000,   12248252,        0,   -7751748,          0
 29815,   498,   20000000,   11816472,        0,   -8183528,          0
 29815,   499,   20000000,   12225718,        0,   -7774282,          0
 29815,   500,   20000000,   12240362,        0,   -7759638,          0
 29815,   501,   20000000,   13336748,        0,   -6663252,          0
 29815,   502,   20000000,   12056644,        0,   -7943356,          0
 29815,   503,   20000000,   12467930,        0,   -7532070,          0
 29815,   504,   20000000,   11800327,        0,   -8199673,          0
# task NAME=myapp PID=29818 COST=21218000 PERIOD=83000000 CPU=0
 29818,     2,   83000000,       6688,        0,  -82993312,          0
 29818,     3,   83000000,     221691,        0,  -82778309,          0
 29818,     4,   83000000,   33770356,        0,  -49229644,          0
 29818,     5,   83000000,   34583010,        0,  -48416990,          0
 29818,     6,   83000000,   34880136,        0,  -48119864,          0
 29818,     7,   83000000,   36092290,        0,  -46907710,          0
 29818,     8,   83000000,   33333215,        0,  -49666785,          0
 29818,     9,   83000000,   36079387,        0,  -46920613,          0
 29818,    10,   83000000,   36665800,        0,  -46334200,          0
 29818,    11,   83000000,   35331221,        0,  -47668779,          0
 29818,    12,   83000000,   34537503,        0,  -48462497,          0
 29818,    13,   83000000,   35251846,        0,  -47748154,          0
 29818,    14,   83000000,   35897644,        0,  -47102356,          0
 29818,    15,   83000000,   37406435,        0,  -45593565,          0
 29818,    16,   83000000,   33950462,        0,  -49049538,          0
 29818,    17,   83000000,   34767447,        0,  -48232553,          0
 29818,    18,   83000000,   36067795,        0,  -46932205,          0
 29818,    19,   83000000,   37073910,        0,  -45926090,          0
 29818,    20,   83000000,   34209907,        0,  -48790093,          0
 29818,    21,   83000000,   34559791,        0,  -48440209,          0
 29818,    22,   83000000,   34939386,        0,  -48060614,          0
 29818,    23,   83000000,   36269081,        0,  -46730919,          0
 29818,    24,   83000000,   33955656,        0,  -49044344,          0
 29818,    25,   83000000,   35308693,        0,  -47691307,          0
 29818,    26,   83000000,   35738636,        0,  -47261364,          0
 29818,    27,   83000000,   35892269,        0,  -47107731,          0
 29818,    28,   83000000,   33756122,        0,  -49243878,          0
 29818,    29,   83000000,   34717508,        0,  -48282492,          0
 29818,    30,   83000000,   35415116,        0,  -47584884,          0
 29818,    31,   83000000,   37161158,        0,  -45838842,          0
 29818,    32,   83000000,   36293075,        0,  -46706925,          0
 29818,    33,   83000000,   34539866,        0,  -48460134,          0
 29818,    34,   83000000,   35642846,        0,  -47357154,          0
 29818,    35,   83000000,   36848428,        0,  -46151572,          0
 29818,    36,   83000000,   34346339,        0,  -48653661,          0
 29818,    37,   83000000,   34255421,        0,  -48744579,          0
 29818,    38,   83000000,   35818379,        0,  -47181621,          0
 29818,    39,   83000000,   37796824,        0,  -45203176,          0
 29818,    40,   83000000,   34065954,        0,  -48934046,          0
 29818,    41,   83000000,   34192951,        0,  -48807049,          0
 29818,    42,   83000000,   36979764,        0,  -46020236,          0
 29818,    43,   83000000,   36105959,        0,  -46894041,          0
 29818,    44,   83000000,   33568887,        0,  -49431113,          0
 29818,    45,   83000000,   34312086,        0,  -48687914,          0
 29818,    46,   83000000,   35195845,        0,  -47804155,          0
 29818,    47,   83000000,   36206200,        0,  -46793800,          0
 29818,    48,   83000000,   33788891,        0,  -49211109,          0
 29818,    49,   83000000,   34538595,        0,  -48461405,          0
 29818,    50,   83000000,   34796560,        0,  -48203440,          0
 29818,    51,   83000000,   36818561,        0,  -46181439,          0
 29818,    52,   83000000,   32716255,        0,  -50283745,          0
 29818,    53,   83000000,   34831632,        0,  -48168368,          0
 29818,    54,   83000000,   33613473,        0,  -49386527,          0
 29818,    55,   83000000,   37090121,        0,  -45909879,          0
 29818,    56,   83000000,   34679149,        0,  -48320851,          0
 29818,    57,   83000000,   34085848,        0,  -48914152,          0
 29818,    58,   83000000,   34754139,        0,  -48245861,          0
 29818,    59,   83000000,   36873320,        0,  -46126680,          0
 29818,    60,   83000000,   33777527,        0,  -49222473,          0
 29818,    61,   83000000,   34744066,        0,  -48255934,          0
 29818,    62,   83000000,   35885449,        0,  -47114551,          0
 29818,    63,   83000000,   36478922,        0,  -46521078,          0
 29818,    64,   83000000,   34535716,        0,  -48464284,          0
 29818,    65,   83000000,   35229435,        0,  -47770565,          0
 29818,    66,   83000000,   34879582,        0,  -48120418,          0
 29818,    67,   83000000,   37695334,        0,  -45304666,          0
 29818,    68,   83000000,   33422631,        0,  -49577369,          0
 29818,    69,   83000000,   34146414,        0,  -48853586,          0
 29818,    70,   83000000,   35528116,        0,  -47471884,          0
 29818,    71,   83000000,   36224558,        0,  -46775442,          0
 29818,    72,   83000000,   34293622,        0,  -48706378,          0
 29818,    73,   83000000,   33442842,        0,  -49557158,          0
 29818,    74,   83000000,   35585119,        0,  -47414881,          0
 29818,    75,   83000000,   37762127,        0,  -45237873,          0
 29818,    76,   83000000,   34441615,        0,  -48558385,          0
 29818,    77,   83000000,   34380805,        0,  -48619195,          0
 29818,    78,   83000000,   35251734,        0,  -47748266,          0
 29818,    79,   83000000,   36814854,        0,  -46185146,          0
 29818,    80,   83000000,   34326544,        0,  -48673456,          0
 29818,    81,   83000000,   34771382,        0,  -48228618,          0
 29818,    82,   83000000,   35402087,        0,  -47597913,          0
 29818,    83,   83000000,   39263900,        0,  -43736100,          0
 29818,    84,   83000000,   33305573,        0,  -49694427,          0
 29818,    85,   83000000,   34315481,        0,  -48684519,          0
 29818,    86,   83000000,   36323390,        0,  -46676610,          0
 29818,    87,   83000000,   37342236,        0,  -45657764,          0
 29818,    88,   83000000,   34561573,        0,  -48438427,          0
 29818,    89,   83000000,   34099966,        0,  -48900034,          0
 29818,    90,   83000000,   35791400,        0,  -47208600,          0
 29818,    91,   83000000,   35365869,        0,  -47634131,          0
 29818,    92,   83000000,   37071304,        0,  -45928696,          0
 29818,    93,   83000000,   37386812,        0,  -45613188,          0
 29818,    94,   83000000,   35055287,        0,  -47944713,          0
 29818,    95,   83000000,   36631258,        0,  -46368742,          0
 29818,    96,   83000000,   34468772,        0,  -48531228,          0
 29818,    97,   83000000,   34862016,        0,  -48137984,          0
 29818,    98,   83000000,   35688313,        0,  -47311687,          0
 29818,    99,   83000000,   35880774,        0,  -47119226,          0
 29818,   100,   83000000,   34281623,        0,  -48718377,          0
 29818,   101,   83000000,   35118333,        0,  -47881667,          0
 29818,   102,   83000000,   35303126,        0,  -47696874,          0
 29818,   103,   83000000,   36177066,        0,  -46822934,          0
 29818,   104,   83000000,   34115314,        0,  -48884686,          0
 29818,   105,   83000000,   37569364,        0,  -45430636,          0
 29818,   106,   83000000,   36151217,        0,  -46848783,          0
 29818,   107,   83000000,   36643821,        0,  -46356179,          0
 29818,   108,   83000000,   33628560,        0,  -49371440,          0
 29818,   109,   83000000,   34500048,        0,  -48499952,          0
 29818,   110,   83000000,   32283255,        0,  -50716745,          0
 29818,   111,   83000000,   36826671,        0,  -46173329,          0
 29818,   112,   83000000,   34132990,        0,  -48867010,          0
 29818,   113,   83000000,   35025035,        0,  -47974965,          0
 29818,   114,   83000000,   35362901,        0,  -47637099,          0
 29818,   115,   83000000,   36378081,        0,  -46621919,          0
 29818,   116,   83000000,   34113087,        0,  -48886913,          0
 29818,   117,   83000000,   34798031,        0,  -48201969,          0
 29818,   118,   83000000,   35854286,        0,  -47145714,          0
 29818,   119,   83000000,   37271963,        0,  -45728037,          0
 29818,   120,   83000000,   33927403,        0,  -49072597,          0
 29818,   121,   83000000,   35665372,        0,  -47334628,          0
 29818,   122,   83000000,   38253870,        0,  -44746130,          0
 29818,   123,   83000000,   35528499,        0,  -47471501,          0
 29818,   124,   83000000,   34543632,        0,  -48456368,          0
# task NAME=myapp PID=29823 COST=9519000 PERIOD=53000000 CPU=0
 29823,     2,   53000000,      22922,        0,  -52977078,          0
 29823,     3,   53000000,     172400,        0,  -52827600,          0
 29823,     4,   53000000,   14691558,        0,  -38308442,          0
 29823,     5,   53000000,   14377401,        0,  -38622599,          0
 29823,     6,   53000000,   13323368,        0,  -39676632,          0
 29823,     7,   53000000,   16370100,        0,  -36629900,          0
 29823,     8,   53000000,   15794727,        0,  -37205273,          0
 29823,     9,   53000000,   15285450,        0,  -37714550,          0
 29823,    10,   53000000,   12991121,        0,  -40008879,          0
 29823,    11,   53000000,   15843558,        0,  -37156442,          0
 29823,    12,   53000000,   15926634,        0,  -37073366,          0
 29823,    13,   53000000,   13914328,        0,  -39085672,          0
 29823,    14,   53000000,   12908406,        0,  -40091594,          0
 29823,    15,   53000000,   16365384,        0,  -36634616,          0
 29823,    16,   53000000,   15081726,        0,  -37918274,          0
 29823,    17,   53000000,   14738957,        0,  -38261043,          0
 29823,    18,   53000000,   14162945,        0,  -38837055,          0
 29823,    19,   53000000,   16379784,        0,  -36620216,          0
 29823,    20,   53000000,   14618104,        0,  -38381896,          0
 29823,    21,   53000000,   14404420,        0,  -38595580,          0
 29823,    22,   53000000,   12926530,        0,  -40073470,          0
 29823,    23,   53000000,   15507966,        0,  -37492034,          0
 29823,    24,   53000000,   16339781,        0,  -36660219,          0
 29823,    25,   53000000,   13771449,        0,  -39228551,          0
 29823,    26,   53000000,   13041373,        0,  -39958627,          0
 29823,    27,   53000000,   16426017,        0,  -36573983,          0
 29823,    28,   53000000,   16016174,        0,  -36983826,          0
 29823,    29,   53000000,   13919024,        0,  -39080976,          0
 29823,    30,   53000000,   13823294,        0,  -39176706,          0
 29823,    31,   53000000,   15981454,        0,  -37018546,          0
 29823,    32,   53000000,   14587176,        0,  -38412824,          0
 29823,    33,   53000000,   14286756,        0,  -38713244,          0
 29823,    34,   53000000,   13609300,        0,  -39390700,          0
 29823,    35,   53000000,   16829528,        0,  -36170472,          0
 29823,    36,   53000000,   14967492,        0,  -38032508,          0
 29823,    37,   53000000,   14364830,        0,  -38635170,          0
 29823,    38,   53000000,   13249906,        0,  -39750094,          0
 29823,    39,   53000000,   16406334,        0,  -36593666,          0
 29823,    40,   53000000,   15423763,        0,  -37576237,          0
 29823,    41,   53000000,   14375724,        0,  -38624276,          0
 29823,    42,   53000000,   13507935,        0,  -39492065,          0
 29823,    43,   53000000,   15643066,        0,  -37356934,          0
 29823,    44,   53000000,   15354967,        0,  -37645033,          0
 29823,    45,   53000000,   14338816,        0,  -38661184,          0
 29823,    46,   53000000,   14204514,        0,  -38795486,          0
 29823,    47,   53000000,   16126503,        0,  -36873497,          0
 29823,    48,   53000000,   15700771,        0,  -37299229,          0
 29823,    49,   53000000,   13584472,        0,  -39415528,          0
 29823,    50,   53000000,   13415838,        0,  -39584162,          0
 29823,    51,   53000000,   16401013,        0,  -36598987,          0
 29823,    52,   53000000,   15556600,        0,  -37443400,          0
 29823,    53,   53000000,   15171207,        0,  -37828793,          0
 29823,    54,   53000000,   13424115,        0,  -39575885,          0
 29823,    55,   53000000,   16312092,        0,  -36687908,          0
 29823,    56,   53000000,   14636672,        0,  -38363328,          0
 29823,    57,   53000000,   14327814,        0,  -38672186,          0
 29823,    58,   53000000,   13304893,        0,  -39695107,          0
 29823,    59,   53000000,   15312733,        0,  -37687267,          0
 29823,    60,   53000000,   16161035,        0,  -36838965,          0
 29823,    61,   53000000,   14516363,        0,  -38483637,          0
 29823,    62,   53000000,   13160327,        0,  -39839673,          0
 29823,    63,   53000000,   15984028,        0,  -37015972,          0
 29823,    64,   53000000,   15987714,        0,  -37012286,          0
 29823,    65,   53000000,   13636263,        0,  -39363737,          0
 29823,    66,   53000000,   13258902,        0,  -39741098,          0
 29823,    67,   53000000,   15926692,        0,  -37073308,          0
 29823,    68,   53000000,   15478456,        0,  -37521544,          0
 29823,    69,   53000000,   14861923,        0,  -38138077,          0
 29823,    70,   53000000,   13755705,        0,  -39244295,          0
 29823,    71,   53000000,   16875828,        0,  -36124172,          0
 29823,    72,   53000000,   15762740,        0,  -37237260,          0
 29823,    73,   53000000,   14060816,        0,  -38939184,          0
 29823,    74,   53000000,   13335668,        0,  -39664332,          0
 29823,    75,   53000000,   16391608,        0,  -36608392,          0
 29823,    76,   53000000,   14272176,        0,  -38727824,          0
 29823,    77,   53000000,   13732464,        0,  -39267536,          0
 29823,    78,   53000000,   13054765,        0,  -39945235,          0
 29823,    79,   53000000,   16355534,        0,  -36644466,          0
 29823,    80,   53000000,   15032156,        0,  -37967844,          0
 29823,    81,   53000000,   14328624,        0,  -38671376,          0
 29823,    82,   53000000,   15181188,        0,  -37818812,          0
 29823,    83,   53000000,   15422789,        0,  -37577211,          0
 29823,    84,   53000000,   14819980,        0,  -38180020,          0
 29823,    85,   53000000,   14763957,        0,  -38236043,          0
 29823,    86,   53000000,   13666424,        0,  -39333576,          0
 29823,    87,   53000000,   16378024,        0,  -36621976,          0
 29823,    88,   53000000,   15775458,        0,  -37224542,          0
 29823,    89,   53000000,   13942233,        0,  -39057767,          0
 29823,    90,   53000000,   13414045,        0,  -39585955,          0
 29823,    91,   53000000,   13018752,        0,  -39981248,          0
 29823,    92,   53000000,   15278804,        0,  -37721196,          0
 29823,    93,   53000000,   14331185,        0,  -38668815,          0
 29823,    94,   53000000,   14203701,        0,  -38796299,          0
 29823,    95,   53000000,   16365295,        0,  -36634705,          0
 29823,    96,   53000000,   14269739,        0,  -38730261,          0
 29823,    97,   53000000,   14086143,        0,  -38913857,          0
 29823,    98,   53000000,   13349624,        0,  -39650376,          0
 29823,    99,   53000000,   16310885,        0,  -36689115,          0
 29823,   100,   53000000,   14958746,        0,  -38041254,          0
 29823,   101,   53000000,   14032668,        0,  -38967332,          0
 29823,   102,   53000000,   12922966,        0,  -40077034,          0
 29823,   103,   53000000,   17207707,        0,  -35792293,          0
 29823,   104,   53000000,   15359795,        0,  -37640205,          0
 29823,   105,   53000000,   14182862,        0,  -38817138,          0
 29823,   106,   53000000,   13430040,        0,  -39569960,          0
 29823,   107,   53000000,   16532136,        0,  -36467864,          0
 29823,   108,   53000000,   15516617,        0,  -37483383,          0
 29823,   109,   53000000,   13967324,        0,  -39032676,          0
 29823,   110,   53000000,   13348495,        0,  -39651505,          0
 29823,   111,   53000000,   16116110,        0,  -36883890,          0
 29823,   112,   53000000,   15217199,        0,  -37782801,          0
 29823,   113,   53000000,   12494792,        0,  -40505208,          0
 29823,   114,   53000000,   13583470,        0,  -39416530,          0
 29823,   115,   53000000,   16043818,        0,  -36956182,          0
 29823,   116,   53000000,   16185361,        0,  -36814639,          0
 29823,   117,   53000000,   14338130,        0,  -38661870,          0
 29823,   118,   53000000,   13762731,        0,  -39237269,          0
 29823,   119,   53000000,   15515734,        0,  -37484266,          0
 29823,   120,   53000000,   15017589,        0,  -37982411,          0
 29823,   121,   53000000,   13936754,        0,  -39063246,          0
 29823,   122,   53000000,   13327641,        0,  -39672359,          0
 29823,   123,   53000000,   16813100,        0,  -36186900,          0
 29823,   124,   53000000,   16242699,        0,  -36757301,          0
 29823,   125,   53000000,   14461155,        0,  -38538845,          0
 29823,   126,   53000000,   12908358,        0,  -40091642,          0
 29823,   127,   53000000,   17890809,        0,  -35109191,          0
 29823,   128,   53000000,   15196592,        0,  -37803408,          0
 29823,   129,   53000000,   13972426,        0,  -39027574,          0
 29823,   130,   53000000,   12615218,        0,  -40384782,          0
 29823,   131,   53000000,   15806531,        0,  -37193469,          0
 29823,   132,   53000000,   15880635,        0,  -37119365,          0
 29823,   133,   53000000,   14302321,        0,  -38697679,          0
 29823,   134,   53000000,   12982289,        0,  -40017711,          0
 29823,   135,   53000000,   16800156,        0,  -36199844,          0
 29823,   136,   53000000,   14848954,        0,  -38151046,          0
 29823,   137,   53000000,   14851241,        0,  -38148759,          0
 29823,   138,   53000000,   13118024,        0,  -39881976,          0
 29823,   139,   53000000,   16404485,        0,  -36595515,          0
 29823,   140,   53000000,   15636646,        0,  -37363354,          0
 29823,   141,   53000000,   14055654,        0,  -38944346,          0
 29823,   142,   53000000,   13491339,        0,  -39508661,          0
 29823,   143,   53000000,   16366912,        0,  -36633088,          0
 29823,   144,   53000000,   16144295,        0,  -36855705,          0
 29823,   145,   53000000,   13550651,        0,  -39449349,          0
 29823,   146,   53000000,   12992978,        0,  -40007022,          0
 29823,   147,   53000000,   15858524,        0,  -37141476,          0
 29823,   148,   53000000,   15301807,        0,  -37698193,          0
 29823,   149,   53000000,   14047932,        0,  -38952068,          0
 29823,   150,   53000000,   12984258,        0,  -40015742,          0
 29823,   151,   53000000,   15965767,        0,  -37034233,          0
 29823,   152,   53000000,   14949943,        0,  -38050057,          0
 29823,   153,   53000000,   14262900,        0,  -38737100,          0
 29823,   154,   53000000,   12873911,        0,  -40126089,          0
 29823,   155,   53000000,   15698970,        0,  -37301030,          0
 29823,   156,   53000000,   15178674,        0,  -37821326,          0
 29823,   157,   53000000,   14492052,        0,  -38507948,          0
 29823,   158,   53000000,   13354502,        0,  -39645498,          0
 29823,   159,   53000000,   15657104,        0,  -37342896,          0
 29823,   160,   53000000,   14488799,        0,  -38511201,          0
 29823,   161,   53000000,   15195215,        0,  -37804785,          0
 29823,   162,   53000000,   14208322,        0,  -38791678,          0
 29823,   163,   53000000,   16586067,        0,  -36413933,          0
 29823,   164,   53000000,   14499414,        0,  -38500586,          0
 29823,   165,   53000000,   13946380,        0,  -39053620,          0
 29823,   166,   53000000,   13235383,        0,  -39764617,          0
 29823,   167,   53000000,   15935425,        0,  -37064575,          0
 29823,   168,   53000000,   15224112,        0,  -37775888,          0
 29823,   169,   53000000,   14334687,        0,  -38665313,          0
 29823,   170,   53000000,   14276998,        0,  -38723002,          0
 29823,   171,   53000000,   13441481,        0,  -39558519,          0
 29823,   172,   53000000,   15757132,        0,  -37242868,          0
 29823,   173,   53000000,   14614508,        0,  -38385492,          0
 29823,   174,   53000000,   12964253,        0,  -40035747,          0
 29823,   175,   53000000,   16194342,        0,  -36805658,          0
 29823,   176,   53000000,   15426689,        0,  -37573311,          0
 29823,   177,   53000000,   14227951,        0,  -38772049,          0
 29823,   178,   53000000,   14161984,        0,  -38838016,          0
 29823,   179,   53000000,   15931327,        0,  -37068673,          0
 29823,   180,   53000000,   15671422,        0,  -37328578,          0
 29823,   181,   53000000,   15982420,        0,  -37017580,          0
 29823,   182,   53000000,   13404367,        0,  -39595633,          0
 29823,   183,   53000000,   15407185,        0,  -37592815,          0
 29823,   184,   53000000,   15021562,        0,  -37978438,          0
 29823,   185,   53000000,   14716906,        0,  -38283094,          0
 29823,   186,   53000000,   13835488,        0,  -39164512,          0
 29823,   187,   53000000,   17519420,        0,  -35480580,          0
 29823,   188,   53000000,   12915219,        0,  -40084781,          0
 29823,   189,   53000000,   14343101,        0,  -38656899,          0
 29823,   190,   53000000,   13342383,        0,  -39657617,          0
 29823,   191,   53000000,   15643117,        0,  -37356883,          0
 29823,   192,   53000000,   14997432,        0,  -38002568,          0
