# Task,   Job,     Period,   Response, DL Miss?,   Lateness,  Tardiness
# task NAME=myapp PID=14772 COST=6228000 PERIOD=43000000 CPU=0
 14772,     2,   43000000,       5946,        0,  -42994054,          0
 14772,     3,   43000000,     117506,        0,  -42882494,          0
 14772,     4,   43000000,    9568874,        0,  -33431126,          0
 14772,     5,   43000000,    8581704,        0,  -34418296,          0
 14772,     6,   43000000,    9583628,        0,  -33416372,          0
 14772,     7,   43000000,    8692170,        0,  -34307830,          0
 14772,     8,   43000000,    7541149,        0,  -35458851,          0
 14772,     9,   43000000,    8544937,        0,  -34455063,          0
 14772,    10,   43000000,    9559301,        0,  -33440699,          0
 14772,    11,   43000000,    8574914,        0,  -34425086,          0
 14772,    12,   43000000,    9516728,        0,  -33483272,          0
 14772,    13,   43000000,    8598865,        0,  -34401135,          0
 14772,    14,   43000000,   11550456,        0,  -31449544,          0
 14772,    15,   43000000,    8548952,        0,  -34451048,          0
 14772,    16,   43000000,    9590809,        0,  -33409191,          0
 14772,    17,   43000000,    9917067,        0,  -33082933,          0
 14772,    18,   43000000,    9530141,        0,  -33469859,          0
 14772,    19,   43000000,    6570248,        0,  -36429752,          0
 14772,    20,   43000000,    7537531,        0,  -35462469,          0
 14772,    21,   43000000,    8571715,        0,  -34428285,          0
 14772,    22,   43000000,   11660828,        0,  -31339172,          0
 14772,    23,   43000000,   10585849,        0,  -32414151,          0
 14772,    24,   43000000,    9684234,        0,  -33315766,          0
 14772,    25,   43000000,    8522745,        0,  -34477255,          0
 14772,    26,   43000000,    9623843,        0,  -33376157,          0
 14772,    27,   43000000,   12567876,        0,  -30432124,          0
 14772,    28,   43000000,    7532361,        0,  -35467639,          0
 14772,    29,   43000000,    8579288,        0,  -34420712,          0
 14772,    30,   43000000,    9574205,        0,  -33425795,          0
 14772,    31,   43000000,    6520793,        0,  -36479207,          0
 14772,    32,   43000000,    9751542,        0,  -33248458,          0
 14772,    33,   43000000,   11093407,        0,  -31906593,          0
 14772,    34,   43000000,    9568401,        0,  -33431599,          0
 14772,    35,   43000000,    8598813,        0,  -34401187,          0
 14772,    36,   43000000,    7524150,        0,  -35475850,          0
 14772,    37,   43000000,    8586592,        0,  -34413408,          0
 14772,    38,   43000000,   11520205,        0,  -31479795,          0
 14772,    39,   43000000,    8559668,        0,  -34440332,          0
 14772,    40,   43000000,    9600476,        0,  -33399524,          0
 14772,    41,   43000000,    8583567,        0,  -34416433,          0
 14772,    42,   43000000,    9594248,        0,  -33405752,          0
 14772,    43,   43000000,    8583407,        0,  -34416593,          0
 14772,    44,   43000000,   11558657,        0,  -31441343,          0
 14772,    45,   43000000,    8624401,        0,  -34375599,          0
 14772,    46,   43000000,    9570261,        0,  -33429739,          0
 14772,    47,   43000000,    6538661,        0,  -36461339,          0
 14772,    48,   43000000,    8029291,        0,  -34970709,          0
 14772,    49,   43000000,    8585186,        0,  -34414814,          0
 14772,    50,   43000000,    9591139,        0,  -33408861,          0
 14772,    51,   43000000,    6525893,        0,  -36474107,          0
 14772,    52,   43000000,    7953429,        0,  -35046571,          0
 14772,    53,   43000000,    8582731,        0,  -34417269,          0
 14772,    54,   43000000,   11565753,        0,  -31434247,          0
 14772,    55,   43000000,    6845882,        0,  -36154118,          0
 14772,    56,   43000000,   10107113,        0,  -32892887,          0
 14772,    57,   43000000,    8563137,        0,  -34436863,          0
 14772,    58,   43000000,   11925489,        0,  -31074511,          0
 14772,    59,   43000000,    8535494,        0,  -34464506,          0
 14772,    60,   43000000,    7513753,        0,  -35486247,          0
 14772,    61,   43000000,   12782480,        0,  -30217520,          0
 14772,    62,   43000000,    9558905,        0,  -33441095,          0
 14772,    63,   43000000,   10582249,        0,  -32417751,          0
 14772,    64,   43000000,   11619603,        0,  -31380397,          0
 14772,    65,   43000000,   10490461,        0,  -32509539,          0
 14772,    66,   43000000,   10390632,        0,  -32609368,          0
 14772,    67,   43000000,   12560195,        0,  -30439805,          0
 14772,    68,   43000000,   10635107,        0,  -32364893,          0
 14772,    69,   43000000,    8526513,        0,  -34473487,          0
 14772,    70,   43000000,   11565844,        0,  -31434156,          0
 14772,    71,   43000000,    9096646,        0,  -33903354,          0
 14772,    72,   43000000,   12284953,        0,  -30715047,          0
 14772,    73,   43000000,    8556120,        0,  -34443880,          0
 14772,    74,   43000000,    9587723,        0,  -33412277,          0
 14772,    75,   43000000,    8543083,        0,  -34456917,          0
 14772,    76,   43000000,    7628376,        0,  -35371624,          0
 14772,    77,   43000000,   10589877,        0,  -32410123,          0
 14772,    78,   43000000,    9585686,        0,  -33414314,          0
 14772,    79,   43000000,    6579816,        0,  -36420184,          0
 14772,    80,   43000000,    8018291,        0,  -34981709,          0
 14772,    81,   43000000,   10588400,        0,  -32411600,          0
 14772,    82,   43000000,    9602368,        0,  -33397632,          0
 14772,    83,   43000000,    8597097,        0,  -34402903,          0
 14772,    84,   43000000,   13557094,        0,  -29442906,          0
 14772,    85,   43000000,    9037887,        0,  -33962113,          0
 14772,    86,   43000000,   11587956,        0,  -31412044,          0
 14772,    87,   43000000,    8525671,        0,  -34474329,          0
 14772,    88,   43000000,    7541532,        0,  -35458468,          0
 14772,    89,   43000000,    8555176,        0,  -34444824,          0
 14772,    90,   43000000,   13900252,        0,  -29099748,          0
 14772,    91,   43000000,    8614586,        0,  -34385414,          0
 14772,    92,   43000000,    7554235,        0,  -35445765,          0
 14772,    93,   43000000,   10814327,        0,  -32185673,          0
 14772,    94,   43000000,    9639929,        0,  -33360071,          0
 14772,    95,   43000000,    8561433,        0,  -34438567,          0
 14772,    96,   43000000,    7569223,        0,  -35430777,          0
 14772,    97,   43000000,    8563330,        0,  -34436670,          0
 14772,    98,   43000000,   10138501,        0,  -32861499,          0
 14772,    99,   43000000,    6540492,        0,  -36459508,          0
 14772,   100,   43000000,    8163208,        0,  -34836792,          0
 14772,   101,   43000000,    8541386,        0,  -34458614,          0
 14772,   102,   43000000,    9552231,        0,  -33447769,          0
 14772,   103,   43000000,    6541129,        0,  -36458871,          0
 14772,   104,   43000000,    8383200,        0,  -34616800,          0
 14772,   105,   43000000,    8555784,        0,  -34444216,          0
 14772,   106,   43000000,   11563667,        0,  -31436333,          0
 14772,   107,   43000000,    6528101,        0,  -36471899,          0
 14772,   108,   43000000,    7584223,        0,  -35415777,          0
 14772,   109,   43000000,    8559948,        0,  -34440052,          0
 14772,   110,   43000000,   11559191,        0,  -31440809,          0
 14772,   111,   43000000,   12590571,        0,  -30409429,          0
 14772,   112,   43000000,    8352748,        0,  -34647252,          0
 14772,   113,   43000000,    8579724,        0,  -34420276,          0
 14772,   114,   43000000,    9571906,        0,  -33428094,          0
 14772,   115,   43000000,   12579922,        0,  -30420078,          0
 14772,   116,   43000000,    9569056,        0,  -33430944,          0
 14772,   117,   43000000,    8597424,        0,  -34402576,          0
 14772,   118,   43000000,    9546464,        0,  -33453536,          0
 14772,   119,   43000000,   10562810,        0,  -32437190,          0
 14772,   120,   43000000,   11626761,        0,  -31373239,          0
 14772,   121,   43000000,   10684037,        0,  -32315963,          0
 14772,   122,   43000000,   13899962,        0,  -29100038,          0
 14772,   123,   43000000,    6533357,        0,  -36466643,          0
 14772,   124,   43000000,   11572176,        0,  -31427824,          0
 14772,   125,   43000000,   10834419,        0,  -32165581,          0
 14772,   126,   43000000,   11612515,        0,  -31387485,          0
 14772,   127,   43000000,    8555058,        0,  -34444942,          0
 14772,   128,   43000000,   11575734,        0,  -31424266,          0
 14772,   129,   43000000,    8606138,        0,  -34393862,          0
 14772,   130,   43000000,   11557655,        0,  -31442345,          0
 14772,   131,   43000000,    9185534,        0,  -33814466,          0
 14772,   132,   43000000,   11624919,        0,  -31375081,          0
 14772,   133,   43000000,    8626803,        0,  -34373197,          0
 14772,   134,   43000000,    9575552,        0,  -33424448,          0
 14772,   135,   43000000,   10626352,        0,  -32373648,          0
 14772,   136,   43000000,    7517408,        0,  -35482592,          0
 14772,   137,   43000000,    9112502,        0,  -33887498,          0
 14772,   138,   43000000,    9558229,        0,  -33441771,          0
 14772,   139,   43000000,   10566708,        0,  -32433292,          0
 14772,   140,   43000000,    7532198,        0,  -35467802,          0
 14772,   141,   43000000,    8588136,        0,  -34411864,          0
 14772,   142,   43000000,   11661227,        0,  -31338773,          0
 14772,   143,   43000000,    8529226,        0,  -34470774,          0
 14772,   144,   43000000,    7542447,        0,  -35457553,          0
 14772,   145,   43000000,   10349484,        0,  -32650516,          0
 14772,   146,   43000000,   11670642,        0,  -31329358,          0
 14772,   147,   43000000,   10592739,        0,  -32407261,          0
 14772,   148,   43000000,    7583705,        0,  -35416295,          0
 14772,   149,   43000000,    8757017,        0,  -34242983,          0
 14772,   150,   43000000,    9601188,        0,  -33398812,          0
 14772,   151,   43000000,   12875672,        0,  -30124328,          0
 14772,   152,   43000000,   11596532,        0,  -31403468,          0
 14772,   153,   43000000,    9316966,        0,  -33683034,          0
 14772,   154,   43000000,   11774096,        0,  -31225904,          0
 14772,   155,   43000000,    8550719,        0,  -34449281,          0
 14772,   156,   43000000,    9315560,        0,  -33684440,          0
 14772,   157,   43000000,   10874157,        0,  -32125843,          0
 14772,   158,   43000000,    9568755,        0,  -33431245,          0
 14772,   159,   43000000,    6555064,        0,  -36444936,          0
 14772,   160,   43000000,    7537525,        0,  -35462475,          0
 14772,   161,   43000000,    8542418,        0,  -34457582,          0
 14772,   162,   43000000,    9587234,        0,  -33412766,          0
 14772,   163,   43000000,    8563049,        0,  -34436951,          0
 14772,   164,   43000000,    9522271,        0,  -33477729,          0
 14772,   165,   43000000,    8581393,        0,  -34418607,          0
 14772,   166,   43000000,    9589189,        0,  -33410811,          0
 14772,   167,   43000000,    8599924,        0,  -34400076,          0
 14772,   168,   43000000,    9569546,        0,  -33430454,          0
 14772,   169,   43000000,   10775309,        0,  -32224691,          0
 14772,   170,   43000000,    9554833,        0,  -33445167,          0
 14772,   171,   43000000,   10612654,        0,  -32387346,          0
 14772,   172,   43000000,    7534746,        0,  -35465254,          0
 14772,   173,   43000000,    8908579,        0,  -34091421,          0
 14772,   174,   43000000,   11573983,        0,  -31426017,          0
 14772,   175,   43000000,    8576643,        0,  -34423357,          0
 14772,   176,   43000000,    7541162,        0,  -35458838,          0
 14772,   177,   43000000,    8596891,        0,  -34403109,          0
 14772,   178,   43000000,    9593634,        0,  -33406366,          0
 14772,   179,   43000000,    7810420,        0,  -35189580,          0
 14772,   180,   43000000,    8333299,        0,  -34666701,          0
 14772,   181,   43000000,    8585366,        0,  -34414634,          0
 14772,   182,   43000000,    9571370,        0,  -33428630,          0
 14772,   183,   43000000,    8668071,        0,  -34331929,          0
 14772,   184,   43000000,    9013317,        0,  -33986683,          0
 14772,   185,   43000000,   10576820,        0,  -32423180,          0
 14772,   186,   43000000,   11920379,        0,  -31079621,          0
 14772,   187,   43000000,    6597781,        0,  -36402219,          0
 14772,   188,   43000000,    7531682,        0,  -35468318,          0
 14772,   189,   43000000,    8571246,        0,  -34428754,          0
 14772,   190,   43000000,   11567022,        0,  -31432978,          0
 14772,   191,   43000000,    8527648,        0,  -34472352,          0
 14772,   192,   43000000,   11589428,        0,  -31410572,          0
 14772,   193,   43000000,    9480303,        0,  -33519697,          0
 14772,   194,   43000000,    9553627,        0,  -33446373,          0
 14772,   195,   43000000,    6632043,        0,  -36367957,          0
 14772,   196,   43000000,    9558146,        0,  -33441854,          0
 14772,   197,   43000000,    8549570,        0,  -34450430,          0
 14772,   198,   43000000,    9583324,        0,  -33416676,          0
 14772,   199,   43000000,    6586082,        0,  -36413918,          0
 14772,   200,   43000000,    7501261,        0,  -35498739,          0
 14772,   201,   43000000,    8586074,        0,  -34413926,          0
 14772,   202,   43000000,    9566675,        0,  -33433325,          0
 14772,   203,   43000000,    8601868,        0,  -34398132,          0
 14772,   204,   43000000,   13563755,        0,  -29436245,          0
 14772,   205,   43000000,    8513756,        0,  -34486244,          0
 14772,   206,   43000000,    9530723,        0,  -33469277,          0
 14772,   207,   43000000,   10583901,        0,  -32416099,          0
 14772,   208,   43000000,    7572409,        0,  -35427591,          0
 14772,   209,   43000000,   10552514,        0,  -32447486,          0
 14772,   210,   43000000,    9584586,        0,  -33415414,          0
 14772,   211,   43000000,    8584565,        0,  -34415435,          0
 14772,   212,   43000000,    7562223,        0,  -35437777,          0
 14772,   213,   43000000,   10635916,        0,  -32364084,          0
 14772,   214,   43000000,    9557540,        0,  -33442460,          0
 14772,   215,   43000000,    8658454,        0,  -34341546,          0
 14772,   216,   43000000,    7544973,        0,  -35455027,          0
 14772,   217,   43000000,   10598822,        0,  -32401178,          0
 14772,   218,   43000000,   11575535,        0,  -31424465,          0
 14772,   219,   43000000,    8653352,        0,  -34346648,          0
 14772,   220,   43000000,    7547858,        0,  -35452142,          0
 14772,   221,   43000000,    8565906,        0,  -34434094,          0
 14772,   222,   43000000,    9585781,        0,  -33414219,          0
 14772,   223,   43000000,    6582883,        0,  -36417117,          0
 14772,   224,   43000000,    7542977,        0,  -35457023,          0
 14772,   225,   43000000,   10697756,        0,  -32302244,          0
 14772,   226,   43000000,   11723569,        0,  -31276431,          0
 14772,   227,   43000000,   10594096,        0,  -32405904,          0
 14772,   228,   43000000,    9513477,        0,  -33486523,          0
 14772,   229,   43000000,    8535727,        0,  -34464273,          0
 14772,   230,   43000000,    9563931,        0,  -33436069,          0
 14772,   231,   43000000,    6549252,        0,  -36450748,          0
 14772,   232,   43000000,    9513100,        0,  -33486900,          0
 14772,   233,   43000000,   10659697,        0,  -32340303,          0
 14772,   234,   43000000,    9565516,        0,  -33434484,          0
 14772,   235,   43000000,    8599899,        0,  -34400101,          0
 14772,   236,   43000000,    7559343,        0,  -35440657,          0
# task NAME=myapp PID=14775 COST=14024000 PERIOD=77000000 CPU=0
 14775,     2,   77000000,       6197,        0,  -76993803,          0
 14775,     3,   77000000,     105359,        0,  -76894641,          0
 14775,     4,   77000000,   24981046,        0,  -52018954,          0
 14775,     5,   77000000,   24053054,        0,  -52946946,          0
 14775,     6,   77000000,   23257719,        0,  -53742281,          0
 14775,     7,   77000000,   21947084,        0,  -55052916,          0
 14775,     8,   77000000,   25044291,        0,  -51955709,          0
 14775,     9,   77000000,   24095316,        0,  -52904684,          0
 14775,    10,   77000000,   22939747,        0,  -54060253,          0
 14775,    11,   77000000,   22112545,        0,  -54887455,          0
 14775,    12,   77000000,   25012339,        0,  -51987661,          0
 14775,    13,   77000000,   24020284,        0,  -52979716,          0
 14775,    14,   77000000,   22902188,        0,  -54097812,          0
 14775,    15,   77000000,   22101712,        0,  -54898288,          0
 14775,    16,   77000000,   24985927,        0,  -52014073,          0
 14775,    17,   77000000,   24095758,        0,  -52904242,          0
 14775,    18,   77000000,   23058866,        0,  -53941134,          0
 14775,    19,   77000000,   26245614,        0,  -50754386,          0
 14775,    20,   77000000,   25032590,        0,  -51967410,          0
 14775,    21,   77000000,   23970322,        0,  -53029678,          0
 14775,    22,   77000000,   22997990,        0,  -54002010,          0
 14775,    23,   77000000,   22276904,        0,  -54723096,          0
 14775,    24,   77000000,   25072338,        0,  -51927662,          0
 14775,    25,   77000000,   24099897,        0,  -52900103,          0
 14775,    26,   77000000,   23043647,        0,  -53956353,          0
 14775,    27,   77000000,   26294738,        0,  -50705262,          0
 14775,    28,   77000000,   25055743,        0,  -51944257,          0
 14775,    29,   77000000,   24010978,        0,  -52989022,          0
 14775,    30,   77000000,   22985864,        0,  -54014136,          0
 14775,    31,   77000000,   22295257,        0,  -54704743,          0
 14775,    32,   77000000,   25304823,        0,  -51695177,          0
 14775,    33,   77000000,   24034239,        0,  -52965761,          0
 14775,    34,   77000000,   29079532,        0,  -47920468,          0
 14775,    35,   77000000,   26072276,        0,  -50927724,          0
 14775,    36,   77000000,   25101189,        0,  -51898811,          0
 14775,    37,   77000000,   24022435,        0,  -52977565,          0
 14775,    38,   77000000,   23055855,        0,  -53944145,          0
 14775,    39,   77000000,   21982732,        0,  -55017268,          0
 14775,    40,   77000000,   25257161,        0,  -51742839,          0
 14775,    41,   77000000,   24046732,        0,  -52953268,          0
 14775,    42,   77000000,   22951066,        0,  -54048934,          0
 14775,    43,   77000000,   25992207,        0,  -51007793,          0
 14775,    44,   77000000,   25131519,        0,  -51868481,          0
 14775,    45,   77000000,   23972786,        0,  -53027214,          0
 14775,    46,   77000000,   26070086,        0,  -50929914,          0
 14775,    47,   77000000,   22047272,        0,  -54952728,          0
 14775,    48,   77000000,   24995950,        0,  -52004050,          0
 14775,    49,   77000000,   24088022,        0,  -52911978,          0
 14775,    50,   77000000,   24976175,        0,  -52023825,          0
 14775,    51,   77000000,   22123049,        0,  -54876951,          0
 14775,    52,   77000000,   25047163,        0,  -51952837,          0
 14775,    53,   77000000,   24280565,        0,  -52719435,          0
 14775,    54,   77000000,   22969173,        0,  -54030827,          0
 14775,    55,   77000000,   26024344,        0,  -50975656,          0
 14775,    56,   77000000,   27626900,        0,  -49373100,          0
 14775,    57,   77000000,   24058418,        0,  -52941582,          0
 14775,    58,   77000000,   23043906,        0,  -53956094,          0
 14775,    59,   77000000,   22021549,        0,  -54978451,          0
 14775,    60,   77000000,   25369541,        0,  -51630459,          0
 14775,    61,   77000000,   25030190,        0,  -51969810,          0
 14775,    62,   77000000,   23027775,        0,  -53972225,          0
 14775,    63,   77000000,   26045636,        0,  -50954364,          0
 14775,    64,   77000000,   25592238,        0,  -51407762,          0
 14775,    65,   77000000,   24042176,        0,  -52957824,          0
 14775,    66,   77000000,   23272043,        0,  -53727957,          0
 14775,    67,   77000000,   22974115,        0,  -54025885,          0
 14775,    68,   77000000,   25039115,        0,  -51960885,          0
 14775,    69,   77000000,   23988424,        0,  -53011576,          0
 14775,    70,   77000000,   23004027,        0,  -53995973,          0
 14775,    71,   77000000,   22302693,        0,  -54697307,          0
 14775,    72,   77000000,   25073641,        0,  -51926359,          0
 14775,    73,   77000000,   24040771,        0,  -52959229,          0
 14775,    74,   77000000,   22967071,        0,  -54032929,          0
 14775,    75,   77000000,   22014929,        0,  -54985071,          0
 14775,    76,   77000000,   27030224,        0,  -49969776,          0
 14775,    77,   77000000,   23999202,        0,  -53000798,          0
 14775,    78,   77000000,   23042626,        0,  -53957374,          0
 14775,    79,   77000000,   21938884,        0,  -55061116,          0
 14775,    80,   77000000,   25030899,        0,  -51969101,          0
 14775,    81,   77000000,   25968564,        0,  -51031436,          0
 14775,    82,   77000000,   23042554,        0,  -53957446,          0
 14775,    83,   77000000,   22694777,        0,  -54305223,          0
 14775,    84,   77000000,   25366080,        0,  -51633920,          0
 14775,    85,   77000000,   24085811,        0,  -52914189,          0
 14775,    86,   77000000,   22974151,        0,  -54025849,          0
 14775,    87,   77000000,   26114759,        0,  -50885241,          0
 14775,    88,   77000000,   25022665,        0,  -51977335,          0
 14775,    89,   77000000,   24125650,        0,  -52874350,          0
 14775,    90,   77000000,   29026459,        0,  -47973541,          0
 14775,    91,   77000000,   22017753,        0,  -54982247,          0
 14775,    92,   77000000,   25346664,        0,  -51653336,          0
 14775,    93,   77000000,   24034815,        0,  -52965185,          0
 14775,    94,   77000000,   27024740,        0,  -49975260,          0
 14775,    95,   77000000,   21938088,        0,  -55061912,          0
 14775,    96,   77000000,   25040611,        0,  -51959389,          0
 14775,    97,   77000000,   24005153,        0,  -52994847,          0
 14775,    98,   77000000,   23155053,        0,  -53844947,          0
 14775,    99,   77000000,   22028229,        0,  -54971771,          0
 14775,   100,   77000000,   25045299,        0,  -51954701,          0
 14775,   101,   77000000,   24048625,        0,  -52951375,          0
 14775,   102,   77000000,   23469018,        0,  -53530982,          0
 14775,   103,   77000000,   21973363,        0,  -55026637,          0
 14775,   104,   77000000,   25029494,        0,  -51970506,          0
 14775,   105,   77000000,   24323488,        0,  -52676512,          0
 14775,   106,   77000000,   24417969,        0,  -52582031,          0
 14775,   107,   77000000,   21998127,        0,  -55001873,          0
 14775,   108,   77000000,   25002330,        0,  -51997670,          0
 14775,   109,   77000000,   24016501,        0,  -52983499,          0
 14775,   110,   77000000,   23311524,        0,  -53688476,          0
 14775,   111,   77000000,   26067030,        0,  -50932970,          0
 14775,   112,   77000000,   24990602,        0,  -52009398,          0
 14775,   113,   77000000,   23950659,        0,  -53049341,          0
 14775,   114,   77000000,   25052439,        0,  -51947561,          0
 14775,   115,   77000000,   22080363,        0,  -54919637,          0
 14775,   116,   77000000,   25043733,        0,  -51956267,          0
 14775,   117,   77000000,   24040508,        0,  -52959492,          0
 14775,   118,   77000000,   23180364,        0,  -53819636,          0
 14775,   119,   77000000,   21924707,        0,  -55075293,          0
 14775,   120,   77000000,   25016184,        0,  -51983816,          0
 14775,   121,   77000000,   24024620,        0,  -52975380,          0
 14775,   122,   77000000,   23049961,        0,  -53950039,          0
 14775,   123,   77000000,   22278705,        0,  -54721295,          0
 14775,   124,   77000000,   25026879,        0,  -51973121,          0
 14775,   125,   77000000,   24043677,        0,  -52956323,          0
 14775,   126,   77000000,   25090492,        0,  -51909508,          0
 14775,   127,   77000000,   21990083,        0,  -55009917,          0
 14775,   128,   77000000,   25028978,        0,  -51971022,          0
 14775,   129,   77000000,   24133072,        0,  -52866928,          0
 14775,   130,   77000000,   22979197,        0,  -54020803,          0
 14775,   131,   77000000,   22281193,        0,  -54718807,          0
 14775,   132,   77000000,   25072196,        0,  -51927804,          0
 14775,   133,   77000000,   23996054,        0,  -53003946,          0
# task NAME=myapp PID=14779 COST=11167000 PERIOD=40000000 CPU=0
 14779,     2,   40000000,       8632,        0,  -39991368,          0
 14779,     3,   40000000,     121307,        0,  -39878693,          0
 14779,     4,   40000000,   17282077,        0,  -22717923,          0
 14779,     5,   40000000,   17269145,        0,  -22730855,          0
 14779,     6,   40000000,   17438486,        0,  -22561514,          0
 14779,     7,   40000000,   17360915,        0,  -22639085,          0
 14779,     8,   40000000,   17236775,        0,  -22763225,          0
 14779,     9,   40000000,   17675856,        0,  -22324144,          0
 14779,    10,   40000000,   17340713,        0,  -22659287,          0
 14779,    11,   40000000,   17274208,        0,  -22725792,          0
 14779,    12,   40000000,   17534149,        0,  -22465851,          0
 14779,    13,   40000000,   17308435,        0,  -22691565,          0
 14779,    14,   40000000,   17311552,        0,  -22688448,          0
 14779,    15,   40000000,   17309176,        0,  -22690824,          0
 14779,    16,   40000000,   17356893,        0,  -22643107,          0
 14779,    17,   40000000,   19282060,        0,  -20717940,          0
 14779,    18,   40000000,   17346505,        0,  -22653495,          0
 14779,    19,   40000000,   17258269,        0,  -22741731,          0
 14779,    20,   40000000,   19322317,        0,  -20677683,          0
 14779,    21,   40000000,   17298404,        0,  -22701596,          0
 14779,    22,   40000000,   19279430,        0,  -20720570,          0
 14779,    23,   40000000,   17289024,        0,  -22710976,          0
 14779,    24,   40000000,   17240534,        0,  -22759466,          0
 14779,    25,   40000000,   17455991,        0,  -22544009,          0
 14779,    26,   40000000,   17267740,        0,  -22732260,          0
 14779,    27,   40000000,   17225407,        0,  -22774593,          0
 14779,    28,   40000000,   18202600,        0,  -21797400,          0
 14779,    29,   40000000,   17309186,        0,  -22690814,          0
 14779,    30,   40000000,   17277073,        0,  -22722927,          0
 14779,    31,   40000000,   17541278,        0,  -22458722,          0
 14779,    32,   40000000,   18242229,        0,  -21757771,          0
 14779,    33,   40000000,   17311997,        0,  -22688003,          0
 14779,    34,   40000000,   17235180,        0,  -22764820,          0
 14779,    35,   40000000,   17293582,        0,  -22706418,          0
 14779,    36,   40000000,   19855055,        0,  -20144945,          0
 14779,    37,   40000000,   17603744,        0,  -22396256,          0
 14779,    38,   40000000,   17237200,        0,  -22762800,          0
 14779,    39,   40000000,   17275455,        0,  -22724545,          0
 14779,    40,   40000000,   17308101,        0,  -22691899,          0
 14779,    41,   40000000,   17343679,        0,  -22656321,          0
 14779,    42,   40000000,   19277378,        0,  -20722622,          0
 14779,    43,   40000000,   17305335,        0,  -22694665,          0
 14779,    44,   40000000,   21350293,        0,  -18649707,          0
 14779,    45,   40000000,   19257488,        0,  -20742512,          0
 14779,    46,   40000000,   18311482,        0,  -21688518,          0
 14779,    47,   40000000,   17258654,        0,  -22741346,          0
 14779,    48,   40000000,   21372356,        0,  -18627644,          0
 14779,    49,   40000000,   17309358,        0,  -22690642,          0
 14779,    50,   40000000,   21320046,        0,  -18679954,          0
 14779,    51,   40000000,   17309991,        0,  -22690009,          0
 14779,    52,   40000000,   17227802,        0,  -22772198,          0
 14779,    53,   40000000,   17290551,        0,  -22709449,          0
 14779,    54,   40000000,   21359721,        0,  -18640279,          0
 14779,    55,   40000000,   17326430,        0,  -22673570,          0
 14779,    56,   40000000,   21595446,        0,  -18404554,          0
 14779,    57,   40000000,   17270961,        0,  -22729039,          0
 14779,    58,   40000000,   17251566,        0,  -22748434,          0
 14779,    59,   40000000,   17525290,        0,  -22474710,          0
 14779,    60,   40000000,   17320398,        0,  -22679602,          0
 14779,    61,   40000000,   23869286,        0,  -16130714,          0
 14779,    62,   40000000,   17554672,        0,  -22445328,          0
 14779,    63,   40000000,   19244486,        0,  -20755514,          0
 14779,    64,   40000000,   17276406,        0,  -22723594,          0
 14779,    65,   40000000,   19547413,        0,  -20452587,          0
 14779,    66,   40000000,   17310931,        0,  -22689069,          0
 14779,    67,   40000000,   17347121,        0,  -22652879,          0
 14779,    68,   40000000,   17354396,        0,  -22645604,          0
 14779,    69,   40000000,   17363696,        0,  -22636304,          0
 14779,    70,   40000000,   17287967,        0,  -22712033,          0
 14779,    71,   40000000,   17360399,        0,  -22639601,          0
 14779,    72,   40000000,   17300135,        0,  -22699865,          0
 14779,    73,   40000000,   17338268,        0,  -22661732,          0
 14779,    74,   40000000,   17268669,        0,  -22731331,          0
 14779,    75,   40000000,   17328119,        0,  -22671881,          0
 14779,    76,   40000000,   17299586,        0,  -22700414,          0
 14779,    77,   40000000,   17309794,        0,  -22690206,          0
 14779,    78,   40000000,   17258882,        0,  -22741118,          0
 14779,    79,   40000000,   18532840,        0,  -21467160,          0
 14779,    80,   40000000,   21312864,        0,  -18687136,          0
 14779,    81,   40000000,   17494757,        0,  -22505243,          0
 14779,    82,   40000000,   21315627,        0,  -18684373,          0
 14779,    83,   40000000,   21365696,        0,  -18634304,          0
 14779,    84,   40000000,   21596143,        0,  -18403857,          0
 14779,    85,   40000000,   19330283,        0,  -20669717,          0
 14779,    86,   40000000,   18268213,        0,  -21731787,          0
 14779,    87,   40000000,   21617709,        0,  -18382291,          0
 14779,    88,   40000000,   21301551,        0,  -18698449,          0
 14779,    89,   40000000,   17335462,        0,  -22664538,          0
 14779,    90,   40000000,   21309614,        0,  -18690386,          0
 14779,    91,   40000000,   17263428,        0,  -22736572,          0
 14779,    92,   40000000,   19239190,        0,  -20760810,          0
 14779,    93,   40000000,   17277370,        0,  -22722630,          0
 14779,    94,   40000000,   19323195,        0,  -20676805,          0
 14779,    95,   40000000,   17567809,        0,  -22432191,          0
 14779,    96,   40000000,   17224940,        0,  -22775060,          0
 14779,    97,   40000000,   17329932,        0,  -22670068,          0
 14779,    98,   40000000,   18296041,        0,  -21703959,          0
 14779,    99,   40000000,   17255488,        0,  -22744512,          0
 14779,   100,   40000000,   23312252,        0,  -16687748,          0
 14779,   101,   40000000,   21321223,        0,  -18678777,          0
 14779,   102,   40000000,   17203902,        0,  -22796098,          0
 14779,   103,   40000000,   17240537,        0,  -22759463,          0
 14779,   104,   40000000,   17289934,        0,  -22710066,          0
 14779,   105,   40000000,   17328042,        0,  -22671958,          0
 14779,   106,   40000000,   17464551,        0,  -22535449,          0
 14779,   107,   40000000,   17229839,        0,  -22770161,          0
 14779,   108,   40000000,   17297212,        0,  -22702788,          0
 14779,   109,   40000000,   17676470,        0,  -22323530,          0
 14779,   110,   40000000,   17339272,        0,  -22660728,          0
 14779,   111,   40000000,   18552838,        0,  -21447162,          0
 14779,   112,   40000000,   17557741,        0,  -22442259,          0
 14779,   113,   40000000,   17228749,        0,  -22771251,          0
 14779,   114,   40000000,   17299930,        0,  -22700070,          0
 14779,   115,   40000000,   17292629,        0,  -22707371,          0
 14779,   116,   40000000,   17281409,        0,  -22718591,          0
 14779,   117,   40000000,   17254070,        0,  -22745930,          0
 14779,   118,   40000000,   18017237,        0,  -21982763,          0
 14779,   119,   40000000,   21285503,        0,  -18714497,          0
 14779,   120,   40000000,   17287611,        0,  -22712389,          0
 14779,   121,   40000000,   19216136,        0,  -20783864,          0
 14779,   122,   40000000,   17280276,        0,  -22719724,          0
 14779,   123,   40000000,   17240565,        0,  -22759435,          0
 14779,   124,   40000000,   17282110,        0,  -22717890,          0
 14779,   125,   40000000,   17276554,        0,  -22723446,          0
 14779,   126,   40000000,   18513696,        0,  -21486304,          0
 14779,   127,   40000000,   17308530,        0,  -22691470,          0
 14779,   128,   40000000,   17272263,        0,  -22727737,          0
 14779,   129,   40000000,   17299138,        0,  -22700862,          0
 14779,   130,   40000000,   17432881,        0,  -22567119,          0
 14779,   131,   40000000,   17336623,        0,  -22663377,          0
 14779,   132,   40000000,   17242115,        0,  -22757885,          0
 14779,   133,   40000000,   17780389,        0,  -22219611,          0
 14779,   134,   40000000,   19511945,        0,  -20488055,          0
 14779,   135,   40000000,   19388008,        0,  -20611992,          0
 14779,   136,   40000000,   17310249,        0,  -22689751,          0
 14779,   137,   40000000,   17548897,        0,  -22451103,          0
 14779,   138,   40000000,   17284844,        0,  -22715156,          0
 14779,   139,   40000000,   19296868,        0,  -20703132,          0
 14779,   140,   40000000,   17283836,        0,  -22716164,          0
 14779,   141,   40000000,   17373526,        0,  -22626474,          0
 14779,   142,   40000000,   21335207,        0,  -18664793,          0
 14779,   143,   40000000,   21442787,        0,  -18557213,          0
 14779,   144,   40000000,   21376124,        0,  -18623876,          0
 14779,   145,   40000000,   17317871,        0,  -22682129,          0
 14779,   146,   40000000,   17276011,        0,  -22723989,          0
 14779,   147,   40000000,   17289509,        0,  -22710491,          0
 14779,   148,   40000000,   17271307,        0,  -22728693,          0
 14779,   149,   40000000,   17258945,        0,  -22741055,          0
 14779,   150,   40000000,   17234858,        0,  -22765142,          0
 14779,   151,   40000000,   17327153,        0,  -22672847,          0
 14779,   152,   40000000,   17298663,        0,  -22701337,          0
 14779,   153,   40000000,   17231737,        0,  -22768263,          0
 14779,   154,   40000000,   17341590,        0,  -22658410,          0
 14779,   155,   40000000,   18249015,        0,  -21750985,          0
 14779,   156,   40000000,   17403090,        0,  -22596910,          0
 14779,   157,   40000000,   19260506,        0,  -20739494,          0
 14779,   158,   40000000,   17288047,        0,  -22711953,          0
 14779,   159,   40000000,   17546552,        0,  -22453448,          0
 14779,   160,   40000000,   17234008,        0,  -22765992,          0
 14779,   161,   40000000,   17285084,        0,  -22714916,          0
 14779,   162,   40000000,   17562811,        0,  -22437189,          0
 14779,   163,   40000000,   17304822,        0,  -22695178,          0
 14779,   164,   40000000,   17353038,        0,  -22646962,          0
 14779,   165,   40000000,   21277483,        0,  -18722517,          0
 14779,   166,   40000000,   19253135,        0,  -20746865,          0
 14779,   167,   40000000,   21329765,        0,  -18670235,          0
 14779,   168,   40000000,   17378920,        0,  -22621080,          0
 14779,   169,   40000000,   21336191,        0,  -18663809,          0
 14779,   170,   40000000,   17395284,        0,  -22604716,          0
 14779,   171,   40000000,   23384149,        0,  -16615851,          0
 14779,   172,   40000000,   19287900,        0,  -20712100,          0
 14779,   173,   40000000,   17275638,        0,  -22724362,          0
 14779,   174,   40000000,   17271235,        0,  -22728765,          0
 14779,   175,   40000000,   17286455,        0,  -22713545,          0
 14779,   176,   40000000,   18471377,        0,  -21528623,          0
 14779,   177,   40000000,   17257407,        0,  -22742593,          0
 14779,   178,   40000000,   19265097,        0,  -20734903,          0
 14779,   179,   40000000,   17369191,        0,  -22630809,          0
 14779,   180,   40000000,   17260628,        0,  -22739372,          0
 14779,   181,   40000000,   17463540,        0,  -22536460,          0
 14779,   182,   40000000,   17352796,        0,  -22647204,          0
 14779,   183,   40000000,   19203855,        0,  -20796145,          0
 14779,   184,   40000000,   17383819,        0,  -22616181,          0
 14779,   185,   40000000,   21351257,        0,  -18648743,          0
 14779,   186,   40000000,   18290035,        0,  -21709965,          0
 14779,   187,   40000000,   17568612,        0,  -22431388,          0
 14779,   188,   40000000,   17283410,        0,  -22716590,          0
 14779,   189,   40000000,   17330390,        0,  -22669610,          0
 14779,   190,   40000000,   17246616,        0,  -22753384,          0
 14779,   191,   40000000,   17263929,        0,  -22736071,          0
 14779,   192,   40000000,   17299274,        0,  -22700726,          0
 14779,   193,   40000000,   17385556,        0,  -22614444,          0
 14779,   194,   40000000,   17379615,        0,  -22620385,          0
 14779,   195,   40000000,   17353308,        0,  -22646692,          0
 14779,   196,   40000000,   17463963,        0,  -22536037,          0
 14779,   197,   40000000,   17269826,        0,  -22730174,          0
 14779,   198,   40000000,   17271646,        0,  -22728354,          0
 14779,   199,   40000000,   21337300,        0,  -18662700,          0
 14779,   200,   40000000,   21301813,        0,  -18698187,          0
 14779,   201,   40000000,   21274208,        0,  -18725792,          0
 14779,   202,   40000000,   21359780,        0,  -18640220,          0
 14779,   203,   40000000,   18668433,        0,  -21331567,          0
 14779,   204,   40000000,   19272259,        0,  -20727741,          0
 14779,   205,   40000000,   17285981,        0,  -22714019,          0
 14779,   206,   40000000,   21690015,        0,  -18309985,          0
 14779,   207,   40000000,   19411118,        0,  -20588882,          0
 14779,   208,   40000000,   17327523,        0,  -22672477,          0
 14779,   209,   40000000,   17544498,        0,  -22455502,          0
 14779,   210,   40000000,   17353330,        0,  -22646670,          0
 14779,   211,   40000000,   18288976,        0,  -21711024,          0
 14779,   212,   40000000,   17666036,        0,  -22333964,          0
 14779,   213,   40000000,   21267878,        0,  -18732122,          0
 14779,   214,   40000000,   17303640,        0,  -22696360,          0
 14779,   215,   40000000,   20281905,        0,  -19718095,          0
 14779,   216,   40000000,   21333357,        0,  -18666643,          0
 14779,   217,   40000000,   23278838,        0,  -16721162,          0
 14779,   218,   40000000,   17379505,        0,  -22620495,          0
 14779,   219,   40000000,   17310999,        0,  -22689001,          0
 14779,   220,   40000000,   17235852,        0,  -22764148,          0
 14779,   221,   40000000,   17304294,        0,  -22695706,          0
 14779,   222,   40000000,   17270493,        0,  -22729507,          0
 14779,   223,   40000000,   17292507,        0,  -22707493,          0
 14779,   224,   40000000,   17168071,        0,  -22831929,          0
 14779,   225,   40000000,   17282745,        0,  -22717255,          0
 14779,   226,   40000000,   17246503,        0,  -22753497,          0
 14779,   227,   40000000,   19331320,        0,  -20668680,          0
 14779,   228,   40000000,   17361706,        0,  -22638294,          0
 14779,   229,   40000000,   17343344,        0,  -22656656,          0
 14779,   230,   40000000,   17330986,        0,  -22669014,          0
 14779,   231,   40000000,   21567516,        0,  -18432484,          0
 14779,   232,   40000000,   17279016,        0,  -22720984,          0
 14779,   233,   40000000,   17247981,        0,  -22752019,          0
 14779,   234,   40000000,   17541620,        0,  -22458380,          0
 14779,   235,   40000000,   19348804,        0,  -20651196,          0
 14779,   236,   40000000,   18308574,        0,  -21691426,          0
 14779,   237,   40000000,   17604254,        0,  -22395746,          0
 14779,   238,   40000000,   17267738,        0,  -22732262,          0
 14779,   239,   40000000,   17338376,        0,  -22661624,          0
 14779,   240,   40000000,   17268963,        0,  -22731037,          0
 14779,   241,   40000000,   17345238,        0,  -22654762,          0
 14779,   242,   40000000,   17327098,        0,  -22672902,          0
 14779,   243,   40000000,   19405420,        0,  -20594580,          0
 14779,   244,   40000000,   17321189,        0,  -22678811,          0
 14779,   245,   40000000,   17265594,        0,  -22734406,          0
 14779,   246,   40000000,   17284439,        0,  -22715561,          0
 14779,   247,   40000000,   17247162,        0,  -22752838,          0
 14779,   248,   40000000,   17276351,        0,  -22723649,          0
 14779,   249,   40000000,   17233508,        0,  -22766492,          0
 14779,   250,   40000000,   17306227,        0,  -22693773,          0
 14779,   251,   40000000,   17304212,        0,  -22695788,          0
 14779,   252,   40000000,   17244590,        0,  -22755410,          0
 14779,   253,   40000000,   17294400,        0,  -22705600,          0
 14779,   254,   40000000,   18430768,        0,  -21569232,          0
# task NAME=myapp PID=14784 COST=24727000 PERIOD=92000000 CPU=0
 14784,     2,   92000000,       8653,        0,  -91991347,          0
 14784,     3,   92000000,     109707,        0,  -91890293,          0
 14784,     4,   92000000,   42151028,        0,  -49848972,          0
 14784,     5,   92000000,   42254708,        0,  -49745292,          0
 14784,     6,   92000000,   42738276,        0,  -49261724,          0
 14784,     7,   92000000,   42185770,        0,  -49814230,          0
 14784,     8,   92000000,   42278025,        0,  -49721975,          0
 14784,     9,   92000000,   42234326,        0,  -49765674,          0
 14784,    10,   92000000,   42239920,        0,  -49760080,          0
 14784,    11,   92000000,   42503429,        0,  -49496571,          0
 14784,    12,   92000000,   42133776,        0,  -49866224,          0
 14784,    13,   92000000,   42187307,        0,  -49812693,          0
 14784,    14,   92000000,   46232782,        0,  -45767218,          0
 14784,    15,   92000000,   45491325,        0,  -46508675,          0
 14784,    16,   92000000,   42286547,        0,  -49713453,          0
 14784,    17,   92000000,   42306457,        0,  -49693543,          0
 14784,    18,   92000000,   42182698,        0,  -49817302,          0
 14784,    19,   92000000,   42192879,        0,  -49807121,          0
 14784,    20,   92000000,   42218399,        0,  -49781601,          0
 14784,    21,   92000000,   46338679,        0,  -45661321,          0
 14784,    22,   92000000,   44243531,        0,  -47756469,          0
 14784,    23,   92000000,   42626644,        0,  -49373356,          0
 14784,    24,   92000000,   48228247,        0,  -43771753,          0
 14784,    25,   92000000,   47629388,        0,  -44370612,          0
 14784,    26,   92000000,   46348715,        0,  -45651285,          0
 14784,    27,   92000000,   42457169,        0,  -49542831,          0
 14784,    28,   92000000,   42125754,        0,  -49874246,          0
 14784,    29,   92000000,   42173368,        0,  -49826632,          0
 14784,    30,   92000000,   42209999,        0,  -49790001,          0
 14784,    31,   92000000,   42217005,        0,  -49782995,          0
 14784,    32,   92000000,   42188382,        0,  -49811618,          0
 14784,    33,   92000000,   42110225,        0,  -49889775,          0
 14784,    34,   92000000,   42467341,        0,  -49532659,          0
 14784,    35,   92000000,   42320037,        0,  -49679963,          0
 14784,    36,   92000000,   46281751,        0,  -45718249,          0
 14784,    37,   92000000,   46269579,        0,  -45730421,          0
 14784,    38,   92000000,   42549658,        0,  -49450342,          0
 14784,    39,   92000000,   42181639,        0,  -49818361,          0
 14784,    40,   92000000,   46252404,        0,  -45747596,          0
 14784,    41,   92000000,   46529296,        0,  -45470704,          0
 14784,    42,   92000000,   45233399,        0,  -46766601,          0
 14784,    43,   92000000,   42279386,        0,  -49720614,          0
 14784,    44,   92000000,   42275699,        0,  -49724301,          0
 14784,    45,   92000000,   42560210,        0,  -49439790,          0
 14784,    46,   92000000,   42212890,        0,  -49787110,          0
 14784,    47,   92000000,   42355932,        0,  -49644068,          0
 14784,    48,   92000000,   42190170,        0,  -49809830,          0
 14784,    49,   92000000,   42501192,        0,  -49498808,          0
 14784,    50,   92000000,   42237204,        0,  -49762796,          0
 14784,    51,   92000000,   42290123,        0,  -49709877,          0
 14784,    52,   92000000,   42253198,        0,  -49746802,          0
 14784,    53,   92000000,   42258881,        0,  -49741119,          0
 14784,    54,   92000000,   46235145,        0,  -45764855,          0
 14784,    55,   92000000,   46302236,        0,  -45697764,          0
 14784,    56,   92000000,   42334685,        0,  -49665315,          0
 14784,    57,   92000000,   42262300,        0,  -49737700,          0
 14784,    58,   92000000,   42248974,        0,  -49751026,          0
 14784,    59,   92000000,   42353398,        0,  -49646602,          0
 14784,    60,   92000000,   42201305,        0,  -49798695,          0
 14784,    61,   92000000,   42514659,        0,  -49485341,          0
 14784,    62,   92000000,   42229636,        0,  -49770364,          0
 14784,    63,   92000000,   42328895,        0,  -49671105,          0
 14784,    64,   92000000,   42459772,        0,  -49540228,          0
 14784,    65,   92000000,   42269581,        0,  -49730419,          0
 14784,    66,   92000000,   42301524,        0,  -49698476,          0
 14784,    67,   92000000,   42216449,        0,  -49783551,          0
 14784,    68,   92000000,   46241523,        0,  -45758477,          0
 14784,    69,   92000000,   42288745,        0,  -49711255,          0
 14784,    70,   92000000,   42132897,        0,  -49867103,          0
 14784,    71,   92000000,   46259955,        0,  -45740045,          0
 14784,    72,   92000000,   42527623,        0,  -49472377,          0
 14784,    73,   92000000,   42899225,        0,  -49100775,          0
 14784,    74,   92000000,   42121241,        0,  -49878759,          0
 14784,    75,   92000000,   42236323,        0,  -49763677,          0
 14784,    76,   92000000,   42489503,        0,  -49510497,          0
 14784,    77,   92000000,   42233412,        0,  -49766588,          0
 14784,    78,   92000000,   42173782,        0,  -49826218,          0
 14784,    79,   92000000,   42461095,        0,  -49538905,          0
 14784,    80,   92000000,   42244372,        0,  -49755628,          0
 14784,    81,   92000000,   42226627,        0,  -49773373,          0
 14784,    82,   92000000,   42217781,        0,  -49782219,          0
 14784,    83,   92000000,   42581180,        0,  -49418820,          0
 14784,    84,   92000000,   44118441,        0,  -47881559,          0
 14784,    85,   92000000,   42310237,        0,  -49689763,          0
 14784,    86,   92000000,   42190291,        0,  -49809709,          0
 14784,    87,   92000000,   42414237,        0,  -49585763,          0
 14784,    88,   92000000,   42209794,        0,  -49790206,          0
 14784,    89,   92000000,   42192069,        0,  -49807931,          0
 14784,    90,   92000000,   42193531,        0,  -49806469,          0
 14784,    91,   92000000,   42216371,        0,  -49783629,          0
 14784,    92,   92000000,   42241103,        0,  -49758897,          0
 14784,    93,   92000000,   42241102,        0,  -49758898,          0
 14784,    94,   92000000,   44330576,        0,  -47669424,          0
 14784,    95,   92000000,   42263492,        0,  -49736508,          0
 14784,    96,   92000000,   42156025,        0,  -49843975,          0
 14784,    97,   92000000,   42135784,        0,  -49864216,          0
 14784,    98,   92000000,   45487619,        0,  -46512381,          0
 14784,    99,   92000000,   42462662,        0,  -49537338,          0
 14784,   100,   92000000,   42208766,        0,  -49791234,          0
 14784,   101,   92000000,   42203292,        0,  -49796708,          0
 14784,   102,   92000000,   42231340,        0,  -49768660,          0
 14784,   103,   92000000,   42243019,        0,  -49756981,          0
 14784,   104,   92000000,   46179848,        0,  -45820152,          0
 14784,   105,   92000000,   42221886,        0,  -49778114,          0
 14784,   106,   92000000,   42165799,        0,  -49834201,          0
 14784,   107,   92000000,   46339532,        0,  -45660468,          0
 14784,   108,   92000000,   42193348,        0,  -49806652,          0
 14784,   109,   92000000,   42215311,        0,  -49784689,          0
 14784,   110,   92000000,   42456836,        0,  -49543164,          0
 14784,   111,   92000000,   42838648,        0,  -49161352,          0
 14784,   112,   92000000,   44135240,        0,  -47864760,          0
# task NAME=myapp PID=14788 COST=11273000 PERIOD=38000000 CPU=0
 14788,     2,   38000000,       8986,        0,  -37991014,          0
 14788,     3,   38000000,     113348,        0,  -37886652,          0
 14788,     4,   38000000,   19408454,        0,  -18591546,          0
 14788,     5,   38000000,   19344659,        0,  -18655341,          0
 14788,     6,   38000000,   19416192,        0,  -18583808,          0
 14788,     7,   38000000,   17380822,        0,  -20619178,          0
 14788,     8,   38000000,   19404251,        0,  -18595749,          0
 14788,     9,   38000000,   17317411,        0,  -20682589,          0
 14788,    10,   38000000,   19487567,        0,  -18512433,          0
 14788,    11,   38000000,   17347190,        0,  -20652810,          0
 14788,    12,   38000000,   19489938,        0,  -18510062,          0
 14788,    13,   38000000,   17389790,        0,  -20610210,          0
 14788,    14,   38000000,   19459934,        0,  -18540066,          0
 14788,    15,   38000000,   19395234,        0,  -18604766,          0
 14788,    16,   38000000,   19713105,        0,  -18286895,          0
 14788,    17,   38000000,   17360646,        0,  -20639354,          0
 14788,    18,   38000000,   19356484,        0,  -18643516,          0
 14788,    19,   38000000,   17363813,        0,  -20636187,          0
 14788,    20,   38000000,   21344889,        0,  -16655111,          0
 14788,    21,   38000000,   17387989,        0,  -20612011,          0
 14788,    22,   38000000,   19431881,        0,  -18568119,          0
 14788,    23,   38000000,   17353923,        0,  -20646077,          0
 14788,    24,   38000000,   19438358,        0,  -18561642,          0
 14788,    25,   38000000,   21390437,        0,  -16609563,          0
 14788,    26,   38000000,   19495502,        0,  -18504498,          0
 14788,    27,   38000000,   19393854,        0,  -18606146,          0
 14788,    28,   38000000,   19426383,        0,  -18573617,          0
 14788,    29,   38000000,   17442875,        0,  -20557125,          0
 14788,    30,   38000000,   19350645,        0,  -18649355,          0
 14788,    31,   38000000,   17402053,        0,  -20597947,          0
 14788,    32,   38000000,   19434185,        0,  -18565815,          0
 14788,    33,   38000000,   17380393,        0,  -20619607,          0
 14788,    34,   38000000,   19460614,        0,  -18539386,          0
 14788,    35,   38000000,   17367559,        0,  -20632441,          0
 14788,    36,   38000000,   19532780,        0,  -18467220,          0
 14788,    37,   38000000,   17433128,        0,  -20566872,          0
 14788,    38,   38000000,   19390885,        0,  -18609115,          0
 14788,    39,   38000000,   19579807,        0,  -18420193,          0
 14788,    40,   38000000,   19452015,        0,  -18547985,          0
 14788,    41,   38000000,   17375294,        0,  -20624706,          0
 14788,    42,   38000000,   19428870,        0,  -18571130,          0
 14788,    43,   38000000,   17403074,        0,  -20596926,          0
 14788,    44,   38000000,   21371536,        0,  -16628464,          0
 14788,    45,   38000000,   17356988,        0,  -20643012,          0
 14788,    46,   38000000,   19419407,        0,  -18580593,          0
 14788,    47,   38000000,   18733172,        0,  -19266828,          0
 14788,    48,   38000000,   19396494,        0,  -18603506,          0
 14788,    49,   38000000,   17439418,        0,  -20560582,          0
 14788,    50,   38000000,   19581897,        0,  -18418103,          0
 14788,    51,   38000000,   17994428,        0,  -20005572,          0
 14788,    52,   38000000,   19767718,        0,  -18232282,          0
 14788,    53,   38000000,   17350476,        0,  -20649524,          0
 14788,    54,   38000000,   19429167,        0,  -18570833,          0
 14788,    55,   38000000,   21428253,        0,  -16571747,          0
 14788,    56,   38000000,   19380848,        0,  -18619152,          0
 14788,    57,   38000000,   17354537,        0,  -20645463,          0
 14788,    58,   38000000,   19392437,        0,  -18607563,          0
 14788,    59,   38000000,   21378724,        0,  -16621276,          0
 14788,    60,   38000000,   19794134,        0,  -18205866,          0
 14788,    61,   38000000,   17405478,        0,  -20594522,          0
 14788,    62,   38000000,   19668458,        0,  -18331542,          0
 14788,    63,   38000000,   18169830,        0,  -19830170,          0
 14788,    64,   38000000,   19284968,        0,  -18715032,          0
 14788,    65,   38000000,   17439215,        0,  -20560785,          0
 14788,    66,   38000000,   19347192,        0,  -18652808,          0
 14788,    67,   38000000,   17437683,        0,  -20562317,          0
 14788,    68,   38000000,   20861410,        0,  -17138590,          0
 14788,    69,   38000000,   17351083,        0,  -20648917,          0
 14788,    70,   38000000,   19425285,        0,  -18574715,          0
 14788,    71,   38000000,   17348861,        0,  -20651139,          0
 14788,    72,   38000000,   19635237,        0,  -18364763,          0
 14788,    73,   38000000,   19391013,        0,  -18608987,          0
 14788,    74,   38000000,   19389875,        0,  -18610125,          0
 14788,    75,   38000000,   17416145,        0,  -20583855,          0
 14788,    76,   38000000,   19444252,        0,  -18555748,          0
 14788,    77,   38000000,   17411161,        0,  -20588839,          0
 14788,    78,   38000000,   19395870,        0,  -18604130,          0
 14788,    79,   38000000,   17414956,        0,  -20585044,          0
 14788,    80,   38000000,   21233337,        0,  -16766663,          0
 14788,    81,   38000000,   17372020,        0,  -20627980,          0
 14788,    82,   38000000,   19359754,        0,  -18640246,          0
 14788,    83,   38000000,   17491628,        0,  -20508372,          0
 14788,    84,   38000000,   19409286,        0,  -18590714,          0
 14788,    85,   38000000,   17378270,        0,  -20621730,          0
 14788,    86,   38000000,   19447378,        0,  -18552622,          0
 14788,    87,   38000000,   17404114,        0,  -20595886,          0
 14788,    88,   38000000,   19671865,        0,  -18328135,          0
 14788,    89,   38000000,   17406838,        0,  -20593162,          0
 14788,    90,   38000000,   19829071,        0,  -18170929,          0
 14788,    91,   38000000,   17388823,        0,  -20611177,          0
 14788,    92,   38000000,   19519079,        0,  -18480921,          0
 14788,    93,   38000000,   21493275,        0,  -16506725,          0
 14788,    94,   38000000,   19454264,        0,  -18545736,          0
 14788,    95,   38000000,   17512473,        0,  -20487527,          0
 14788,    96,   38000000,   20525054,        0,  -17474946,          0
 14788,    97,   38000000,   18563927,        0,  -19436073,          0
 14788,    98,   38000000,   21678524,        0,  -16321476,          0
 14788,    99,   38000000,   17415347,        0,  -20584653,          0
 14788,   100,   38000000,   19391238,        0,  -18608762,          0
 14788,   101,   38000000,   19371422,        0,  -18628578,          0
 14788,   102,   38000000,   19450609,        0,  -18549391,          0
 14788,   103,   38000000,   19143333,        0,  -18856667,          0
 14788,   104,   38000000,   19444596,        0,  -18555404,          0
 14788,   105,   38000000,   21396421,        0,  -16603579,          0
 14788,   106,   38000000,   19373174,        0,  -18626826,          0
 14788,   107,   38000000,   17356458,        0,  -20643542,          0
 14788,   108,   38000000,   19620717,        0,  -18379283,          0
 14788,   109,   38000000,   17423576,        0,  -20576424,          0
 14788,   110,   38000000,   19359868,        0,  -18640132,          0
 14788,   111,   38000000,   19347913,        0,  -18652087,          0
 14788,   112,   38000000,   19422667,        0,  -18577333,          0
 14788,   113,   38000000,   17403346,        0,  -20596654,          0
 14788,   114,   38000000,   19417761,        0,  -18582239,          0
 14788,   115,   38000000,   17436390,        0,  -20563610,          0
 14788,   116,   38000000,   19435047,        0,  -18564953,          0
 14788,   117,   38000000,   17343435,        0,  -20656565,          0
 14788,   118,   38000000,   19513147,        0,  -18486853,          0
 14788,   119,   38000000,   17353337,        0,  -20646663,          0
 14788,   120,   38000000,   19414480,        0,  -18585520,          0
 14788,   121,   38000000,   17367131,        0,  -20632869,          0
 14788,   122,   38000000,   19432310,        0,  -18567690,          0
 14788,   123,   38000000,   17416846,        0,  -20583154,          0
 14788,   124,   38000000,   19364803,        0,  -18635197,          0
 14788,   125,   38000000,   19398870,        0,  -18601130,          0
 14788,   126,   38000000,   19401086,        0,  -18598914,          0
 14788,   127,   38000000,   20926366,        0,  -17073634,          0
 14788,   128,   38000000,   19474665,        0,  -18525335,          0
 14788,   129,   38000000,   19402306,        0,  -18597694,          0
 14788,   130,   38000000,   19395177,        0,  -18604823,          0
 14788,   131,   38000000,   17628684,        0,  -20371316,          0
 14788,   132,   38000000,   19325272,        0,  -18674728,          0
 14788,   133,   38000000,   17416255,        0,  -20583745,          0
 14788,   134,   38000000,   19457912,        0,  -18542088,          0
 14788,   135,   38000000,   19494383,        0,  -18505617,          0
 14788,   136,   38000000,   19440206,        0,  -18559794,          0
 14788,   137,   38000000,   17418701,        0,  -20581299,          0
 14788,   138,   38000000,   19434889,        0,  -18565111,          0
 14788,   139,   38000000,   17400086,        0,  -20599914,          0
 14788,   140,   38000000,   19382149,        0,  -18617851,          0
 14788,   141,   38000000,   17348140,        0,  -20651860,          0
 14788,   142,   38000000,   19417985,        0,  -18582015,          0
 14788,   143,   38000000,   17371573,        0,  -20628427,          0
 14788,   144,   38000000,   20550477,        0,  -17449523,          0
 14788,   145,   38000000,   18467970,        0,  -19532030,          0
 14788,   146,   38000000,   19414807,        0,  -18585193,          0
 14788,   147,   38000000,   17314727,        0,  -20685273,          0
 14788,   148,   38000000,   19486460,        0,  -18513540,          0
 14788,   149,   38000000,   17422488,        0,  -20577512,          0
 14788,   150,   38000000,   19455586,        0,  -18544414,          0
 14788,   151,   38000000,   19404096,        0,  -18595904,          0
 14788,   152,   38000000,   19388757,        0,  -18611243,          0
 14788,   153,   38000000,   17413967,        0,  -20586033,          0
 14788,   154,   38000000,   19778156,        0,  -18221844,          0
 14788,   155,   38000000,   17440805,        0,  -20559195,          0
 14788,   156,   38000000,   19478851,        0,  -18521149,          0
 14788,   157,   38000000,   17445821,        0,  -20554179,          0
 14788,   158,   38000000,   19371948,        0,  -18628052,          0
 14788,   159,   38000000,   17384318,        0,  -20615682,          0
 14788,   160,   38000000,   19447807,        0,  -18552193,          0
 14788,   161,   38000000,   19395620,        0,  -18604380,          0
 14788,   162,   38000000,   19598099,        0,  -18401901,          0
 14788,   163,   38000000,   19373560,        0,  -18626440,          0
 14788,   164,   38000000,   19491092,        0,  -18508908,          0
 14788,   165,   38000000,   21421135,        0,  -16578865,          0
 14788,   166,   38000000,   19418833,        0,  -18581167,          0
 14788,   167,   38000000,   17675120,        0,  -20324880,          0
 14788,   168,   38000000,   19434376,        0,  -18565624,          0
 14788,   169,   38000000,   17366491,        0,  -20633509,          0
 14788,   170,   38000000,   19431241,        0,  -18568759,          0
 14788,   171,   38000000,   19367987,        0,  -18632013,          0
 14788,   172,   38000000,   19460058,        0,  -18539942,          0
 14788,   173,   38000000,   18393690,        0,  -19606310,          0
 14788,   174,   38000000,   19490586,        0,  -18509414,          0
 14788,   175,   38000000,   19392703,        0,  -18607297,          0
 14788,   176,   38000000,   19404164,        0,  -18595836,          0
 14788,   177,   38000000,   17483357,        0,  -20516643,          0
 14788,   178,   38000000,   19383431,        0,  -18616569,          0
 14788,   179,   38000000,   17406470,        0,  -20593530,          0
 14788,   180,   38000000,   19440358,        0,  -18559642,          0
 14788,   181,   38000000,   17355971,        0,  -20644029,          0
 14788,   182,   38000000,   19436533,        0,  -18563467,          0
 14788,   183,   38000000,   19379667,        0,  -18620333,          0
 14788,   184,   38000000,   21426164,        0,  -16573836,          0
 14788,   185,   38000000,   19368663,        0,  -18631337,          0
 14788,   186,   38000000,   19460407,        0,  -18539593,          0
 14788,   187,   38000000,   17679966,        0,  -20320034,          0
 14788,   188,   38000000,   19422318,        0,  -18577682,          0
 14788,   189,   38000000,   17401812,        0,  -20598188,          0
 14788,   190,   38000000,   19435638,        0,  -18564362,          0
 14788,   191,   38000000,   17419967,        0,  -20580033,          0
 14788,   192,   38000000,   19401921,        0,  -18598079,          0
 14788,   193,   38000000,   17408094,        0,  -20591906,          0
 14788,   194,   38000000,   19439735,        0,  -18560265,          0
 14788,   195,   38000000,   17406486,        0,  -20593514,          0
 14788,   196,   38000000,   19415435,        0,  -18584565,          0
 14788,   197,   38000000,   19378361,        0,  -18621639,          0
 14788,   198,   38000000,   19492775,        0,  -18507225,          0
 14788,   199,   38000000,   17410798,        0,  -20589202,          0
 14788,   200,   38000000,   19528053,        0,  -18471947,          0
 14788,   201,   38000000,   17433847,        0,  -20566153,          0
 14788,   202,   38000000,   19352617,        0,  -18647383,          0
 14788,   203,   38000000,   17430958,        0,  -20569042,          0
 14788,   204,   38000000,   19407056,        0,  -18592944,          0
 14788,   205,   38000000,   17398069,        0,  -20601931,          0
 14788,   206,   38000000,   19429917,        0,  -18570083,          0
 14788,   207,   38000000,   19305216,        0,  -18694784,          0
 14788,   208,   38000000,   19425987,        0,  -18574013,          0
 14788,   209,   38000000,   17346881,        0,  -20653119,          0
 14788,   210,   38000000,   22358363,        0,  -15641637,          0
 14788,   211,   38000000,   17445826,        0,  -20554174,          0
 14788,   212,   38000000,   19384923,        0,  -18615077,          0
 14788,   213,   38000000,   17371321,        0,  -20628679,          0
 14788,   214,   38000000,   19395295,        0,  -18604705,          0
 14788,   215,   38000000,   17504760,        0,  -20495240,          0
 14788,   216,   38000000,   20922465,        0,  -17077535,          0
 14788,   217,   38000000,   21468916,        0,  -16531084,          0
 14788,   218,   38000000,   19435008,        0,  -18564992,          0
 14788,   219,   38000000,   17405560,        0,  -20594440,          0
 14788,   220,   38000000,   19744431,        0,  -18255569,          0
 14788,   221,   38000000,   17357719,        0,  -20642281,          0
 14788,   222,   38000000,   20371987,        0,  -17628013,          0
 14788,   223,   38000000,   17646950,        0,  -20353050,          0
 14788,   224,   38000000,   19363996,        0,  -18636004,          0
 14788,   225,   38000000,   17414588,        0,  -20585412,          0
 14788,   226,   38000000,   19366997,        0,  -18633003,          0
 14788,   227,   38000000,   17476774,        0,  -20523226,          0
 14788,   228,   38000000,   19456273,        0,  -18543727,          0
 14788,   229,   38000000,   17380222,        0,  -20619778,          0
 14788,   230,   38000000,   20177834,        0,  -17822166,          0
 14788,   231,   38000000,   17397884,        0,  -20602116,          0
 14788,   232,   38000000,   19501250,        0,  -18498750,          0
 14788,   233,   38000000,   17643884,        0,  -20356116,          0
 14788,   234,   38000000,   19440686,        0,  -18559314,          0
 14788,   235,   38000000,   19408998,        0,  -18591002,          0
 14788,   236,   38000000,   19394654,        0,  -18605346,          0
 14788,   237,   38000000,   17450483,        0,  -20549517,          0
 14788,   238,   38000000,   19399395,        0,  -18600605,          0
 14788,   239,   38000000,   17433446,        0,  -20566554,          0
 14788,   240,   38000000,   19411634,        0,  -18588366,          0
 14788,   241,   38000000,   21374335,        0,  -16625665,          0
 14788,   242,   38000000,   19432694,        0,  -18567306,          0
 14788,   243,   38000000,   21643738,        0,  -16356262,          0
 14788,   244,   38000000,   19412706,        0,  -18587294,          0
 14788,   245,   38000000,   17343096,        0,  -20656904,          0
 14788,   246,   38000000,   19657270,        0,  -18342730,          0
 14788,   247,   38000000,   17415864,        0,  -20584136,          0
 14788,   248,   38000000,   19369034,        0,  -18630966,          0
 14788,   249,   38000000,   17420629,        0,  -20579371,          0
 14788,   250,   38000000,   19365624,        0,  -18634376,          0
 14788,   251,   38000000,   17376227,        0,  -20623773,          0
 14788,   252,   38000000,   19438868,        0,  -18561132,          0
 14788,   253,   38000000,   17563653,        0,  -20436347,          0
 14788,   254,   38000000,   19475208,        0,  -18524792,          0
 14788,   255,   38000000,   17368548,        0,  -20631452,          0
 14788,   256,   38000000,   19503024,        0,  -18496976,          0
 14788,   257,   38000000,   17362424,        0,  -20637576,          0
 14788,   258,   38000000,   19438869,        0,  -18561131,          0
 14788,   259,   38000000,   17451020,        0,  -20548980,          0
 14788,   260,   38000000,   19390624,        0,  -18609376,          0
 14788,   261,   38000000,   18358029,        0,  -19641971,          0
 14788,   262,   38000000,   19405050,        0,  -18594950,          0
 14788,   263,   38000000,   17398591,        0,  -20601409,          0
 14788,   264,   38000000,   19470915,        0,  -18529085,          0
 14788,   265,   38000000,   19335945,        0,  -18664055,          0
 14788,   266,   38000000,   19457808,        0,  -18542192,          0
 14788,   267,   38000000,   17337231,        0,  -20662769,          0
# task NAME=myapp PID=14791 COST=20786000 PERIOD=91000000 CPU=0
 14791,     2,   91000000,      15422,        0,  -90984578,          0
 14791,     3,   91000000,     101173,        0,  -90898827,          0
 14791,     4,   91000000,   35455627,        0,  -55544373,          0
 14791,     5,   91000000,   36570728,        0,  -54429272,          0
 14791,     6,   91000000,   37484114,        0,  -53515886,          0
 14791,     7,   91000000,   36754568,        0,  -54245432,          0
 14791,     8,   91000000,   35350635,        0,  -55649365,          0
 14791,     9,   91000000,   36360625,        0,  -54639375,          0
 14791,    10,   91000000,   37472971,        0,  -53527029,          0
 14791,    11,   91000000,   36751115,        0,  -54248885,          0
 14791,    12,   91000000,   35508750,        0,  -55491250,          0
 14791,    13,   91000000,   36525459,        0,  -54474541,          0
 14791,    14,   91000000,   37484100,        0,  -53515900,          0
 14791,    15,   91000000,   38465222,        0,  -52534778,          0
 14791,    16,   91000000,   35484748,        0,  -55515252,          0
 14791,    17,   91000000,   36555790,        0,  -54444210,          0
 14791,    18,   91000000,   39707619,        0,  -51292381,          0
 14791,    19,   91000000,   34383614,        0,  -56616386,          0
 14791,    20,   91000000,   35502430,        0,  -55497570,          0
 14791,    21,   91000000,   36437376,        0,  -54562624,          0
 14791,    22,   91000000,   39827536,        0,  -51172464,          0
 14791,    23,   91000000,   34512384,        0,  -56487616,          0
 14791,    24,   91000000,   35584655,        0,  -55415345,          0
 14791,    25,   91000000,   36560685,        0,  -54439315,          0
 14791,    26,   91000000,   37532119,        0,  -53467881,          0
 14791,    27,   91000000,   34451681,        0,  -56548319,          0
 14791,    28,   91000000,   35419188,        0,  -55580812,          0
 14791,    29,   91000000,   38852340,        0,  -52147660,          0
 14791,    30,   91000000,   37523039,        0,  -53476961,          0
 14791,    31,   91000000,   38451953,        0,  -52548047,          0
 14791,    32,   91000000,   35438555,        0,  -55561445,          0
 14791,    33,   91000000,   38856271,        0,  -52143729,          0
 14791,    34,   91000000,   37549165,        0,  -53450835,          0
 14791,    35,   91000000,   34386133,        0,  -56613867,          0
 14791,    36,   91000000,   35419163,        0,  -55580837,          0
 14791,    37,   91000000,   36521229,        0,  -54478771,          0
 14791,    38,   91000000,   37454520,        0,  -53545480,          0
 14791,    39,   91000000,   34513151,        0,  -56486849,          0
 14791,    40,   91000000,   41938994,        0,  -49061006,          0
 14791,    41,   91000000,   36568026,        0,  -54431974,          0
 14791,    42,   91000000,   37547631,        0,  -53452369,          0
 14791,    43,   91000000,   34492285,        0,  -56507715,          0
 14791,    44,   91000000,   37860166,        0,  -53139834,          0
 14791,    45,   91000000,   36476821,        0,  -54523179,          0
 14791,    46,   91000000,   37580144,        0,  -53419856,          0
 14791,    47,   91000000,   38486970,        0,  -52513030,          0
 14791,    48,   91000000,   35380991,        0,  -55619009,          0
 14791,    49,   91000000,   36401766,        0,  -54598234,          0
 14791,    50,   91000000,   37578691,        0,  -53421309,          0
 14791,    51,   91000000,   37890519,        0,  -53109481,          0
 14791,    52,   91000000,   38527779,        0,  -52472221,          0
 14791,    53,   91000000,   36579512,        0,  -54420488,          0
 14791,    54,   91000000,   37505655,        0,  -53494345,          0
 14791,    55,   91000000,   36795012,        0,  -54204988,          0
 14791,    56,   91000000,   35464835,        0,  -55535165,          0
 14791,    57,   91000000,   36570750,        0,  -54429250,          0
 14791,    58,   91000000,   37574853,        0,  -53425147,          0
 14791,    59,   91000000,   34435265,        0,  -56564735,          0
 14791,    60,   91000000,   37484112,        0,  -53515888,          0
 14791,    61,   91000000,   36489309,        0,  -54510691,          0
 14791,    62,   91000000,   41706503,        0,  -49293497,          0
 14791,    63,   91000000,   34451019,        0,  -56548981,          0
 14791,    64,   91000000,   38131501,        0,  -52868499,          0
 14791,    65,   91000000,   39622460,        0,  -51377540,          0
 14791,    66,   91000000,   39738367,        0,  -51261633,          0
 14791,    67,   91000000,   34479952,        0,  -56520048,          0
 14791,    68,   91000000,   35452451,        0,  -55547549,          0
 14791,    69,   91000000,   36450975,        0,  -54549025,          0
 14791,    70,   91000000,   37489224,        0,  -53510776,          0
 14791,    71,   91000000,   34466696,        0,  -56533304,          0
 14791,    72,   91000000,   35443220,        0,  -55556780,          0
 14791,    73,   91000000,   36423987,        0,  -54576013,          0
 14791,    74,   91000000,   37380629,        0,  -53619371,          0
 14791,    75,   91000000,   34393342,        0,  -56606658,          0
 14791,    76,   91000000,   35417482,        0,  -55582518,          0
 14791,    77,   91000000,   38840577,        0,  -52159423,          0
 14791,    78,   91000000,   37441676,        0,  -53558324,          0
 14791,    79,   91000000,   34507670,        0,  -56492330,          0
 14791,    80,   91000000,   42444720,        0,  -48555280,          0
 14791,    81,   91000000,   36442371,        0,  -54557629,          0
 14791,    82,   91000000,   42518633,        0,  -48481367,          0
 14791,    83,   91000000,   38464800,        0,  -52535200,          0
 14791,    84,   91000000,   41824181,        0,  -49175819,          0
 14791,    85,   91000000,   36476618,        0,  -54523382,          0
 14791,    86,   91000000,   37475895,        0,  -53524105,          0
 14791,    87,   91000000,   34397434,        0,  -56602566,          0
 14791,    88,   91000000,   35814701,        0,  -55185299,          0
 14791,    89,   91000000,   36411857,        0,  -54588143,          0
 14791,    90,   91000000,   37387432,        0,  -53612568,          0
 14791,    91,   91000000,   37530097,        0,  -53469903,          0
 14791,    92,   91000000,   39507170,        0,  -51492830,          0
 14791,    93,   91000000,   36506213,        0,  -54493787,          0
 14791,    94,   91000000,   37494015,        0,  -53505985,          0
 14791,    95,   91000000,   34441159,        0,  -56558841,          0
 14791,    96,   91000000,   35375378,        0,  -55624622,          0
 14791,    97,   91000000,   36454498,        0,  -54545502,          0
 14791,    98,   91000000,   40560290,        0,  -50439710,          0
 14791,    99,   91000000,   36867771,        0,  -54132229,          0
 14791,   100,   91000000,   39512062,        0,  -51487938,          0
 14791,   101,   91000000,   36449062,        0,  -54550938,          0
 14791,   102,   91000000,   37436454,        0,  -53563546,          0
 14791,   103,   91000000,   38720074,        0,  -52279926,          0
 14791,   104,   91000000,   35440743,        0,  -55559257,          0
 14791,   105,   91000000,   36475299,        0,  -54524701,          0
 14791,   106,   91000000,   37463153,        0,  -53536847,          0
 14791,   107,   91000000,   34425615,        0,  -56574385,          0
 14791,   108,   91000000,   35471294,        0,  -55528706,          0
 14791,   109,   91000000,   36453956,        0,  -54546044,          0
 14791,   110,   91000000,   39769841,        0,  -51230159,          0
 14791,   111,   91000000,   34508354,        0,  -56491646,          0
 14791,   112,   91000000,   35482955,        0,  -55517045,          0
 14791,   113,   91000000,   36457443,        0,  -54542557,          0
