# Task,   Job,     Period,   Response, DL Miss?,   Lateness,  Tardiness
# task NAME=myapp PID=22823 COST=7046000 PERIOD=23000000 CPU=0
 22823,     2,   23000000,      16093,        0,  -22983907,          0
 22823,     3,   23000000,      88736,        0,  -22911264,          0
 22823,     4,   23000000,   10642037,        0,  -12357963,          0
 22823,     5,   23000000,   12812094,        0,  -10187906,          0
 22823,     6,   23000000,    9306853,        0,  -13693147,          0
 22823,     7,   23000000,    9997982,        0,  -13002018,          0
 22823,     8,   23000000,   11028675,        0,  -11971325,          0
 22823,     9,   23000000,   12466013,        0,  -10533987,          0
 22823,    10,   23000000,    9036825,        0,  -13963175,          0
 22823,    11,   23000000,   10680118,        0,  -12319882,          0
 22823,    12,   23000000,   10937112,        0,  -12062888,          0
 22823,    13,   23000000,   11697084,        0,  -11302916,          0
 22823,    14,   23000000,    9593538,        0,  -13406462,          0
 22823,    15,   23000000,   10785903,        0,  -12214097,          0
 22823,    16,   23000000,   10964106,        0,  -12035894,          0
 22823,    17,   23000000,   11629048,        0,  -11370952,          0
 22823,    18,   23000000,    8978541,        0,  -14021459,          0
 22823,    19,   23000000,    9904741,        0,  -13095259,          0
 22823,    20,   23000000,   10970891,        0,  -12029109,          0
 22823,    21,   23000000,   11894730,        0,  -11105270,          0
 22823,    22,   23000000,    9027860,        0,  -13972140,          0
 22823,    23,   23000000,    9925742,        0,  -13074258,          0
 22823,    24,   23000000,   11319302,        0,  -11680698,          0
 22823,    25,   23000000,   11572967,        0,  -11427033,          0
 22823,    26,   23000000,    9770732,        0,  -13229268,          0
 22823,    27,   23000000,    9643842,        0,  -13356158,          0
 22823,    28,   23000000,    8587308,        0,  -14412692,          0
 22823,    29,   23000000,   12517405,        0,  -10482595,          0
 22823,    30,   23000000,    9241345,        0,  -13758655,          0
 22823,    31,   23000000,    9966634,        0,  -13033366,          0
 22823,    32,   23000000,   11197368,        0,  -11802632,          0
 22823,    33,   23000000,   11960380,        0,  -11039620,          0
 22823,    34,   23000000,    8918244,        0,  -14081756,          0
 22823,    35,   23000000,    9986631,        0,  -13013369,          0
 22823,    36,   23000000,   10589993,        0,  -12410007,          0
 22823,    37,   23000000,   12079493,        0,  -10920507,          0
 22823,    38,   23000000,    8998314,        0,  -14001686,          0
 22823,    39,   23000000,   10045268,        0,  -12954732,          0
 22823,    40,   23000000,   10842110,        0,  -12157890,          0
 22823,    41,   23000000,    9552503,        0,  -13447497,          0
 22823,    42,   23000000,    9458479,        0,  -13541521,          0
 22823,    43,   23000000,   10857993,        0,  -12142007,          0
 22823,    44,   23000000,   10484414,        0,  -12515586,          0
 22823,    45,   23000000,   12591858,        0,  -10408142,          0
 22823,    46,   23000000,    8902755,        0,  -14097245,          0
 22823,    47,   23000000,   10764684,        0,  -12235316,          0
 22823,    48,   23000000,    8587030,        0,  -14412970,          0
 22823,    49,   23000000,   12449520,        0,  -10550480,          0
 22823,    50,   23000000,    9869389,        0,  -13130611,          0
 22823,    51,   23000000,    9982669,        0,  -13017331,          0
 22823,    52,   23000000,   11040663,        0,  -11959337,          0
 22823,    53,   23000000,   11872372,        0,  -11127628,          0
 22823,    54,   23000000,    9499934,        0,  -13500066,          0
 22823,    55,   23000000,   10258084,        0,  -12741916,          0
 22823,    56,   23000000,   10559368,        0,  -12440632,          0
 22823,    57,   23000000,   11964561,        0,  -11035439,          0
 22823,    58,   23000000,    9822319,        0,  -13177681,          0
 22823,    59,   23000000,    9985598,        0,  -13014402,          0
 22823,    60,   23000000,   10682212,        0,  -12317788,          0
 22823,    61,   23000000,   12024646,        0,  -10975354,          0
 22823,    62,   23000000,    7030511,        0,  -15969489,          0
 22823,    63,   23000000,    9981033,        0,  -13018967,          0
 22823,    64,   23000000,   11227610,        0,  -11772390,          0
 22823,    65,   23000000,   11553569,        0,  -11446431,          0
 22823,    66,   23000000,    9346845,        0,  -13653155,          0
 22823,    67,   23000000,   10254229,        0,  -12745771,          0
 22823,    68,   23000000,   11428181,        0,  -11571819,          0
 22823,    69,   23000000,   11611081,        0,  -11388919,          0
 22823,    70,   23000000,    9543461,        0,  -13456539,          0
 22823,    71,   23000000,   11148005,        0,  -11851995,          0
 22823,    72,   23000000,   11114672,        0,  -11885328,          0
 22823,    73,   23000000,   11956222,        0,  -11043778,          0
 22823,    74,   23000000,    8996632,        0,  -14003368,          0
 22823,    75,   23000000,   10372756,        0,  -12627244,          0
 22823,    76,   23000000,   10371539,        0,  -12628461,          0
 22823,    77,   23000000,   12007166,        0,  -10992834,          0
 22823,    78,   23000000,    8955708,        0,  -14044292,          0
 22823,    79,   23000000,    9926182,        0,  -13073818,          0
 22823,    80,   23000000,   10571936,        0,  -12428064,          0
 22823,    81,   23000000,   11629056,        0,  -11370944,          0
 22823,    82,   23000000,    8973648,        0,  -14026352,          0
 22823,    83,   23000000,    9691554,        0,  -13308446,          0
 22823,    84,   23000000,   10988550,        0,  -12011450,          0
 22823,    85,   23000000,   11835591,        0,  -11164409,          0
 22823,    86,   23000000,    8969890,        0,  -14030110,          0
 22823,    87,   23000000,   10248454,        0,  -12751546,          0
 22823,    88,   23000000,   10700591,        0,  -12299409,          0
 22823,    89,   23000000,    9513694,        0,  -13486306,          0
 22823,    90,   23000000,    8999283,        0,  -14000717,          0
 22823,    91,   23000000,   13952062,        0,   -9047938,          0
 22823,    92,   23000000,   10640307,        0,  -12359693,          0
 22823,    93,   23000000,   12385476,        0,  -10614524,          0
 22823,    94,   23000000,    8954285,        0,  -14045715,          0
 22823,    95,   23000000,    9934164,        0,  -13065836,          0
 22823,    96,   23000000,    8616030,        0,  -14383970,          0
 22823,    97,   23000000,   11866112,        0,  -11133888,          0
 22823,    98,   23000000,    8528611,        0,  -14471389,          0
 22823,    99,   23000000,   10435673,        0,  -12564327,          0
 22823,   100,   23000000,   11687355,        0,  -11312645,          0
 22823,   101,   23000000,   11831833,        0,  -11168167,          0
 22823,   102,   23000000,    8959705,        0,  -14040295,          0
 22823,   103,   23000000,    9684934,        0,  -13315066,          0
 22823,   104,   23000000,   10651415,        0,  -12348585,          0
 22823,   105,   23000000,   11621692,        0,  -11378308,          0
 22823,   106,   23000000,    8962362,        0,  -14037638,          0
 22823,   107,   23000000,   10740630,        0,  -12259370,          0
 22823,   108,   23000000,   10558699,        0,  -12441301,          0
 22823,   109,   23000000,   11888373,        0,  -11111627,          0
 22823,   110,   23000000,    9764558,        0,  -13235442,          0
 22823,   111,   23000000,   10400002,        0,  -12599998,          0
 22823,   112,   23000000,   10981750,        0,  -12018250,          0
 22823,   113,   23000000,   11870195,        0,  -11129805,          0
 22823,   114,   23000000,    9391299,        0,  -13608701,          0
 22823,   115,   23000000,    7464313,        0,  -15535687,          0
 22823,   116,   23000000,   10627905,        0,  -12372095,          0
 22823,   117,   23000000,   12789530,        0,  -10210470,          0
 22823,   118,   23000000,    8950115,        0,  -14049885,          0
 22823,   119,   23000000,    9369432,        0,  -13630568,          0
 22823,   120,   23000000,   10959121,        0,  -12040879,          0
 22823,   121,   23000000,   11803137,        0,  -11196863,          0
 22823,   122,   23000000,    9550580,        0,  -13449420,          0
 22823,   123,   23000000,   10159150,        0,  -12840850,          0
 22823,   124,   23000000,   11468587,        0,  -11531413,          0
 22823,   125,   23000000,   12071957,        0,  -10928043,          0
 22823,   126,   23000000,    8996039,        0,  -14003961,          0
 22823,   127,   23000000,   10383833,        0,  -12616167,          0
 22823,   128,   23000000,    8796350,        0,  -14203650,          0
 22823,   129,   23000000,   11957106,        0,  -11042894,          0
 22823,   130,   23000000,    8925163,        0,  -14074837,          0
 22823,   131,   23000000,   10228793,        0,  -12771207,          0
 22823,   132,   23000000,   11459685,        0,  -11540315,          0
 22823,   133,   23000000,   11549669,        0,  -11450331,          0
 22823,   134,   23000000,    9791718,        0,  -13208282,          0
 22823,   135,   23000000,   10404069,        0,  -12595931,          0
 22823,   136,   23000000,   11814637,        0,  -11185363,          0
 22823,   137,   23000000,   12551813,        0,  -10448187,          0
 22823,   138,   23000000,    8940883,        0,  -14059117,          0
 22823,   139,   23000000,   10022989,        0,  -12977011,          0
 22823,   140,   23000000,   10671191,        0,  -12328809,          0
 22823,   141,   23000000,   12787011,        0,  -10212989,          0
 22823,   142,   23000000,    9508204,        0,  -13491796,          0
 22823,   143,   23000000,    9340713,        0,  -13659287,          0
 22823,   144,   23000000,   11791230,        0,  -11208770,          0
 22823,   145,   23000000,   12027060,        0,  -10972940,          0
 22823,   146,   23000000,    9512233,        0,  -13487767,          0
 22823,   147,   23000000,   10252929,        0,  -12747071,          0
 22823,   148,   23000000,   11676873,        0,  -11323127,          0
 22823,   149,   23000000,   12114794,        0,  -10885206,          0
 22823,   150,   23000000,    8984322,        0,  -14015678,          0
 22823,   151,   23000000,    9586341,        0,  -13413659,          0
 22823,   152,   23000000,   10595108,        0,  -12404892,          0
 22823,   153,   23000000,   12034532,        0,  -10965468,          0
 22823,   154,   23000000,    8835409,        0,  -14164591,          0
 22823,   155,   23000000,    9942612,        0,  -13057388,          0
 22823,   156,   23000000,   11134141,        0,  -11865859,          0
 22823,   157,   23000000,   11883233,        0,  -11116767,          0
 22823,   158,   23000000,    9735330,        0,  -13264670,          0
 22823,   159,   23000000,    9600302,        0,  -13399698,          0
 22823,   160,   23000000,   11762144,        0,  -11237856,          0
 22823,   161,   23000000,   12385403,        0,  -10614597,          0
 22823,   162,   23000000,    9343079,        0,  -13656921,          0
 22823,   163,   23000000,    9965504,        0,  -13034496,          0
 22823,   164,   23000000,   11045230,        0,  -11954770,          0
 22823,   165,   23000000,   12033801,        0,  -10966199,          0
 22823,   166,   23000000,    8647945,        0,  -14352055,          0
 22823,   167,   23000000,    9831516,        0,  -13168484,          0
 22823,   168,   23000000,   11038413,        0,  -11961587,          0
 22823,   169,   23000000,   12067523,        0,  -10932477,          0
 22823,   170,   23000000,    9008543,        0,  -13991457,          0
 22823,   171,   23000000,   10728654,        0,  -12271346,          0
 22823,   172,   23000000,   11083354,        0,  -11916646,          0
 22823,   173,   23000000,   12328834,        0,  -10671166,          0
 22823,   174,   23000000,    8923690,        0,  -14076310,          0
 22823,   175,   23000000,   10006526,        0,  -12993474,          0
 22823,   176,   23000000,   11311035,        0,  -11688965,          0
 22823,   177,   23000000,   12580024,        0,  -10419976,          0
 22823,   178,   23000000,    9820249,        0,  -13179751,          0
 22823,   179,   23000000,   10357862,        0,  -12642138,          0
 22823,   180,   23000000,   10940233,        0,  -12059767,          0
 22823,   181,   23000000,   12194511,        0,  -10805489,          0
 22823,   182,   23000000,    9140515,        0,  -13859485,          0
 22823,   183,   23000000,   10777867,        0,  -12222133,          0
 22823,   184,   23000000,   10576047,        0,  -12423953,          0
 22823,   185,   23000000,   12801731,        0,  -10198269,          0
 22823,   186,   23000000,    8923826,        0,  -14076174,          0
 22823,   187,   23000000,   10101514,        0,  -12898486,          0
 22823,   188,   23000000,   11429988,        0,  -11570012,          0
 22823,   189,   23000000,   11959153,        0,  -11040847,          0
 22823,   190,   23000000,    8974326,        0,  -14025674,          0
 22823,   191,   23000000,   10402271,        0,  -12597729,          0
 22823,   192,   23000000,   10692928,        0,  -12307072,          0
 22823,   193,   23000000,   11682926,        0,  -11317074,          0
 22823,   194,   23000000,    9796882,        0,  -13203118,          0
 22823,   195,   23000000,   10870993,        0,  -12129007,          0
 22823,   196,   23000000,   11401276,        0,  -11598724,          0
 22823,   197,   23000000,   12834446,        0,  -10165554,          0
 22823,   198,   23000000,    8615829,        0,  -14384171,          0
 22823,   199,   23000000,    9943902,        0,  -13056098,          0
 22823,   200,   23000000,   10964427,        0,  -12035573,          0
 22823,   201,   23000000,   11648970,        0,  -11351030,          0
 22823,   202,   23000000,    8952149,        0,  -14047851,          0
 22823,   203,   23000000,    9372976,        0,  -13627024,          0
 22823,   204,   23000000,   10766507,        0,  -12233493,          0
 22823,   205,   23000000,   11987441,        0,  -11012559,          0
 22823,   206,   23000000,    8933640,        0,  -14066360,          0
 22823,   207,   23000000,    9933600,        0,  -13066400,          0
 22823,   208,   23000000,   11932118,        0,  -11067882,          0
 22823,   209,   23000000,    9472761,        0,  -13527239,          0
 22823,   210,   23000000,    9384377,        0,  -13615623,          0
 22823,   211,   23000000,    9704594,        0,  -13295406,          0
 22823,   212,   23000000,   10635343,        0,  -12364657,          0
 22823,   213,   23000000,   12060474,        0,  -10939526,          0
 22823,   214,   23000000,    9726435,        0,  -13273565,          0
 22823,   215,   23000000,    9927973,        0,  -13072027,          0
 22823,   216,   23000000,   10531164,        0,  -12468836,          0
 22823,   217,   23000000,    9232634,        0,  -13767366,          0
 22823,   218,   23000000,    9540724,        0,  -13459276,          0
 22823,   219,   23000000,    9998993,        0,  -13001007,          0
 22823,   220,   23000000,   10743862,        0,  -12256138,          0
 22823,   221,   23000000,   12826687,        0,  -10173313,          0
 22823,   222,   23000000,    8519242,        0,  -14480758,          0
 22823,   223,   23000000,   10871190,        0,  -12128810,          0
 22823,   224,   23000000,   10555697,        0,  -12444303,          0
 22823,   225,   23000000,   11395854,        0,  -11604146,          0
 22823,   226,   23000000,    8741669,        0,  -14258331,          0
 22823,   227,   23000000,    9979115,        0,  -13020885,          0
 22823,   228,   23000000,   10551797,        0,  -12448203,          0
 22823,   229,   23000000,   12030393,        0,  -10969607,          0
 22823,   230,   23000000,    9797395,        0,  -13202605,          0
 22823,   231,   23000000,    9936394,        0,  -13063606,          0
 22823,   232,   23000000,   11152218,        0,  -11847782,          0
 22823,   233,   23000000,   12343528,        0,  -10656472,          0
 22823,   234,   23000000,    9400687,        0,  -13599313,          0
 22823,   235,   23000000,    9561571,        0,  -13438429,          0
 22823,   236,   23000000,   11065872,        0,  -11934128,          0
 22823,   237,   23000000,   11978727,        0,  -11021273,          0
 22823,   238,   23000000,    9796331,        0,  -13203669,          0
 22823,   239,   23000000,   10040178,        0,  -12959822,          0
 22823,   240,   23000000,   10733129,        0,  -12266871,          0
 22823,   241,   23000000,   12776889,        0,  -10223111,          0
 22823,   242,   23000000,    8617604,        0,  -14382396,          0
 22823,   243,   23000000,    9995817,        0,  -13004183,          0
 22823,   244,   23000000,   11180630,        0,  -11819370,          0
 22823,   245,   23000000,   11893336,        0,  -11106664,          0
 22823,   246,   23000000,    9330752,        0,  -13669248,          0
 22823,   247,   23000000,   10712899,        0,  -12287101,          0
 22823,   248,   23000000,   11046101,        0,  -11953899,          0
 22823,   249,   23000000,   11996666,        0,  -11003334,          0
 22823,   250,   23000000,    9333852,        0,  -13666148,          0
 22823,   251,   23000000,    9939392,        0,  -13060608,          0
 22823,   252,   23000000,   10711107,        0,  -12288893,          0
 22823,   253,   23000000,   11909209,        0,  -11090791,          0
 22823,   254,   23000000,    8593373,        0,  -14406627,          0
 22823,   255,   23000000,   10072851,        0,  -12927149,          0
 22823,   256,   23000000,   11642803,        0,  -11357197,          0
 22823,   257,   23000000,   11925948,        0,  -11074052,          0
 22823,   258,   23000000,    8649257,        0,  -14350743,          0
 22823,   259,   23000000,    9940423,        0,  -13059577,          0
 22823,   260,   23000000,   12135117,        0,  -10864883,          0
 22823,   261,   23000000,   11936781,        0,  -11063219,          0
 22823,   262,   23000000,   10099433,        0,  -12900567,          0
 22823,   263,   23000000,    9891037,        0,  -13108963,          0
 22823,   264,   23000000,   10650640,        0,  -12349360,          0
 22823,   265,   23000000,   11960679,        0,  -11039321,          0
 22823,   266,   23000000,    9748588,        0,  -13251412,          0
 22823,   267,   23000000,   10202331,        0,  -12797669,          0
 22823,   268,   23000000,   10599426,        0,  -12400574,          0
 22823,   269,   23000000,   12051727,        0,  -10948273,          0
 22823,   270,   23000000,    9461053,        0,  -13538947,          0
 22823,   271,   23000000,   10800610,        0,  -12199390,          0
 22823,   272,   23000000,   10854705,        0,  -12145295,          0
 22823,   273,   23000000,   11950461,        0,  -11049539,          0
 22823,   274,   23000000,    8725871,        0,  -14274129,          0
 22823,   275,   23000000,   10620548,        0,  -12379452,          0
 22823,   276,   23000000,   11015920,        0,  -11984080,          0
 22823,   277,   23000000,   12809452,        0,  -10190548,          0
 22823,   278,   23000000,    8581829,        0,  -14418171,          0
 22823,   279,   23000000,    9991970,        0,  -13008030,          0
 22823,   280,   23000000,   11351364,        0,  -11648636,          0
 22823,   281,   23000000,   11893049,        0,  -11106951,          0
 22823,   282,   23000000,    8903118,        0,  -14096882,          0
 22823,   283,   23000000,   10670995,        0,  -12329005,          0
 22823,   284,   23000000,   11436685,        0,  -11563315,          0
 22823,   285,   23000000,   11782360,        0,  -11217640,          0
 22823,   286,   23000000,    8948996,        0,  -14051004,          0
 22823,   287,   23000000,    9953469,        0,  -13046531,          0
 22823,   288,   23000000,   11420129,        0,  -11579871,          0
 22823,   289,   23000000,   12045252,        0,  -10954748,          0
 22823,   290,   23000000,    9462703,        0,  -13537297,          0
 22823,   291,   23000000,   10762164,        0,  -12237836,          0
 22823,   292,   23000000,   10619388,        0,  -12380612,          0
 22823,   293,   23000000,   12432838,        0,  -10567162,          0
 22823,   294,   23000000,    9810302,        0,  -13189698,          0
 22823,   295,   23000000,   10031583,        0,  -12968417,          0
 22823,   296,   23000000,   10759361,        0,  -12240639,          0
 22823,   297,   23000000,   12755558,        0,  -10244442,          0
 22823,   298,   23000000,    8910416,        0,  -14089584,          0
 22823,   299,   23000000,   10752740,        0,  -12247260,          0
 22823,   300,   23000000,   10990034,        0,  -12009966,          0
 22823,   301,   23000000,   11636410,        0,  -11363590,          0
 22823,   302,   23000000,    8955276,        0,  -14044724,          0
 22823,   303,   23000000,    9951052,        0,  -13048948,          0
 22823,   304,   23000000,   10626998,        0,  -12373002,          0
 22823,   305,   23000000,   12690067,        0,  -10309933,          0
 22823,   306,   23000000,    8557201,        0,  -14442799,          0
 22823,   307,   23000000,    9534577,        0,  -13465423,          0
 22823,   308,   23000000,   11017063,        0,  -11982937,          0
 22823,   309,   23000000,   12752711,        0,  -10247289,          0
 22823,   310,   23000000,    9026292,        0,  -13973708,          0
 22823,   311,   23000000,   10690953,        0,  -12309047,          0
 22823,   312,   23000000,   10630952,        0,  -12369048,          0
 22823,   313,   23000000,   12816518,        0,  -10183482,          0
 22823,   314,   23000000,    8951946,        0,  -14048054,          0
 22823,   315,   23000000,    9571291,        0,  -13428709,          0
 22823,   316,   23000000,   11752280,        0,  -11247720,          0
 22823,   317,   23000000,   12850140,        0,  -10149860,          0
 22823,   318,   23000000,    9700967,        0,  -13299033,          0
 22823,   319,   23000000,    9644427,        0,  -13355573,          0
 22823,   320,   23000000,   10630684,        0,  -12369316,          0
 22823,   321,   23000000,   11765860,        0,  -11234140,          0
 22823,   322,   23000000,    8930535,        0,  -14069465,          0
 22823,   323,   23000000,    9606179,        0,  -13393821,          0
 22823,   324,   23000000,    9034339,        0,  -13965661,          0
 22823,   325,   23000000,   11922906,        0,  -11077094,          0
 22823,   326,   23000000,    8621735,        0,  -14378265,          0
 22823,   327,   23000000,   10805166,        0,  -12194834,          0
 22823,   328,   23000000,   10588915,        0,  -12411085,          0
 22823,   329,   23000000,   11454581,        0,  -11545419,          0
 22823,   330,   23000000,    8491753,        0,  -14508247,          0
 22823,   331,   23000000,    9930424,        0,  -13069576,          0
 22823,   332,   23000000,   11586952,        0,  -11413048,          0
 22823,   333,   23000000,   11618776,        0,  -11381224,          0
 22823,   334,   23000000,    8998808,        0,  -14001192,          0
 22823,   335,   23000000,   10156780,        0,  -12843220,          0
 22823,   336,   23000000,   11453964,        0,  -11546036,          0
 22823,   337,   23000000,   11618484,        0,  -11381516,          0
 22823,   338,   23000000,    9827415,        0,  -13172585,          0
 22823,   339,   23000000,    9815847,        0,  -13184153,          0
 22823,   340,   23000000,   10621721,        0,  -12378279,          0
 22823,   341,   23000000,   12537667,        0,  -10462333,          0
 22823,   342,   23000000,    8573780,        0,  -14426220,          0
 22823,   343,   23000000,   13558032,        0,   -9441968,          0
 22823,   344,   23000000,    8913257,        0,  -14086743,          0
 22823,   345,   23000000,   12048156,        0,  -10951844,          0
 22823,   346,   23000000,    8547166,        0,  -14452834,          0
 22823,   347,   23000000,    9979841,        0,  -13020159,          0
 22823,   348,   23000000,   12094293,        0,  -10905707,          0
 22823,   349,   23000000,   11592266,        0,  -11407734,          0
 22823,   350,   23000000,    8560369,        0,  -14439631,          0
 22823,   351,   23000000,    9635758,        0,  -13364242,          0
 22823,   352,   23000000,   11768675,        0,  -11231325,          0
 22823,   353,   23000000,   12117282,        0,  -10882718,          0
 22823,   354,   23000000,    8905712,        0,  -14094288,          0
 22823,   355,   23000000,    9971471,        0,  -13028529,          0
 22823,   356,   23000000,   11091531,        0,  -11908469,          0
 22823,   357,   23000000,   11930147,        0,  -11069853,          0
 22823,   358,   23000000,    8983266,        0,  -14016734,          0
 22823,   359,   23000000,    9940936,        0,  -13059064,          0
 22823,   360,   23000000,   10500501,        0,  -12499499,          0
 22823,   361,   23000000,   11989610,        0,  -11010390,          0
 22823,   362,   23000000,    8541189,        0,  -14458811,          0
 22823,   363,   23000000,   10896503,        0,  -12103497,          0
 22823,   364,   23000000,   10573326,        0,  -12426674,          0
 22823,   365,   23000000,   11585242,        0,  -11414758,          0
 22823,   366,   23000000,   12378967,        0,  -10621033,          0
 22823,   367,   23000000,    9979582,        0,  -13020418,          0
 22823,   368,   23000000,    8606422,        0,  -14393578,          0
 22823,   369,   23000000,   12489760,        0,  -10510240,          0
 22823,   370,   23000000,   10243979,        0,  -12756021,          0
 22823,   371,   23000000,    9980760,        0,  -13019240,          0
 22823,   372,   23000000,   10864540,        0,  -12135460,          0
 22823,   373,   23000000,   11751292,        0,  -11248708,          0
 22823,   374,   23000000,    8559476,        0,  -14440524,          0
 22823,   375,   23000000,    9946181,        0,  -13053819,          0
 22823,   376,   23000000,   11205463,        0,  -11794537,          0
 22823,   377,   23000000,   12767831,        0,  -10232169,          0
 22823,   378,   23000000,    9047899,        0,  -13952101,          0
 22823,   379,   23000000,   10440668,        0,  -12559332,          0
 22823,   380,   23000000,   10499280,        0,  -12500720,          0
 22823,   381,   23000000,   11580347,        0,  -11419653,          0
 22823,   382,   23000000,    8972261,        0,  -14027739,          0
 22823,   383,   23000000,   10272817,        0,  -12727183,          0
 22823,   384,   23000000,    8262570,        0,  -14737430,          0
 22823,   385,   23000000,   12828672,        0,  -10171328,          0
 22823,   386,   23000000,    8848025,        0,  -14151975,          0
 22823,   387,   23000000,   13584033,        0,   -9415967,          0
 22823,   388,   23000000,   11849308,        0,  -11150692,          0
 22823,   389,   23000000,   10080176,        0,  -12919824,          0
 22823,   390,   23000000,    8970472,        0,  -14029528,          0
 22823,   391,   23000000,    9935611,        0,  -13064389,          0
 22823,   392,   23000000,   10273981,        0,  -12726019,          0
 22823,   393,   23000000,   12210416,        0,  -10789584,          0
 22823,   394,   23000000,    8852207,        0,  -14147793,          0
 22823,   395,   23000000,   10705430,        0,  -12294570,          0
 22823,   396,   23000000,   10547261,        0,  -12452739,          0
 22823,   397,   23000000,   12358838,        0,  -10641162,          0
 22823,   398,   23000000,    8958095,        0,  -14041905,          0
 22823,   399,   23000000,   10823943,        0,  -12176057,          0
 22823,   400,   23000000,    9116884,        0,  -13883116,          0
 22823,   401,   23000000,   11473018,        0,  -11526982,          0
 22823,   402,   23000000,    9825179,        0,  -13174821,          0
 22823,   403,   23000000,    9647552,        0,  -13352448,          0
 22823,   404,   23000000,   11303234,        0,  -11696766,          0
 22823,   405,   23000000,   12239134,        0,  -10760866,          0
 22823,   406,   23000000,    8915738,        0,  -14084262,          0
 22823,   407,   23000000,    9934672,        0,  -13065328,          0
 22823,   408,   23000000,   10839455,        0,  -12160545,          0
 22823,   409,   23000000,   11603433,        0,  -11396567,          0
 22823,   410,   23000000,    8988723,        0,  -14011277,          0
 22823,   411,   23000000,    7478643,        0,  -15521357,          0
 22823,   412,   23000000,   11475597,        0,  -11524403,          0
 22823,   413,   23000000,   12749927,        0,  -10250073,          0
 22823,   414,   23000000,    8617607,        0,  -14382393,          0
 22823,   415,   23000000,    9564001,        0,  -13435999,          0
 22823,   416,   23000000,   11065841,        0,  -11934159,          0
 22823,   417,   23000000,   11989443,        0,  -11010557,          0
 22823,   418,   23000000,    9832231,        0,  -13167769,          0
 22823,   419,   23000000,   10314907,        0,  -12685093,          0
 22823,   420,   23000000,   10941075,        0,  -12058925,          0
 22823,   421,   23000000,   11288785,        0,  -11711215,          0
 22823,   422,   23000000,    9424511,        0,  -13575489,          0
 22823,   423,   23000000,   10085905,        0,  -12914095,          0
 22823,   424,   23000000,   10634890,        0,  -12365110,          0
 22823,   425,   23000000,   12026932,        0,  -10973068,          0
 22823,   426,   23000000,    8870436,        0,  -14129564,          0
 22823,   427,   23000000,    9910538,        0,  -13089462,          0
 22823,   428,   23000000,   10465526,        0,  -12534474,          0
 22823,   429,   23000000,   11915288,        0,  -11084712,          0
 22823,   430,   23000000,    9305037,        0,  -13694963,          0
 22823,   431,   23000000,    9986977,        0,  -13013023,          0
 22823,   432,   23000000,   10638830,        0,  -12361170,          0
 22823,   433,   23000000,   12025323,        0,  -10974677,          0
 22823,   434,   23000000,    8898173,        0,  -14101827,          0
 22823,   435,   23000000,    9629738,        0,  -13370262,          0
 22823,   436,   23000000,   11116602,        0,  -11883398,          0
 22823,   437,   23000000,   11916998,        0,  -11083002,          0
 22823,   438,   23000000,    8953237,        0,  -14046763,          0
# task NAME=myapp PID=22826 COST=16812000 PERIOD=63000000 CPU=0
 22826,     2,   63000000,      28823,        0,  -62971177,          0
 22826,     3,   63000000,      94173,        0,  -62905827,          0
 22826,     4,   63000000,   28494885,        0,  -34505115,          0
 22826,     5,   63000000,   29176101,        0,  -33823899,          0
 22826,     6,   63000000,   26629648,        0,  -36370352,          0
 22826,     7,   63000000,   26591707,        0,  -36408293,          0
 22826,     8,   63000000,   27957655,        0,  -35042345,          0
 22826,     9,   63000000,   31348836,        0,  -31651164,          0
 22826,    10,   63000000,   25894386,        0,  -37105614,          0
 22826,    11,   63000000,   25945305,        0,  -37054695,          0
 22826,    12,   63000000,   27376041,        0,  -35623959,          0
 22826,    13,   63000000,   29560107,        0,  -33439893,          0
 22826,    14,   63000000,   26347036,        0,  -36652964,          0
 22826,    15,   63000000,   26602067,        0,  -36397933,          0
 22826,    16,   63000000,   27888395,        0,  -35111605,          0
 22826,    17,   63000000,   28929212,        0,  -34070788,          0
 22826,    18,   63000000,   26516030,        0,  -36483970,          0
 22826,    19,   63000000,   26959532,        0,  -36040468,          0
 22826,    20,   63000000,   28320462,        0,  -34679538,          0
 22826,    21,   63000000,   28874724,        0,  -34125276,          0
 22826,    22,   63000000,   26015337,        0,  -36984663,          0
 22826,    23,   63000000,   27435297,        0,  -35564703,          0
 22826,    24,   63000000,   27837663,        0,  -35162337,          0
 22826,    25,   63000000,   28889396,        0,  -34110604,          0
 22826,    26,   63000000,   28465998,        0,  -34534002,          0
 22826,    27,   63000000,   27026611,        0,  -35973389,          0
 22826,    28,   63000000,   27473349,        0,  -35526651,          0
 22826,    29,   63000000,   28671201,        0,  -34328799,          0
 22826,    30,   63000000,   26189309,        0,  -36810691,          0
 22826,    31,   63000000,   27042842,        0,  -35957158,          0
 22826,    32,   63000000,   27637460,        0,  -35362540,          0
 22826,    33,   63000000,   31286708,        0,  -31713292,          0
 22826,    34,   63000000,   26037830,        0,  -36962170,          0
 22826,    35,   63000000,   26878819,        0,  -36121181,          0
 22826,    36,   63000000,   27966243,        0,  -35033757,          0
 22826,    37,   63000000,   29094891,        0,  -33905109,          0
 22826,    38,   63000000,   26179070,        0,  -36820930,          0
 22826,    39,   63000000,   27786148,        0,  -35213852,          0
 22826,    40,   63000000,   26967925,        0,  -36032075,          0
 22826,    41,   63000000,   28672729,        0,  -34327271,          0
 22826,    42,   63000000,   28341402,        0,  -34658598,          0
 22826,    43,   63000000,   26815674,        0,  -36184326,          0
 22826,    44,   63000000,   30672919,        0,  -32327081,          0
 22826,    45,   63000000,   31381328,        0,  -31618672,          0
 22826,    46,   63000000,   25361973,        0,  -37638027,          0
 22826,    47,   63000000,   30740053,        0,  -32259947,          0
 22826,    48,   63000000,   27875500,        0,  -35124500,          0
 22826,    49,   63000000,   28477008,        0,  -34522992,          0
 22826,    50,   63000000,   25884118,        0,  -37115882,          0
 22826,    51,   63000000,   27144566,        0,  -35855434,          0
 22826,    52,   63000000,   30665988,        0,  -32334012,          0
 22826,    53,   63000000,   29809602,        0,  -33190398,          0
 22826,    54,   63000000,   25647745,        0,  -37352255,          0
 22826,    55,   63000000,   27043367,        0,  -35956633,          0
 22826,    56,   63000000,   28198592,        0,  -34801408,          0
 22826,    57,   63000000,   28324081,        0,  -34675919,          0
 22826,    58,   63000000,   25567962,        0,  -37432038,          0
 22826,    59,   63000000,   27064407,        0,  -35935593,          0
 22826,    60,   63000000,   31092776,        0,  -31907224,          0
 22826,    61,   63000000,   29156767,        0,  -33843233,          0
 22826,    62,   63000000,   28392713,        0,  -34607287,          0
 22826,    63,   63000000,   29911428,        0,  -33088572,          0
 22826,    64,   63000000,   26401245,        0,  -36598755,          0
 22826,    65,   63000000,   29875835,        0,  -33124165,          0
 22826,    66,   63000000,   25520864,        0,  -37479136,          0
 22826,    67,   63000000,   26850345,        0,  -36149655,          0
 22826,    68,   63000000,   31032187,        0,  -31967813,          0
 22826,    69,   63000000,   28775185,        0,  -34224815,          0
 22826,    70,   63000000,   25336122,        0,  -37663878,          0
 22826,    71,   63000000,   26961607,        0,  -36038393,          0
 22826,    72,   63000000,   28793350,        0,  -34206650,          0
 22826,    73,   63000000,   28578432,        0,  -34421568,          0
 22826,    74,   63000000,   25762978,        0,  -37237022,          0
 22826,    75,   63000000,   26553794,        0,  -36446206,          0
 22826,    76,   63000000,   27675672,        0,  -35324328,          0
 22826,    77,   63000000,   29411610,        0,  -33588390,          0
 22826,    78,   63000000,   25180839,        0,  -37819161,          0
 22826,    79,   63000000,   27171094,        0,  -35828906,          0
 22826,    80,   63000000,   28639294,        0,  -34360706,          0
 22826,    81,   63000000,   28311848,        0,  -34688152,          0
 22826,    82,   63000000,   24801164,        0,  -38198836,          0
 22826,    83,   63000000,   26168309,        0,  -36831691,          0
 22826,    84,   63000000,   27915843,        0,  -35084157,          0
 22826,    85,   63000000,   28209781,        0,  -34790219,          0
 22826,    86,   63000000,   25565050,        0,  -37434950,          0
 22826,    87,   63000000,   26622929,        0,  -36377071,          0
 22826,    88,   63000000,   28315388,        0,  -34684612,          0
 22826,    89,   63000000,   29824881,        0,  -33175119,          0
 22826,    90,   63000000,   25869625,        0,  -37130375,          0
 22826,    91,   63000000,   28022482,        0,  -34977518,          0
 22826,    92,   63000000,   28118336,        0,  -34881664,          0
 22826,    93,   63000000,   28917103,        0,  -34082897,          0
 22826,    94,   63000000,   26080866,        0,  -36919134,          0
 22826,    95,   63000000,   27126490,        0,  -35873510,          0
 22826,    96,   63000000,   27563285,        0,  -35436715,          0
 22826,    97,   63000000,   31662444,        0,  -31337556,          0
 22826,    98,   63000000,   25906576,        0,  -37093424,          0
 22826,    99,   63000000,   26584276,        0,  -36415724,          0
 22826,   100,   63000000,   27693637,        0,  -35306363,          0
 22826,   101,   63000000,   29528880,        0,  -33471120,          0
 22826,   102,   63000000,   26789587,        0,  -36210413,          0
 22826,   103,   63000000,   27252692,        0,  -35747308,          0
 22826,   104,   63000000,   27652358,        0,  -35347642,          0
 22826,   105,   63000000,   31613463,        0,  -31386537,          0
 22826,   106,   63000000,   25883968,        0,  -37116032,          0
 22826,   107,   63000000,   26624979,        0,  -36375021,          0
 22826,   108,   63000000,   28574478,        0,  -34425522,          0
 22826,   109,   63000000,   28904301,        0,  -34095699,          0
 22826,   110,   63000000,   25351140,        0,  -37648860,          0
 22826,   111,   63000000,   26806585,        0,  -36193415,          0
 22826,   112,   63000000,   27391484,        0,  -35608516,          0
 22826,   113,   63000000,   29691957,        0,  -33308043,          0
 22826,   114,   63000000,   25719042,        0,  -37280958,          0
 22826,   115,   63000000,   27016598,        0,  -35983402,          0
 22826,   116,   63000000,   28254413,        0,  -34745587,          0
 22826,   117,   63000000,   31419822,        0,  -31580178,          0
 22826,   118,   63000000,   26487873,        0,  -36512127,          0
 22826,   119,   63000000,   27613191,        0,  -35386809,          0
 22826,   120,   63000000,   28097667,        0,  -34902333,          0
 22826,   121,   63000000,   29713792,        0,  -33286208,          0
 22826,   122,   63000000,   25087180,        0,  -37912820,          0
 22826,   123,   63000000,   27266230,        0,  -35733770,          0
 22826,   124,   63000000,   27587510,        0,  -35412490,          0
 22826,   125,   63000000,   29634583,        0,  -33365417,          0
 22826,   126,   63000000,   26289440,        0,  -36710560,          0
 22826,   127,   63000000,   26734670,        0,  -36265330,          0
 22826,   128,   63000000,   27484556,        0,  -35515444,          0
 22826,   129,   63000000,   29391734,        0,  -33608266,          0
 22826,   130,   63000000,   25096516,        0,  -37903484,          0
 22826,   131,   63000000,   29261203,        0,  -33738797,          0
 22826,   132,   63000000,   27961189,        0,  -35038811,          0
 22826,   133,   63000000,   29506948,        0,  -33493052,          0
 22826,   134,   63000000,   25242479,        0,  -37757521,          0
 22826,   135,   63000000,   26428117,        0,  -36571883,          0
 22826,   136,   63000000,   27806799,        0,  -35193201,          0
 22826,   137,   63000000,   29569319,        0,  -33430681,          0
 22826,   138,   63000000,   26272510,        0,  -36727490,          0
 22826,   139,   63000000,   27280288,        0,  -35719712,          0
 22826,   140,   63000000,   30309279,        0,  -32690721,          0
 22826,   141,   63000000,   29252736,        0,  -33747264,          0
 22826,   142,   63000000,   24839109,        0,  -38160891,          0
 22826,   143,   63000000,   30127553,        0,  -32872447,          0
 22826,   144,   63000000,   27238137,        0,  -35761863,          0
 22826,   145,   63000000,   28078844,        0,  -34921156,          0
 22826,   146,   63000000,   26372780,        0,  -36627220,          0
 22826,   147,   63000000,   26937210,        0,  -36062790,          0
 22826,   148,   63000000,   25446754,        0,  -37553246,          0
 22826,   149,   63000000,   28369018,        0,  -34630982,          0
 22826,   150,   63000000,   26537452,        0,  -36462548,          0
 22826,   151,   63000000,   26309521,        0,  -36690479,          0
 22826,   152,   63000000,   28026440,        0,  -34973560,          0
 22826,   153,   63000000,   28575103,        0,  -34424897,          0
 22826,   154,   63000000,   25695642,        0,  -37304358,          0
 22826,   155,   63000000,   26051426,        0,  -36948574,          0
 22826,   156,   63000000,   27569748,        0,  -35430252,          0
 22826,   157,   63000000,   29390951,        0,  -33609049,          0
 22826,   158,   63000000,   25745504,        0,  -37254496,          0
 22826,   159,   63000000,   26970081,        0,  -36029919,          0
 22826,   160,   63000000,   28766417,        0,  -34233583,          0
 22826,   161,   63000000,   28887239,        0,  -34112761,          0
 22826,   162,   63000000,   25750333,        0,  -37249667,          0
# task NAME=myapp PID=22831 COST=6350000 PERIOD=28000000 CPU=0
 22831,     2,   28000000,      21949,        0,  -27978051,          0
 22831,     3,   28000000,      84147,        0,  -27915853,          0
 22831,     4,   28000000,    7317910,        0,  -20682090,          0
 22831,     5,   28000000,    9306105,        0,  -18693895,          0
 22831,     6,   28000000,    7757887,        0,  -20242113,          0
 22831,     7,   28000000,    9319589,        0,  -18680411,          0
 22831,     8,   28000000,    7282135,        0,  -20717865,          0
 22831,     9,   28000000,    9314552,        0,  -18685448,          0
 22831,    10,   28000000,    7550006,        0,  -20449994,          0
 22831,    11,   28000000,    7407208,        0,  -20592792,          0
 22831,    12,   28000000,    7450861,        0,  -20549139,          0
 22831,    13,   28000000,   10174979,        0,  -17825021,          0
 22831,    14,   28000000,   10118957,        0,  -17881043,          0
 22831,    15,   28000000,    9258672,        0,  -18741328,          0
 22831,    16,   28000000,   10083347,        0,  -17916653,          0
 22831,    17,   28000000,    9267654,        0,  -18732346,          0
 22831,    18,   28000000,    9317418,        0,  -18682582,          0
 22831,    19,   28000000,    8009993,        0,  -19990007,          0
 22831,    20,   28000000,    9285048,        0,  -18714952,          0
 22831,    21,   28000000,    7339540,        0,  -20660460,          0
 22831,    22,   28000000,    9295243,        0,  -18704757,          0
 22831,    23,   28000000,    9301664,        0,  -18698336,          0
 22831,    24,   28000000,    7282881,        0,  -20717119,          0
 22831,    25,   28000000,   10135670,        0,  -17864330,          0
 22831,    26,   28000000,    9319721,        0,  -18680279,          0
 22831,    27,   28000000,    7680487,        0,  -20319513,          0
 22831,    28,   28000000,    7596757,        0,  -20403243,          0
 22831,    29,   28000000,   10163911,        0,  -17836089,          0
 22831,    30,   28000000,    7681385,        0,  -20318615,          0
 22831,    31,   28000000,    9943587,        0,  -18056413,          0
 22831,    32,   28000000,    9538594,        0,  -18461406,          0
 22831,    33,   28000000,    7470066,        0,  -20529934,          0
 22831,    34,   28000000,    7341277,        0,  -20658723,          0
 22831,    35,   28000000,    9308017,        0,  -18691983,          0
 22831,    36,   28000000,    9721028,        0,  -18278972,          0
 22831,    37,   28000000,    9887665,        0,  -18112335,          0
 22831,    38,   28000000,    7284382,        0,  -20715618,          0
 22831,    39,   28000000,   10128820,        0,  -17871180,          0
 22831,    40,   28000000,    6705905,        0,  -21294095,          0
 22831,    41,   28000000,   10378125,        0,  -17621875,          0
 22831,    42,   28000000,    7777725,        0,  -20222275,          0
 22831,    43,   28000000,    7338586,        0,  -20661414,          0
 22831,    44,   28000000,    9669400,        0,  -18330600,          0
 22831,    45,   28000000,    7834222,        0,  -20165778,          0
 22831,    46,   28000000,    9282776,        0,  -18717224,          0
 22831,    47,   28000000,   10191710,        0,  -17808290,          0
 22831,    48,   28000000,   10095521,        0,  -17904479,          0
 22831,    49,   28000000,   10967190,        0,  -17032810,          0
 22831,    50,   28000000,    7616802,        0,  -20383198,          0
 22831,    51,   28000000,   10671160,        0,  -17328840,          0
 22831,    52,   28000000,   10171315,        0,  -17828685,          0
 22831,    53,   28000000,   10128152,        0,  -17871848,          0
 22831,    54,   28000000,    9270450,        0,  -18729550,          0
 22831,    55,   28000000,    9282078,        0,  -18717922,          0
 22831,    56,   28000000,    9316385,        0,  -18683615,          0
 22831,    57,   28000000,   10204189,        0,  -17795811,          0
 22831,    58,   28000000,   10103212,        0,  -17896788,          0
 22831,    59,   28000000,    9550443,        0,  -18449557,          0
 22831,    60,   28000000,    9318542,        0,  -18681458,          0
 22831,    61,   28000000,   10170344,        0,  -17829656,          0
 22831,    62,   28000000,    7297255,        0,  -20702745,          0
 22831,    63,   28000000,    7282301,        0,  -20717699,          0
 22831,    64,   28000000,    7254396,        0,  -20745604,          0
 22831,    65,   28000000,    7529158,        0,  -20470842,          0
 22831,    66,   28000000,   10194386,        0,  -17805614,          0
 22831,    67,   28000000,    7253120,        0,  -20746880,          0
 22831,    68,   28000000,    9552817,        0,  -18447183,          0
 22831,    69,   28000000,   10112100,        0,  -17887900,          0
 22831,    70,   28000000,    9295545,        0,  -18704455,          0
 22831,    71,   28000000,   10091318,        0,  -17908682,          0
 22831,    72,   28000000,   10032650,        0,  -17967350,          0
 22831,    73,   28000000,    7318116,        0,  -20681884,          0
 22831,    74,   28000000,    7355372,        0,  -20644628,          0
 22831,    75,   28000000,    9358797,        0,  -18641203,          0
 22831,    76,   28000000,    9278728,        0,  -18721272,          0
 22831,    77,   28000000,    7381058,        0,  -20618942,          0
 22831,    78,   28000000,    9547267,        0,  -18452733,          0
 22831,    79,   28000000,    7310392,        0,  -20689608,          0
 22831,    80,   28000000,    7269877,        0,  -20730123,          0
 22831,    81,   28000000,    6781133,        0,  -21218867,          0
 22831,    82,   28000000,   10084643,        0,  -17915357,          0
 22831,    83,   28000000,    9283530,        0,  -18716470,          0
 22831,    84,   28000000,    7338549,        0,  -20661451,          0
 22831,    85,   28000000,    7336880,        0,  -20663120,          0
 22831,    86,   28000000,    9264441,        0,  -18735559,          0
 22831,    87,   28000000,    9326122,        0,  -18673878,          0
 22831,    88,   28000000,    9500346,        0,  -18499654,          0
 22831,    89,   28000000,    7342869,        0,  -20657131,          0
 22831,    90,   28000000,    7359103,        0,  -20640897,          0
 22831,    91,   28000000,   10090703,        0,  -17909297,          0
 22831,    92,   28000000,    9288514,        0,  -18711486,          0
 22831,    93,   28000000,   11121326,        0,  -16878674,          0
 22831,    94,   28000000,    7270636,        0,  -20729364,          0
 22831,    95,   28000000,    6747716,        0,  -21252284,          0
 22831,    96,   28000000,   11041100,        0,  -16958900,          0
 22831,    97,   28000000,    9267713,        0,  -18732287,          0
 22831,    98,   28000000,    9376063,        0,  -18623937,          0
 22831,    99,   28000000,   10095055,        0,  -17904945,          0
 22831,   100,   28000000,    7444339,        0,  -20555661,          0
 22831,   101,   28000000,    9327049,        0,  -18672951,          0
 22831,   102,   28000000,   10130644,        0,  -17869356,          0
 22831,   103,   28000000,    7805660,        0,  -20194340,          0
 22831,   104,   28000000,    9257812,        0,  -18742188,          0
 22831,   105,   28000000,    9628882,        0,  -18371118,          0
 22831,   106,   28000000,    9283140,        0,  -18716860,          0
 22831,   107,   28000000,    7333347,        0,  -20666653,          0
 22831,   108,   28000000,    7589230,        0,  -20410770,          0
 22831,   109,   28000000,    7346433,        0,  -20653567,          0
 22831,   110,   28000000,    7306913,        0,  -20693087,          0
 22831,   111,   28000000,   10154082,        0,  -17845918,          0
 22831,   112,   28000000,    9423355,        0,  -18576645,          0
 22831,   113,   28000000,   10079257,        0,  -17920743,          0
 22831,   114,   28000000,    7249251,        0,  -20750749,          0
 22831,   115,   28000000,    9319416,        0,  -18680584,          0
 22831,   116,   28000000,   10161848,        0,  -17838152,          0
 22831,   117,   28000000,    9409764,        0,  -18590236,          0
 22831,   118,   28000000,    7329677,        0,  -20670323,          0
 22831,   119,   28000000,    9300156,        0,  -18699844,          0
 22831,   120,   28000000,    7493019,        0,  -20506981,          0
 22831,   121,   28000000,    9292677,        0,  -18707323,          0
 22831,   122,   28000000,   10343692,        0,  -17656308,          0
 22831,   123,   28000000,    9570847,        0,  -18429153,          0
 22831,   124,   28000000,    9918440,        0,  -18081560,          0
 22831,   125,   28000000,    9299301,        0,  -18700699,          0
 22831,   126,   28000000,   10389678,        0,  -17610322,          0
 22831,   127,   28000000,    7028559,        0,  -20971441,          0
 22831,   128,   28000000,    7289308,        0,  -20710692,          0
 22831,   129,   28000000,    7288237,        0,  -20711763,          0
 22831,   130,   28000000,    9281749,        0,  -18718251,          0
 22831,   131,   28000000,    7384886,        0,  -20615114,          0
 22831,   132,   28000000,   10089434,        0,  -17910566,          0
 22831,   133,   28000000,   10105705,        0,  -17894295,          0
 22831,   134,   28000000,    9308778,        0,  -18691222,          0
 22831,   135,   28000000,    7076128,        0,  -20923872,          0
 22831,   136,   28000000,    9733869,        0,  -18266131,          0
 22831,   137,   28000000,    7332872,        0,  -20667128,          0
 22831,   138,   28000000,   10165481,        0,  -17834519,          0
 22831,   139,   28000000,    9273417,        0,  -18726583,          0
 22831,   140,   28000000,    9307081,        0,  -18692919,          0
 22831,   141,   28000000,   10119953,        0,  -17880047,          0
 22831,   142,   28000000,    9286904,        0,  -18713096,          0
 22831,   143,   28000000,    9264079,        0,  -18735921,          0
 22831,   144,   28000000,    7266972,        0,  -20733028,          0
 22831,   145,   28000000,    7251922,        0,  -20748078,          0
 22831,   146,   28000000,    9314602,        0,  -18685398,          0
 22831,   147,   28000000,   10198074,        0,  -17801926,          0
 22831,   148,   28000000,    7616402,        0,  -20383598,          0
 22831,   149,   28000000,   10200791,        0,  -17799209,          0
 22831,   150,   28000000,    9697544,        0,  -18302456,          0
 22831,   151,   28000000,    9337079,        0,  -18662921,          0
 22831,   152,   28000000,    9315864,        0,  -18684136,          0
 22831,   153,   28000000,   10150050,        0,  -17849950,          0
 22831,   154,   28000000,    7147388,        0,  -20852612,          0
 22831,   155,   28000000,   10111732,        0,  -17888268,          0
 22831,   156,   28000000,   10127584,        0,  -17872416,          0
 22831,   157,   28000000,   10290481,        0,  -17709519,          0
 22831,   158,   28000000,    9317679,        0,  -18682321,          0
 22831,   159,   28000000,    9644778,        0,  -18355222,          0
 22831,   160,   28000000,    8037658,        0,  -19962342,          0
 22831,   161,   28000000,    7314156,        0,  -20685844,          0
 22831,   162,   28000000,    9409831,        0,  -18590169,          0
 22831,   163,   28000000,    7314083,        0,  -20685917,          0
 22831,   164,   28000000,    9406376,        0,  -18593624,          0
 22831,   165,   28000000,    7329986,        0,  -20670014,          0
 22831,   166,   28000000,    7236497,        0,  -20763503,          0
 22831,   167,   28000000,   10426159,        0,  -17573841,          0
 22831,   168,   28000000,   10204535,        0,  -17795465,          0
 22831,   169,   28000000,    9289764,        0,  -18710236,          0
 22831,   170,   28000000,    6775258,        0,  -21224742,          0
 22831,   171,   28000000,    9333507,        0,  -18666493,          0
 22831,   172,   28000000,    7602660,        0,  -20397340,          0
 22831,   173,   28000000,    7367750,        0,  -20632250,          0
 22831,   174,   28000000,   10134511,        0,  -17865489,          0
 22831,   175,   28000000,    9567530,        0,  -18432470,          0
 22831,   176,   28000000,   10131321,        0,  -17868679,          0
 22831,   177,   28000000,   10184643,        0,  -17815357,          0
 22831,   178,   28000000,    7594782,        0,  -20405218,          0
 22831,   179,   28000000,    6733492,        0,  -21266508,          0
 22831,   180,   28000000,   10260246,        0,  -17739754,          0
 22831,   181,   28000000,    7298970,        0,  -20701030,          0
 22831,   182,   28000000,    9330141,        0,  -18669859,          0
 22831,   183,   28000000,    6784327,        0,  -21215673,          0
 22831,   184,   28000000,    9344228,        0,  -18655772,          0
 22831,   185,   28000000,    9420958,        0,  -18579042,          0
 22831,   186,   28000000,    7334867,        0,  -20665133,          0
 22831,   187,   28000000,    7647800,        0,  -20352200,          0
 22831,   188,   28000000,    7323852,        0,  -20676148,          0
 22831,   189,   28000000,    7342049,        0,  -20657951,          0
 22831,   190,   28000000,    7409417,        0,  -20590583,          0
 22831,   191,   28000000,    7314211,        0,  -20685789,          0
 22831,   192,   28000000,    9803422,        0,  -18196578,          0
 22831,   193,   28000000,   10436467,        0,  -17563533,          0
 22831,   194,   28000000,    7357335,        0,  -20642665,          0
 22831,   195,   28000000,    7323265,        0,  -20676735,          0
 22831,   196,   28000000,   10151427,        0,  -17848573,          0
 22831,   197,   28000000,    7296522,        0,  -20703478,          0
 22831,   198,   28000000,    9535469,        0,  -18464531,          0
 22831,   199,   28000000,    7320452,        0,  -20679548,          0
 22831,   200,   28000000,    9322996,        0,  -18677004,          0
 22831,   201,   28000000,    7337185,        0,  -20662815,          0
 22831,   202,   28000000,    9327389,        0,  -18672611,          0
 22831,   203,   28000000,   10138348,        0,  -17861652,          0
 22831,   204,   28000000,   10149132,        0,  -17850868,          0
 22831,   205,   28000000,   10096306,        0,  -17903694,          0
 22831,   206,   28000000,   10079359,        0,  -17920641,          0
 22831,   207,   28000000,    9370041,        0,  -18629959,          0
 22831,   208,   28000000,    7628175,        0,  -20371825,          0
 22831,   209,   28000000,    9283233,        0,  -18716767,          0
 22831,   210,   28000000,    9315120,        0,  -18684880,          0
 22831,   211,   28000000,   10122267,        0,  -17877733,          0
 22831,   212,   28000000,   10147755,        0,  -17852245,          0
 22831,   213,   28000000,    7452003,        0,  -20547997,          0
 22831,   214,   28000000,    7817816,        0,  -20182184,          0
 22831,   215,   28000000,    9293689,        0,  -18706311,          0
 22831,   216,   28000000,    9287404,        0,  -18712596,          0
 22831,   217,   28000000,    9289079,        0,  -18710921,          0
 22831,   218,   28000000,    7332526,        0,  -20667474,          0
 22831,   219,   28000000,    7285622,        0,  -20714378,          0
 22831,   220,   28000000,    9305878,        0,  -18694122,          0
 22831,   221,   28000000,    9511000,        0,  -18489000,          0
 22831,   222,   28000000,    7292862,        0,  -20707138,          0
 22831,   223,   28000000,   10167849,        0,  -17832151,          0
 22831,   224,   28000000,    7307281,        0,  -20692719,          0
 22831,   225,   28000000,    9277504,        0,  -18722496,          0
 22831,   226,   28000000,    9283977,        0,  -18716023,          0
 22831,   227,   28000000,    9293485,        0,  -18706515,          0
 22831,   228,   28000000,   10107054,        0,  -17892946,          0
 22831,   229,   28000000,    9284679,        0,  -18715321,          0
 22831,   230,   28000000,    7304999,        0,  -20695001,          0
 22831,   231,   28000000,    7317787,        0,  -20682213,          0
 22831,   232,   28000000,    9555178,        0,  -18444822,          0
 22831,   233,   28000000,   10117779,        0,  -17882221,          0
 22831,   234,   28000000,   10142355,        0,  -17857645,          0
 22831,   235,   28000000,    7346694,        0,  -20653306,          0
 22831,   236,   28000000,    9251931,        0,  -18748069,          0
 22831,   237,   28000000,    7771422,        0,  -20228578,          0
 22831,   238,   28000000,    9297613,        0,  -18702387,          0
 22831,   239,   28000000,    9278192,        0,  -18721808,          0
 22831,   240,   28000000,   10156590,        0,  -17843410,          0
 22831,   241,   28000000,    7571827,        0,  -20428173,          0
 22831,   242,   28000000,    7295594,        0,  -20704406,          0
 22831,   243,   28000000,   10155744,        0,  -17844256,          0
 22831,   244,   28000000,    7625221,        0,  -20374779,          0
 22831,   245,   28000000,   10180717,        0,  -17819283,          0
 22831,   246,   28000000,    7351215,        0,  -20648785,          0
 22831,   247,   28000000,    9346272,        0,  -18653728,          0
 22831,   248,   28000000,    7287456,        0,  -20712544,          0
 22831,   249,   28000000,    7403941,        0,  -20596059,          0
 22831,   250,   28000000,    7295965,        0,  -20704035,          0
 22831,   251,   28000000,   10409140,        0,  -17590860,          0
 22831,   252,   28000000,   10239678,        0,  -17760322,          0
 22831,   253,   28000000,   10381974,        0,  -17618026,          0
 22831,   254,   28000000,    9271912,        0,  -18728088,          0
 22831,   255,   28000000,    9336638,        0,  -18663362,          0
 22831,   256,   28000000,   10421922,        0,  -17578078,          0
 22831,   257,   28000000,   10147592,        0,  -17852408,          0
 22831,   258,   28000000,    7484661,        0,  -20515339,          0
 22831,   259,   28000000,   10102175,        0,  -17897825,          0
 22831,   260,   28000000,   10022777,        0,  -17977223,          0
 22831,   261,   28000000,    7573044,        0,  -20426956,          0
 22831,   262,   28000000,    9266874,        0,  -18733126,          0
 22831,   263,   28000000,    9249897,        0,  -18750103,          0
 22831,   264,   28000000,    7361242,        0,  -20638758,          0
 22831,   265,   28000000,    9274888,        0,  -18725112,          0
 22831,   266,   28000000,    7321543,        0,  -20678457,          0
 22831,   267,   28000000,    7298156,        0,  -20701844,          0
 22831,   268,   28000000,    7446549,        0,  -20553451,          0
 22831,   269,   28000000,    7430001,        0,  -20569999,          0
 22831,   270,   28000000,    6720297,        0,  -21279703,          0
 22831,   271,   28000000,    7257425,        0,  -20742575,          0
 22831,   272,   28000000,    7326193,        0,  -20673807,          0
 22831,   273,   28000000,    7337475,        0,  -20662525,          0
 22831,   274,   28000000,    9276048,        0,  -18723952,          0
 22831,   275,   28000000,    7312312,        0,  -20687688,          0
 22831,   276,   28000000,    7292088,        0,  -20707912,          0
 22831,   277,   28000000,    7525852,        0,  -20474148,          0
 22831,   278,   28000000,    7327659,        0,  -20672341,          0
 22831,   279,   28000000,    7033338,        0,  -20966662,          0
 22831,   280,   28000000,    7333496,        0,  -20666504,          0
 22831,   281,   28000000,    9257298,        0,  -18742702,          0
 22831,   282,   28000000,   10221488,        0,  -17778512,          0
 22831,   283,   28000000,    7577604,        0,  -20422396,          0
 22831,   284,   28000000,    9286089,        0,  -18713911,          0
 22831,   285,   28000000,    6802770,        0,  -21197230,          0
 22831,   286,   28000000,   10142221,        0,  -17857779,          0
 22831,   287,   28000000,    7347192,        0,  -20652808,          0
 22831,   288,   28000000,    6758385,        0,  -21241615,          0
 22831,   289,   28000000,    7451756,        0,  -20548244,          0
 22831,   290,   28000000,    9298488,        0,  -18701512,          0
 22831,   291,   28000000,    9996684,        0,  -18003316,          0
 22831,   292,   28000000,    8064622,        0,  -19935378,          0
 22831,   293,   28000000,    7289453,        0,  -20710547,          0
 22831,   294,   28000000,    7303458,        0,  -20696542,          0
 22831,   295,   28000000,    9266373,        0,  -18733627,          0
 22831,   296,   28000000,    7396872,        0,  -20603128,          0
 22831,   297,   28000000,    7480031,        0,  -20519969,          0
 22831,   298,   28000000,    7329763,        0,  -20670237,          0
 22831,   299,   28000000,   10034282,        0,  -17965718,          0
 22831,   300,   28000000,    7805240,        0,  -20194760,          0
 22831,   301,   28000000,    9300922,        0,  -18699078,          0
 22831,   302,   28000000,    9287446,        0,  -18712554,          0
 22831,   303,   28000000,    7321926,        0,  -20678074,          0
 22831,   304,   28000000,    9271226,        0,  -18728774,          0
 22831,   305,   28000000,    9258842,        0,  -18741158,          0
 22831,   306,   28000000,    7785164,        0,  -20214836,          0
 22831,   307,   28000000,    7401668,        0,  -20598332,          0
 22831,   308,   28000000,    8055210,        0,  -19944790,          0
 22831,   309,   28000000,   10486955,        0,  -17513045,          0
 22831,   310,   28000000,    9746854,        0,  -18253146,          0
 22831,   311,   28000000,    7322190,        0,  -20677810,          0
 22831,   312,   28000000,    9300632,        0,  -18699368,          0
 22831,   313,   28000000,    9307490,        0,  -18692510,          0
 22831,   314,   28000000,    7540851,        0,  -20459149,          0
 22831,   315,   28000000,    7284795,        0,  -20715205,          0
 22831,   316,   28000000,    7327522,        0,  -20672478,          0
 22831,   317,   28000000,   10176093,        0,  -17823907,          0
 22831,   318,   28000000,    9614729,        0,  -18385271,          0
 22831,   319,   28000000,    9349341,        0,  -18650659,          0
 22831,   320,   28000000,    7332023,        0,  -20667977,          0
 22831,   321,   28000000,    7296189,        0,  -20703811,          0
 22831,   322,   28000000,    9321964,        0,  -18678036,          0
 22831,   323,   28000000,    7223237,        0,  -20776763,          0
 22831,   324,   28000000,    7613624,        0,  -20386376,          0
 22831,   325,   28000000,   10092929,        0,  -17907071,          0
 22831,   326,   28000000,    9367408,        0,  -18632592,          0
 22831,   327,   28000000,    7278580,        0,  -20721420,          0
 22831,   328,   28000000,    9250992,        0,  -18749008,          0
 22831,   329,   28000000,    7515211,        0,  -20484789,          0
 22831,   330,   28000000,    9270074,        0,  -18729926,          0
 22831,   331,   28000000,    9298726,        0,  -18701274,          0
 22831,   332,   28000000,    7298862,        0,  -20701138,          0
 22831,   333,   28000000,    9746416,        0,  -18253584,          0
 22831,   334,   28000000,    9296912,        0,  -18703088,          0
 22831,   335,   28000000,    9281140,        0,  -18718860,          0
 22831,   336,   28000000,    7794842,        0,  -20205158,          0
 22831,   337,   28000000,   11194527,        0,  -16805473,          0
 22831,   338,   28000000,    7416774,        0,  -20583226,          0
 22831,   339,   28000000,    7774177,        0,  -20225823,          0
 22831,   340,   28000000,    9292286,        0,  -18707714,          0
 22831,   341,   28000000,    9360268,        0,  -18639732,          0
 22831,   342,   28000000,   10151342,        0,  -17848658,          0
 22831,   343,   28000000,    9287548,        0,  -18712452,          0
 22831,   344,   28000000,    9901401,        0,  -18098599,          0
 22831,   345,   28000000,    9790424,        0,  -18209576,          0
 22831,   346,   28000000,    9289395,        0,  -18710605,          0
 22831,   347,   28000000,    7381872,        0,  -20618128,          0
 22831,   348,   28000000,    7558378,        0,  -20441622,          0
 22831,   349,   28000000,    7554561,        0,  -20445439,          0
 22831,   350,   28000000,    9281038,        0,  -18718962,          0
 22831,   351,   28000000,    7296908,        0,  -20703092,          0
 22831,   352,   28000000,    7437164,        0,  -20562836,          0
 22831,   353,   28000000,    7643621,        0,  -20356379,          0
 22831,   354,   28000000,   10219969,        0,  -17780031,          0
 22831,   355,   28000000,   10229565,        0,  -17770435,          0
 22831,   356,   28000000,    7302144,        0,  -20697856,          0
 22831,   357,   28000000,    7731326,        0,  -20268674,          0
 22831,   358,   28000000,    7053222,        0,  -20946778,          0
 22831,   359,   28000000,    9267384,        0,  -18732616,          0
 22831,   360,   28000000,    9311805,        0,  -18688195,          0
 22831,   361,   28000000,    7309822,        0,  -20690178,          0
