140 9 131
140 11 129
238 14 224
207 12 195
528 29 499
140 10 130
419 21 398
439 21 418
213 13 200
140 9 131
111 7 104
461 27 434
218 14 204
160 10 150
139 8 131
505 27 478
282 16 266
113 7 106
160 10 150
111 7 104
127 7 120
153 9 144
120 7 113
137 8 129
155 9 146
326 14 312
364 21 343
108 7 101
108 7 101
185 13 172
204 12 192
156 9 147
247 14 233
507 26 481
170 11 159
504 27 477
128 8 120
274 16 258
290 18 272
206 12 194
441 23 418
209 12 197
126 8 118
348 19 329
175 10 165
481 23 458
208 12 196
190 11 179
161 10 151
282 16 266
213 12 201
236 14 222
131 8 123
121 9 112
144 9 135
133 9 124
170 10 160
122 9 113
192 11 181
114 7 107
126 8 118
168 10 158
108 7 101
153 10 143
422 23 399
136 9 127
146 9 137
136 8 128
554 31 523
135 8 127
153 9 144
195 11 184
291 18 273
481 25 456
173 11 162
128 8 120
596 32 564
458 23 435
165 10 155
208 13 195
483 25 458
167 10 157
183 11 172
239 13 226
144 9 135
120 7 113
592 29 563
298 18 280
145 9 136
177 10 167
127 7 120
290 16 274
174 10 164
228 13 215
