150 150 0
179 179 0
172 172 0
633 633 0
360 360 0
272 272 0
245 245 0
644 644 0
604 604 0
131 131 0
511 511 0
117 117 0
145 145 0
130 130 0
175 175 0
116 116 0
344 344 0
341 341 0
228 228 0
1016 1016 0
149 149 0
172 172 0
274 274 0
184 184 0
142 142 0
848 848 0
134 134 0
380 380 0
119 119 0
125 125 0
225 225 0
604 604 0
1016 1016 0
183 183 0
148 148 0
184 184 0
206 206 0
119 119 0
122 122 0
172 172 0
919 919 0
578 578 0
113 113 0
387 387 0
122 122 0
423 423 0
124 124 0
162 162 0
597 597 0
142 142 0
141 141 0
148 148 0
117 117 0
330 330 0
133 133 0
155 155 0
131 131 0
