247 241 6
497 489 8
254 245 9
115 113 2
242 239 3
153 151 2
122 110 12
132 121 11
427 421 6
221 217 4
238 238 0
303 298 5
121 119 2
183 180 3
129 124 5
171 161 10
127 121 6
182 172 10
256 253 3
113 98 15
118 116 2
147 145 2
158 156 2
105 102 3
195 192 3
130 127 3
206 202 4
102 99 3
123 121 2
269 260 9
535 512 23
108 105 3
794 686 108
114 103 11
159 159 0
140 133 7
173 161 12
112 108 4
112 96 16
710 640 70
763 662 101
279 277 2
162 159 3
98 98 0
139 132 7
393 383 10
388 383 5
100 90 10
310 307 3
135 130 5
118 116 2
191 188 3
113 98 15
305 303 2
142 134 8
319 319 0
113 111 2
159 159 0
652 590 62
102 93 9
661 616 45
355 346 9
172 168 4
