308 302 6
376 371 5
226 223 3
109 109 0
125 125 0
671 621 50
143 143 0
134 134 0
775 714 61
483 461 22
298 295 3
306 301 5
195 194 1
106 106 0
200 199 1
718 641 77
113 113 0
205 204 1
122 121 1
121 121 0
208 208 0
630 581 49
559 524 35
309 302 7
460 443 17
183 183 0
123 122 1
420 407 13
420 411 9
124 124 0
262 261 1
144 144 0
159 159 0
721 644 77
595 549 46
113 113 0
117 117 0
259 257 2
388 382 6
141 141 0
337 330 7
459 438 21
375 370 5
134 134 0
529 499 30
112 112 0
137 137 0
237 237 0
120 120 0
200 199 1
915 824 91
136 136 0
460 442 18
671 614 57
298 297 1
120 120 0
165 164 1
110 110 0
119 119 0
719 658 61
460 437 23
208 207 1
115 115 0
164 163 1
