309 301 8
187 184 3
485 456 29
240 234 6
180 177 3
127 126 1
104 103 1
233 229 4
157 155 2
459 422 37
182 182 0
147 146 1
437 399 38
119 119 0
125 123 2
230 228 2
107 106 1
139 138 1
122 122 0
251 245 6
154 154 0
318 308 10
172 171 1
180 180 0
777 693 84
153 152 1
152 150 2
207 203 4
146 145 1
439 402 37
176 174 2
245 241 4
111 111 0
103 101 2
137 136 1
113 113 0
168 167 1
281 274 7
106 106 0
261 256 5
181 179 2
148 147 1
123 121 2
124 124 0
155 153 2
172 170 2
1005 814 191
162 160 2
154 153 1
111 110 1
460 425 35
669 578 91
173 171 2
529 489 40
198 196 2
178 177 1
247 242 5
437 399 38
157 155 2
148 146 2
176 175 1
126 125 1
103 102 1
149 148 1
129 127 2
