# Task,   Job,     Period,   Response, DL Miss?,   Lateness,  Tardiness
# task NAME=myapp PID=31515 COST=9675000 PERIOD=48000000 CPU=0
 31515,     2,   48000000,       6249,        0,  -47993751,          0
 31515,     3,   48000000,    1651874,        0,  -46348126,          0
 31515,     4,   48000000,   16876258,        0,  -31123742,          0
 31515,     5,   48000000,   17148354,        0,  -30851646,          0
 31515,     6,   48000000,   19156999,        0,  -28843001,          0
 31515,     7,   48000000,   17058982,        0,  -30941018,          0
 31515,     8,   48000000,   16931290,        0,  -31068710,          0
 31515,     9,   48000000,   16920946,        0,  -31079054,          0
 31515,    10,   48000000,   16903813,        0,  -31096187,          0
 31515,    11,   48000000,   16911682,        0,  -31088318,          0
 31515,    12,   48000000,   16919714,        0,  -31080286,          0
 31515,    13,   48000000,   16986124,        0,  -31013876,          0
 31515,    14,   48000000,   16912419,        0,  -31087581,          0
 31515,    15,   48000000,   16883262,        0,  -31116738,          0
 31515,    16,   48000000,   17000141,        0,  -30999859,          0
 31515,    17,   48000000,   16861509,        0,  -31138491,          0
 31515,    18,   48000000,   17146127,        0,  -30853873,          0
 31515,    19,   48000000,   16844884,        0,  -31155116,          0
 31515,    20,   48000000,   16872041,        0,  -31127959,          0
 31515,    21,   48000000,   16883282,        0,  -31116718,          0
 31515,    22,   48000000,   16991528,        0,  -31008472,          0
 31515,    23,   48000000,   17079817,        0,  -30920183,          0
 31515,    24,   48000000,   18856611,        0,  -29143389,          0
 31515,    25,   48000000,   16936612,        0,  -31063388,          0
 31515,    26,   48000000,   16912020,        0,  -31087980,          0
 31515,    27,   48000000,   16971979,        0,  -31028021,          0
 31515,    28,   48000000,   16847026,        0,  -31152974,          0
 31515,    29,   48000000,   16869859,        0,  -31130141,          0
 31515,    30,   48000000,   16916522,        0,  -31083478,          0
 31515,    31,   48000000,   16887786,        0,  -31112214,          0
 31515,    32,   48000000,   16931214,        0,  -31068786,          0
 31515,    33,   48000000,   16883643,        0,  -31116357,          0
 31515,    34,   48000000,   16846577,        0,  -31153423,          0
 31515,    35,   48000000,   16840671,        0,  -31159329,          0
 31515,    36,   48000000,   16933160,        0,  -31066840,          0
 31515,    37,   48000000,   16927632,        0,  -31072368,          0
 31515,    38,   48000000,   16900947,        0,  -31099053,          0
 31515,    39,   48000000,   16957155,        0,  -31042845,          0
 31515,    40,   48000000,   16880082,        0,  -31119918,          0
 31515,    41,   48000000,   16876281,        0,  -31123719,          0
 31515,    42,   48000000,   16916830,        0,  -31083170,          0
 31515,    43,   48000000,   16862230,        0,  -31137770,          0
 31515,    44,   48000000,   16954003,        0,  -31045997,          0
 31515,    45,   48000000,   16928533,        0,  -31071467,          0
 31515,    46,   48000000,   16897802,        0,  -31102198,          0
 31515,    47,   48000000,   17011900,        0,  -30988100,          0
 31515,    48,   48000000,   16867214,        0,  -31132786,          0
 31515,    49,   48000000,   16874323,        0,  -31125677,          0
 31515,    50,   48000000,   18755528,        0,  -29244472,          0
 31515,    51,   48000000,   17526034,        0,  -30473966,          0
 31515,    52,   48000000,   17177384,        0,  -30822616,          0
 31515,    53,   48000000,   16884661,        0,  -31115339,          0
 31515,    54,   48000000,   18873176,        0,  -29126824,          0
 31515,    55,   48000000,   16907404,        0,  -31092596,          0
 31515,    56,   48000000,   16898834,        0,  -31101166,          0
 31515,    57,   48000000,   18450572,        0,  -29549428,          0
 31515,    58,   48000000,   16935652,        0,  -31064348,          0
 31515,    59,   48000000,   16876513,        0,  -31123487,          0
 31515,    60,   48000000,   16874613,        0,  -31125387,          0
 31515,    61,   48000000,   16953084,        0,  -31046916,          0
 31515,    62,   48000000,   16938137,        0,  -31061863,          0
 31515,    63,   48000000,   16852377,        0,  -31147623,          0
 31515,    64,   48000000,   16842540,        0,  -31157460,          0
 31515,    65,   48000000,   16924977,        0,  -31075023,          0
 31515,    66,   48000000,   16927633,        0,  -31072367,          0
 31515,    67,   48000000,   18860700,        0,  -29139300,          0
 31515,    68,   48000000,   16928325,        0,  -31071675,          0
 31515,    69,   48000000,   16863724,        0,  -31136276,          0
 31515,    70,   48000000,   18055302,        0,  -29944698,          0
 31515,    71,   48000000,   16898421,        0,  -31101579,          0
 31515,    72,   48000000,   16884438,        0,  -31115562,          0
 31515,    73,   48000000,   16859397,        0,  -31140603,          0
 31515,    74,   48000000,   16876562,        0,  -31123438,          0
 31515,    75,   48000000,   16916872,        0,  -31083128,          0
 31515,    76,   48000000,   18224962,        0,  -29775038,          0
 31515,    77,   48000000,   16934772,        0,  -31065228,          0
 31515,    78,   48000000,   17172887,        0,  -30827113,          0
 31515,    79,   48000000,   16890076,        0,  -31109924,          0
 31515,    80,   48000000,   16902957,        0,  -31097043,          0
 31515,    81,   48000000,   16885536,        0,  -31114464,          0
 31515,    82,   48000000,   16892994,        0,  -31107006,          0
 31515,    83,   48000000,   16933046,        0,  -31066954,          0
 31515,    84,   48000000,   16910336,        0,  -31089664,          0
 31515,    85,   48000000,   16964680,        0,  -31035320,          0
 31515,    86,   48000000,   18933249,        0,  -29066751,          0
 31515,    87,   48000000,   16889772,        0,  -31110228,          0
 31515,    88,   48000000,   16853738,        0,  -31146262,          0
 31515,    89,   48000000,   17644666,        0,  -30355334,          0
 31515,    90,   48000000,   16865884,        0,  -31134116,          0
 31515,    91,   48000000,   16909899,        0,  -31090101,          0
 31515,    92,   48000000,   16918163,        0,  -31081837,          0
 31515,    93,   48000000,   16938416,        0,  -31061584,          0
 31515,    94,   48000000,   16851806,        0,  -31148194,          0
 31515,    95,   48000000,   16858007,        0,  -31141993,          0
 31515,    96,   48000000,   16875851,        0,  -31124149,          0
 31515,    97,   48000000,   16873837,        0,  -31126163,          0
 31515,    98,   48000000,   16864818,        0,  -31135182,          0
 31515,    99,   48000000,   16898657,        0,  -31101343,          0
 31515,   100,   48000000,   16997198,        0,  -31002802,          0
 31515,   101,   48000000,   16910774,        0,  -31089226,          0
 31515,   102,   48000000,   16848813,        0,  -31151187,          0
 31515,   103,   48000000,   16870311,        0,  -31129689,          0
 31515,   104,   48000000,   17185464,        0,  -30814536,          0
 31515,   105,   48000000,   18058024,        0,  -29941976,          0
 31515,   106,   48000000,   16901927,        0,  -31098073,          0
 31515,   107,   48000000,   18646777,        0,  -29353223,          0
 31515,   108,   48000000,   16917378,        0,  -31082622,          0
 31515,   109,   48000000,   18833069,        0,  -29166931,          0
 31515,   110,   48000000,   16893035,        0,  -31106965,          0
 31515,   111,   48000000,   16887855,        0,  -31112145,          0
 31515,   112,   48000000,   16844458,        0,  -31155542,          0
 31515,   113,   48000000,   16877202,        0,  -31122798,          0
 31515,   114,   48000000,   16886378,        0,  -31113622,          0
 31515,   115,   48000000,   19048559,        0,  -28951441,          0
 31515,   116,   48000000,   16856345,        0,  -31143655,          0
 31515,   117,   48000000,   18833565,        0,  -29166435,          0
 31515,   118,   48000000,   16881416,        0,  -31118584,          0
 31515,   119,   48000000,   16884333,        0,  -31115667,          0
 31515,   120,   48000000,   16965933,        0,  -31034067,          0
 31515,   121,   48000000,   16856528,        0,  -31143472,          0
 31515,   122,   48000000,   16879439,        0,  -31120561,          0
 31515,   123,   48000000,   16906298,        0,  -31093702,          0
 31515,   124,   48000000,   18906520,        0,  -29093480,          0
 31515,   125,   48000000,   16931346,        0,  -31068654,          0
 31515,   126,   48000000,   16967418,        0,  -31032582,          0
 31515,   127,   48000000,   16815735,        0,  -31184265,          0
 31515,   128,   48000000,   16862266,        0,  -31137734,          0
 31515,   129,   48000000,   16936475,        0,  -31063525,          0
 31515,   130,   48000000,   16885879,        0,  -31114121,          0
 31515,   131,   48000000,   18995693,        0,  -29004307,          0
 31515,   132,   48000000,   16898361,        0,  -31101639,          0
 31515,   133,   48000000,   16889990,        0,  -31110010,          0
 31515,   134,   48000000,   16890539,        0,  -31109461,          0
 31515,   135,   48000000,   16893593,        0,  -31106407,          0
 31515,   136,   48000000,   16876362,        0,  -31123638,          0
 31515,   137,   48000000,   16887234,        0,  -31112766,          0
 31515,   138,   48000000,   16865272,        0,  -31134728,          0
 31515,   139,   48000000,   16898528,        0,  -31101472,          0
 31515,   140,   48000000,   16867087,        0,  -31132913,          0
 31515,   141,   48000000,   16920425,        0,  -31079575,          0
 31515,   142,   48000000,   16967475,        0,  -31032525,          0
 31515,   143,   48000000,   17143631,        0,  -30856369,          0
 31515,   144,   48000000,   16887367,        0,  -31112633,          0
 31515,   145,   48000000,   16920356,        0,  -31079644,          0
 31515,   146,   48000000,   16887644,        0,  -31112356,          0
 31515,   147,   48000000,   16930895,        0,  -31069105,          0
 31515,   148,   48000000,   17076374,        0,  -30923626,          0
 31515,   149,   48000000,   16846104,        0,  -31153896,          0
 31515,   150,   48000000,   16902001,        0,  -31097999,          0
 31515,   151,   48000000,   16913662,        0,  -31086338,          0
 31515,   152,   48000000,   16946346,        0,  -31053654,          0
 31515,   153,   48000000,   16938191,        0,  -31061809,          0
 31515,   154,   48000000,   17491595,        0,  -30508405,          0
 31515,   155,   48000000,   16844047,        0,  -31155953,          0
 31515,   156,   48000000,   16877722,        0,  -31122278,          0
 31515,   157,   48000000,   16897471,        0,  -31102529,          0
 31515,   158,   48000000,   16867267,        0,  -31132733,          0
 31515,   159,   48000000,   16942282,        0,  -31057718,          0
 31515,   160,   48000000,   16872955,        0,  -31127045,          0
 31515,   161,   48000000,   16850699,        0,  -31149301,          0
 31515,   162,   48000000,   16817169,        0,  -31182831,          0
 31515,   163,   48000000,   16850948,        0,  -31149052,          0
 31515,   164,   48000000,   19053503,        0,  -28946497,          0
 31515,   165,   48000000,   16888807,        0,  -31111193,          0
 31515,   166,   48000000,   16900433,        0,  -31099567,          0
 31515,   167,   48000000,   16788142,        0,  -31211858,          0
 31515,   168,   48000000,   18184065,        0,  -29815935,          0
 31515,   169,   48000000,   16860278,        0,  -31139722,          0
 31515,   170,   48000000,   16920580,        0,  -31079420,          0
 31515,   171,   48000000,   16926709,        0,  -31073291,          0
 31515,   172,   48000000,   18854142,        0,  -29145858,          0
 31515,   173,   48000000,   16858892,        0,  -31141108,          0
 31515,   174,   48000000,   18851887,        0,  -29148113,          0
 31515,   175,   48000000,   17869223,        0,  -30130777,          0
 31515,   176,   48000000,   16924315,        0,  -31075685,          0
 31515,   177,   48000000,   17103747,        0,  -30896253,          0
 31515,   178,   48000000,   16916956,        0,  -31083044,          0
 31515,   179,   48000000,   16873761,        0,  -31126239,          0
 31515,   180,   48000000,   16882222,        0,  -31117778,          0
 31515,   181,   48000000,   16811881,        0,  -31188119,          0
 31515,   182,   48000000,   17210867,        0,  -30789133,          0
 31515,   183,   48000000,   16927461,        0,  -31072539,          0
 31515,   184,   48000000,   16913816,        0,  -31086184,          0
 31515,   185,   48000000,   16900719,        0,  -31099281,          0
 31515,   186,   48000000,   16870734,        0,  -31129266,          0
 31515,   187,   48000000,   16940848,        0,  -31059152,          0
 31515,   188,   48000000,   16902880,        0,  -31097120,          0
 31515,   189,   48000000,   16928792,        0,  -31071208,          0
 31515,   190,   48000000,   16874224,        0,  -31125776,          0
 31515,   191,   48000000,   16887253,        0,  -31112747,          0
 31515,   192,   48000000,   16923263,        0,  -31076737,          0
 31515,   193,   48000000,   16882950,        0,  -31117050,          0
 31515,   194,   48000000,   16900131,        0,  -31099869,          0
 31515,   195,   48000000,   17148396,        0,  -30851604,          0
 31515,   196,   48000000,   16899229,        0,  -31100771,          0
 31515,   197,   48000000,   17248808,        0,  -30751192,          0
 31515,   198,   48000000,   16889004,        0,  -31110996,          0
 31515,   199,   48000000,   16874203,        0,  -31125797,          0
 31515,   200,   48000000,   16855819,        0,  -31144181,          0
 31515,   201,   48000000,   16948657,        0,  -31051343,          0
 31515,   202,   48000000,   17011511,        0,  -30988489,          0
 31515,   203,   48000000,   17198045,        0,  -30801955,          0
 31515,   204,   48000000,   16803540,        0,  -31196460,          0
 31515,   205,   48000000,   16897664,        0,  -31102336,          0
 31515,   206,   48000000,   16910090,        0,  -31089910,          0
 31515,   207,   48000000,   16888501,        0,  -31111499,          0
 31515,   208,   48000000,   17916845,        0,  -30083155,          0
 31515,   209,   48000000,   16902942,        0,  -31097058,          0
 31515,   210,   48000000,   16909502,        0,  -31090498,          0
 31515,   211,   48000000,   16933022,        0,  -31066978,          0
 31515,   212,   48000000,   16866813,        0,  -31133187,          0
# task NAME=myapp PID=31518 COST=18600000 PERIOD=70000000 CPU=0
 31518,     2,   70000000,       6425,        0,  -69993575,          0
 31518,     3,   70000000,    1666512,        0,  -68333488,          0
 31518,     4,   70000000,   33442065,        0,  -36557935,          0
 31518,     5,   70000000,   35458896,        0,  -34541104,          0
 31518,     6,   70000000,   33744114,        0,  -36255886,          0
 31518,     7,   70000000,   33464088,        0,  -36535912,          0
 31518,     8,   70000000,   31511631,        0,  -38488369,          0
 31518,     9,   70000000,   33450449,        0,  -36549551,          0
 31518,    10,   70000000,   31562467,        0,  -38437533,          0
 31518,    11,   70000000,   33421580,        0,  -36578420,          0
 31518,    12,   70000000,   31415218,        0,  -38584782,          0
 31518,    13,   70000000,   35679885,        0,  -34320115,          0
 31518,    14,   70000000,   31420112,        0,  -38579888,          0
 31518,    15,   70000000,   33370209,        0,  -36629791,          0
 31518,    16,   70000000,   31515841,        0,  -38484159,          0
 31518,    17,   70000000,   33620547,        0,  -36379453,          0
 31518,    18,   70000000,   31414922,        0,  -38585078,          0
 31518,    19,   70000000,   33421396,        0,  -36578604,          0
 31518,    20,   70000000,   31332728,        0,  -38667272,          0
 31518,    21,   70000000,   33324772,        0,  -36675228,          0
 31518,    22,   70000000,   31452613,        0,  -38547387,          0
 31518,    23,   70000000,   33438823,        0,  -36561177,          0
 31518,    24,   70000000,   31353354,        0,  -38646646,          0
 31518,    25,   70000000,   33487528,        0,  -36512472,          0
 31518,    26,   70000000,   31475641,        0,  -38524359,          0
 31518,    27,   70000000,   33453683,        0,  -36546317,          0
 31518,    28,   70000000,   31402169,        0,  -38597831,          0
 31518,    29,   70000000,   33516769,        0,  -36483231,          0
 31518,    30,   70000000,   34699214,        0,  -35300786,          0
 31518,    31,   70000000,   35443263,        0,  -34556737,          0
 31518,    32,   70000000,   31635380,        0,  -38364620,          0
 31518,    33,   70000000,   35690479,        0,  -34309521,          0
 31518,    34,   70000000,   31485960,        0,  -38514040,          0
 31518,    35,   70000000,   33367083,        0,  -36632917,          0
 31518,    36,   70000000,   35399334,        0,  -34600666,          0
 31518,    37,   70000000,   33370443,        0,  -36629557,          0
 31518,    38,   70000000,   31328211,        0,  -38671789,          0
 31518,    39,   70000000,   33470270,        0,  -36529730,          0
 31518,    40,   70000000,   33666228,        0,  -36333772,          0
 31518,    41,   70000000,   33425443,        0,  -36574557,          0
 31518,    42,   70000000,   31328615,        0,  -38671385,          0
 31518,    43,   70000000,   33433638,        0,  -36566362,          0
 31518,    44,   70000000,   31441989,        0,  -38558011,          0
 31518,    45,   70000000,   33523768,        0,  -36476232,          0
 31518,    46,   70000000,   31415956,        0,  -38584044,          0
 31518,    47,   70000000,   35753727,        0,  -34246273,          0
 31518,    48,   70000000,   31366430,        0,  -38633570,          0
 31518,    49,   70000000,   35738236,        0,  -34261764,          0
 31518,    50,   70000000,   31362410,        0,  -38637590,          0
 31518,    51,   70000000,   33431852,        0,  -36568148,          0
 31518,    52,   70000000,   31472029,        0,  -38527971,          0
 31518,    53,   70000000,   33473003,        0,  -36526997,          0
 31518,    54,   70000000,   31406009,        0,  -38593991,          0
 31518,    55,   70000000,   33397038,        0,  -36602962,          0
 31518,    56,   70000000,   33707978,        0,  -36292022,          0
 31518,    57,   70000000,   33422992,        0,  -36577008,          0
 31518,    58,   70000000,   31467842,        0,  -38532158,          0
 31518,    59,   70000000,   33500700,        0,  -36499300,          0
 31518,    60,   70000000,   31323419,        0,  -38676581,          0
 31518,    61,   70000000,   33364979,        0,  -36635021,          0
 31518,    62,   70000000,   32416683,        0,  -37583317,          0
 31518,    63,   70000000,   35768090,        0,  -34231910,          0
 31518,    64,   70000000,   31404560,        0,  -38595440,          0
 31518,    65,   70000000,   33455862,        0,  -36544138,          0
 31518,    66,   70000000,   31476930,        0,  -38523070,          0
 31518,    67,   70000000,   33517402,        0,  -36482598,          0
 31518,    68,   70000000,   31403969,        0,  -38596031,          0
 31518,    69,   70000000,   33480031,        0,  -36519969,          0
 31518,    70,   70000000,   31408750,        0,  -38591250,          0
 31518,    71,   70000000,   33453646,        0,  -36546354,          0
 31518,    72,   70000000,   33957956,        0,  -36042044,          0
 31518,    73,   70000000,   33449103,        0,  -36550897,          0
 31518,    74,   70000000,   31456028,        0,  -38543972,          0
 31518,    75,   70000000,   33450816,        0,  -36549184,          0
 31518,    76,   70000000,   35398761,        0,  -34601239,          0
 31518,    77,   70000000,   33489320,        0,  -36510680,          0
 31518,    78,   70000000,   31463756,        0,  -38536244,          0
 31518,    79,   70000000,   37745583,        0,  -32254417,          0
 31518,    80,   70000000,   31457745,        0,  -38542255,          0
 31518,    81,   70000000,   33439450,        0,  -36560550,          0
 31518,    82,   70000000,   31399261,        0,  -38600739,          0
 31518,    83,   70000000,   33379065,        0,  -36620935,          0
 31518,    84,   70000000,   31364188,        0,  -38635812,          0
 31518,    85,   70000000,   34032471,        0,  -35967529,          0
 31518,    86,   70000000,   31463703,        0,  -38536297,          0
 31518,    87,   70000000,   33448892,        0,  -36551108,          0
 31518,    88,   70000000,   31339168,        0,  -38660832,          0
 31518,    89,   70000000,   33448060,        0,  -36551940,          0
 31518,    90,   70000000,   31377176,        0,  -38622824,          0
 31518,    91,   70000000,   33470094,        0,  -36529906,          0
 31518,    92,   70000000,   31407261,        0,  -38592739,          0
 31518,    93,   70000000,   33394846,        0,  -36605154,          0
 31518,    94,   70000000,   31409005,        0,  -38590995,          0
 31518,    95,   70000000,   33397043,        0,  -36602957,          0
 31518,    96,   70000000,   31421398,        0,  -38578602,          0
 31518,    97,   70000000,   35784952,        0,  -34215048,          0
 31518,    98,   70000000,   34560394,        0,  -35439606,          0
 31518,    99,   70000000,   35707882,        0,  -34292118,          0
 31518,   100,   70000000,   31327668,        0,  -38672332,          0
 31518,   101,   70000000,   33378960,        0,  -36621040,          0
 31518,   102,   70000000,   31426411,        0,  -38573589,          0
 31518,   103,   70000000,   33386149,        0,  -36613851,          0
 31518,   104,   70000000,   31362512,        0,  -38637488,          0
 31518,   105,   70000000,   33449638,        0,  -36550362,          0
 31518,   106,   70000000,   33767867,        0,  -36232133,          0
 31518,   107,   70000000,   33423385,        0,  -36576615,          0
 31518,   108,   70000000,   31465885,        0,  -38534115,          0
 31518,   109,   70000000,   33434860,        0,  -36565140,          0
 31518,   110,   70000000,   35457107,        0,  -34542893,          0
 31518,   111,   70000000,   33424719,        0,  -36575281,          0
 31518,   112,   70000000,   31367963,        0,  -38632037,          0
 31518,   113,   70000000,   37745841,        0,  -32254159,          0
 31518,   114,   70000000,   31358671,        0,  -38641329,          0
 31518,   115,   70000000,   33422622,        0,  -36577378,          0
 31518,   116,   70000000,   31377174,        0,  -38622826,          0
 31518,   117,   70000000,   33480393,        0,  -36519607,          0
 31518,   118,   70000000,   31494445,        0,  -38505555,          0
 31518,   119,   70000000,   33472714,        0,  -36527286,          0
 31518,   120,   70000000,   31424470,        0,  -38575530,          0
 31518,   121,   70000000,   33401404,        0,  -36598596,          0
 31518,   122,   70000000,   31411092,        0,  -38588908,          0
 31518,   123,   70000000,   33429045,        0,  -36570955,          0
 31518,   124,   70000000,   31527944,        0,  -38472056,          0
 31518,   125,   70000000,   33346652,        0,  -36653348,          0
 31518,   126,   70000000,   31468464,        0,  -38531536,          0
 31518,   127,   70000000,   33433082,        0,  -36566918,          0
 31518,   128,   70000000,   31381659,        0,  -38618341,          0
 31518,   129,   70000000,   33400305,        0,  -36599695,          0
 31518,   130,   70000000,   31464958,        0,  -38535042,          0
 31518,   131,   70000000,   33458949,        0,  -36541051,          0
 31518,   132,   70000000,   31415931,        0,  -38584069,          0
 31518,   133,   70000000,   33905073,        0,  -36094927,          0
 31518,   134,   70000000,   31363825,        0,  -38636175,          0
 31518,   135,   70000000,   33396262,        0,  -36603738,          0
 31518,   136,   70000000,   31385751,        0,  -38614249,          0
 31518,   137,   70000000,   33539770,        0,  -36460230,          0
 31518,   138,   70000000,   31381973,        0,  -38618027,          0
 31518,   139,   70000000,   33440130,        0,  -36559870,          0
 31518,   140,   70000000,   31321541,        0,  -38678459,          0
 31518,   141,   70000000,   33375487,        0,  -36624513,          0
 31518,   142,   70000000,   31425073,        0,  -38574927,          0
 31518,   143,   70000000,   33475425,        0,  -36524575,          0
 31518,   144,   70000000,   31344226,        0,  -38655774,          0
 31518,   145,   70000000,   33436556,        0,  -36563444,          0
 31518,   146,   70000000,   31472232,        0,  -38527768,          0
# task NAME=myapp PID=31523 COST=15264000 PERIOD=77000000 CPU=0
 31523,     2,   77000000,       6993,        0,  -76993007,          0
 31523,     3,   77000000,    1648030,        0,  -75351970,          0
 31523,     4,   77000000,   27527830,        0,  -49472170,          0
 31523,     5,   77000000,   26269530,        0,  -50730470,          0
 31523,     6,   77000000,   25159109,        0,  -51840891,          0
 31523,     7,   77000000,   28321663,        0,  -48678337,          0
 31523,     8,   77000000,   27262590,        0,  -49737410,          0
 31523,     9,   77000000,   26250538,        0,  -50749462,          0
 31523,    10,   77000000,   25243473,        0,  -51756527,          0
 31523,    11,   77000000,   28359530,        0,  -48640470,          0
 31523,    12,   77000000,   27199970,        0,  -49800030,          0
 31523,    13,   77000000,   26239793,        0,  -50760207,          0
 31523,    14,   77000000,   25212417,        0,  -51787583,          0
 31523,    15,   77000000,   28283055,        0,  -48716945,          0
 31523,    16,   77000000,   27160290,        0,  -49839710,          0
 31523,    17,   77000000,   28308216,        0,  -48691784,          0
 31523,    18,   77000000,   25313411,        0,  -51686589,          0
 31523,    19,   77000000,   28290818,        0,  -48709182,          0
 31523,    20,   77000000,   27282263,        0,  -49717737,          0
 31523,    21,   77000000,   26191906,        0,  -50808094,          0
 31523,    22,   77000000,   30384372,        0,  -46615628,          0
 31523,    23,   77000000,   28284814,        0,  -48715186,          0
 31523,    24,   77000000,   27269301,        0,  -49730699,          0
 31523,    25,   77000000,   26269351,        0,  -50730649,          0
 31523,    26,   77000000,   25304280,        0,  -51695720,          0
 31523,    27,   77000000,   28325083,        0,  -48674917,          0
 31523,    28,   77000000,   27229413,        0,  -49770587,          0
 31523,    29,   77000000,   26244512,        0,  -50755488,          0
 31523,    30,   77000000,   25522645,        0,  -51477355,          0
 31523,    31,   77000000,   28245029,        0,  -48754971,          0
 31523,    32,   77000000,   27223098,        0,  -49776902,          0
 31523,    33,   77000000,   30209734,        0,  -46790266,          0
 31523,    34,   77000000,   27204529,        0,  -49795471,          0
 31523,    35,   77000000,   28251180,        0,  -48748820,          0
 31523,    36,   77000000,   27291720,        0,  -49708280,          0
 31523,    37,   77000000,   26420709,        0,  -50579291,          0
 31523,    38,   77000000,   25265690,        0,  -51734310,          0
 31523,    39,   77000000,   28408114,        0,  -48591886,          0
 31523,    40,   77000000,   27351098,        0,  -49648902,          0
 31523,    41,   77000000,   26249406,        0,  -50750594,          0
 31523,    42,   77000000,   25219258,        0,  -51780742,          0
 31523,    43,   77000000,   28586013,        0,  -48413987,          0
 31523,    44,   77000000,   27175537,        0,  -49824463,          0
 31523,    45,   77000000,   26189592,        0,  -50810408,          0
 31523,    46,   77000000,   25155713,        0,  -51844287,          0
 31523,    47,   77000000,   28159279,        0,  -48840721,          0
 31523,    48,   77000000,   29248102,        0,  -47751898,          0
 31523,    49,   77000000,   26335203,        0,  -50664797,          0
 31523,    50,   77000000,   25407777,        0,  -51592223,          0
 31523,    51,   77000000,   30289971,        0,  -46710029,          0
 31523,    52,   77000000,   27251694,        0,  -49748306,          0
 31523,    53,   77000000,   28334677,        0,  -48665323,          0
 31523,    54,   77000000,   29278956,        0,  -47721044,          0
 31523,    55,   77000000,   28267685,        0,  -48732315,          0
 31523,    56,   77000000,   27398173,        0,  -49601827,          0
 31523,    57,   77000000,   26201020,        0,  -50798980,          0
 31523,    58,   77000000,   25271860,        0,  -51728140,          0
 31523,    59,   77000000,   28268537,        0,  -48731463,          0
 31523,    60,   77000000,   27316720,        0,  -49683280,          0
 31523,    61,   77000000,   26252316,        0,  -50747684,          0
 31523,    62,   77000000,   25223534,        0,  -51776466,          0
 31523,    63,   77000000,   28316527,        0,  -48683473,          0
 31523,    64,   77000000,   27348328,        0,  -49651672,          0
 31523,    65,   77000000,   30325986,        0,  -46674014,          0
 31523,    66,   77000000,   25136844,        0,  -51863156,          0
 31523,    67,   77000000,   30215125,        0,  -46784875,          0
 31523,    68,   77000000,   29269876,        0,  -47730124,          0
 31523,    69,   77000000,   26485004,        0,  -50514996,          0
 31523,    70,   77000000,   25369942,        0,  -51630058,          0
 31523,    71,   77000000,   28271952,        0,  -48728048,          0
 31523,    72,   77000000,   27259748,        0,  -49740252,          0
 31523,    73,   77000000,   26325204,        0,  -50674796,          0
 31523,    74,   77000000,   25370089,        0,  -51629911,          0
 31523,    75,   77000000,   28224178,        0,  -48775822,          0
 31523,    76,   77000000,   27263888,        0,  -49736112,          0
 31523,    77,   77000000,   26228351,        0,  -50771649,          0
 31523,    78,   77000000,   25228080,        0,  -51771920,          0
 31523,    79,   77000000,   28587203,        0,  -48412797,          0
 31523,    80,   77000000,   27265272,        0,  -49734728,          0
 31523,    81,   77000000,   26308691,        0,  -50691309,          0
 31523,    82,   77000000,   25588824,        0,  -51411176,          0
 31523,    83,   77000000,   29875300,        0,  -47124700,          0
 31523,    84,   77000000,   27189123,        0,  -49810877,          0
 31523,    85,   77000000,   26169833,        0,  -50830167,          0
 31523,    86,   77000000,   29359714,        0,  -47640286,          0
 31523,    87,   77000000,   28188709,        0,  -48811291,          0
 31523,    88,   77000000,   27276029,        0,  -49723971,          0
 31523,    89,   77000000,   26274459,        0,  -50725541,          0
 31523,    90,   77000000,   25157396,        0,  -51842604,          0
 31523,    91,   77000000,   28283676,        0,  -48716324,          0
 31523,    92,   77000000,   28735524,        0,  -48264476,          0
 31523,    93,   77000000,   26274433,        0,  -50725567,          0
 31523,    94,   77000000,   25170245,        0,  -51829755,          0
 31523,    95,   77000000,   28610938,        0,  -48389062,          0
 31523,    96,   77000000,   28248731,        0,  -48751269,          0
 31523,    97,   77000000,   30232556,        0,  -46767444,          0
 31523,    98,   77000000,   25205357,        0,  -51794643,          0
 31523,    99,   77000000,   28266404,        0,  -48733596,          0
 31523,   100,   77000000,   27321663,        0,  -49678337,          0
 31523,   101,   77000000,   26355738,        0,  -50644262,          0
 31523,   102,   77000000,   25317816,        0,  -51682184,          0
 31523,   103,   77000000,   28251734,        0,  -48748266,          0
 31523,   104,   77000000,   27219451,        0,  -49780549,          0
 31523,   105,   77000000,   26291302,        0,  -50708698,          0
 31523,   106,   77000000,   25194848,        0,  -51805152,          0
 31523,   107,   77000000,   28211234,        0,  -48788766,          0
 31523,   108,   77000000,   27466444,        0,  -49533556,          0
 31523,   109,   77000000,   26210969,        0,  -50789031,          0
 31523,   110,   77000000,   25169308,        0,  -51830692,          0
 31523,   111,   77000000,   28245633,        0,  -48754367,          0
 31523,   112,   77000000,   27250053,        0,  -49749947,          0
 31523,   113,   77000000,   26345414,        0,  -50654586,          0
 31523,   114,   77000000,   25216635,        0,  -51783365,          0
 31523,   115,   77000000,   28338845,        0,  -48661155,          0
 31523,   116,   77000000,   27279590,        0,  -49720410,          0
 31523,   117,   77000000,   26282976,        0,  -50717024,          0
 31523,   118,   77000000,   25193045,        0,  -51806955,          0
 31523,   119,   77000000,   28267763,        0,  -48732237,          0
 31523,   120,   77000000,   27206557,        0,  -49793443,          0
 31523,   121,   77000000,   26501038,        0,  -50498962,          0
 31523,   122,   77000000,   25268815,        0,  -51731185,          0
 31523,   123,   77000000,   28258613,        0,  -48741387,          0
 31523,   124,   77000000,   27312816,        0,  -49687184,          0
 31523,   125,   77000000,   26265016,        0,  -50734984,          0
 31523,   126,   77000000,   25345616,        0,  -51654384,          0
 31523,   127,   77000000,   28232378,        0,  -48767622,          0
 31523,   128,   77000000,   27316203,        0,  -49683797,          0
 31523,   129,   77000000,   26319565,        0,  -50680435,          0
 31523,   130,   77000000,   25164818,        0,  -51835182,          0
 31523,   131,   77000000,   28237825,        0,  -48762175,          0
 31523,   132,   77000000,   29253391,        0,  -47746609,          0
 31523,   133,   77000000,   26365713,        0,  -50634287,          0
# task NAME=myapp PID=31526 COST=11431000 PERIOD=85000000 CPU=0
 31526,     2,   85000000,      14550,        0,  -84985450,          0
 31526,     3,   85000000,    1670151,        0,  -83329849,          0
 31526,     4,   85000000,   19825673,        0,  -65174327,          0
 31526,     5,   85000000,   18518514,        0,  -66481486,          0
 31526,     6,   85000000,   17566820,        0,  -67433180,          0
 31526,     7,   85000000,   20809712,        0,  -64190288,          0
 31526,     8,   85000000,   19728672,        0,  -65271328,          0
 31526,     9,   85000000,   18604693,        0,  -66395307,          0
 31526,    10,   85000000,   19592384,        0,  -65407616,          0
 31526,    11,   85000000,   20532096,        0,  -64467904,          0
 31526,    12,   85000000,   19506125,        0,  -65493875,          0
 31526,    13,   85000000,   20588209,        0,  -64411791,          0
 31526,    14,   85000000,   17533092,        0,  -67466908,          0
 31526,    15,   85000000,   20509961,        0,  -64490039,          0
 31526,    16,   85000000,   19616991,        0,  -65383009,          0
 31526,    17,   85000000,   18532965,        0,  -66467035,          0
 31526,    18,   85000000,   17581760,        0,  -67418240,          0
 31526,    19,   85000000,   20648443,        0,  -64351557,          0
 31526,    20,   85000000,   19551677,        0,  -65448323,          0
 31526,    21,   85000000,   18591915,        0,  -66408085,          0
 31526,    22,   85000000,   17632111,        0,  -67367889,          0
 31526,    23,   85000000,   20594321,        0,  -64405679,          0
 31526,    24,   85000000,   19700915,        0,  -65299085,          0
 31526,    25,   85000000,   18582807,        0,  -66417193,          0
 31526,    26,   85000000,   17627604,        0,  -67372396,          0
 31526,    27,   85000000,   20665739,        0,  -64334261,          0
 31526,    28,   85000000,   19570949,        0,  -65429051,          0
 31526,    29,   85000000,   18529216,        0,  -66470784,          0
 31526,    30,   85000000,   17634392,        0,  -67365608,          0
 31526,    31,   85000000,   20578490,        0,  -64421510,          0
 31526,    32,   85000000,   19618735,        0,  -65381265,          0
 31526,    33,   85000000,   18586268,        0,  -66413732,          0
 31526,    34,   85000000,   17549615,        0,  -67450385,          0
 31526,    35,   85000000,   20885286,        0,  -64114714,          0
 31526,    36,   85000000,   19577201,        0,  -65422799,          0
 31526,    37,   85000000,   18515575,        0,  -66484425,          0
 31526,    38,   85000000,   17679973,        0,  -67320027,          0
 31526,    39,   85000000,   20594162,        0,  -64405838,          0
 31526,    40,   85000000,   19527909,        0,  -65472091,          0
 31526,    41,   85000000,   22587435,        0,  -62412565,          0
 31526,    42,   85000000,   17526250,        0,  -67473750,          0
 31526,    43,   85000000,   20527036,        0,  -64472964,          0
 31526,    44,   85000000,   19634485,        0,  -65365515,          0
 31526,    45,   85000000,   18553931,        0,  -66446069,          0
 31526,    46,   85000000,   17569962,        0,  -67430038,          0
 31526,    47,   85000000,   20592095,        0,  -64407905,          0
 31526,    48,   85000000,   19671711,        0,  -65328289,          0
 31526,    49,   85000000,   18542644,        0,  -66457356,          0
 31526,    50,   85000000,   17501459,        0,  -67498541,          0
 31526,    51,   85000000,   20516733,        0,  -64483267,          0
 31526,    52,   85000000,   19541647,        0,  -65458353,          0
 31526,    53,   85000000,   18593609,        0,  -66406391,          0
 31526,    54,   85000000,   17567365,        0,  -67432635,          0
 31526,    55,   85000000,   20545082,        0,  -64454918,          0
 31526,    56,   85000000,   19536989,        0,  -65463011,          0
 31526,    57,   85000000,   18834432,        0,  -66165568,          0
 31526,    58,   85000000,   17604993,        0,  -67395007,          0
 31526,    59,   85000000,   20592691,        0,  -64407309,          0
 31526,    60,   85000000,   19574324,        0,  -65425676,          0
 31526,    61,   85000000,   18540085,        0,  -66459915,          0
 31526,    62,   85000000,   17569189,        0,  -67430811,          0
 31526,    63,   85000000,   22848213,        0,  -62151787,          0
 31526,    64,   85000000,   19572261,        0,  -65427739,          0
 31526,    65,   85000000,   18584586,        0,  -66415414,          0
 31526,    66,   85000000,   17620242,        0,  -67379758,          0
 31526,    67,   85000000,   20596620,        0,  -64403380,          0
 31526,    68,   85000000,   19652004,        0,  -65347996,          0
 31526,    69,   85000000,   20546773,        0,  -64453227,          0
 31526,    70,   85000000,   17544544,        0,  -67455456,          0
 31526,    71,   85000000,   20578254,        0,  -64421746,          0
 31526,    72,   85000000,   19596787,        0,  -65403213,          0
 31526,    73,   85000000,   19726839,        0,  -65273161,          0
 31526,    74,   85000000,   17558433,        0,  -67441567,          0
 31526,    75,   85000000,   20652102,        0,  -64347898,          0
 31526,    76,   85000000,   19543137,        0,  -65456863,          0
 31526,    77,   85000000,   18530307,        0,  -66469693,          0
 31526,    78,   85000000,   17537340,        0,  -67462660,          0
 31526,    79,   85000000,   20602128,        0,  -64397872,          0
 31526,    80,   85000000,   19593637,        0,  -65406363,          0
 31526,    81,   85000000,   18623047,        0,  -66376953,          0
 31526,    82,   85000000,   19518117,        0,  -65481883,          0
 31526,    83,   85000000,   20590600,        0,  -64409400,          0
 31526,    84,   85000000,   19578508,        0,  -65421492,          0
 31526,    85,   85000000,   18539548,        0,  -66460452,          0
 31526,    86,   85000000,   17565352,        0,  -67434648,          0
 31526,    87,   85000000,   20607847,        0,  -64392153,          0
 31526,    88,   85000000,   19576821,        0,  -65423179,          0
 31526,    89,   85000000,   18487208,        0,  -66512792,          0
 31526,    90,   85000000,   17547264,        0,  -67452736,          0
 31526,    91,   85000000,   20559509,        0,  -64440491,          0
 31526,    92,   85000000,   19540152,        0,  -65459848,          0
 31526,    93,   85000000,   18521991,        0,  -66478009,          0
 31526,    94,   85000000,   17571949,        0,  -67428051,          0
 31526,    95,   85000000,   20529485,        0,  -64470515,          0
 31526,    96,   85000000,   19655286,        0,  -65344714,          0
 31526,    97,   85000000,   18517257,        0,  -66482743,          0
 31526,    98,   85000000,   21613482,        0,  -63386518,          0
 31526,    99,   85000000,   20577439,        0,  -64422561,          0
 31526,   100,   85000000,   19527010,        0,  -65472990,          0
 31526,   101,   85000000,   18520280,        0,  -66479720,          0
 31526,   102,   85000000,   17534833,        0,  -67465167,          0
 31526,   103,   85000000,   20608551,        0,  -64391449,          0
 31526,   104,   85000000,   19843252,        0,  -65156748,          0
 31526,   105,   85000000,   18557528,        0,  -66442472,          0
 31526,   106,   85000000,   17794986,        0,  -67205014,          0
 31526,   107,   85000000,   20625210,        0,  -64374790,          0
 31526,   108,   85000000,   19607845,        0,  -65392155,          0
 31526,   109,   85000000,   18672281,        0,  -66327719,          0
 31526,   110,   85000000,   17507623,        0,  -67492377,          0
 31526,   111,   85000000,   20559487,        0,  -64440513,          0
 31526,   112,   85000000,   19489192,        0,  -65510808,          0
 31526,   113,   85000000,   18638859,        0,  -66361141,          0
 31526,   114,   85000000,   17543328,        0,  -67456672,          0
 31526,   115,   85000000,   20610556,        0,  -64389444,          0
 31526,   116,   85000000,   19621064,        0,  -65378936,          0
 31526,   117,   85000000,   18769367,        0,  -66230633,          0
 31526,   118,   85000000,   17697928,        0,  -67302072,          0
 31526,   119,   85000000,   20600590,        0,  -64399410,          0
 31526,   120,   85000000,   19557584,        0,  -65442416,          0
 31526,   121,   85000000,   22612111,        0,  -62387889,          0
