128 128 0
134 134 0
115 115 0
108 108 0
127 127 0
125 125 0
209 209 0
560 560 0
505 505 0
118 118 0
136 136 0
117 117 0
144 144 0
183 183 0
245 245 0
187 187 0
388 388 0
420 420 0
275 275 0
165 165 0
152 152 0
111 111 0
283 283 0
127 127 0
529 529 0
125 125 0
116 116 0
132 132 0
124 124 0
199 199 0
134 134 0
215 215 0
120 120 0
241 241 0
183 183 0
204 204 0
190 190 0
373 373 0
259 259 0
124 124 0
559 559 0
504 504 0
220 220 0
179 179 0
111 111 0
289 289 0
152 152 0
167 167 0
403 403 0
189 189 0
912 912 0
189 189 0
420 420 0
362 362 0
281 281 0
182 182 0
117 117 0
152 152 0
145 145 0
142 142 0
281 281 0
196 196 0
124 124 0
215 215 0
126 126 0
105 105 0
113 113 0
202 202 0
212 212 0
147 147 0
