# Task,   Job,     Period,   Response, DL Miss?,   Lateness,  Tardiness
# task NAME=myapp PID=16336 COST=21719000 PERIOD=61000000 CPU=0
 16336,     2,   61000000,       6182,        0,  -60993818,          0
 16336,     3,   61000000,      92442,        0,  -60907558,          0
 16336,     4,   61000000,   36684214,        0,  -24315786,          0
 16336,     5,   61000000,   36876534,        0,  -24123466,          0
 16336,     6,   61000000,   36391475,        0,  -24608525,          0
 16336,     7,   61000000,   38508622,        0,  -22491378,          0
 16336,     8,   61000000,   36332021,        0,  -24667979,          0
 16336,     9,   61000000,   37539305,        0,  -23460695,          0
 16336,    10,   61000000,   36222904,        0,  -24777096,          0
 16336,    11,   61000000,   35056791,        0,  -25943209,          0
 16336,    12,   61000000,   36344087,        0,  -24655913,          0
 16336,    13,   61000000,   38027569,        0,  -22972431,          0
 16336,    14,   61000000,   36052275,        0,  -24947725,          0
 16336,    15,   61000000,   37268411,        0,  -23731589,          0
 16336,    16,   61000000,   36689465,        0,  -24310535,          0
 16336,    17,   61000000,   37592682,        0,  -23407318,          0
 16336,    18,   61000000,   38377738,        0,  -22622262,          0
 16336,    19,   61000000,   36025628,        0,  -24974372,          0
 16336,    20,   61000000,   34785084,        0,  -26214916,          0
 16336,    21,   61000000,   36597601,        0,  -24402399,          0
 16336,    22,   61000000,   36737065,        0,  -24262935,          0
 16336,    23,   61000000,   38277954,        0,  -22722046,          0
 16336,    24,   61000000,   33913627,        0,  -27086373,          0
 16336,    25,   61000000,   39450334,        0,  -21549666,          0
 16336,    26,   61000000,   35903538,        0,  -25096462,          0
 16336,    27,   61000000,   37447280,        0,  -23552720,          0
 16336,    28,   61000000,   36775305,        0,  -24224695,          0
 16336,    29,   61000000,   39483113,        0,  -21516887,          0
 16336,    30,   61000000,   38392383,        0,  -22607617,          0
 16336,    31,   61000000,   34903658,        0,  -26096342,          0
 16336,    32,   61000000,   36948216,        0,  -24051784,          0
 16336,    33,   61000000,   37486725,        0,  -23513275,          0
 16336,    34,   61000000,   35958407,        0,  -25041593,          0
 16336,    35,   61000000,   35104625,        0,  -25895375,          0
 16336,    36,   61000000,   34596836,        0,  -26403164,          0
 16336,    37,   61000000,   39480493,        0,  -21519507,          0
 16336,    38,   61000000,   38547603,        0,  -22452397,          0
 16336,    39,   61000000,   34467088,        0,  -26532912,          0
 16336,    40,   61000000,   33403793,        0,  -27596207,          0
 16336,    41,   61000000,   35564751,        0,  -25435249,          0
 16336,    42,   61000000,   36903730,        0,  -24096270,          0
 16336,    43,   61000000,   37857953,        0,  -23142047,          0
 16336,    44,   61000000,   34575234,        0,  -26424766,          0
 16336,    45,   61000000,   36906167,        0,  -24093833,          0
 16336,    46,   61000000,   36124994,        0,  -24875006,          0
 16336,    47,   61000000,   37386443,        0,  -23613557,          0
 16336,    48,   61000000,   38169350,        0,  -22830650,          0
 16336,    49,   61000000,   37687364,        0,  -23312636,          0
 16336,    50,   61000000,   38289074,        0,  -22710926,          0
 16336,    51,   61000000,   35511344,        0,  -25488656,          0
 16336,    52,   61000000,   36613854,        0,  -24386146,          0
 16336,    53,   61000000,   36728407,        0,  -24271593,          0
 16336,    54,   61000000,   36425644,        0,  -24574356,          0
 16336,    55,   61000000,   35587231,        0,  -25412769,          0
 16336,    56,   61000000,   34477665,        0,  -26522335,          0
 16336,    57,   61000000,   39412424,        0,  -21587576,          0
 16336,    58,   61000000,   36323008,        0,  -24676992,          0
 16336,    59,   61000000,   38498437,        0,  -22501563,          0
 16336,    60,   61000000,   34078404,        0,  -26921596,          0
 16336,    61,   61000000,   36325833,        0,  -24674167,          0
 16336,    62,   61000000,   35477366,        0,  -25522634,          0
 16336,    63,   61000000,   35380576,        0,  -25619424,          0
 16336,    64,   61000000,   34422418,        0,  -26577582,          0
 16336,    65,   61000000,   37818876,        0,  -23181124,          0
 16336,    66,   61000000,   38315792,        0,  -22684208,          0
 16336,    67,   61000000,   35156660,        0,  -25843340,          0
 16336,    68,   61000000,   35485900,        0,  -25514100,          0
 16336,    69,   61000000,   36718252,        0,  -24281748,          0
 16336,    70,   61000000,   36212337,        0,  -24787663,          0
 16336,    71,   61000000,   37838623,        0,  -23161377,          0
 16336,    72,   61000000,   34355871,        0,  -26644129,          0
 16336,    73,   61000000,   39344363,        0,  -21655637,          0
 16336,    74,   61000000,   35921131,        0,  -25078869,          0
 16336,    75,   61000000,   35196665,        0,  -25803335,          0
 16336,    76,   61000000,   33897437,        0,  -27102563,          0
 16336,    77,   61000000,   40183712,        0,  -20816288,          0
 16336,    78,   61000000,   35965086,        0,  -25034914,          0
 16336,    79,   61000000,   34882660,        0,  -26117340,          0
 16336,    80,   61000000,   36914320,        0,  -24085680,          0
 16336,    81,   61000000,   40157120,        0,  -20842880,          0
 16336,    82,   61000000,   39268941,        0,  -21731059,          0
 16336,    83,   61000000,   35119331,        0,  -25880669,          0
 16336,    84,   61000000,   34271879,        0,  -26728121,          0
 16336,    85,   61000000,   40397012,        0,  -20602988,          0
 16336,    86,   61000000,   39549732,        0,  -21450268,          0
 16336,    87,   61000000,   38826985,        0,  -22173015,          0
 16336,    88,   61000000,   37081349,        0,  -23918651,          0
 16336,    89,   61000000,   39282196,        0,  -21717804,          0
 16336,    90,   61000000,   36172048,        0,  -24827952,          0
 16336,    91,   61000000,   37357512,        0,  -23642488,          0
 16336,    92,   61000000,   37136440,        0,  -23863560,          0
 16336,    93,   61000000,   36202908,        0,  -24797092,          0
 16336,    94,   61000000,   38343060,        0,  -22656940,          0
 16336,    95,   61000000,   35290979,        0,  -25709021,          0
 16336,    96,   61000000,   37283531,        0,  -23716469,          0
 16336,    97,   61000000,   39705790,        0,  -21294210,          0
 16336,    98,   61000000,   38691238,        0,  -22308762,          0
 16336,    99,   61000000,   35533722,        0,  -25466278,          0
 16336,   100,   61000000,   34729643,        0,  -26270357,          0
 16336,   101,   61000000,   36838835,        0,  -24161165,          0
 16336,   102,   61000000,   36672080,        0,  -24327920,          0
 16336,   103,   61000000,   35111918,        0,  -25888082,          0
 16336,   104,   61000000,   34399590,        0,  -26600410,          0
 16336,   105,   61000000,   40261482,        0,  -20738518,          0
 16336,   106,   61000000,   36816143,        0,  -24183857,          0
 16336,   107,   61000000,   37942831,        0,  -23057169,          0
 16336,   108,   61000000,   33544068,        0,  -27455932,          0
 16336,   109,   61000000,   39352465,        0,  -21647535,          0
 16336,   110,   61000000,   36646805,        0,  -24353195,          0
 16336,   111,   61000000,   35211017,        0,  -25788983,          0
 16336,   112,   61000000,   34131043,        0,  -26868957,          0
 16336,   113,   61000000,   37557294,        0,  -23442706,          0
 16336,   114,   61000000,   38656106,        0,  -22343894,          0
 16336,   115,   61000000,   38446886,        0,  -22553114,          0
 16336,   116,   61000000,   34471437,        0,  -26528563,          0
 16336,   117,   61000000,   39630591,        0,  -21369409,          0
 16336,   118,   61000000,   39330204,        0,  -21669796,          0
 16336,   119,   61000000,   35071324,        0,  -25928676,          0
 16336,   120,   61000000,   33103674,        0,  -27896326,          0
 16336,   121,   61000000,   37786045,        0,  -23213955,          0
 16336,   122,   61000000,   36117034,        0,  -24882966,          0
 16336,   123,   61000000,   37927587,        0,  -23072413,          0
 16336,   124,   61000000,   36812806,        0,  -24187194,          0
 16336,   125,   61000000,   36618273,        0,  -24381727,          0
 16336,   126,   61000000,   36390621,        0,  -24609379,          0
 16336,   127,   61000000,   37572073,        0,  -23427927,          0
 16336,   128,   61000000,   36837379,        0,  -24162621,          0
 16336,   129,   61000000,   37096192,        0,  -23903808,          0
 16336,   130,   61000000,   39432930,        0,  -21567070,          0
 16336,   131,   61000000,   34879575,        0,  -26120425,          0
 16336,   132,   61000000,   33878340,        0,  -27121660,          0
 16336,   133,   61000000,   37093248,        0,  -23906752,          0
 16336,   134,   61000000,   38880269,        0,  -22119731,          0
 16336,   135,   61000000,   37706509,        0,  -23293491,          0
 16336,   136,   61000000,   36476588,        0,  -24523412,          0
 16336,   137,   61000000,   39270675,        0,  -21729325,          0
 16336,   138,   61000000,   36218050,        0,  -24781950,          0
 16336,   139,   61000000,   35162466,        0,  -25837534,          0
 16336,   140,   61000000,   36668028,        0,  -24331972,          0
 16336,   141,   61000000,   35973514,        0,  -25026486,          0
 16336,   142,   61000000,   35513076,        0,  -25486924,          0
 16336,   143,   61000000,   37301728,        0,  -23698272,          0
 16336,   144,   61000000,   35088774,        0,  -25911226,          0
 16336,   145,   61000000,   36919565,        0,  -24080435,          0
 16336,   146,   61000000,   38281487,        0,  -22718513,          0
 16336,   147,   61000000,   34938314,        0,  -26061686,          0
 16336,   148,   61000000,   33174495,        0,  -27825505,          0
 16336,   149,   61000000,   37420336,        0,  -23579664,          0
 16336,   150,   61000000,   37036282,        0,  -23963718,          0
 16336,   151,   61000000,   34641267,        0,  -26358733,          0
 16336,   152,   61000000,   36306644,        0,  -24693356,          0
 16336,   153,   61000000,   39752889,        0,  -21247111,          0
 16336,   154,   61000000,   39455324,        0,  -21544676,          0
 16336,   155,   61000000,   34604046,        0,  -26395954,          0
 16336,   156,   61000000,   34610400,        0,  -26389600,          0
 16336,   157,   61000000,   35860437,        0,  -25139563,          0
 16336,   158,   61000000,   38457497,        0,  -22542503,          0
 16336,   159,   61000000,   37317374,        0,  -23682626,          0
 16336,   160,   61000000,   34420683,        0,  -26579317,          0
 16336,   161,   61000000,   39483047,        0,  -21516953,          0
 16336,   162,   61000000,   39918163,        0,  -21081837,          0
 16336,   163,   61000000,   34956802,        0,  -26043198,          0
 16336,   164,   61000000,   34210974,        0,  -26789026,          0
 16336,   165,   61000000,   40437316,        0,  -20562684,          0
 16336,   166,   61000000,   36206253,        0,  -24793747,          0
 16336,   167,   61000000,   38334270,        0,  -22665730,          0
# task NAME=myapp PID=16339 COST=20916000 PERIOD=68000000 CPU=0
 16339,     2,   68000000,       6820,        0,  -67993180,          0
 16339,     3,   68000000,      82731,        0,  -67917269,          0
 16339,     4,   68000000,   31314750,        0,  -36685250,          0
 16339,     5,   68000000,   34297441,        0,  -33702559,          0
 16339,     6,   68000000,   34612126,        0,  -33387874,          0
 16339,     7,   68000000,   34984752,        0,  -33015248,          0
 16339,     8,   68000000,   33659737,        0,  -34340263,          0
 16339,     9,   68000000,   33845952,        0,  -34154048,          0
 16339,    10,   68000000,   33656752,        0,  -34343248,          0
 16339,    11,   68000000,   33947049,        0,  -34052951,          0
 16339,    12,   68000000,   34721568,        0,  -33278432,          0
 16339,    13,   68000000,   34389306,        0,  -33610694,          0
 16339,    14,   68000000,   34826976,        0,  -33173024,          0
 16339,    15,   68000000,   34259387,        0,  -33740613,          0
 16339,    16,   68000000,   34336422,        0,  -33663578,          0
 16339,    17,   68000000,   34858927,        0,  -33141073,          0
 16339,    18,   68000000,   34225794,        0,  -33774206,          0
 16339,    19,   68000000,   34345496,        0,  -33654504,          0
 16339,    20,   68000000,   34600204,        0,  -33399796,          0
 16339,    21,   68000000,   35717078,        0,  -32282922,          0
 16339,    22,   68000000,   34972493,        0,  -33027507,          0
 16339,    23,   68000000,   38294548,        0,  -29705452,          0
 16339,    24,   68000000,   34741088,        0,  -33258912,          0
 16339,    25,   68000000,   35725794,        0,  -32274206,          0
 16339,    26,   68000000,   35361030,        0,  -32638970,          0
 16339,    27,   68000000,   36004314,        0,  -31995686,          0
 16339,    28,   68000000,   34658285,        0,  -33341715,          0
 16339,    29,   68000000,   35638938,        0,  -32361062,          0
 16339,    30,   68000000,   34386225,        0,  -33613775,          0
 16339,    31,   68000000,   34418389,        0,  -33581611,          0
 16339,    32,   68000000,   33843555,        0,  -34156445,          0
 16339,    33,   68000000,   33614552,        0,  -34385448,          0
 16339,    34,   68000000,   35196379,        0,  -32803621,          0
 16339,    35,   68000000,   31059028,        0,  -36940972,          0
 16339,    36,   68000000,   34885852,        0,  -33114148,          0
 16339,    37,   68000000,   31601301,        0,  -36398699,          0
 16339,    38,   68000000,   37381500,        0,  -30618500,          0
 16339,    39,   68000000,   34502343,        0,  -33497657,          0
 16339,    40,   68000000,   34669932,        0,  -33330068,          0
 16339,    41,   68000000,   34496556,        0,  -33503444,          0
 16339,    42,   68000000,   34094329,        0,  -33905671,          0
 16339,    43,   68000000,   34735216,        0,  -33264784,          0
 16339,    44,   68000000,   33430863,        0,  -34569137,          0
 16339,    45,   68000000,   35359097,        0,  -32640903,          0
 16339,    46,   68000000,   34496064,        0,  -33503936,          0
 16339,    47,   68000000,   33489690,        0,  -34510310,          0
 16339,    48,   68000000,   34201531,        0,  -33798469,          0
 16339,    49,   68000000,   34758925,        0,  -33241075,          0
 16339,    50,   68000000,   34221049,        0,  -33778951,          0
 16339,    51,   68000000,   35634150,        0,  -32365850,          0
 16339,    52,   68000000,   35189494,        0,  -32810506,          0
 16339,    53,   68000000,   35466093,        0,  -32533907,          0
 16339,    54,   68000000,   34816323,        0,  -33183677,          0
 16339,    55,   68000000,   33759944,        0,  -34240056,          0
 16339,    56,   68000000,   34630549,        0,  -33369451,          0
 16339,    57,   68000000,   37262338,        0,  -30737662,          0
 16339,    58,   68000000,   35439490,        0,  -32560510,          0
 16339,    59,   68000000,   35612922,        0,  -32387078,          0
 16339,    60,   68000000,   34576629,        0,  -33423371,          0
 16339,    61,   68000000,   34889776,        0,  -33110224,          0
 16339,    62,   68000000,   35308973,        0,  -32691027,          0
 16339,    63,   68000000,   34588434,        0,  -33411566,          0
 16339,    64,   68000000,   34960610,        0,  -33039390,          0
 16339,    65,   68000000,   38786858,        0,  -29213142,          0
 16339,    66,   68000000,   33711940,        0,  -34288060,          0
 16339,    67,   68000000,   35267264,        0,  -32732736,          0
 16339,    68,   68000000,   34927979,        0,  -33072021,          0
 16339,    69,   68000000,   34814622,        0,  -33185378,          0
 16339,    70,   68000000,   34276522,        0,  -33723478,          0
 16339,    71,   68000000,   34522340,        0,  -33477660,          0
 16339,    72,   68000000,   35363409,        0,  -32636591,          0
 16339,    73,   68000000,   34646406,        0,  -33353594,          0
 16339,    74,   68000000,   34718290,        0,  -33281710,          0
 16339,    75,   68000000,   33762210,        0,  -34237790,          0
 16339,    76,   68000000,   34114815,        0,  -33885185,          0
 16339,    77,   68000000,   34966070,        0,  -33033930,          0
 16339,    78,   68000000,   34036014,        0,  -33963986,          0
 16339,    79,   68000000,   34411467,        0,  -33588533,          0
 16339,    80,   68000000,   38120414,        0,  -29879586,          0
 16339,    81,   68000000,   34288590,        0,  -33711410,          0
 16339,    82,   68000000,   34506122,        0,  -33493878,          0
 16339,    83,   68000000,   33980802,        0,  -34019198,          0
 16339,    84,   68000000,   34670908,        0,  -33329092,          0
 16339,    85,   68000000,   34030023,        0,  -33969977,          0
 16339,    86,   68000000,   35369603,        0,  -32630397,          0
 16339,    87,   68000000,   35163595,        0,  -32836405,          0
 16339,    88,   68000000,   35503975,        0,  -32496025,          0
 16339,    89,   68000000,   35629892,        0,  -32370108,          0
 16339,    90,   68000000,   34747698,        0,  -33252302,          0
 16339,    91,   68000000,   31925539,        0,  -36074461,          0
 16339,    92,   68000000,   34954918,        0,  -33045082,          0
 16339,    93,   68000000,   33881923,        0,  -34118077,          0
 16339,    94,   68000000,   34973151,        0,  -33026849,          0
 16339,    95,   68000000,   34566622,        0,  -33433378,          0
 16339,    96,   68000000,   34187373,        0,  -33812627,          0
 16339,    97,   68000000,   34095574,        0,  -33904426,          0
 16339,    98,   68000000,   34072129,        0,  -33927871,          0
 16339,    99,   68000000,   34454916,        0,  -33545084,          0
 16339,   100,   68000000,   33653875,        0,  -34346125,          0
 16339,   101,   68000000,   34777505,        0,  -33222495,          0
 16339,   102,   68000000,   34067110,        0,  -33932890,          0
 16339,   103,   68000000,   35157801,        0,  -32842199,          0
 16339,   104,   68000000,   35179790,        0,  -32820210,          0
 16339,   105,   68000000,   35089749,        0,  -32910251,          0
 16339,   106,   68000000,   35170101,        0,  -32829899,          0
 16339,   107,   68000000,   34914929,        0,  -33085071,          0
 16339,   108,   68000000,   34998118,        0,  -33001882,          0
 16339,   109,   68000000,   34108614,        0,  -33891386,          0
 16339,   110,   68000000,   34924667,        0,  -33075333,          0
 16339,   111,   68000000,   34689434,        0,  -33310566,          0
 16339,   112,   68000000,   34860214,        0,  -33139786,          0
 16339,   113,   68000000,   34357819,        0,  -33642181,          0
 16339,   114,   68000000,   34101724,        0,  -33898276,          0
 16339,   115,   68000000,   35233152,        0,  -32766848,          0
 16339,   116,   68000000,   34353083,        0,  -33646917,          0
 16339,   117,   68000000,   35673697,        0,  -32326303,          0
 16339,   118,   68000000,   33881486,        0,  -34118514,          0
 16339,   119,   68000000,   35178482,        0,  -32821518,          0
 16339,   120,   68000000,   34800304,        0,  -33199696,          0
 16339,   121,   68000000,   34135328,        0,  -33864672,          0
 16339,   122,   68000000,   34495338,        0,  -33504662,          0
 16339,   123,   68000000,   34853591,        0,  -33146409,          0
 16339,   124,   68000000,   34941453,        0,  -33058547,          0
 16339,   125,   68000000,   35112164,        0,  -32887836,          0
 16339,   126,   68000000,   34488809,        0,  -33511191,          0
 16339,   127,   68000000,   35370995,        0,  -32629005,          0
 16339,   128,   68000000,   34398181,        0,  -33601819,          0
 16339,   129,   68000000,   34801268,        0,  -33198732,          0
 16339,   130,   68000000,   34858451,        0,  -33141549,          0
 16339,   131,   68000000,   34397647,        0,  -33602353,          0
 16339,   132,   68000000,   33517710,        0,  -34482290,          0
 16339,   133,   68000000,   33543178,        0,  -34456822,          0
 16339,   134,   68000000,   34856369,        0,  -33143631,          0
 16339,   135,   68000000,   35129124,        0,  -32870876,          0
 16339,   136,   68000000,   34340077,        0,  -33659923,          0
 16339,   137,   68000000,   33925260,        0,  -34074740,          0
 16339,   138,   68000000,   33940582,        0,  -34059418,          0
 16339,   139,   68000000,   34626188,        0,  -33373812,          0
 16339,   140,   68000000,   34544952,        0,  -33455048,          0
 16339,   141,   68000000,   33766343,        0,  -34233657,          0
 16339,   142,   68000000,   35138831,        0,  -32861169,          0
 16339,   143,   68000000,   33899406,        0,  -34100594,          0
 16339,   144,   68000000,   35135576,        0,  -32864424,          0
 16339,   145,   68000000,   34737643,        0,  -33262357,          0
 16339,   146,   68000000,   33904590,        0,  -34095410,          0
 16339,   147,   68000000,   31041993,        0,  -36958007,          0
 16339,   148,   68000000,   34660128,        0,  -33339872,          0
 16339,   149,   68000000,   35413627,        0,  -32586373,          0
 16339,   150,   68000000,   35955361,        0,  -32044639,          0
 16339,   151,   68000000,   35226426,        0,  -32773574,          0
# task NAME=myapp PID=16343 COST=13636000 PERIOD=100000000 CPU=0
 16343,     2,  100000000,      41518,        0,  -99958482,          0
 16343,     3,  100000000,      99553,        0,  -99900447,          0
 16343,     4,  100000000,   22364831,        0,  -77635169,          0
 16343,     5,  100000000,   21914667,        0,  -78085333,          0
 16343,     6,  100000000,   21880621,        0,  -78119379,          0
 16343,     7,  100000000,   21893947,        0,  -78106053,          0
 16343,     8,  100000000,   21850560,        0,  -78149440,          0
 16343,     9,  100000000,   19740554,        0,  -80259446,          0
 16343,    10,  100000000,   21768566,        0,  -78231434,          0
 16343,    11,  100000000,   23091014,        0,  -76908986,          0
 16343,    12,  100000000,   21480759,        0,  -78519241,          0
 16343,    13,  100000000,   22620249,        0,  -77379751,          0
 16343,    14,  100000000,   21957925,        0,  -78042075,          0
 16343,    15,  100000000,   19575924,        0,  -80424076,          0
 16343,    16,  100000000,   20274236,        0,  -79725764,          0
 16343,    17,  100000000,   21582939,        0,  -78417061,          0
 16343,    18,  100000000,   23417038,        0,  -76582962,          0
 16343,    19,  100000000,   22223615,        0,  -77776385,          0
 16343,    20,  100000000,   22227701,        0,  -77772299,          0
 16343,    21,  100000000,   21609479,        0,  -78390521,          0
 16343,    22,  100000000,   20059411,        0,  -79940589,          0
 16343,    23,  100000000,   21866920,        0,  -78133080,          0
 16343,    24,  100000000,   22166156,        0,  -77833844,          0
 16343,    25,  100000000,   22196204,        0,  -77803796,          0
 16343,    26,  100000000,   19986160,        0,  -80013840,          0
 16343,    27,  100000000,   22524606,        0,  -77475394,          0
 16343,    28,  100000000,   21405933,        0,  -78594067,          0
 16343,    29,  100000000,   22553358,        0,  -77446642,          0
 16343,    30,  100000000,   21933245,        0,  -78066755,          0
 16343,    31,  100000000,   21623183,        0,  -78376817,          0
 16343,    32,  100000000,   19525783,        0,  -80474217,          0
 16343,    33,  100000000,   22242309,        0,  -77757691,          0
 16343,    34,  100000000,   21600184,        0,  -78399816,          0
 16343,    35,  100000000,   18637257,        0,  -81362743,          0
 16343,    36,  100000000,   23033976,        0,  -76966024,          0
 16343,    37,  100000000,   21399527,        0,  -78600473,          0
 16343,    38,  100000000,   21792040,        0,  -78207960,          0
 16343,    39,  100000000,   21995892,        0,  -78004108,          0
 16343,    40,  100000000,   21483730,        0,  -78516270,          0
 16343,    41,  100000000,   20481220,        0,  -79518780,          0
 16343,    42,  100000000,   18999158,        0,  -81000842,          0
 16343,    43,  100000000,   22528989,        0,  -77471011,          0
 16343,    44,  100000000,   19285869,        0,  -80714131,          0
 16343,    45,  100000000,   22058713,        0,  -77941287,          0
 16343,    46,  100000000,   22885413,        0,  -77114587,          0
 16343,    47,  100000000,   22265667,        0,  -77734333,          0
 16343,    48,  100000000,   23239135,        0,  -76760865,          0
 16343,    49,  100000000,   21521284,        0,  -78478716,          0
 16343,    50,  100000000,   19865225,        0,  -80134775,          0
 16343,    51,  100000000,   21922555,        0,  -78077445,          0
 16343,    52,  100000000,   23123881,        0,  -76876119,          0
 16343,    53,  100000000,   22537893,        0,  -77462107,          0
 16343,    54,  100000000,   22677890,        0,  -77322110,          0
 16343,    55,  100000000,   22272382,        0,  -77727618,          0
 16343,    56,  100000000,   22691914,        0,  -77308086,          0
 16343,    57,  100000000,   21939147,        0,  -78060853,          0
 16343,    58,  100000000,   21567943,        0,  -78432057,          0
 16343,    59,  100000000,   18930715,        0,  -81069285,          0
 16343,    60,  100000000,   21878440,        0,  -78121560,          0
 16343,    61,  100000000,   22307584,        0,  -77692416,          0
 16343,    62,  100000000,   21381093,        0,  -78618907,          0
 16343,    63,  100000000,   22771657,        0,  -77228343,          0
 16343,    64,  100000000,   22577080,        0,  -77422920,          0
 16343,    65,  100000000,   22127601,        0,  -77872399,          0
 16343,    66,  100000000,   21996487,        0,  -78003513,          0
 16343,    67,  100000000,   20249890,        0,  -79750110,          0
 16343,    68,  100000000,   22811125,        0,  -77188875,          0
 16343,    69,  100000000,   18289112,        0,  -81710888,          0
 16343,    70,  100000000,   21744073,        0,  -78255927,          0
 16343,    71,  100000000,   19070692,        0,  -80929308,          0
 16343,    72,  100000000,   23660813,        0,  -76339187,          0
 16343,    73,  100000000,   22462174,        0,  -77537826,          0
 16343,    74,  100000000,   21611345,        0,  -78388655,          0
 16343,    75,  100000000,   21921291,        0,  -78078709,          0
 16343,    76,  100000000,   21974466,        0,  -78025534,          0
 16343,    77,  100000000,   21449702,        0,  -78550298,          0
 16343,    78,  100000000,   22145832,        0,  -77854168,          0
 16343,    79,  100000000,   22415188,        0,  -77584812,          0
 16343,    80,  100000000,   22227974,        0,  -77772026,          0
 16343,    81,  100000000,   23469393,        0,  -76530607,          0
 16343,    82,  100000000,   22964436,        0,  -77035564,          0
 16343,    83,  100000000,   22511365,        0,  -77488635,          0
 16343,    84,  100000000,   22624476,        0,  -77375524,          0
 16343,    85,  100000000,   21547094,        0,  -78452906,          0
 16343,    86,  100000000,   21853211,        0,  -78146789,          0
 16343,    87,  100000000,   21267682,        0,  -78732318,          0
 16343,    88,  100000000,   22405246,        0,  -77594754,          0
 16343,    89,  100000000,   22276958,        0,  -77723042,          0
 16343,    90,  100000000,   22197858,        0,  -77802142,          0
 16343,    91,  100000000,   22187994,        0,  -77812006,          0
 16343,    92,  100000000,   22712519,        0,  -77287481,          0
 16343,    93,  100000000,   22189085,        0,  -77810915,          0
 16343,    94,  100000000,   21994557,        0,  -78005443,          0
 16343,    95,  100000000,   21969524,        0,  -78030476,          0
 16343,    96,  100000000,   22271520,        0,  -77728480,          0
 16343,    97,  100000000,   19466090,        0,  -80533910,          0
 16343,    98,  100000000,   21993361,        0,  -78006639,          0
 16343,    99,  100000000,   22677781,        0,  -77322219,          0
 16343,   100,  100000000,   22713087,        0,  -77286913,          0
 16343,   101,  100000000,   19325639,        0,  -80674361,          0
 16343,   102,  100000000,   23084588,        0,  -76915412,          0
 16343,   103,  100000000,   22905478,        0,  -77094522,          0
 16343,   104,  100000000,   20019604,        0,  -79980396,          0
