# Task,   Job,     Period,   Response, DL Miss?,   Lateness,  Tardiness
# task NAME=myapp PID=16942 COST=20358000 PERIOD=64000000 CPU=0
 16942,     2,   64000000,       6150,        0,  -63993850,          0
 16942,     3,   64000000,     164187,        0,  -63835813,          0
 16942,     4,   64000000,   34700194,        0,  -29299806,          0
 16942,     5,   64000000,   34927192,        0,  -29072808,          0
 16942,     6,   64000000,   34788875,        0,  -29211125,          0
 16942,     7,   64000000,   36722797,        0,  -27277203,          0
 16942,     8,   64000000,   34776577,        0,  -29223423,          0
 16942,     9,   64000000,   34684811,        0,  -29315189,          0
 16942,    10,   64000000,   36777387,        0,  -27222613,          0
 16942,    11,   64000000,   34759596,        0,  -29240404,          0
 16942,    12,   64000000,   34874881,        0,  -29125119,          0
 16942,    13,   64000000,   34715428,        0,  -29284572,          0
 16942,    14,   64000000,   34747186,        0,  -29252814,          0
 16942,    15,   64000000,   34763683,        0,  -29236317,          0
 16942,    16,   64000000,   34779811,        0,  -29220189,          0
 16942,    17,   64000000,   34679261,        0,  -29320739,          0
 16942,    18,   64000000,   34744777,        0,  -29255223,          0
 16942,    19,   64000000,   34753125,        0,  -29246875,          0
 16942,    20,   64000000,   34726224,        0,  -29273776,          0
 16942,    21,   64000000,   34709767,        0,  -29290233,          0
 16942,    22,   64000000,   34726270,        0,  -29273730,          0
 16942,    23,   64000000,   34689725,        0,  -29310275,          0
 16942,    24,   64000000,   34734415,        0,  -29265585,          0
 16942,    25,   64000000,   34726718,        0,  -29273282,          0
 16942,    26,   64000000,   34820164,        0,  -29179836,          0
 16942,    27,   64000000,   34776302,        0,  -29223698,          0
 16942,    28,   64000000,   35168127,        0,  -28831873,          0
 16942,    29,   64000000,   34863188,        0,  -29136812,          0
 16942,    30,   64000000,   38894105,        0,  -25105895,          0
 16942,    31,   64000000,   34774875,        0,  -29225125,          0
 16942,    32,   64000000,   34808431,        0,  -29191569,          0
 16942,    33,   64000000,   34814182,        0,  -29185818,          0
 16942,    34,   64000000,   38811044,        0,  -25188956,          0
 16942,    35,   64000000,   34775632,        0,  -29224368,          0
 16942,    36,   64000000,   34906882,        0,  -29093118,          0
 16942,    37,   64000000,   34798476,        0,  -29201524,          0
 16942,    38,   64000000,   34830268,        0,  -29169732,          0
 16942,    39,   64000000,   34764940,        0,  -29235060,          0
 16942,    40,   64000000,   34682884,        0,  -29317116,          0
 16942,    41,   64000000,   34712318,        0,  -29287682,          0
 16942,    42,   64000000,   35075280,        0,  -28924720,          0
 16942,    43,   64000000,   36801802,        0,  -27198198,          0
 16942,    44,   64000000,   34957231,        0,  -29042769,          0
 16942,    45,   64000000,   34722804,        0,  -29277196,          0
 16942,    46,   64000000,   34816521,        0,  -29183479,          0
 16942,    47,   64000000,   34730352,        0,  -29269648,          0
 16942,    48,   64000000,   34779382,        0,  -29220618,          0
 16942,    49,   64000000,   34775268,        0,  -29224732,          0
 16942,    50,   64000000,   34707079,        0,  -29292921,          0
 16942,    51,   64000000,   34742598,        0,  -29257402,          0
 16942,    52,   64000000,   34857138,        0,  -29142862,          0
 16942,    53,   64000000,   36774642,        0,  -27225358,          0
 16942,    54,   64000000,   34723271,        0,  -29276729,          0
 16942,    55,   64000000,   34855528,        0,  -29144472,          0
 16942,    56,   64000000,   34924907,        0,  -29075093,          0
 16942,    57,   64000000,   34726095,        0,  -29273905,          0
 16942,    58,   64000000,   34769278,        0,  -29230722,          0
 16942,    59,   64000000,   34741329,        0,  -29258671,          0
 16942,    60,   64000000,   35996587,        0,  -28003413,          0
 16942,    61,   64000000,   34724190,        0,  -29275810,          0
 16942,    62,   64000000,   34722702,        0,  -29277298,          0
 16942,    63,   64000000,   34805216,        0,  -29194784,          0
 16942,    64,   64000000,   34733154,        0,  -29266846,          0
 16942,    65,   64000000,   34989589,        0,  -29010411,          0
 16942,    66,   64000000,   34754184,        0,  -29245816,          0
 16942,    67,   64000000,   34816879,        0,  -29183121,          0
 16942,    68,   64000000,   34936286,        0,  -29063714,          0
 16942,    69,   64000000,   34925654,        0,  -29074346,          0
 16942,    70,   64000000,   34768909,        0,  -29231091,          0
 16942,    71,   64000000,   34729844,        0,  -29270156,          0
 16942,    72,   64000000,   34729689,        0,  -29270311,          0
 16942,    73,   64000000,   38713772,        0,  -25286228,          0
 16942,    74,   64000000,   34796870,        0,  -29203130,          0
 16942,    75,   64000000,   34806220,        0,  -29193780,          0
 16942,    76,   64000000,   34834353,        0,  -29165647,          0
 16942,    77,   64000000,   34818892,        0,  -29181108,          0
 16942,    78,   64000000,   34745563,        0,  -29254437,          0
 16942,    79,   64000000,   34783962,        0,  -29216038,          0
 16942,    80,   64000000,   34803356,        0,  -29196644,          0
 16942,    81,   64000000,   35156936,        0,  -28843064,          0
 16942,    82,   64000000,   34629696,        0,  -29370304,          0
 16942,    83,   64000000,   35232516,        0,  -28767484,          0
 16942,    84,   64000000,   34774656,        0,  -29225344,          0
 16942,    85,   64000000,   34987348,        0,  -29012652,          0
 16942,    86,   64000000,   34832251,        0,  -29167749,          0
 16942,    87,   64000000,   35121548,        0,  -28878452,          0
 16942,    88,   64000000,   34767945,        0,  -29232055,          0
 16942,    89,   64000000,   38807763,        0,  -25192237,          0
 16942,    90,   64000000,   34720494,        0,  -29279506,          0
 16942,    91,   64000000,   34741349,        0,  -29258651,          0
 16942,    92,   64000000,   34792533,        0,  -29207467,          0
 16942,    93,   64000000,   34812027,        0,  -29187973,          0
 16942,    94,   64000000,   34822125,        0,  -29177875,          0
 16942,    95,   64000000,   36724417,        0,  -27275583,          0
 16942,    96,   64000000,   34709722,        0,  -29290278,          0
 16942,    97,   64000000,   34751670,        0,  -29248330,          0
 16942,    98,   64000000,   34734711,        0,  -29265289,          0
 16942,    99,   64000000,   34819601,        0,  -29180399,          0
 16942,   100,   64000000,   34794337,        0,  -29205663,          0
 16942,   101,   64000000,   34781684,        0,  -29218316,          0
 16942,   102,   64000000,   34853802,        0,  -29146198,          0
 16942,   103,   64000000,   34850179,        0,  -29149821,          0
 16942,   104,   64000000,   34759902,        0,  -29240098,          0
 16942,   105,   64000000,   34681469,        0,  -29318531,          0
 16942,   106,   64000000,   35011974,        0,  -28988026,          0
 16942,   107,   64000000,   34688393,        0,  -29311607,          0
 16942,   108,   64000000,   34770747,        0,  -29229253,          0
 16942,   109,   64000000,   34678240,        0,  -29321760,          0
 16942,   110,   64000000,   36626242,        0,  -27373758,          0
 16942,   111,   64000000,   34732158,        0,  -29267842,          0
 16942,   112,   64000000,   34978869,        0,  -29021131,          0
 16942,   113,   64000000,   34685997,        0,  -29314003,          0
 16942,   114,   64000000,   35029148,        0,  -28970852,          0
 16942,   115,   64000000,   34840538,        0,  -29159462,          0
 16942,   116,   64000000,   34803054,        0,  -29196946,          0
 16942,   117,   64000000,   34768237,        0,  -29231763,          0
 16942,   118,   64000000,   34728725,        0,  -29271275,          0
 16942,   119,   64000000,   38759311,        0,  -25240689,          0
 16942,   120,   64000000,   35039940,        0,  -28960060,          0
 16942,   121,   64000000,   34691818,        0,  -29308182,          0
 16942,   122,   64000000,   35090706,        0,  -28909294,          0
 16942,   123,   64000000,   34849225,        0,  -29150775,          0
 16942,   124,   64000000,   34692978,        0,  -29307022,          0
 16942,   125,   64000000,   34854436,        0,  -29145564,          0
 16942,   126,   64000000,   34713956,        0,  -29286044,          0
 16942,   127,   64000000,   34764181,        0,  -29235819,          0
 16942,   128,   64000000,   35099417,        0,  -28900583,          0
 16942,   129,   64000000,   38892596,        0,  -25107404,          0
 16942,   130,   64000000,   34795755,        0,  -29204245,          0
 16942,   131,   64000000,   34837002,        0,  -29162998,          0
 16942,   132,   64000000,   34829753,        0,  -29170247,          0
 16942,   133,   64000000,   34708728,        0,  -29291272,          0
 16942,   134,   64000000,   34693624,        0,  -29306376,          0
 16942,   135,   64000000,   34823609,        0,  -29176391,          0
 16942,   136,   64000000,   34668004,        0,  -29331996,          0
 16942,   137,   64000000,   34715373,        0,  -29284627,          0
 16942,   138,   64000000,   34777142,        0,  -29222858,          0
 16942,   139,   64000000,   34926493,        0,  -29073507,          0
 16942,   140,   64000000,   34762859,        0,  -29237141,          0
 16942,   141,   64000000,   34780760,        0,  -29219240,          0
 16942,   142,   64000000,   34708830,        0,  -29291170,          0
 16942,   143,   64000000,   35133108,        0,  -28866892,          0
 16942,   144,   64000000,   34901925,        0,  -29098075,          0
 16942,   145,   64000000,   34753913,        0,  -29246087,          0
 16942,   146,   64000000,   34848808,        0,  -29151192,          0
 16942,   147,   64000000,   34759948,        0,  -29240052,          0
 16942,   148,   64000000,   34731522,        0,  -29268478,          0
 16942,   149,   64000000,   34795811,        0,  -29204189,          0
 16942,   150,   64000000,   34735841,        0,  -29264159,          0
 16942,   151,   64000000,   35264154,        0,  -28735846,          0
 16942,   152,   64000000,   34699364,        0,  -29300636,          0
 16942,   153,   64000000,   37066225,        0,  -26933775,          0
 16942,   154,   64000000,   34691830,        0,  -29308170,          0
 16942,   155,   64000000,   34715311,        0,  -29284689,          0
 16942,   156,   64000000,   34701655,        0,  -29298345,          0
 16942,   157,   64000000,   34704070,        0,  -29295930,          0
 16942,   158,   64000000,   34672585,        0,  -29327415,          0
 16942,   159,   64000000,   34928035,        0,  -29071965,          0
 16942,   160,   64000000,   34815631,        0,  -29184369,          0
# task NAME=myapp PID=16946 COST=16474000 PERIOD=46000000 CPU=0
 16946,     2,   46000000,      16585,        0,  -45983415,          0
 16946,     3,   46000000,     174062,        0,  -45825938,          0
 16946,     4,   46000000,   29103278,        0,  -16896722,          0
 16946,     5,   46000000,   27060403,        0,  -18939597,          0
 16946,     6,   46000000,   29038046,        0,  -16961954,          0
 16946,     7,   46000000,   26977888,        0,  -19022112,          0
 16946,     8,   46000000,   29251773,        0,  -16748227,          0
 16946,     9,   46000000,   27049221,        0,  -18950779,          0
 16946,    10,   46000000,   29071092,        0,  -16928908,          0
 16946,    11,   46000000,   27025285,        0,  -18974715,          0
 16946,    12,   46000000,   29114005,        0,  -16885995,          0
 16946,    13,   46000000,   27033268,        0,  -18966732,          0
 16946,    14,   46000000,   29077096,        0,  -16922904,          0
 16946,    15,   46000000,   27088350,        0,  -18911650,          0
 16946,    16,   46000000,   29317885,        0,  -16682115,          0
 16946,    17,   46000000,   27055537,        0,  -18944463,          0
 16946,    18,   46000000,   29041500,        0,  -16958500,          0
 16946,    19,   46000000,   27134942,        0,  -18865058,          0
 16946,    20,   46000000,   29042738,        0,  -16957262,          0
 16946,    21,   46000000,   27068910,        0,  -18931090,          0
 16946,    22,   46000000,   29155414,        0,  -16844586,          0
 16946,    23,   46000000,   26994159,        0,  -19005841,          0
 16946,    24,   46000000,   29066405,        0,  -16933595,          0
 16946,    25,   46000000,   27041046,        0,  -18958954,          0
 16946,    26,   46000000,   29188754,        0,  -16811246,          0
 16946,    27,   46000000,   27098528,        0,  -18901472,          0
 16946,    28,   46000000,   29105829,        0,  -16894171,          0
 16946,    29,   46000000,   26988296,        0,  -19011704,          0
 16946,    30,   46000000,   29118673,        0,  -16881327,          0
 16946,    31,   46000000,   27150249,        0,  -18849751,          0
 16946,    32,   46000000,   29129823,        0,  -16870177,          0
 16946,    33,   46000000,   27098357,        0,  -18901643,          0
 16946,    34,   46000000,   29095940,        0,  -16904060,          0
 16946,    35,   46000000,   27095093,        0,  -18904907,          0
 16946,    36,   46000000,   29106526,        0,  -16893474,          0
 16946,    37,   46000000,   26998608,        0,  -19001392,          0
 16946,    38,   46000000,   29105816,        0,  -16894184,          0
 16946,    39,   46000000,   27065182,        0,  -18934818,          0
 16946,    40,   46000000,   29087191,        0,  -16912809,          0
 16946,    41,   46000000,   31110132,        0,  -14889868,          0
 16946,    42,   46000000,   29052507,        0,  -16947493,          0
 16946,    43,   46000000,   27037992,        0,  -18962008,          0
 16946,    44,   46000000,   29091213,        0,  -16908787,          0
 16946,    45,   46000000,   26994610,        0,  -19005390,          0
 16946,    46,   46000000,   31499566,        0,  -14500434,          0
 16946,    47,   46000000,   27081774,        0,  -18918226,          0
 16946,    48,   46000000,   29012217,        0,  -16987783,          0
 16946,    49,   46000000,   27052472,        0,  -18947528,          0
 16946,    50,   46000000,   29014522,        0,  -16985478,          0
 16946,    51,   46000000,   27085268,        0,  -18914732,          0
 16946,    52,   46000000,   29024557,        0,  -16975443,          0
 16946,    53,   46000000,   27076969,        0,  -18923031,          0
 16946,    54,   46000000,   29066611,        0,  -16933389,          0
 16946,    55,   46000000,   27083813,        0,  -18916187,          0
 16946,    56,   46000000,   29053920,        0,  -16946080,          0
 16946,    57,   46000000,   29395849,        0,  -16604151,          0
 16946,    58,   46000000,   29036341,        0,  -16963659,          0
 16946,    59,   46000000,   27021188,        0,  -18978812,          0
 16946,    60,   46000000,   29038584,        0,  -16961416,          0
 16946,    61,   46000000,   27107912,        0,  -18892088,          0
 16946,    62,   46000000,   29050758,        0,  -16949242,          0
 16946,    63,   46000000,   27027373,        0,  -18972627,          0
 16946,    64,   46000000,   29015329,        0,  -16984671,          0
 16946,    65,   46000000,   27123506,        0,  -18876494,          0
 16946,    66,   46000000,   29114899,        0,  -16885101,          0
 16946,    67,   46000000,   27073245,        0,  -18926755,          0
 16946,    68,   46000000,   29306194,        0,  -16693806,          0
 16946,    69,   46000000,   27101277,        0,  -18898723,          0
 16946,    70,   46000000,   29075640,        0,  -16924360,          0
 16946,    71,   46000000,   27088111,        0,  -18911889,          0
 16946,    72,   46000000,   29159927,        0,  -16840073,          0
 16946,    73,   46000000,   27109917,        0,  -18890083,          0
 16946,    74,   46000000,   29023866,        0,  -16976134,          0
 16946,    75,   46000000,   27073379,        0,  -18926621,          0
 16946,    76,   46000000,   29080909,        0,  -16919091,          0
 16946,    77,   46000000,   27017928,        0,  -18982072,          0
 16946,    78,   46000000,   29037734,        0,  -16962266,          0
 16946,    79,   46000000,   27087706,        0,  -18912294,          0
 16946,    80,   46000000,   29053637,        0,  -16946363,          0
 16946,    81,   46000000,   26993635,        0,  -19006365,          0
 16946,    82,   46000000,   29099770,        0,  -16900230,          0
 16946,    83,   46000000,   27093392,        0,  -18906608,          0
 16946,    84,   46000000,   29134797,        0,  -16865203,          0
 16946,    85,   46000000,   27045689,        0,  -18954311,          0
 16946,    86,   46000000,   29093600,        0,  -16906400,          0
 16946,    87,   46000000,   26984391,        0,  -19015609,          0
 16946,    88,   46000000,   28988483,        0,  -17011517,          0
 16946,    89,   46000000,   28384324,        0,  -17615676,          0
 16946,    90,   46000000,   30654725,        0,  -15345275,          0
 16946,    91,   46000000,   27092679,        0,  -18907321,          0
 16946,    92,   46000000,   28991037,        0,  -17008963,          0
 16946,    93,   46000000,   27067997,        0,  -18932003,          0
 16946,    94,   46000000,   31416723,        0,  -14583277,          0
 16946,    95,   46000000,   26937657,        0,  -19062343,          0
 16946,    96,   46000000,   29053692,        0,  -16946308,          0
 16946,    97,   46000000,   27019106,        0,  -18980894,          0
 16946,    98,   46000000,   29076417,        0,  -16923583,          0
 16946,    99,   46000000,   27056555,        0,  -18943445,          0
 16946,   100,   46000000,   29132279,        0,  -16867721,          0
 16946,   101,   46000000,   26953322,        0,  -19046678,          0
 16946,   102,   46000000,   29035278,        0,  -16964722,          0
 16946,   103,   46000000,   27355716,        0,  -18644284,          0
 16946,   104,   46000000,   29470028,        0,  -16529972,          0
 16946,   105,   46000000,   26966933,        0,  -19033067,          0
 16946,   106,   46000000,   29042205,        0,  -16957795,          0
 16946,   107,   46000000,   27112730,        0,  -18887270,          0
 16946,   108,   46000000,   29074814,        0,  -16925186,          0
 16946,   109,   46000000,   27272072,        0,  -18727928,          0
 16946,   110,   46000000,   29085981,        0,  -16914019,          0
 16946,   111,   46000000,   29158727,        0,  -16841273,          0
 16946,   112,   46000000,   29086859,        0,  -16913141,          0
 16946,   113,   46000000,   27044691,        0,  -18955309,          0
 16946,   114,   46000000,   29122591,        0,  -16877409,          0
 16946,   115,   46000000,   27117942,        0,  -18882058,          0
 16946,   116,   46000000,   29045358,        0,  -16954642,          0
 16946,   117,   46000000,   27096585,        0,  -18903415,          0
 16946,   118,   46000000,   29055453,        0,  -16944547,          0
 16946,   119,   46000000,   27083058,        0,  -18916942,          0
 16946,   120,   46000000,   29060963,        0,  -16939037,          0
 16946,   121,   46000000,   27064745,        0,  -18935255,          0
 16946,   122,   46000000,   32420330,        0,  -13579670,          0
 16946,   123,   46000000,   31080900,        0,  -14919100,          0
 16946,   124,   46000000,   29085127,        0,  -16914873,          0
 16946,   125,   46000000,   29397402,        0,  -16602598,          0
 16946,   126,   46000000,   29081841,        0,  -16918159,          0
 16946,   127,   46000000,   27033072,        0,  -18966928,          0
 16946,   128,   46000000,   29329696,        0,  -16670304,          0
 16946,   129,   46000000,   27031639,        0,  -18968361,          0
 16946,   130,   46000000,   28997655,        0,  -17002345,          0
 16946,   131,   46000000,   27199980,        0,  -18800020,          0
 16946,   132,   46000000,   29106772,        0,  -16893228,          0
 16946,   133,   46000000,   27271724,        0,  -18728276,          0
 16946,   134,   46000000,   29073899,        0,  -16926101,          0
 16946,   135,   46000000,   27141254,        0,  -18858746,          0
 16946,   136,   46000000,   32397575,        0,  -13602425,          0
 16946,   137,   46000000,   27106216,        0,  -18893784,          0
 16946,   138,   46000000,   29134045,        0,  -16865955,          0
 16946,   139,   46000000,   27080139,        0,  -18919861,          0
 16946,   140,   46000000,   29088760,        0,  -16911240,          0
 16946,   141,   46000000,   29258647,        0,  -16741353,          0
 16946,   142,   46000000,   29112275,        0,  -16887725,          0
 16946,   143,   46000000,   29066792,        0,  -16933208,          0
 16946,   144,   46000000,   29275451,        0,  -16724549,          0
 16946,   145,   46000000,   27028546,        0,  -18971454,          0
 16946,   146,   46000000,   29031670,        0,  -16968330,          0
 16946,   147,   46000000,   27339590,        0,  -18660410,          0
 16946,   148,   46000000,   29082687,        0,  -16917313,          0
 16946,   149,   46000000,   27016686,        0,  -18983314,          0
 16946,   150,   46000000,   28986024,        0,  -17013976,          0
 16946,   151,   46000000,   27858116,        0,  -18141884,          0
 16946,   152,   46000000,   29127492,        0,  -16872508,          0
 16946,   153,   46000000,   27088388,        0,  -18911612,          0
 16946,   154,   46000000,   31063703,        0,  -14936297,          0
 16946,   155,   46000000,   27328340,        0,  -18671660,          0
 16946,   156,   46000000,   31091855,        0,  -14908145,          0
 16946,   157,   46000000,   27012385,        0,  -18987615,          0
 16946,   158,   46000000,   29098520,        0,  -16901480,          0
 16946,   159,   46000000,   27155747,        0,  -18844253,          0
 16946,   160,   46000000,   29003703,        0,  -16996297,          0
 16946,   161,   46000000,   27039712,        0,  -18960288,          0
 16946,   162,   46000000,   29062175,        0,  -16937825,          0
 16946,   163,   46000000,   27056579,        0,  -18943421,          0
 16946,   164,   46000000,   29080472,        0,  -16919528,          0
 16946,   165,   46000000,   26968956,        0,  -19031044,          0
 16946,   166,   46000000,   28963224,        0,  -17036776,          0
 16946,   167,   46000000,   27100991,        0,  -18899009,          0
 16946,   168,   46000000,   29076589,        0,  -16923411,          0
 16946,   169,   46000000,   26995152,        0,  -19004848,          0
 16946,   170,   46000000,   29026066,        0,  -16973934,          0
 16946,   171,   46000000,   27055537,        0,  -18944463,          0
 16946,   172,   46000000,   29019133,        0,  -16980867,          0
 16946,   173,   46000000,   27065130,        0,  -18934870,          0
 16946,   174,   46000000,   29078871,        0,  -16921129,          0
 16946,   175,   46000000,   27121878,        0,  -18878122,          0
 16946,   176,   46000000,   29069500,        0,  -16930500,          0
 16946,   177,   46000000,   26991413,        0,  -19008587,          0
 16946,   178,   46000000,   29112974,        0,  -16887026,          0
 16946,   179,   46000000,   27089133,        0,  -18910867,          0
 16946,   180,   46000000,   29041303,        0,  -16958697,          0
 16946,   181,   46000000,   29073772,        0,  -16926228,          0
 16946,   182,   46000000,   29115885,        0,  -16884115,          0
 16946,   183,   46000000,   27023301,        0,  -18976699,          0
 16946,   184,   46000000,   28995832,        0,  -17004168,          0
 16946,   185,   46000000,   27104462,        0,  -18895538,          0
 16946,   186,   46000000,   29035435,        0,  -16964565,          0
 16946,   187,   46000000,   27061976,        0,  -18938024,          0
 16946,   188,   46000000,   29596106,        0,  -16403894,          0
 16946,   189,   46000000,   27057204,        0,  -18942796,          0
 16946,   190,   46000000,   29321018,        0,  -16678982,          0
 16946,   191,   46000000,   26980614,        0,  -19019386,          0
 16946,   192,   46000000,   29109165,        0,  -16890835,          0
 16946,   193,   46000000,   27066418,        0,  -18933582,          0
 16946,   194,   46000000,   29019555,        0,  -16980445,          0
 16946,   195,   46000000,   27102912,        0,  -18897088,          0
 16946,   196,   46000000,   29156043,        0,  -16843957,          0
 16946,   197,   46000000,   27056994,        0,  -18943006,          0
 16946,   198,   46000000,   29076928,        0,  -16923072,          0
 16946,   199,   46000000,   27057196,        0,  -18942804,          0
 16946,   200,   46000000,   29103719,        0,  -16896281,          0
 16946,   201,   46000000,   27261095,        0,  -18738905,          0
 16946,   202,   46000000,   29113050,        0,  -16886950,          0
 16946,   203,   46000000,   27050937,        0,  -18949063,          0
 16946,   204,   46000000,   29083982,        0,  -16916018,          0
 16946,   205,   46000000,   27091978,        0,  -18908022,          0
 16946,   206,   46000000,   29917095,        0,  -16082905,          0
 16946,   207,   46000000,   26979601,        0,  -19020399,          0
 16946,   208,   46000000,   29090734,        0,  -16909266,          0
 16946,   209,   46000000,   29415087,        0,  -16584913,          0
 16946,   210,   46000000,   29103339,        0,  -16896661,          0
 16946,   211,   46000000,   27157179,        0,  -18842821,          0
 16946,   212,   46000000,   31504909,        0,  -14495091,          0
 16946,   213,   46000000,   27073998,        0,  -18926002,          0
 16946,   214,   46000000,   29032189,        0,  -16967811,          0
 16946,   215,   46000000,   26971270,        0,  -19028730,          0
 16946,   216,   46000000,   29066038,        0,  -16933962,          0
 16946,   217,   46000000,   26977246,        0,  -19022754,          0
 16946,   218,   46000000,   29091731,        0,  -16908269,          0
 16946,   219,   46000000,   27048655,        0,  -18951345,          0
 16946,   220,   46000000,   29299080,        0,  -16700920,          0
 16946,   221,   46000000,   27095680,        0,  -18904320,          0
# task NAME=myapp PID=16949 COST=2846000 PERIOD=23000000 CPU=0
 16949,     2,   23000000,      16834,        0,  -22983166,          0
 16949,     3,   23000000,     117923,        0,  -22882077,          0
 16949,     4,   23000000,    4501895,        0,  -18498105,          0
 16949,     5,   23000000,    4115908,        0,  -18884092,          0
 16949,     6,   23000000,    2739923,        0,  -20260077,          0
 16949,     7,   23000000,    2781408,        0,  -20218592,          0
 16949,     8,   23000000,    5074991,        0,  -17925009,          0
 16949,     9,   23000000,    6110941,        0,  -16889059,          0
 16949,    10,   23000000,    3054483,        0,  -19945517,          0
 16949,    11,   23000000,    2722291,        0,  -20277709,          0
 16949,    12,   23000000,    5071154,        0,  -17928846,          0
 16949,    13,   23000000,    6056557,        0,  -16943443,          0
 16949,    14,   23000000,    2788417,        0,  -20211583,          0
 16949,    15,   23000000,    2786521,        0,  -20213479,          0
 16949,    16,   23000000,    3088158,        0,  -19911842,          0
 16949,    17,   23000000,    4076136,        0,  -18923864,          0
 16949,    18,   23000000,    2763311,        0,  -20236689,          0
 16949,    19,   23000000,    2793006,        0,  -20206994,          0
 16949,    20,   23000000,    5087443,        0,  -17912557,          0
 16949,    21,   23000000,    4089090,        0,  -18910910,          0
 16949,    22,   23000000,    2753200,        0,  -20246800,          0
 16949,    23,   23000000,    2746805,        0,  -20253195,          0
 16949,    24,   23000000,    3083688,        0,  -19916312,          0
 16949,    25,   23000000,    4095799,        0,  -18904201,          0
 16949,    26,   23000000,    2732759,        0,  -20267241,          0
 16949,    27,   23000000,    2838986,        0,  -20161014,          0
 16949,    28,   23000000,    5093490,        0,  -17906510,          0
 16949,    29,   23000000,    5206646,        0,  -17793354,          0
 16949,    30,   23000000,    3059645,        0,  -19940355,          0
 16949,    31,   23000000,    2734974,        0,  -20265026,          0
 16949,    32,   23000000,    3076606,        0,  -19923394,          0
 16949,    33,   23000000,    4121416,        0,  -18878584,          0
 16949,    34,   23000000,    2799226,        0,  -20200774,          0
 16949,    35,   23000000,    2757587,        0,  -20242413,          0
 16949,    36,   23000000,    3103878,        0,  -19896122,          0
 16949,    37,   23000000,    4070216,        0,  -18929784,          0
 16949,    38,   23000000,    2748029,        0,  -20251971,          0
 16949,    39,   23000000,    2760116,        0,  -20239884,          0
 16949,    40,   23000000,    3096965,        0,  -19903035,          0
 16949,    41,   23000000,    4361326,        0,  -18638674,          0
 16949,    42,   23000000,    2737593,        0,  -20262407,          0
 16949,    43,   23000000,    2749548,        0,  -20250452,          0
 16949,    44,   23000000,    4044886,        0,  -18955114,          0
 16949,    45,   23000000,    6062790,        0,  -16937210,          0
 16949,    46,   23000000,    2737582,        0,  -20262418,          0
 16949,    47,   23000000,    2769208,        0,  -20230792,          0
 16949,    48,   23000000,    4511576,        0,  -18488424,          0
 16949,    49,   23000000,    4099742,        0,  -18900258,          0
 16949,    50,   23000000,    2758768,        0,  -20241232,          0
 16949,    51,   23000000,    3439604,        0,  -19560396,          0
 16949,    52,   23000000,    4973939,        0,  -18026061,          0
 16949,    53,   23000000,    4487599,        0,  -18512401,          0
 16949,    54,   23000000,    2745251,        0,  -20254749,          0
 16949,    55,   23000000,    2752016,        0,  -20247984,          0
 16949,    56,   23000000,    3084903,        0,  -19915097,          0
 16949,    57,   23000000,    4141915,        0,  -18858085,          0
 16949,    58,   23000000,    2723523,        0,  -20276477,          0
 16949,    59,   23000000,    2807834,        0,  -20192166,          0
 16949,    60,   23000000,    4923836,        0,  -18076164,          0
 16949,    61,   23000000,    4103537,        0,  -18896463,          0
 16949,    62,   23000000,    2726746,        0,  -20273254,          0
 16949,    63,   23000000,    2763129,        0,  -20236871,          0
 16949,    64,   23000000,    3114349,        0,  -19885651,          0
 16949,    65,   23000000,    4123830,        0,  -18876170,          0
 16949,    66,   23000000,    2746560,        0,  -20253440,          0
 16949,    67,   23000000,    2775740,        0,  -20224260,          0
 16949,    68,   23000000,    3291898,        0,  -19708102,          0
 16949,    69,   23000000,    4686283,        0,  -18313717,          0
 16949,    70,   23000000,    2732371,        0,  -20267629,          0
 16949,    71,   23000000,    2773612,        0,  -20226388,          0
 16949,    72,   23000000,    3480281,        0,  -19519719,          0
 16949,    73,   23000000,    4116890,        0,  -18883110,          0
 16949,    74,   23000000,    2726032,        0,  -20273968,          0
 16949,    75,   23000000,    2821860,        0,  -20178140,          0
 16949,    76,   23000000,    5083852,        0,  -17916148,          0
 16949,    77,   23000000,    4083983,        0,  -18916017,          0
 16949,    78,   23000000,    2745401,        0,  -20254599,          0
 16949,    79,   23000000,    6143305,        0,  -16856695,          0
 16949,    80,   23000000,    3073108,        0,  -19926892,          0
 16949,    81,   23000000,    4108986,        0,  -18891014,          0
 16949,    82,   23000000,    2817654,        0,  -20182346,          0
 16949,    83,   23000000,    2827360,        0,  -20172640,          0
 16949,    84,   23000000,    5065226,        0,  -17934774,          0
 16949,    85,   23000000,    4115258,        0,  -18884742,          0
 16949,    86,   23000000,    2736951,        0,  -20263049,          0
 16949,    87,   23000000,    2754465,        0,  -20245535,          0
 16949,    88,   23000000,    5068323,        0,  -17931677,          0
 16949,    89,   23000000,    4078871,        0,  -18921129,          0
 16949,    90,   23000000,    7073063,        0,  -15926937,          0
 16949,    91,   23000000,    2775435,        0,  -20224565,          0
 16949,    92,   23000000,    4850918,        0,  -18149082,          0
 16949,    93,   23000000,    4361409,        0,  -18638591,          0
 16949,    94,   23000000,    2752830,        0,  -20247170,          0
 16949,    95,   23000000,    3028924,        0,  -19971076,          0
 16949,    96,   23000000,    4118178,        0,  -18881822,          0
 16949,    97,   23000000,    4412430,        0,  -18587570,          0
 16949,    98,   23000000,    2766071,        0,  -20233929,          0
 16949,    99,   23000000,    2823857,        0,  -20176143,          0
 16949,   100,   23000000,    3101352,        0,  -19898648,          0
 16949,   101,   23000000,    4109816,        0,  -18890184,          0
 16949,   102,   23000000,    2759573,        0,  -20240427,          0
 16949,   103,   23000000,    2774344,        0,  -20225656,          0
 16949,   104,   23000000,    3567255,        0,  -19432745,          0
 16949,   105,   23000000,    6093932,        0,  -16906068,          0
 16949,   106,   23000000,    2764343,        0,  -20235657,          0
 16949,   107,   23000000,    2774612,        0,  -20225388,          0
 16949,   108,   23000000,    3100015,        0,  -19899985,          0
 16949,   109,   23000000,    6089308,        0,  -16910692,          0
 16949,   110,   23000000,    2716717,        0,  -20283283,          0
 16949,   111,   23000000,    2808606,        0,  -20191394,          0
 16949,   112,   23000000,    3093096,        0,  -19906904,          0
 16949,   113,   23000000,    6087138,        0,  -16912862,          0
 16949,   114,   23000000,    2778042,        0,  -20221958,          0
 16949,   115,   23000000,    2742346,        0,  -20257654,          0
 16949,   116,   23000000,    3094360,        0,  -19905640,          0
 16949,   117,   23000000,    6347710,        0,  -16652290,          0
 16949,   118,   23000000,    2765474,        0,  -20234526,          0
 16949,   119,   23000000,    2755306,        0,  -20244694,          0
 16949,   120,   23000000,    5463455,        0,  -17536545,          0
 16949,   121,   23000000,    4093987,        0,  -18906013,          0
 16949,   122,   23000000,    2739511,        0,  -20260489,          0
 16949,   123,   23000000,    2793139,        0,  -20206861,          0
 16949,   124,   23000000,    3080316,        0,  -19919684,          0
 16949,   125,   23000000,    4374615,        0,  -18625385,          0
 16949,   126,   23000000,    2736768,        0,  -20263232,          0
 16949,   127,   23000000,    2740425,        0,  -20259575,          0
 16949,   128,   23000000,    5087291,        0,  -17912709,          0
 16949,   129,   23000000,    4080690,        0,  -18919310,          0
 16949,   130,   23000000,    2742455,        0,  -20257545,          0
 16949,   131,   23000000,    2828827,        0,  -20171173,          0
 16949,   132,   23000000,    5060491,        0,  -17939509,          0
 16949,   133,   23000000,    4100091,        0,  -18899909,          0
 16949,   134,   23000000,    2723822,        0,  -20276178,          0
 16949,   135,   23000000,    2765658,        0,  -20234342,          0
 16949,   136,   23000000,    5010821,        0,  -17989179,          0
 16949,   137,   23000000,    4096873,        0,  -18903127,          0
 16949,   138,   23000000,    2769943,        0,  -20230057,          0
 16949,   139,   23000000,    2860284,        0,  -20139716,          0
 16949,   140,   23000000,    3092856,        0,  -19907144,          0
 16949,   141,   23000000,    4158054,        0,  -18841946,          0
 16949,   142,   23000000,    2718235,        0,  -20281765,          0
 16949,   143,   23000000,    2773636,        0,  -20226364,          0
 16949,   144,   23000000,    4909463,        0,  -18090537,          0
 16949,   145,   23000000,    4501833,        0,  -18498167,          0
 16949,   146,   23000000,    2749912,        0,  -20250088,          0
 16949,   147,   23000000,    2820940,        0,  -20179060,          0
 16949,   148,   23000000,    3087314,        0,  -19912686,          0
 16949,   149,   23000000,    6100091,        0,  -16899909,          0
 16949,   150,   23000000,    2821223,        0,  -20178777,          0
 16949,   151,   23000000,    2871970,        0,  -20128030,          0
 16949,   152,   23000000,    5052625,        0,  -17947375,          0
 16949,   153,   23000000,    4085423,        0,  -18914577,          0
 16949,   154,   23000000,    6474195,        0,  -16525805,          0
 16949,   155,   23000000,    2807705,        0,  -20192295,          0
 16949,   156,   23000000,    3082648,        0,  -19917352,          0
 16949,   157,   23000000,    6090320,        0,  -16909680,          0
 16949,   158,   23000000,    2738613,        0,  -20261387,          0
 16949,   159,   23000000,    2739571,        0,  -20260429,          0
 16949,   160,   23000000,    3149107,        0,  -19850893,          0
 16949,   161,   23000000,    4090945,        0,  -18909055,          0
 16949,   162,   23000000,    2754692,        0,  -20245308,          0
 16949,   163,   23000000,    3326264,        0,  -19673736,          0
 16949,   164,   23000000,    3078813,        0,  -19921187,          0
 16949,   165,   23000000,    4362120,        0,  -18637880,          0
 16949,   166,   23000000,    3077142,        0,  -19922858,          0
 16949,   167,   23000000,    2754311,        0,  -20245689,          0
 16949,   168,   23000000,    3155693,        0,  -19844307,          0
 16949,   169,   23000000,    5004698,        0,  -17995302,          0
 16949,   170,   23000000,    2729186,        0,  -20270814,          0
 16949,   171,   23000000,    2818549,        0,  -20181451,          0
 16949,   172,   23000000,    3467884,        0,  -19532116,          0
 16949,   173,   23000000,    4177749,        0,  -18822251,          0
 16949,   174,   23000000,    2750380,        0,  -20249620,          0
 16949,   175,   23000000,    2766420,        0,  -20233580,          0
 16949,   176,   23000000,    3073420,        0,  -19926580,          0
 16949,   177,   23000000,    5180062,        0,  -17819938,          0
 16949,   178,   23000000,    2720221,        0,  -20279779,          0
 16949,   179,   23000000,    2817983,        0,  -20182017,          0
 16949,   180,   23000000,    4806287,        0,  -18193713,          0
 16949,   181,   23000000,    6555267,        0,  -16444733,          0
 16949,   182,   23000000,    2773459,        0,  -20226541,          0
 16949,   183,   23000000,    2785931,        0,  -20214069,          0
 16949,   184,   23000000,    3047745,        0,  -19952255,          0
 16949,   185,   23000000,    4077710,        0,  -18922290,          0
 16949,   186,   23000000,    3019600,        0,  -19980400,          0
 16949,   187,   23000000,    2756836,        0,  -20243164,          0
 16949,   188,   23000000,    5086104,        0,  -17913896,          0
 16949,   189,   23000000,    6116758,        0,  -16883242,          0
 16949,   190,   23000000,    2741817,        0,  -20258183,          0
 16949,   191,   23000000,    2777222,        0,  -20222778,          0
 16949,   192,   23000000,    4091302,        0,  -18908698,          0
 16949,   193,   23000000,    4110967,        0,  -18889033,          0
 16949,   194,   23000000,    2786838,        0,  -20213162,          0
 16949,   195,   23000000,    4099022,        0,  -18900978,          0
 16949,   196,   23000000,    4123015,        0,  -18876985,          0
 16949,   197,   23000000,    5196248,        0,  -17803752,          0
 16949,   198,   23000000,    5056645,        0,  -17943355,          0
 16949,   199,   23000000,    2740958,        0,  -20259042,          0
 16949,   200,   23000000,    3091820,        0,  -19908180,          0
 16949,   201,   23000000,    4358389,        0,  -18641611,          0
 16949,   202,   23000000,    2739437,        0,  -20260563,          0
 16949,   203,   23000000,    2776871,        0,  -20223129,          0
 16949,   204,   23000000,    3122529,        0,  -19877471,          0
 16949,   205,   23000000,    4077271,        0,  -18922729,          0
 16949,   206,   23000000,    2730185,        0,  -20269815,          0
 16949,   207,   23000000,    2746147,        0,  -20253853,          0
 16949,   208,   23000000,    3099812,        0,  -19900188,          0
 16949,   209,   23000000,    4095646,        0,  -18904354,          0
 16949,   210,   23000000,    2728041,        0,  -20271959,          0
 16949,   211,   23000000,    2797214,        0,  -20202786,          0
 16949,   212,   23000000,    5032903,        0,  -17967097,          0
 16949,   213,   23000000,    4092133,        0,  -18907867,          0
 16949,   214,   23000000,    2769076,        0,  -20230924,          0
 16949,   215,   23000000,    3008891,        0,  -19991109,          0
 16949,   216,   23000000,    3105191,        0,  -19894809,          0
 16949,   217,   23000000,    4101442,        0,  -18898558,          0
 16949,   218,   23000000,    2728338,        0,  -20271662,          0
 16949,   219,   23000000,    2780805,        0,  -20219195,          0
 16949,   220,   23000000,    3083282,        0,  -19916718,          0
 16949,   221,   23000000,    4077120,        0,  -18922880,          0
 16949,   222,   23000000,    2773074,        0,  -20226926,          0
 16949,   223,   23000000,    2759540,        0,  -20240460,          0
 16949,   224,   23000000,    3100837,        0,  -19899163,          0
 16949,   225,   23000000,    4112704,        0,  -18887296,          0
 16949,   226,   23000000,    2751480,        0,  -20248520,          0
 16949,   227,   23000000,    2742735,        0,  -20257265,          0
 16949,   228,   23000000,    3534396,        0,  -19465604,          0
 16949,   229,   23000000,    6412670,        0,  -16587330,          0
 16949,   230,   23000000,    2766125,        0,  -20233875,          0
 16949,   231,   23000000,    2784359,        0,  -20215641,          0
 16949,   232,   23000000,    3077968,        0,  -19922032,          0
 16949,   233,   23000000,    4085996,        0,  -18914004,          0
 16949,   234,   23000000,    2742959,        0,  -20257041,          0
 16949,   235,   23000000,    2825346,        0,  -20174654,          0
 16949,   236,   23000000,    4724016,        0,  -18275984,          0
 16949,   237,   23000000,    5105142,        0,  -17894858,          0
 16949,   238,   23000000,    2734961,        0,  -20265039,          0
 16949,   239,   23000000,    2725780,        0,  -20274220,          0
 16949,   240,   23000000,    5052847,        0,  -17947153,          0
 16949,   241,   23000000,    6171598,        0,  -16828402,          0
 16949,   242,   23000000,    2757665,        0,  -20242335,          0
 16949,   243,   23000000,    6088723,        0,  -16911277,          0
 16949,   244,   23000000,    5144254,        0,  -17855746,          0
 16949,   245,   23000000,    4112212,        0,  -18887788,          0
 16949,   246,   23000000,    2733376,        0,  -20266624,          0
 16949,   247,   23000000,    3249636,        0,  -19750364,          0
 16949,   248,   23000000,    3114462,        0,  -19885538,          0
 16949,   249,   23000000,    6102271,        0,  -16897729,          0
 16949,   250,   23000000,    2737277,        0,  -20262723,          0
 16949,   251,   23000000,    4195749,        0,  -18804251,          0
 16949,   252,   23000000,    5453064,        0,  -17546936,          0
 16949,   253,   23000000,    6408021,        0,  -16591979,          0
 16949,   254,   23000000,    2731851,        0,  -20268149,          0
 16949,   255,   23000000,    4134462,        0,  -18865538,          0
 16949,   256,   23000000,    3103038,        0,  -19896962,          0
 16949,   257,   23000000,    4076262,        0,  -18923738,          0
 16949,   258,   23000000,    2748518,        0,  -20251482,          0
 16949,   259,   23000000,    2795286,        0,  -20204714,          0
 16949,   260,   23000000,    3086904,        0,  -19913096,          0
 16949,   261,   23000000,    4072629,        0,  -18927371,          0
 16949,   262,   23000000,    2726380,        0,  -20273620,          0
 16949,   263,   23000000,    2795098,        0,  -20204902,          0
 16949,   264,   23000000,    3084931,        0,  -19915069,          0
 16949,   265,   23000000,    4102643,        0,  -18897357,          0
 16949,   266,   23000000,    2738462,        0,  -20261538,          0
 16949,   267,   23000000,    2846999,        0,  -20153001,          0
 16949,   268,   23000000,    4301205,        0,  -18698795,          0
 16949,   269,   23000000,    4103310,        0,  -18896690,          0
 16949,   270,   23000000,    2754957,        0,  -20245043,          0
 16949,   271,   23000000,    2821055,        0,  -20178945,          0
 16949,   272,   23000000,    3100466,        0,  -19899534,          0
 16949,   273,   23000000,    6088722,        0,  -16911278,          0
 16949,   274,   23000000,    2757773,        0,  -20242227,          0
 16949,   275,   23000000,    2790150,        0,  -20209850,          0
 16949,   276,   23000000,    3109293,        0,  -19890707,          0
 16949,   277,   23000000,    4153845,        0,  -18846155,          0
 16949,   278,   23000000,    2816662,        0,  -20183338,          0
 16949,   279,   23000000,    2787958,        0,  -20212042,          0
 16949,   280,   23000000,    5098724,        0,  -17901276,          0
 16949,   281,   23000000,    4109924,        0,  -18890076,          0
 16949,   282,   23000000,    2736078,        0,  -20263922,          0
 16949,   283,   23000000,    2768557,        0,  -20231443,          0
 16949,   284,   23000000,    3100769,        0,  -19899231,          0
 16949,   285,   23000000,    6114259,        0,  -16885741,          0
 16949,   286,   23000000,    2764637,        0,  -20235363,          0
 16949,   287,   23000000,    2830935,        0,  -20169065,          0
 16949,   288,   23000000,    3790898,        0,  -19209102,          0
 16949,   289,   23000000,    4153704,        0,  -18846296,          0
 16949,   290,   23000000,    2729025,        0,  -20270975,          0
 16949,   291,   23000000,    3029700,        0,  -19970300,          0
 16949,   292,   23000000,    3087203,        0,  -19912797,          0
 16949,   293,   23000000,    6091194,        0,  -16908806,          0
 16949,   294,   23000000,    2769242,        0,  -20230758,          0
 16949,   295,   23000000,    2795680,        0,  -20204320,          0
 16949,   296,   23000000,    5063345,        0,  -17936655,          0
 16949,   297,   23000000,    6117222,        0,  -16882778,          0
 16949,   298,   23000000,    2731023,        0,  -20268977,          0
 16949,   299,   23000000,    2797403,        0,  -20202597,          0
 16949,   300,   23000000,    3114104,        0,  -19885896,          0
 16949,   301,   23000000,    4158437,        0,  -18841563,          0
 16949,   302,   23000000,    2730192,        0,  -20269808,          0
 16949,   303,   23000000,    2788180,        0,  -20211820,          0
 16949,   304,   23000000,    3090431,        0,  -19909569,          0
 16949,   305,   23000000,    6074777,        0,  -16925223,          0
 16949,   306,   23000000,    2797550,        0,  -20202450,          0
 16949,   307,   23000000,    2769988,        0,  -20230012,          0
 16949,   308,   23000000,    3079386,        0,  -19920614,          0
 16949,   309,   23000000,    4098952,        0,  -18901048,          0
 16949,   310,   23000000,    2737492,        0,  -20262508,          0
 16949,   311,   23000000,    4083157,        0,  -18916843,          0
 16949,   312,   23000000,    3104336,        0,  -19895664,          0
 16949,   313,   23000000,    4113083,        0,  -18886917,          0
 16949,   314,   23000000,    2730841,        0,  -20269159,          0
 16949,   315,   23000000,    2877257,        0,  -20122743,          0
 16949,   316,   23000000,    5062314,        0,  -17937686,          0
 16949,   317,   23000000,    6080712,        0,  -16919288,          0
 16949,   318,   23000000,    2751555,        0,  -20248445,          0
 16949,   319,   23000000,    4128860,        0,  -18871140,          0
 16949,   320,   23000000,    3113213,        0,  -19886787,          0
 16949,   321,   23000000,    4107323,        0,  -18892677,          0
 16949,   322,   23000000,    2785457,        0,  -20214543,          0
 16949,   323,   23000000,    2860377,        0,  -20139623,          0
 16949,   324,   23000000,    5077430,        0,  -17922570,          0
 16949,   325,   23000000,    4142045,        0,  -18857955,          0
 16949,   326,   23000000,    7033869,        0,  -15966131,          0
 16949,   327,   23000000,    3402444,        0,  -19597556,          0
 16949,   328,   23000000,    3287083,        0,  -19712917,          0
 16949,   329,   23000000,    4780882,        0,  -18219118,          0
 16949,   330,   23000000,    2749999,        0,  -20250001,          0
 16949,   331,   23000000,    2745316,        0,  -20254684,          0
 16949,   332,   23000000,    4900369,        0,  -18099631,          0
 16949,   333,   23000000,    6088880,        0,  -16911120,          0
 16949,   334,   23000000,    2724323,        0,  -20275677,          0
 16949,   335,   23000000,    2778310,        0,  -20221690,          0
 16949,   336,   23000000,    3113565,        0,  -19886435,          0
 16949,   337,   23000000,    4093667,        0,  -18906333,          0
 16949,   338,   23000000,    2763131,        0,  -20236869,          0
 16949,   339,   23000000,    2759185,        0,  -20240815,          0
 16949,   340,   23000000,    3367497,        0,  -19632503,          0
 16949,   341,   23000000,    6118395,        0,  -16881605,          0
 16949,   342,   23000000,    2901481,        0,  -20098519,          0
 16949,   343,   23000000,    2770430,        0,  -20229570,          0
 16949,   344,   23000000,    3095867,        0,  -19904133,          0
 16949,   345,   23000000,    4101094,        0,  -18898906,          0
 16949,   346,   23000000,    2743887,        0,  -20256113,          0
 16949,   347,   23000000,    2864012,        0,  -20135988,          0
 16949,   348,   23000000,    3090379,        0,  -19909621,          0
 16949,   349,   23000000,    5345585,        0,  -17654415,          0
 16949,   350,   23000000,    2715094,        0,  -20284906,          0
 16949,   351,   23000000,    2742804,        0,  -20257196,          0
 16949,   352,   23000000,    5065270,        0,  -17934730,          0
 16949,   353,   23000000,    4105378,        0,  -18894622,          0
 16949,   354,   23000000,    5072640,        0,  -17927360,          0
 16949,   355,   23000000,    2773280,        0,  -20226720,          0
 16949,   356,   23000000,    3106410,        0,  -19893590,          0
 16949,   357,   23000000,    6102069,        0,  -16897931,          0
 16949,   358,   23000000,    2776220,        0,  -20223780,          0
 16949,   359,   23000000,    2818039,        0,  -20181961,          0
 16949,   360,   23000000,    3068447,        0,  -19931553,          0
 16949,   361,   23000000,    6073104,        0,  -16926896,          0
 16949,   362,   23000000,    2732807,        0,  -20267193,          0
 16949,   363,   23000000,    2891100,        0,  -20108900,          0
 16949,   364,   23000000,    3092821,        0,  -19907179,          0
 16949,   365,   23000000,    4069551,        0,  -18930449,          0
 16949,   366,   23000000,    3121285,        0,  -19878715,          0
 16949,   367,   23000000,    2813174,        0,  -20186826,          0
 16949,   368,   23000000,    3072552,        0,  -19927448,          0
 16949,   369,   23000000,    6109423,        0,  -16890577,          0
 16949,   370,   23000000,    2728084,        0,  -20271916,          0
 16949,   371,   23000000,    2794121,        0,  -20205879,          0
 16949,   372,   23000000,    5067827,        0,  -17932173,          0
 16949,   373,   23000000,    4437111,        0,  -18562889,          0
 16949,   374,   23000000,    2719090,        0,  -20280910,          0
 16949,   375,   23000000,    2753548,        0,  -20246452,          0
 16949,   376,   23000000,    3112838,        0,  -19887162,          0
 16949,   377,   23000000,    4076402,        0,  -18923598,          0
 16949,   378,   23000000,    3011068,        0,  -19988932,          0
 16949,   379,   23000000,    2758225,        0,  -20241775,          0
 16949,   380,   23000000,    3459738,        0,  -19540262,          0
 16949,   381,   23000000,    4081106,        0,  -18918894,          0
 16949,   382,   23000000,    2733130,        0,  -20266870,          0
 16949,   383,   23000000,    2764964,        0,  -20235036,          0
 16949,   384,   23000000,    3116437,        0,  -19883563,          0
 16949,   385,   23000000,    4070376,        0,  -18929624,          0
 16949,   386,   23000000,    2727650,        0,  -20272350,          0
 16949,   387,   23000000,    2790939,        0,  -20209061,          0
 16949,   388,   23000000,    3083526,        0,  -19916474,          0
 16949,   389,   23000000,    6046480,        0,  -16953520,          0
 16949,   390,   23000000,    3073134,        0,  -19926866,          0
 16949,   391,   23000000,    2756659,        0,  -20243341,          0
 16949,   392,   23000000,    3141389,        0,  -19858611,          0
 16949,   393,   23000000,    4504512,        0,  -18495488,          0
 16949,   394,   23000000,    2762918,        0,  -20237082,          0
 16949,   395,   23000000,    2796505,        0,  -20203495,          0
 16949,   396,   23000000,    4043463,        0,  -18956537,          0
 16949,   397,   23000000,    4105794,        0,  -18894206,          0
 16949,   398,   23000000,    2745334,        0,  -20254666,          0
 16949,   399,   23000000,    2735176,        0,  -20264824,          0
 16949,   400,   23000000,    3097664,        0,  -19902336,          0
 16949,   401,   23000000,    4101587,        0,  -18898413,          0
 16949,   402,   23000000,    2785336,        0,  -20214664,          0
 16949,   403,   23000000,    2803826,        0,  -20196174,          0
 16949,   404,   23000000,    5078827,        0,  -17921173,          0
 16949,   405,   23000000,    6357497,        0,  -16642503,          0
 16949,   406,   23000000,    2818450,        0,  -20181550,          0
 16949,   407,   23000000,    2728546,        0,  -20271454,          0
 16949,   408,   23000000,    3113417,        0,  -19886583,          0
 16949,   409,   23000000,    5149964,        0,  -17850036,          0
 16949,   410,   23000000,    2739507,        0,  -20260493,          0
 16949,   411,   23000000,    2786140,        0,  -20213860,          0
 16949,   412,   23000000,    4791710,        0,  -18208290,          0
 16949,   413,   23000000,    6092727,        0,  -16907273,          0
 16949,   414,   23000000,    2755745,        0,  -20244255,          0
 16949,   415,   23000000,    2756196,        0,  -20243804,          0
 16949,   416,   23000000,    3383136,        0,  -19616864,          0
 16949,   417,   23000000,    4118333,        0,  -18881667,          0
 16949,   418,   23000000,    2731168,        0,  -20268832,          0
 16949,   419,   23000000,    2809410,        0,  -20190590,          0
 16949,   420,   23000000,    4061745,        0,  -18938255,          0
 16949,   421,   23000000,    4090127,        0,  -18909873,          0
 16949,   422,   23000000,    2757137,        0,  -20242863,          0
 16949,   423,   23000000,    2778089,        0,  -20221911,          0
 16949,   424,   23000000,    3079732,        0,  -19920268,          0
 16949,   425,   23000000,    4138059,        0,  -18861941,          0
 16949,   426,   23000000,    2786416,        0,  -20213584,          0
 16949,   427,   23000000,    2748000,        0,  -20252000,          0
 16949,   428,   23000000,    3471027,        0,  -19528973,          0
 16949,   429,   23000000,    4062674,        0,  -18937326,          0
 16949,   430,   23000000,    2773785,        0,  -20226215,          0
 16949,   431,   23000000,    2791780,        0,  -20208220,          0
 16949,   432,   23000000,    3089694,        0,  -19910306,          0
 16949,   433,   23000000,    4077862,        0,  -18922138,          0
 16949,   434,   23000000,    2788944,        0,  -20211056,          0
 16949,   435,   23000000,    2846419,        0,  -20153581,          0
 16949,   436,   23000000,    4829583,        0,  -18170417,          0
 16949,   437,   23000000,    4091758,        0,  -18908242,          0
 16949,   438,   23000000,    2750119,        0,  -20249881,          0
