# Task,   Job,     Period,   Response, DL Miss?,   Lateness,  Tardiness
# task NAME=myapp PID=6325 COST=4328000 PERIOD=34000000 CPU=0
  6325,     2,   34000000,       8831,        0,  -33991169,          0
  6325,     3,   34000000,      41376,        0,  -33958624,          0
  6325,     4,   34000000,    4288072,        0,  -29711928,          0
  6325,     5,   34000000,    4265620,        0,  -29734380,          0
  6325,     6,   34000000,    4254085,        0,  -29745915,          0
  6325,     7,   34000000,    4283015,        0,  -29716985,          0
  6325,     8,   34000000,    4287715,        0,  -29712285,          0
  6325,     9,   34000000,    4299223,        0,  -29700777,          0
  6325,    10,   34000000,    4254784,        0,  -29745216,          0
  6325,    11,   34000000,    4259011,        0,  -29740989,          0
  6325,    12,   34000000,    4260298,        0,  -29739702,          0
  6325,    13,   34000000,   20181200,        0,  -13818800,          0
  6325,    14,   34000000,    4804161,        0,  -29195839,          0
  6325,    15,   34000000,    4269298,        0,  -29730702,          0
  6325,    16,   34000000,    4277952,        0,  -29722048,          0
  6325,    17,   34000000,    4290338,        0,  -29709662,          0
  6325,    18,   34000000,    4290507,        0,  -29709493,          0
  6325,    19,   34000000,    4257153,        0,  -29742847,          0
  6325,    20,   34000000,    4269461,        0,  -29730539,          0
  6325,    21,   34000000,   20350030,        0,  -13649970,          0
  6325,    22,   34000000,    4269434,        0,  -29730566,          0
  6325,    23,   34000000,    4537074,        0,  -29462926,          0
  6325,    24,   34000000,    8422038,        0,  -25577962,          0
  6325,    25,   34000000,    4268643,        0,  -29731357,          0
  6325,    26,   34000000,    4267142,        0,  -29732858,          0
  6325,    27,   34000000,    4293155,        0,  -29706845,          0
  6325,    28,   34000000,   10771897,        0,  -23228103,          0
  6325,    29,   34000000,    4294746,        0,  -29705254,          0
  6325,    30,   34000000,   14689994,        0,  -19310006,          0
  6325,    31,   34000000,    4262441,        0,  -29737559,          0
  6325,    32,   34000000,    4296948,        0,  -29703052,          0
  6325,    33,   34000000,    4285375,        0,  -29714625,          0
  6325,    34,   34000000,    4550636,        0,  -29449364,          0
  6325,    35,   34000000,    4261133,        0,  -29738867,          0
  6325,    36,   34000000,   15167242,        0,  -18832758,          0
  6325,    37,   34000000,    4282233,        0,  -29717767,          0
  6325,    38,   34000000,    4282444,        0,  -29717556,          0
  6325,    39,   34000000,    4262419,        0,  -29737581,          0
  6325,    40,   34000000,    4269712,        0,  -29730288,          0
  6325,    41,   34000000,    4281519,        0,  -29718481,          0
  6325,    42,   34000000,    4265505,        0,  -29734495,          0
  6325,    43,   34000000,    4279265,        0,  -29720735,          0
  6325,    44,   34000000,    8234820,        0,  -25765180,          0
  6325,    45,   34000000,    4563152,        0,  -29436848,          0
  6325,    46,   34000000,    4290177,        0,  -29709823,          0
  6325,    47,   34000000,    4273336,        0,  -29726664,          0
  6325,    48,   34000000,    4262132,        0,  -29737868,          0
  6325,    49,   34000000,    4288090,        0,  -29711910,          0
  6325,    50,   34000000,    5618002,        0,  -28381998,          0
  6325,    51,   34000000,    4271158,        0,  -29728842,          0
  6325,    52,   34000000,    4276289,        0,  -29723711,          0
  6325,    53,   34000000,    4264109,        0,  -29735891,          0
  6325,    54,   34000000,    4285883,        0,  -29714117,          0
  6325,    55,   34000000,    4256193,        0,  -29743807,          0
  6325,    56,   34000000,   19616145,        0,  -14383855,          0
  6325,    57,   34000000,    4289600,        0,  -29710400,          0
  6325,    58,   34000000,    4263509,        0,  -29736491,          0
  6325,    59,   34000000,   19326873,        0,  -14673127,          0
  6325,    60,   34000000,    4305910,        0,  -29694090,          0
  6325,    61,   34000000,    4274572,        0,  -29725428,          0
  6325,    62,   34000000,    4319091,        0,  -29680909,          0
  6325,    63,   34000000,    4278289,        0,  -29721711,          0
  6325,    64,   34000000,    4268731,        0,  -29731269,          0
  6325,    65,   34000000,   24542089,        0,   -9457911,          0
  6325,    66,   34000000,    4331278,        0,  -29668722,          0
  6325,    67,   34000000,    4932508,        0,  -29067492,          0
  6325,    68,   34000000,    4281394,        0,  -29718606,          0
  6325,    69,   34000000,    4276141,        0,  -29723859,          0
  6325,    70,   34000000,    4283182,        0,  -29716818,          0
  6325,    71,   34000000,    4276786,        0,  -29723214,          0
  6325,    72,   34000000,    4266512,        0,  -29733488,          0
  6325,    73,   34000000,    4264775,        0,  -29735225,          0
  6325,    74,   34000000,    4272582,        0,  -29727418,          0
  6325,    75,   34000000,    4285796,        0,  -29714204,          0
  6325,    76,   34000000,    4268308,        0,  -29731692,          0
  6325,    77,   34000000,    6550513,        0,  -27449487,          0
  6325,    78,   34000000,    4277066,        0,  -29722934,          0
  6325,    79,   34000000,    4297411,        0,  -29702589,          0
  6325,    80,   34000000,    4267336,        0,  -29732664,          0
  6325,    81,   34000000,    4256012,        0,  -29743988,          0
  6325,    82,   34000000,    4273455,        0,  -29726545,          0
  6325,    83,   34000000,    8639863,        0,  -25360137,          0
  6325,    84,   34000000,    4262520,        0,  -29737480,          0
  6325,    85,   34000000,    4254153,        0,  -29745847,          0
  6325,    86,   34000000,    4268197,        0,  -29731803,          0
  6325,    87,   34000000,    4295876,        0,  -29704124,          0
  6325,    88,   34000000,    4268335,        0,  -29731665,          0
  6325,    89,   34000000,    6751056,        0,  -27248944,          0
  6325,    90,   34000000,    4276372,        0,  -29723628,          0
  6325,    91,   34000000,    4274558,        0,  -29725442,          0
  6325,    92,   34000000,    5597383,        0,  -28402617,          0
  6325,    93,   34000000,    4284593,        0,  -29715407,          0
  6325,    94,   34000000,    4292998,        0,  -29707002,          0
  6325,    95,   34000000,    4320408,        0,  -29679592,          0
  6325,    96,   34000000,    4290191,        0,  -29709809,          0
  6325,    97,   34000000,    8464886,        0,  -25535114,          0
  6325,    98,   34000000,    4271798,        0,  -29728202,          0
  6325,    99,   34000000,    4303457,        0,  -29696543,          0
  6325,   100,   34000000,    4265419,        0,  -29734581,          0
  6325,   101,   34000000,    4260971,        0,  -29739029,          0
  6325,   102,   34000000,   23001789,        0,  -10998211,          0
  6325,   103,   34000000,    4287720,        0,  -29712280,          0
  6325,   104,   34000000,    4258903,        0,  -29741097,          0
  6325,   105,   34000000,    4261453,        0,  -29738547,          0
  6325,   106,   34000000,    8182691,        0,  -25817309,          0
  6325,   107,   34000000,    4284327,        0,  -29715673,          0
  6325,   108,   34000000,    4309167,        0,  -29690833,          0
  6325,   109,   34000000,    4293681,        0,  -29706319,          0
  6325,   110,   34000000,    4286407,        0,  -29713593,          0
  6325,   111,   34000000,    4254999,        0,  -29745001,          0
  6325,   112,   34000000,    4313242,        0,  -29686758,          0
  6325,   113,   34000000,    4264397,        0,  -29735603,          0
  6325,   114,   34000000,    4280103,        0,  -29719897,          0
  6325,   115,   34000000,    4261193,        0,  -29738807,          0
  6325,   116,   34000000,    4293504,        0,  -29706496,          0
  6325,   117,   34000000,    8528347,        0,  -25471653,          0
  6325,   118,   34000000,    4306890,        0,  -29693110,          0
  6325,   119,   34000000,    4272032,        0,  -29727968,          0
  6325,   120,   34000000,   10576950,        0,  -23423050,          0
  6325,   121,   34000000,    4310896,        0,  -29689104,          0
  6325,   122,   34000000,    4262828,        0,  -29737172,          0
  6325,   123,   34000000,   31365261,        0,   -2634739,          0
  6325,   124,   34000000,    4262027,        0,  -29737973,          0
  6325,   125,   34000000,    4269799,        0,  -29730201,          0
  6325,   126,   34000000,   22115662,        0,  -11884338,          0
  6325,   127,   34000000,    4269776,        0,  -29730224,          0
  6325,   128,   34000000,    4292551,        0,  -29707449,          0
  6325,   129,   34000000,    4303927,        0,  -29696073,          0
  6325,   130,   34000000,    4280312,        0,  -29719688,          0
  6325,   131,   34000000,    4267618,        0,  -29732382,          0
  6325,   132,   34000000,    4269485,        0,  -29730515,          0
  6325,   133,   34000000,    4264737,        0,  -29735263,          0
  6325,   134,   34000000,    5203168,        0,  -28796832,          0
  6325,   135,   34000000,    4267816,        0,  -29732184,          0
  6325,   136,   34000000,    4260958,        0,  -29739042,          0
  6325,   137,   34000000,    4273583,        0,  -29726417,          0
  6325,   138,   34000000,    4272042,        0,  -29727958,          0
  6325,   139,   34000000,    4265890,        0,  -29734110,          0
  6325,   140,   34000000,    4282288,        0,  -29717712,          0
  6325,   141,   34000000,    4264683,        0,  -29735317,          0
  6325,   142,   34000000,   10805902,        0,  -23194098,          0
  6325,   143,   34000000,    4289484,        0,  -29710516,          0
  6325,   144,   34000000,    4267957,        0,  -29732043,          0
  6325,   145,   34000000,    4258135,        0,  -29741865,          0
  6325,   146,   34000000,    4291300,        0,  -29708700,          0
  6325,   147,   34000000,    4269561,        0,  -29730439,          0
  6325,   148,   34000000,   11235213,        0,  -22764787,          0
  6325,   149,   34000000,    4278695,        0,  -29721305,          0
  6325,   150,   34000000,    4287793,        0,  -29712207,          0
  6325,   151,   34000000,    4351781,        0,  -29648219,          0
  6325,   152,   34000000,    4259951,        0,  -29740049,          0
  6325,   153,   34000000,   12162402,        0,  -21837598,          0
  6325,   154,   34000000,    4257726,        0,  -29742274,          0
  6325,   155,   34000000,    4284470,        0,  -29715530,          0
  6325,   156,   34000000,    4268948,        0,  -29731052,          0
  6325,   157,   34000000,    4256283,        0,  -29743717,          0
  6325,   158,   34000000,    4251913,        0,  -29748087,          0
  6325,   159,   34000000,    4580611,        0,  -29419389,          0
  6325,   160,   34000000,    4268638,        0,  -29731362,          0
  6325,   161,   34000000,    4289010,        0,  -29710990,          0
  6325,   162,   34000000,    4273736,        0,  -29726264,          0
  6325,   163,   34000000,    4267492,        0,  -29732508,          0
  6325,   164,   34000000,    4285498,        0,  -29714502,          0
  6325,   165,   34000000,    4254545,        0,  -29745455,          0
  6325,   166,   34000000,    4268978,        0,  -29731022,          0
  6325,   167,   34000000,    4274578,        0,  -29725422,          0
  6325,   168,   34000000,    4271502,        0,  -29728498,          0
  6325,   169,   34000000,    4280995,        0,  -29719005,          0
  6325,   170,   34000000,    4550694,        0,  -29449306,          0
  6325,   171,   34000000,    4259678,        0,  -29740322,          0
  6325,   172,   34000000,    4259779,        0,  -29740221,          0
  6325,   173,   34000000,   11569973,        0,  -22430027,          0
  6325,   174,   34000000,    4253842,        0,  -29746158,          0
  6325,   175,   34000000,    4276421,        0,  -29723579,          0
  6325,   176,   34000000,    4260496,        0,  -29739504,          0
  6325,   177,   34000000,    4268351,        0,  -29731649,          0
  6325,   178,   34000000,    4266087,        0,  -29733913,          0
  6325,   179,   34000000,    4259558,        0,  -29740442,          0
  6325,   180,   34000000,    4271599,        0,  -29728401,          0
  6325,   181,   34000000,    4547976,        0,  -29452024,          0
  6325,   182,   34000000,    4265011,        0,  -29734989,          0
  6325,   183,   34000000,    4255646,        0,  -29744354,          0
  6325,   184,   34000000,    7093444,        0,  -26906556,          0
  6325,   185,   34000000,    7385847,        0,  -26614153,          0
  6325,   186,   34000000,    4261761,        0,  -29738239,          0
  6325,   187,   34000000,    4259326,        0,  -29740674,          0
  6325,   188,   34000000,    4298057,        0,  -29701943,          0
  6325,   189,   34000000,    4272826,        0,  -29727174,          0
  6325,   190,   34000000,    4326981,        0,  -29673019,          0
  6325,   191,   34000000,    4261079,        0,  -29738921,          0
  6325,   192,   34000000,    4549880,        0,  -29450120,          0
  6325,   193,   34000000,    4268250,        0,  -29731750,          0
  6325,   194,   34000000,    4287170,        0,  -29712830,          0
  6325,   195,   34000000,    4277012,        0,  -29722988,          0
  6325,   196,   34000000,    4273627,        0,  -29726373,          0
  6325,   197,   34000000,    4264979,        0,  -29735021,          0
  6325,   198,   34000000,    4290058,        0,  -29709942,          0
  6325,   199,   34000000,    4263732,        0,  -29736268,          0
  6325,   200,   34000000,    4477536,        0,  -29522464,          0
  6325,   201,   34000000,    4309009,        0,  -29690991,          0
  6325,   202,   34000000,    4267046,        0,  -29732954,          0
  6325,   203,   34000000,    4262749,        0,  -29737251,          0
  6325,   204,   34000000,    4268327,        0,  -29731673,          0
  6325,   205,   34000000,    4271020,        0,  -29728980,          0
  6325,   206,   34000000,    4270604,        0,  -29729396,          0
  6325,   207,   34000000,    4309686,        0,  -29690314,          0
  6325,   208,   34000000,    4275846,        0,  -29724154,          0
  6325,   209,   34000000,    4276506,        0,  -29723494,          0
  6325,   210,   34000000,    4257700,        0,  -29742300,          0
  6325,   211,   34000000,    4293452,        0,  -29706548,          0
  6325,   212,   34000000,    4259680,        0,  -29740320,          0
  6325,   213,   34000000,    4286761,        0,  -29713239,          0
  6325,   214,   34000000,    4275680,        0,  -29724320,          0
  6325,   215,   34000000,    4266683,        0,  -29733317,          0
  6325,   216,   34000000,   21165277,        0,  -12834723,          0
  6325,   217,   34000000,   17217162,        0,  -16782838,          0
  6325,   218,   34000000,    4263777,        0,  -29736223,          0
  6325,   219,   34000000,    4256801,        0,  -29743199,          0
  6325,   220,   34000000,    4275013,        0,  -29724987,          0
  6325,   221,   34000000,    4266129,        0,  -29733871,          0
  6325,   222,   34000000,    4325812,        0,  -29674188,          0
  6325,   223,   34000000,    4263668,        0,  -29736332,          0
  6325,   224,   34000000,    4260794,        0,  -29739206,          0
  6325,   225,   34000000,    4256790,        0,  -29743210,          0
  6325,   226,   34000000,   11198612,        0,  -22801388,          0
  6325,   227,   34000000,    4261915,        0,  -29738085,          0
  6325,   228,   34000000,    4275184,        0,  -29724816,          0
  6325,   229,   34000000,    4265754,        0,  -29734246,          0
  6325,   230,   34000000,    4300840,        0,  -29699160,          0
  6325,   231,   34000000,    4278610,        0,  -29721390,          0
  6325,   232,   34000000,    4251855,        0,  -29748145,          0
  6325,   233,   34000000,    4255419,        0,  -29744581,          0
  6325,   234,   34000000,    8261936,        0,  -25738064,          0
  6325,   235,   34000000,    4259309,        0,  -29740691,          0
  6325,   236,   34000000,    4263633,        0,  -29736367,          0
  6325,   237,   34000000,    7576656,        0,  -26423344,          0
  6325,   238,   34000000,    4277577,        0,  -29722423,          0
  6325,   239,   34000000,    4260195,        0,  -29739805,          0
  6325,   240,   34000000,   13529959,        0,  -20470041,          0
  6325,   241,   34000000,    4274340,        0,  -29725660,          0
  6325,   242,   34000000,    4254837,        0,  -29745163,          0
  6325,   243,   34000000,    4284833,        0,  -29715167,          0
  6325,   244,   34000000,    4288178,        0,  -29711822,          0
  6325,   245,   34000000,    4265446,        0,  -29734554,          0
  6325,   246,   34000000,    4255457,        0,  -29744543,          0
  6325,   247,   34000000,    4264873,        0,  -29735127,          0
  6325,   248,   34000000,    4578603,        0,  -29421397,          0
  6325,   249,   34000000,    4280648,        0,  -29719352,          0
  6325,   250,   34000000,    4263039,        0,  -29736961,          0
  6325,   251,   34000000,    4289897,        0,  -29710103,          0
  6325,   252,   34000000,    4260685,        0,  -29739315,          0
  6325,   253,   34000000,    4262764,        0,  -29737236,          0
  6325,   254,   34000000,   14538817,        0,  -19461183,          0
  6325,   255,   34000000,    4269378,        0,  -29730622,          0
  6325,   256,   34000000,    4279661,        0,  -29720339,          0
  6325,   257,   34000000,    4256222,        0,  -29743778,          0
  6325,   258,   34000000,    4277255,        0,  -29722745,          0
  6325,   259,   34000000,    4265710,        0,  -29734290,          0
  6325,   260,   34000000,    4275033,        0,  -29724967,          0
  6325,   261,   34000000,    4271878,        0,  -29728122,          0
  6325,   262,   34000000,    4282412,        0,  -29717588,          0
  6325,   263,   34000000,    4278063,        0,  -29721937,          0
  6325,   264,   34000000,    4270668,        0,  -29729332,          0
  6325,   265,   34000000,    5438205,        0,  -28561795,          0
  6325,   266,   34000000,    4260984,        0,  -29739016,          0
  6325,   267,   34000000,    4263924,        0,  -29736076,          0
  6325,   268,   34000000,    4322569,        0,  -29677431,          0
  6325,   269,   34000000,    4287814,        0,  -29712186,          0
  6325,   270,   34000000,    4258572,        0,  -29741428,          0
  6325,   271,   34000000,    4262596,        0,  -29737404,          0
  6325,   272,   34000000,    4277630,        0,  -29722370,          0
  6325,   273,   34000000,    4572680,        0,  -29427320,          0
  6325,   274,   34000000,    4274599,        0,  -29725401,          0
  6325,   275,   34000000,    4257501,        0,  -29742499,          0
  6325,   276,   34000000,    7338384,        0,  -26661616,          0
  6325,   277,   34000000,    4270540,        0,  -29729460,          0
  6325,   278,   34000000,    4266934,        0,  -29733066,          0
  6325,   279,   34000000,    9510787,        0,  -24489213,          0
  6325,   280,   34000000,    4271508,        0,  -29728492,          0
  6325,   281,   34000000,    4255822,        0,  -29744178,          0
  6325,   282,   34000000,    4270485,        0,  -29729515,          0
  6325,   283,   34000000,    4274923,        0,  -29725077,          0
  6325,   284,   34000000,    4559900,        0,  -29440100,          0
  6325,   285,   34000000,    4275680,        0,  -29724320,          0
  6325,   286,   34000000,    4261828,        0,  -29738172,          0
  6325,   287,   34000000,    4277987,        0,  -29722013,          0
  6325,   288,   34000000,    4275829,        0,  -29724171,          0
  6325,   289,   34000000,    4262771,        0,  -29737229,          0
  6325,   290,   34000000,    4266977,        0,  -29733023,          0
  6325,   291,   34000000,    4263901,        0,  -29736099,          0
  6325,   292,   34000000,    4263870,        0,  -29736130,          0
  6325,   293,   34000000,    4258712,        0,  -29741288,          0
  6325,   294,   34000000,    4266040,        0,  -29733960,          0
  6325,   295,   34000000,    4575320,        0,  -29424680,          0
  6325,   296,   34000000,    4286525,        0,  -29713475,          0
  6325,   297,   34000000,    4257945,        0,  -29742055,          0
  6325,   298,   34000000,    4367992,        0,  -29632008,          0
# task NAME=myapp PID=6328 COST=20932000 PERIOD=76000000 CPU=0
  6328,     2,   76000000,       8173,        0,  -75991827,          0
  6328,     3,   76000000,      67478,        0,  -75932522,          0
  6328,     4,   76000000,   20505247,        0,  -55494753,          0
  6328,     5,   76000000,   20498793,        0,  -55501207,          0
  6328,     6,   76000000,   20488840,        0,  -55511160,          0
  6328,     7,   76000000,   20779271,        0,  -55220729,          0
  6328,     8,   76000000,   20492445,        0,  -55507555,          0
  6328,     9,   76000000,   20498477,        0,  -55501523,          0
  6328,    10,   76000000,   25404011,        0,  -50595989,          0
  6328,    11,   76000000,   20502799,        0,  -55497201,          0
  6328,    12,   76000000,   20495505,        0,  -55504495,          0
  6328,    13,   76000000,   20488684,        0,  -55511316,          0
  6328,    14,   76000000,   20507346,        0,  -55492654,          0
  6328,    15,   76000000,   34367585,        0,  -41632415,          0
  6328,    16,   76000000,   20481056,        0,  -55518944,          0
  6328,    17,   76000000,   20501366,        0,  -55498634,          0
  6328,    18,   76000000,   20489130,        0,  -55510870,          0
  6328,    19,   76000000,   20501522,        0,  -55498478,          0
  6328,    20,   76000000,   20820551,        0,  -55179449,          0
  6328,    21,   76000000,   20539704,        0,  -55460296,          0
  6328,    22,   76000000,   20516319,        0,  -55483681,          0
  6328,    23,   76000000,   20522226,        0,  -55477774,          0
  6328,    24,   76000000,   20502104,        0,  -55497896,          0
  6328,    25,   76000000,   20778389,        0,  -55221611,          0
  6328,    26,   76000000,   20525873,        0,  -55474127,          0
  6328,    27,   76000000,   23061933,        0,  -52938067,          0
  6328,    28,   76000000,   20485004,        0,  -55514996,          0
  6328,    29,   76000000,   20498192,        0,  -55501808,          0
  6328,    30,   76000000,   20794803,        0,  -55205197,          0
  6328,    31,   76000000,   20823670,        0,  -55176330,          0
  6328,    32,   76000000,   20557370,        0,  -55442630,          0
  6328,    33,   76000000,   48501938,        0,  -27498062,          0
  6328,    34,   76000000,   20512910,        0,  -55487090,          0
  6328,    35,   76000000,   20517544,        0,  -55482456,          0
  6328,    36,   76000000,   30829739,        0,  -45170261,          0
  6328,    37,   76000000,   20552269,        0,  -55447731,          0
  6328,    38,   76000000,   20770677,        0,  -55229323,          0
  6328,    39,   76000000,   20513924,        0,  -55486076,          0
  6328,    40,   76000000,   25003245,        0,  -50996755,          0
  6328,    41,   76000000,   20497004,        0,  -55502996,          0
  6328,    42,   76000000,   20492164,        0,  -55507836,          0
  6328,    43,   76000000,   20801523,        0,  -55198477,          0
  6328,    44,   76000000,   20515648,        0,  -55484352,          0
  6328,    45,   76000000,   36896026,        0,  -39103974,          0
  6328,    46,   76000000,   20479203,        0,  -55520797,          0
  6328,    47,   76000000,   20499252,        0,  -55500748,          0
  6328,    48,   76000000,   20754561,        0,  -55245439,          0
  6328,    49,   76000000,   20526455,        0,  -55473545,          0
  6328,    50,   76000000,   20490282,        0,  -55509718,          0
  6328,    51,   76000000,   20540286,        0,  -55459714,          0
  6328,    52,   76000000,   20511964,        0,  -55488036,          0
  6328,    53,   76000000,   20806763,        0,  -55193237,          0
  6328,    54,   76000000,   29030762,        0,  -46969238,          0
  6328,    55,   76000000,   20497860,        0,  -55502140,          0
  6328,    56,   76000000,   20619697,        0,  -55380303,          0
  6328,    57,   76000000,   24553515,        0,  -51446485,          0
  6328,    58,   76000000,   39558132,        0,  -36441868,          0
  6328,    59,   76000000,   20514265,        0,  -55485735,          0
  6328,    60,   76000000,   20518116,        0,  -55481884,          0
  6328,    61,   76000000,   20511605,        0,  -55488395,          0
  6328,    62,   76000000,   20498393,        0,  -55501607,          0
  6328,    63,   76000000,   20500353,        0,  -55499647,          0
  6328,    64,   76000000,   20502533,        0,  -55497467,          0
  6328,    65,   76000000,   20548709,        0,  -55451291,          0
  6328,    66,   76000000,   20763557,        0,  -55236443,          0
  6328,    67,   76000000,   20508740,        0,  -55491260,          0
  6328,    68,   76000000,   20484688,        0,  -55515312,          0
  6328,    69,   76000000,   20563171,        0,  -55436829,          0
  6328,    70,   76000000,   20486738,        0,  -55513262,          0
  6328,    71,   76000000,   20796902,        0,  -55203098,          0
  6328,    72,   76000000,   20518524,        0,  -55481476,          0
  6328,    73,   76000000,   20498926,        0,  -55501074,          0
  6328,    74,   76000000,   20506480,        0,  -55493520,          0
  6328,    75,   76000000,   20514492,        0,  -55485508,          0
  6328,    76,   76000000,   20787216,        0,  -55212784,          0
  6328,    77,   76000000,   20537806,        0,  -55462194,          0
  6328,    78,   76000000,   20495616,        0,  -55504384,          0
  6328,    79,   76000000,   20523278,        0,  -55476722,          0
  6328,    80,   76000000,   20500729,        0,  -55499271,          0
  6328,    81,   76000000,   20775819,        0,  -55224181,          0
  6328,    82,   76000000,   20491858,        0,  -55508142,          0
  6328,    83,   76000000,   20507749,        0,  -55492251,          0
  6328,    84,   76000000,   21833119,        0,  -54166881,          0
  6328,    85,   76000000,   20486265,        0,  -55513735,          0
  6328,    86,   76000000,   20517895,        0,  -55482105,          0
  6328,    87,   76000000,   20488150,        0,  -55511850,          0
  6328,    88,   76000000,   24791053,        0,  -51208947,          0
  6328,    89,   76000000,   20766160,        0,  -55233840,          0
  6328,    90,   76000000,   20503644,        0,  -55496356,          0
  6328,    91,   76000000,   20516069,        0,  -55483931,          0
  6328,    92,   76000000,   20505906,        0,  -55494094,          0
  6328,    93,   76000000,   20531642,        0,  -55468358,          0
  6328,    94,   76000000,   20765456,        0,  -55234544,          0
  6328,    95,   76000000,   20526256,        0,  -55473744,          0
  6328,    96,   76000000,   20514805,        0,  -55485195,          0
  6328,    97,   76000000,   20492279,        0,  -55507721,          0
  6328,    98,   76000000,   20501111,        0,  -55498889,          0
  6328,    99,   76000000,   20786702,        0,  -55213298,          0
  6328,   100,   76000000,   20489895,        0,  -55510105,          0
  6328,   101,   76000000,   22840248,        0,  -53159752,          0
  6328,   102,   76000000,   20481944,        0,  -55518056,          0
  6328,   103,   76000000,   20487206,        0,  -55512794,          0
  6328,   104,   76000000,   20772143,        0,  -55227857,          0
  6328,   105,   76000000,   20530519,        0,  -55469481,          0
  6328,   106,   76000000,   20508454,        0,  -55491546,          0
  6328,   107,   76000000,   20494323,        0,  -55505677,          0
  6328,   108,   76000000,   20505722,        0,  -55494278,          0
  6328,   109,   76000000,   20506072,        0,  -55493928,          0
  6328,   110,   76000000,   20484905,        0,  -55515095,          0
  6328,   111,   76000000,   20516006,        0,  -55483994,          0
  6328,   112,   76000000,   20504420,        0,  -55495580,          0
  6328,   113,   76000000,   20519010,        0,  -55480990,          0
  6328,   114,   76000000,   20876314,        0,  -55123686,          0
  6328,   115,   76000000,   20486461,        0,  -55513539,          0
  6328,   116,   76000000,   20532421,        0,  -55467579,          0
  6328,   117,   76000000,   20769926,        0,  -55230074,          0
  6328,   118,   76000000,   20507857,        0,  -55492143,          0
  6328,   119,   76000000,   20508023,        0,  -55491977,          0
  6328,   120,   76000000,   20531059,        0,  -55468941,          0
  6328,   121,   76000000,   20493029,        0,  -55506971,          0
  6328,   122,   76000000,   20806040,        0,  -55193960,          0
  6328,   123,   76000000,   20515958,        0,  -55484042,          0
  6328,   124,   76000000,   20484007,        0,  -55515993,          0
  6328,   125,   76000000,   20494798,        0,  -55505202,          0
  6328,   126,   76000000,   20492446,        0,  -55507554,          0
  6328,   127,   76000000,   20772255,        0,  -55227745,          0
  6328,   128,   76000000,   20506535,        0,  -55493465,          0
  6328,   129,   76000000,   20502551,        0,  -55497449,          0
  6328,   130,   76000000,   20485157,        0,  -55514843,          0
  6328,   131,   76000000,   20518259,        0,  -55481741,          0
  6328,   132,   76000000,   20781088,        0,  -55218912,          0
  6328,   133,   76000000,   20482879,        0,  -55517121,          0
  6328,   134,   76000000,   20516157,        0,  -55483843,          0
  6328,   135,   76000000,   20614663,        0,  -55385337,          0
# task NAME=myapp PID=6333 COST=9474000 PERIOD=53000000 CPU=0
  6333,     2,   53000000,       8616,        0,  -52991384,          0
  6333,     3,   53000000,      50851,        0,  -52949149,          0
  6333,     4,   53000000,    9631699,        0,  -43368301,          0
  6333,     5,   53000000,    9311019,        0,  -43688981,          0
  6333,     6,   53000000,   14060709,        0,  -38939291,          0
  6333,     7,   53000000,   13674858,        0,  -39325142,          0
  6333,     8,   53000000,    9621473,        0,  -43378527,          0
  6333,     9,   53000000,    9324005,        0,  -43675995,          0
  6333,    10,   53000000,   11224891,        0,  -41775109,          0
  6333,    11,   53000000,   21832441,        0,  -31167559,          0
  6333,    12,   53000000,    9358878,        0,  -43641122,          0
  6333,    13,   53000000,   11179205,        0,  -41820795,          0
  6333,    14,   53000000,    9307132,        0,  -43692868,          0
  6333,    15,   53000000,    9293451,        0,  -43706549,          0
  6333,    16,   53000000,   38398007,        0,  -14601993,          0
  6333,    17,   53000000,    9304749,        0,  -43695251,          0
  6333,    18,   53000000,    9305076,        0,  -43694924,          0
  6333,    19,   53000000,   23968997,        0,  -29031003,          0
  6333,    20,   53000000,    9285530,        0,  -43714470,          0
  6333,    21,   53000000,    9314794,        0,  -43685206,          0
  6333,    22,   53000000,   20445686,        0,  -32554314,          0
  6333,    23,   53000000,    9348327,        0,  -43651673,          0
  6333,    24,   53000000,   33690583,        0,  -19309417,          0
  6333,    25,   53000000,    9296252,        0,  -43703748,          0
  6333,    26,   53000000,    9309476,        0,  -43690524,          0
  6333,    27,   53000000,    9330754,        0,  -43669246,          0
  6333,    28,   53000000,    9341906,        0,  -43658094,          0
  6333,    29,   53000000,    9309649,        0,  -43690351,          0
  6333,    30,   53000000,   11173689,        0,  -41826311,          0
  6333,    31,   53000000,    9332206,        0,  -43667794,          0
  6333,    32,   53000000,   12828256,        0,  -40171744,          0
  6333,    33,   53000000,    9355063,        0,  -43644937,          0
  6333,    34,   53000000,   14492462,        0,  -38507538,          0
  6333,    35,   53000000,    9299055,        0,  -43700945,          0
  6333,    36,   53000000,   10210086,        0,  -42789914,          0
  6333,    37,   53000000,   26345992,        0,  -26654008,          0
  6333,    38,   53000000,    9307674,        0,  -43692326,          0
  6333,    39,   53000000,   19555520,        0,  -33444480,          0
  6333,    40,   53000000,    9322623,        0,  -43677377,          0
  6333,    41,   53000000,   21667399,        0,  -31332601,          0
  6333,    42,   53000000,    9302527,        0,  -43697473,          0
  6333,    43,   53000000,   17565152,        0,  -35434848,          0
  6333,    44,   53000000,    9603573,        0,  -43396427,          0
  6333,    45,   53000000,    9291620,        0,  -43708380,          0
  6333,    46,   53000000,   32744977,        0,  -20255023,          0
  6333,    47,   53000000,    9331905,        0,  -43668095,          0
  6333,    48,   53000000,   10098845,        0,  -42901155,          0
  6333,    49,   53000000,    9331277,        0,  -43668723,          0
  6333,    50,   53000000,   29203035,        0,  -23796965,          0
  6333,    51,   53000000,    9302295,        0,  -43697705,          0
  6333,    52,   53000000,    9302475,        0,  -43697525,          0
  6333,    53,   53000000,    9312859,        0,  -43687141,          0
  6333,    54,   53000000,   30466347,        0,  -22533653,          0
  6333,    55,   53000000,    9842572,        0,  -43157428,          0
  6333,    56,   53000000,   18630170,        0,  -34369830,          0
  6333,    57,   53000000,    9333617,        0,  -43666383,          0
  6333,    58,   53000000,    9302500,        0,  -43697500,          0
  6333,    59,   53000000,    9486701,        0,  -43513299,          0
  6333,    60,   53000000,    9368894,        0,  -43631106,          0
  6333,    61,   53000000,    9304148,        0,  -43695852,          0
  6333,    62,   53000000,    9854436,        0,  -43145564,          0
  6333,    63,   53000000,   33744429,        0,  -19255571,          0
  6333,    64,   53000000,    9296098,        0,  -43703902,          0
  6333,    65,   53000000,   12455312,        0,  -40544688,          0
  6333,    66,   53000000,    9352548,        0,  -43647452,          0
  6333,    67,   53000000,   13763089,        0,  -39236911,          0
  6333,    68,   53000000,    9305066,        0,  -43694934,          0
  6333,    69,   53000000,   18529875,        0,  -34470125,          0
  6333,    70,   53000000,    9593265,        0,  -43406735,          0
  6333,    71,   53000000,   13584541,        0,  -39415459,          0
  6333,    72,   53000000,    9307823,        0,  -43692177,          0
  6333,    73,   53000000,   13289938,        0,  -39710062,          0
  6333,    74,   53000000,    9881536,        0,  -43118464,          0
  6333,    75,   53000000,    9299435,        0,  -43700565,          0
  6333,    76,   53000000,   11214186,        0,  -41785814,          0
  6333,    77,   53000000,    9599401,        0,  -43400599,          0
  6333,    78,   53000000,    9310921,        0,  -43689079,          0
  6333,    79,   53000000,    9392190,        0,  -43607810,          0
  6333,    80,   53000000,   35720886,        0,  -17279114,          0
  6333,    81,   53000000,    9305926,        0,  -43694074,          0
  6333,    82,   53000000,   21662034,        0,  -31337966,          0
  6333,    83,   53000000,    9309912,        0,  -43690088,          0
  6333,    84,   53000000,    9331616,        0,  -43668384,          0
  6333,    85,   53000000,   11829050,        0,  -41170950,          0
  6333,    86,   53000000,    9299456,        0,  -43700544,          0
  6333,    87,   53000000,    9317818,        0,  -43682182,          0
  6333,    88,   53000000,    9325933,        0,  -43674067,          0
  6333,    89,   53000000,    9371633,        0,  -43628367,          0
  6333,    90,   53000000,    9327345,        0,  -43672655,          0
  6333,    91,   53000000,    9311860,        0,  -43688140,          0
  6333,    92,   53000000,   30836448,        0,  -22163552,          0
  6333,    93,   53000000,    9341259,        0,  -43658741,          0
  6333,    94,   53000000,    9320964,        0,  -43679036,          0
  6333,    95,   53000000,    9307438,        0,  -43692562,          0
  6333,    96,   53000000,    9601257,        0,  -43398743,          0
  6333,    97,   53000000,   11227246,        0,  -41772754,          0
  6333,    98,   53000000,   11663917,        0,  -41336083,          0
  6333,    99,   53000000,    9298327,        0,  -43701673,          0
  6333,   100,   53000000,    9375080,        0,  -43624920,          0
  6333,   101,   53000000,    9298212,        0,  -43701788,          0
  6333,   102,   53000000,    9323775,        0,  -43676225,          0
  6333,   103,   53000000,    9590461,        0,  -43409539,          0
  6333,   104,   53000000,    9313377,        0,  -43686623,          0
  6333,   105,   53000000,   13572448,        0,  -39427552,          0
  6333,   106,   53000000,    9308765,        0,  -43691235,          0
  6333,   107,   53000000,    9543203,        0,  -43456797,          0
  6333,   108,   53000000,    9292598,        0,  -43707402,          0
  6333,   109,   53000000,    9295324,        0,  -43704676,          0
  6333,   110,   53000000,    9570521,        0,  -43429479,          0
  6333,   111,   53000000,    9304627,        0,  -43695373,          0
  6333,   112,   53000000,   10288353,        0,  -42711647,          0
  6333,   113,   53000000,    9313049,        0,  -43686951,          0
  6333,   114,   53000000,   11170834,        0,  -41829166,          0
  6333,   115,   53000000,    9291238,        0,  -43708762,          0
  6333,   116,   53000000,    9310433,        0,  -43689567,          0
  6333,   117,   53000000,    9315727,        0,  -43684273,          0
  6333,   118,   53000000,    9289659,        0,  -43710341,          0
  6333,   119,   53000000,    9296974,        0,  -43703026,          0
  6333,   120,   53000000,   17428959,        0,  -35571041,          0
  6333,   121,   53000000,    9308715,        0,  -43691285,          0
  6333,   122,   53000000,    9314915,        0,  -43685085,          0
  6333,   123,   53000000,    9319975,        0,  -43680025,          0
  6333,   124,   53000000,    9347131,        0,  -43652869,          0
  6333,   125,   53000000,   22086831,        0,  -30913169,          0
  6333,   126,   53000000,    9315766,        0,  -43684234,          0
  6333,   127,   53000000,    9313829,        0,  -43686171,          0
  6333,   128,   53000000,   10337656,        0,  -42662344,          0
  6333,   129,   53000000,    9583245,        0,  -43416755,          0
  6333,   130,   53000000,    9338482,        0,  -43661518,          0
  6333,   131,   53000000,    9296474,        0,  -43703526,          0
  6333,   132,   53000000,    9304398,        0,  -43695602,          0
  6333,   133,   53000000,    9305384,        0,  -43694616,          0
  6333,   134,   53000000,   11179799,        0,  -41820201,          0
  6333,   135,   53000000,    9349530,        0,  -43650470,          0
  6333,   136,   53000000,   11515179,        0,  -41484821,          0
  6333,   137,   53000000,    9307694,        0,  -43692306,          0
  6333,   138,   53000000,    9328747,        0,  -43671253,          0
  6333,   139,   53000000,    9296649,        0,  -43703351,          0
  6333,   140,   53000000,   31392012,        0,  -21607988,          0
  6333,   141,   53000000,    9302660,        0,  -43697340,          0
  6333,   142,   53000000,    9335827,        0,  -43664173,          0
  6333,   143,   53000000,   11492235,        0,  -41507765,          0
  6333,   144,   53000000,    9309094,        0,  -43690906,          0
  6333,   145,   53000000,    9292384,        0,  -43707616,          0
  6333,   146,   53000000,    9334772,        0,  -43665228,          0
  6333,   147,   53000000,    9330780,        0,  -43669220,          0
  6333,   148,   53000000,   22982864,        0,  -30017136,          0
  6333,   149,   53000000,    9326924,        0,  -43673076,          0
  6333,   150,   53000000,    9305822,        0,  -43694178,          0
  6333,   151,   53000000,   13824010,        0,  -39175990,          0
  6333,   152,   53000000,    9318094,        0,  -43681906,          0
  6333,   153,   53000000,    9312517,        0,  -43687483,          0
  6333,   154,   53000000,    9330681,        0,  -43669319,          0
  6333,   155,   53000000,    9304443,        0,  -43695557,          0
  6333,   156,   53000000,    9323348,        0,  -43676652,          0
  6333,   157,   53000000,   11605157,        0,  -41394843,          0
  6333,   158,   53000000,   13378872,        0,  -39621128,          0
  6333,   159,   53000000,    9306284,        0,  -43693716,          0
  6333,   160,   53000000,    9324984,        0,  -43675016,          0
  6333,   161,   53000000,    9309202,        0,  -43690798,          0
  6333,   162,   53000000,    9608316,        0,  -43391684,          0
  6333,   163,   53000000,    9312980,        0,  -43687020,          0
  6333,   164,   53000000,    9320656,        0,  -43679344,          0
  6333,   165,   53000000,    9361944,        0,  -43638056,          0
  6333,   166,   53000000,    9309779,        0,  -43690221,          0
  6333,   167,   53000000,    9311625,        0,  -43688375,          0
  6333,   168,   53000000,    9295256,        0,  -43704744,          0
  6333,   169,   53000000,    9594803,        0,  -43405197,          0
  6333,   170,   53000000,    9319673,        0,  -43680327,          0
  6333,   171,   53000000,   14501135,        0,  -38498865,          0
  6333,   172,   53000000,    9318195,        0,  -43681805,          0
  6333,   173,   53000000,   28560427,        0,  -24439573,          0
  6333,   174,   53000000,    9321339,        0,  -43678661,          0
  6333,   175,   53000000,    9309841,        0,  -43690159,          0
  6333,   176,   53000000,    9312092,        0,  -43687908,          0
  6333,   177,   53000000,    9305702,        0,  -43694298,          0
  6333,   178,   53000000,    9296917,        0,  -43703083,          0
  6333,   179,   53000000,    9297233,        0,  -43702767,          0
  6333,   180,   53000000,   11208061,        0,  -41791939,          0
  6333,   181,   53000000,    9326051,        0,  -43673949,          0
  6333,   182,   53000000,   11194518,        0,  -41805482,          0
  6333,   183,   53000000,    9313861,        0,  -43686139,          0
  6333,   184,   53000000,   11154592,        0,  -41845408,          0
  6333,   185,   53000000,    9314260,        0,  -43685740,          0
  6333,   186,   53000000,    9299103,        0,  -43700897,          0
  6333,   187,   53000000,    9307312,        0,  -43692688,          0
  6333,   188,   53000000,   11515989,        0,  -41484011,          0
  6333,   189,   53000000,    9304687,        0,  -43695313,          0
  6333,   190,   53000000,    9318490,        0,  -43681510,          0
  6333,   191,   53000000,    9361614,        0,  -43638386,          0
  6333,   192,   53000000,    9345473,        0,  -43654527,          0
# task NAME=myapp PID=6336 COST=20314000 PERIOD=53000000 CPU=0
  6336,     2,   53000000,       8672,        0,  -52991328,          0
  6336,     3,   53000000,      96830,        0,  -52903170,          0
  6336,     4,   53000000,   20210373,        0,  -32789627,          0
  6336,     5,   53000000,   19890150,        0,  -33109850,          0
  6336,     6,   53000000,   24606220,        0,  -28393780,          0
  6336,     7,   53000000,   19921041,        0,  -33078959,          0
  6336,     8,   53000000,   19923470,        0,  -33076530,          0
  6336,     9,   53000000,   19903921,        0,  -33096079,          0
  6336,    10,   53000000,   19918179,        0,  -33081821,          0
  6336,    11,   53000000,   31440894,        0,  -21559106,          0
  6336,    12,   53000000,   19908473,        0,  -33091527,          0
  6336,    13,   53000000,   19909764,        0,  -33090236,          0
  6336,    14,   53000000,   19916658,        0,  -33083342,          0
  6336,    15,   53000000,   19901918,        0,  -33098082,          0
  6336,    16,   53000000,   35417349,        0,  -17582651,          0
  6336,    17,   53000000,   19908437,        0,  -33091563,          0
  6336,    18,   53000000,   20180578,        0,  -32819422,          0
  6336,    19,   53000000,   19921062,        0,  -33078938,          0
  6336,    20,   53000000,   31336065,        0,  -21663935,          0
  6336,    21,   53000000,   19889352,        0,  -33110648,          0
  6336,    22,   53000000,   31118090,        0,  -21881910,          0
  6336,    23,   53000000,   19939960,        0,  -33060040,          0
  6336,    24,   53000000,   19908735,        0,  -33091265,          0
  6336,    25,   53000000,   20197278,        0,  -32802722,          0
  6336,    26,   53000000,   19915863,        0,  -33084137,          0
  6336,    27,   53000000,   19929528,        0,  -33070472,          0
  6336,    28,   53000000,   19927129,        0,  -33072871,          0
  6336,    29,   53000000,   19925758,        0,  -33074242,          0
  6336,    30,   53000000,   21471223,        0,  -31528777,          0
  6336,    31,   53000000,   19940711,        0,  -33059289,          0
  6336,    32,   53000000,   20177933,        0,  -32822067,          0
  6336,    33,   53000000,   19922775,        0,  -33077225,          0
  6336,    34,   53000000,   19960188,        0,  -33039812,          0
  6336,    35,   53000000,   19901650,        0,  -33098350,          0
  6336,    36,   53000000,   19945825,        0,  -33054175,          0
  6336,    37,   53000000,   37555841,        0,  -15444159,          0
  6336,    38,   53000000,   19907529,        0,  -33092471,          0
  6336,    39,   53000000,   28800905,        0,  -24199095,          0
  6336,    40,   53000000,   19918362,        0,  -33081638,          0
  6336,    41,   53000000,   19989868,        0,  -33010132,          0
  6336,    42,   53000000,   19921355,        0,  -33078645,          0
  6336,    43,   53000000,   27515054,        0,  -25484946,          0
  6336,    44,   53000000,   20190625,        0,  -32809375,          0
  6336,    45,   53000000,   19889034,        0,  -33110966,          0
  6336,    46,   53000000,   23182114,        0,  -29817886,          0
  6336,    47,   53000000,   20430972,        0,  -32569028,          0
  6336,    48,   53000000,   19902768,        0,  -33097232,          0
  6336,    49,   53000000,   19908862,        0,  -33091138,          0
  6336,    50,   53000000,   19885971,        0,  -33114029,          0
  6336,    51,   53000000,   20721356,        0,  -32278644,          0
  6336,    52,   53000000,   19926274,        0,  -33073726,          0
  6336,    53,   53000000,   19907078,        0,  -33092922,          0
  6336,    54,   53000000,   19921865,        0,  -33078135,          0
  6336,    55,   53000000,   20440614,        0,  -32559386,          0
  6336,    56,   53000000,   19895792,        0,  -33104208,          0
  6336,    57,   53000000,   19923909,        0,  -33076091,          0
  6336,    58,   53000000,   20176275,        0,  -32823725,          0
  6336,    59,   53000000,   19900195,        0,  -33099805,          0
  6336,    60,   53000000,   20008805,        0,  -32991195,          0
  6336,    61,   53000000,   19912764,        0,  -33087236,          0
  6336,    62,   53000000,   19913264,        0,  -33086736,          0
  6336,    63,   53000000,   20214511,        0,  -32785489,          0
  6336,    64,   53000000,   20391821,        0,  -32608179,          0
  6336,    65,   53000000,   20245041,        0,  -32754959,          0
  6336,    66,   53000000,   19925382,        0,  -33074618,          0
  6336,    67,   53000000,   19922721,        0,  -33077279,          0
  6336,    68,   53000000,   19890327,        0,  -33109673,          0
  6336,    69,   53000000,   28043880,        0,  -24956120,          0
  6336,    70,   53000000,   20188442,        0,  -32811558,          0
  6336,    71,   53000000,   21847368,        0,  -31152632,          0
  6336,    72,   53000000,   19897230,        0,  -33102770,          0
  6336,    73,   53000000,   20237929,        0,  -32762071,          0
  6336,    74,   53000000,   19964167,        0,  -33035833,          0
  6336,    75,   53000000,   19898384,        0,  -33101616,          0
  6336,    76,   53000000,   19908092,        0,  -33091908,          0
  6336,    77,   53000000,   20200809,        0,  -32799191,          0
  6336,    78,   53000000,   19912636,        0,  -33087364,          0
  6336,    79,   53000000,   19998750,        0,  -33001250,          0
  6336,    80,   53000000,   46228378,        0,   -6771622,          0
  6336,    81,   53000000,   19901366,        0,  -33098634,          0
  6336,    82,   53000000,   31408360,        0,  -21591640,          0
  6336,    83,   53000000,   19909873,        0,  -33090127,          0
  6336,    84,   53000000,   20219360,        0,  -32780640,          0
  6336,    85,   53000000,   22425146,        0,  -30574854,          0
  6336,    86,   53000000,   19908090,        0,  -33091910,          0
  6336,    87,   53000000,   19885353,        0,  -33114647,          0
  6336,    88,   53000000,   19906411,        0,  -33093589,          0
  6336,    89,   53000000,   19962873,        0,  -33037127,          0
  6336,    90,   53000000,   19940655,        0,  -33059345,          0
  6336,    91,   53000000,   20177122,        0,  -32822878,          0
  6336,    92,   53000000,   39735179,        0,  -13264821,          0
  6336,    93,   53000000,   19898350,        0,  -33101650,          0
  6336,    94,   53000000,   19907956,        0,  -33092044,          0
  6336,    95,   53000000,   19896811,        0,  -33103189,          0
  6336,    96,   53000000,   20222069,        0,  -32777931,          0
  6336,    97,   53000000,   19883202,        0,  -33116798,          0
  6336,    98,   53000000,   21541415,        0,  -31458585,          0
  6336,    99,   53000000,   19889222,        0,  -33110778,          0
  6336,   100,   53000000,   19959585,        0,  -33040415,          0
  6336,   101,   53000000,   19888414,        0,  -33111586,          0
  6336,   102,   53000000,   19906564,        0,  -33093436,          0
  6336,   103,   53000000,   20193748,        0,  -32806252,          0
  6336,   104,   53000000,   19922185,        0,  -33077815,          0
  6336,   105,   53000000,   19909502,        0,  -33090498,          0
  6336,   106,   53000000,   19898808,        0,  -33101192,          0
  6336,   107,   53000000,   19924531,        0,  -33075469,          0
  6336,   108,   53000000,   19891097,        0,  -33108903,          0
  6336,   109,   53000000,   19888589,        0,  -33111411,          0
  6336,   110,   53000000,   20192961,        0,  -32807039,          0
  6336,   111,   53000000,   19881074,        0,  -33118926,          0
  6336,   112,   53000000,   20875315,        0,  -32124685,          0
  6336,   113,   53000000,   19899369,        0,  -33100631,          0
  6336,   114,   53000000,   19882127,        0,  -33117873,          0
  6336,   115,   53000000,   19905637,        0,  -33094363,          0
  6336,   116,   53000000,   19900891,        0,  -33099109,          0
  6336,   117,   53000000,   20191118,        0,  -32808882,          0
  6336,   118,   53000000,   19905016,        0,  -33094984,          0
  6336,   119,   53000000,   19885427,        0,  -33114573,          0
  6336,   120,   53000000,   27834230,        0,  -25165770,          0
  6336,   121,   53000000,   19894384,        0,  -33105616,          0
  6336,   122,   53000000,   19903561,        0,  -33096439,          0
  6336,   123,   53000000,   19896684,        0,  -33103316,          0
  6336,   124,   53000000,   20219456,        0,  -32780544,          0
  6336,   125,   53000000,   32742093,        0,  -20257907,          0
  6336,   126,   53000000,   19921380,        0,  -33078620,          0
  6336,   127,   53000000,   19918713,        0,  -33081287,          0
  6336,   128,   53000000,   19950202,        0,  -33049798,          0
  6336,   129,   53000000,   20189417,        0,  -32810583,          0
  6336,   130,   53000000,   19932721,        0,  -33067279,          0
  6336,   131,   53000000,   19892948,        0,  -33107052,          0
  6336,   132,   53000000,   21747155,        0,  -31252845,          0
  6336,   133,   53000000,   19920766,        0,  -33079234,          0
  6336,   134,   53000000,   19920226,        0,  -33079774,          0
  6336,   135,   53000000,   19937128,        0,  -33062872,          0
  6336,   136,   53000000,   20172684,        0,  -32827316,          0
  6336,   137,   53000000,   19893138,        0,  -33106862,          0
  6336,   138,   53000000,   19921944,        0,  -33078056,          0
  6336,   139,   53000000,   19931839,        0,  -33068161,          0
  6336,   140,   53000000,   22107181,        0,  -30892819,          0
  6336,   141,   53000000,   19907611,        0,  -33092389,          0
  6336,   142,   53000000,   19939159,        0,  -33060841,          0
  6336,   143,   53000000,   20184523,        0,  -32815477,          0
  6336,   144,   53000000,   19910819,        0,  -33089181,          0
  6336,   145,   53000000,   19899836,        0,  -33100164,          0
  6336,   146,   53000000,   19906013,        0,  -33093987,          0
  6336,   147,   53000000,   19926224,        0,  -33073776,          0
  6336,   148,   53000000,   23172913,        0,  -29827087,          0
  6336,   149,   53000000,   19901721,        0,  -33098279,          0
  6336,   150,   53000000,   20169729,        0,  -32830271,          0
  6336,   151,   53000000,   19929472,        0,  -33070528,          0
  6336,   152,   53000000,   19897009,        0,  -33102991,          0
  6336,   153,   53000000,   19897882,        0,  -33102118,          0
  6336,   154,   53000000,   19910570,        0,  -33089430,          0
  6336,   155,   53000000,   19905318,        0,  -33094682,          0
  6336,   156,   53000000,   19916698,        0,  -33083302,          0
  6336,   157,   53000000,   20206546,        0,  -32793454,          0
  6336,   158,   53000000,   19901628,        0,  -33098372,          0
  6336,   159,   53000000,   19926491,        0,  -33073509,          0
  6336,   160,   53000000,   19918794,        0,  -33081206,          0
  6336,   161,   53000000,   19913926,        0,  -33086074,          0
  6336,   162,   53000000,   20225227,        0,  -32774773,          0
  6336,   163,   53000000,   19891650,        0,  -33108350,          0
  6336,   164,   53000000,   19925861,        0,  -33074139,          0
  6336,   165,   53000000,   19913012,        0,  -33086988,          0
  6336,   166,   53000000,   19891671,        0,  -33108329,          0
  6336,   167,   53000000,   19908063,        0,  -33091937,          0
  6336,   168,   53000000,   19904494,        0,  -33095506,          0
  6336,   169,   53000000,   20200958,        0,  -32799042,          0
  6336,   170,   53000000,   19877261,        0,  -33122739,          0
  6336,   171,   53000000,   25091797,        0,  -27908203,          0
  6336,   172,   53000000,   19916718,        0,  -33083282,          0
  6336,   173,   53000000,   26172074,        0,  -26827926,          0
  6336,   174,   53000000,   19902166,        0,  -33097834,          0
  6336,   175,   53000000,   19889219,        0,  -33110781,          0
  6336,   176,   53000000,   20176974,        0,  -32823026,          0
  6336,   177,   53000000,   19897444,        0,  -33102556,          0
  6336,   178,   53000000,   29228187,        0,  -23771813,          0
  6336,   179,   53000000,   19901404,        0,  -33098596,          0
  6336,   180,   53000000,   19896749,        0,  -33103251,          0
  6336,   181,   53000000,   19898994,        0,  -33101006,          0
  6336,   182,   53000000,   19933928,        0,  -33066072,          0
  6336,   183,   53000000,   20188392,        0,  -32811608,          0
  6336,   184,   53000000,   19892064,        0,  -33107936,          0
  6336,   185,   53000000,   19912743,        0,  -33087257,          0
  6336,   186,   53000000,   19898879,        0,  -33101121,          0
  6336,   187,   53000000,   19887412,        0,  -33112588,          0
  6336,   188,   53000000,   20202167,        0,  -32797833,          0
  6336,   189,   53000000,   19901811,        0,  -33098189,          0
  6336,   190,   53000000,   20204942,        0,  -32795058,          0
  6336,   191,   53000000,   19918742,        0,  -33081258,          0
  6336,   192,   53000000,   20044696,        0,  -32955304,          0
# task NAME=myapp PID=6340 COST=1868000 PERIOD=53000000 CPU=0
  6340,     2,   53000000,      15513,        0,  -52984487,          0
  6340,     3,   53000000,      73761,        0,  -52926239,          0
  6340,     4,   53000000,    1886274,        0,  -51113726,          0
  6340,     5,   53000000,    1870444,        0,  -51129556,          0
  6340,     6,   53000000,    6279903,        0,  -46720097,          0
  6340,     7,   53000000,    5981468,        0,  -47018532,          0
  6340,     8,   53000000,    1956473,        0,  -51043527,          0
  6340,     9,   53000000,    1908044,        0,  -51091956,          0
  6340,    10,   53000000,    1888511,        0,  -51111489,          0
  6340,    11,   53000000,   14794656,        0,  -38205344,          0
  6340,    12,   53000000,    3371110,        0,  -49628890,          0
  6340,    13,   53000000,    1874979,        0,  -51125021,          0
  6340,    14,   53000000,    1879437,        0,  -51120563,          0
  6340,    15,   53000000,    1877823,        0,  -51122177,          0
  6340,    16,   53000000,   31022538,        0,  -21977462,          0
  6340,    17,   53000000,    1851696,        0,  -51148304,          0
  6340,    18,   53000000,    1871653,        0,  -51128347,          0
  6340,    19,   53000000,   14639754,        0,  -38360246,          0
  6340,    20,   53000000,   11151848,        0,  -41848152,          0
  6340,    21,   53000000,    1864311,        0,  -51135689,          0
  6340,    22,   53000000,   13026824,        0,  -39973176,          0
  6340,    23,   53000000,    1915358,        0,  -51084642,          0
  6340,    24,   53000000,   26849132,        0,  -26150868,          0
  6340,    25,   53000000,    1856066,        0,  -51143934,          0
  6340,    26,   53000000,    2429804,        0,  -50570196,          0
  6340,    27,   53000000,    1917646,        0,  -51082354,          0
  6340,    28,   53000000,    1898107,        0,  -51101893,          0
  6340,    29,   53000000,    1857638,        0,  -51142362,          0
  6340,    30,   53000000,    1872425,        0,  -51127575,          0
  6340,    31,   53000000,    1915399,        0,  -51084601,          0
  6340,    32,   53000000,   14717886,        0,  -38282114,          0
  6340,    33,   53000000,    1884709,        0,  -51115291,          0
  6340,    34,   53000000,    7058201,        0,  -45941799,          0
  6340,    35,   53000000,    1863149,        0,  -51136851,          0
  6340,    36,   53000000,    2960706,        0,  -50039294,          0
  6340,    37,   53000000,   17994323,        0,  -35005677,          0
  6340,    38,   53000000,    1879045,        0,  -51120955,          0
  6340,    39,   53000000,   12132057,        0,  -40867943,          0
  6340,    40,   53000000,    1893950,        0,  -51106050,          0
  6340,    41,   53000000,   14754224,        0,  -38245776,          0
  6340,    42,   53000000,    1859502,        0,  -51140498,          0
  6340,    43,   53000000,   10158894,        0,  -42841106,          0
  6340,    44,   53000000,    3390843,        0,  -49609157,          0
  6340,    45,   53000000,    1856742,        0,  -51143258,          0
  6340,    46,   53000000,   30904793,        0,  -22095207,          0
  6340,    47,   53000000,    1916999,        0,  -51083001,          0
  6340,    48,   53000000,    1876662,        0,  -51123338,          0
  6340,    49,   53000000,    1873909,        0,  -51126091,          0
  6340,    50,   53000000,   29182225,        0,  -23817775,          0
  6340,    51,   53000000,    1861661,        0,  -51138339,          0
  6340,    52,   53000000,    1853774,        0,  -51146226,          0
  6340,    53,   53000000,    1877434,        0,  -51122566,          0
  6340,    54,   53000000,   21805687,        0,  -31194313,          0
  6340,    55,   53000000,    1851870,        0,  -51148130,          0
  6340,    56,   53000000,    7483420,        0,  -45516580,          0
  6340,    57,   53000000,    1894002,        0,  -51105998,          0
  6340,    58,   53000000,   11216572,        0,  -41783428,          0
  6340,    59,   53000000,    2121467,        0,  -50878533,          0
  6340,    60,   53000000,    8252004,        0,  -44747996,          0
  6340,    61,   53000000,    1876359,        0,  -51123641,          0
  6340,    62,   53000000,    1949814,        0,  -51050186,          0
  6340,    63,   53000000,   30226446,        0,  -22773554,          0
  6340,    64,   53000000,    2419810,        0,  -50580190,          0
  6340,    65,   53000000,    4340888,        0,  -48659112,          0
  6340,    66,   53000000,    1887398,        0,  -51112602,          0
  6340,    67,   53000000,    7096389,        0,  -45903611,          0
  6340,    68,   53000000,    1876184,        0,  -51123816,          0
  6340,    69,   53000000,   11447920,        0,  -41552080,          0
  6340,    70,   53000000,    1881694,        0,  -51118306,          0
  6340,    71,   53000000,    1912427,        0,  -51087573,          0
  6340,    72,   53000000,    1860970,        0,  -51139030,          0
  6340,    73,   53000000,    5421348,        0,  -47578652,          0
  6340,    74,   53000000,    5951255,        0,  -47048745,          0
  6340,    75,   53000000,    1855323,        0,  -51144677,          0
  6340,    76,   53000000,    1882055,        0,  -51117945,          0
  6340,    77,   53000000,    1887421,        0,  -51112579,          0
  6340,    78,   53000000,   15363969,        0,  -37636031,          0
  6340,    79,   53000000,    1878689,        0,  -51121311,          0
  6340,    80,   53000000,   28220971,        0,  -24779029,          0
  6340,    81,   53000000,    1880873,        0,  -51119127,          0
  6340,    82,   53000000,   13943587,        0,  -39056413,          0
  6340,    83,   53000000,    1881041,        0,  -51118959,          0
  6340,    84,   53000000,    1896952,        0,  -51103048,          0
  6340,    85,   53000000,    4395580,        0,  -48604420,          0
  6340,    86,   53000000,    2282109,        0,  -50717891,          0
  6340,    87,   53000000,    2889785,        0,  -50110215,          0
  6340,    88,   53000000,    1882693,        0,  -51117307,          0
  6340,    89,   53000000,    1949636,        0,  -51050364,          0
  6340,    90,   53000000,    1885064,        0,  -51114936,          0
  6340,    91,   53000000,    1876960,        0,  -51123040,          0
  6340,    92,   53000000,   23406812,        0,  -29593188,          0
  6340,    93,   53000000,    6307968,        0,  -46692032,          0
  6340,    94,   53000000,    5425388,        0,  -47574612,          0
  6340,    95,   53000000,    1886637,        0,  -51113363,          0
  6340,    96,   53000000,    9161379,        0,  -43838621,          0
  6340,    97,   53000000,    1895395,        0,  -51104605,          0
  6340,    98,   53000000,    3437019,        0,  -49562981,          0
  6340,    99,   53000000,    1856521,        0,  -51143479,          0
  6340,   100,   53000000,   11235387,        0,  -41764613,          0
  6340,   101,   53000000,    1850211,        0,  -51149789,          0
  6340,   102,   53000000,    1877415,        0,  -51122585,          0
  6340,   103,   53000000,    1898124,        0,  -51101876,          0
  6340,   104,   53000000,    1882611,        0,  -51117389,          0
  6340,   105,   53000000,   12436794,        0,  -40563206,          0
  6340,   106,   53000000,    1874749,        0,  -51125251,          0
  6340,   107,   53000000,    1888454,        0,  -51111546,          0
  6340,   108,   53000000,    1863179,        0,  -51136821,          0
  6340,   109,   53000000,    1908903,        0,  -51091097,          0
  6340,   110,   53000000,    1870905,        0,  -51129095,          0
  6340,   111,   53000000,    1863280,        0,  -51136720,          0
  6340,   112,   53000000,    1889061,        0,  -51110939,          0
  6340,   113,   53000000,    1873989,        0,  -51126011,          0
  6340,   114,   53000000,    1853367,        0,  -51146633,          0
  6340,   115,   53000000,    1850362,        0,  -51149638,          0
  6340,   116,   53000000,    1874288,        0,  -51125712,          0
  6340,   117,   53000000,    1875613,        0,  -51124387,          0
  6340,   118,   53000000,    1854530,        0,  -51145470,          0
  6340,   119,   53000000,    1847002,        0,  -51152998,          0
  6340,   120,   53000000,   10721770,        0,  -42278230,          0
  6340,   121,   53000000,    1868743,        0,  -51131257,          0
  6340,   122,   53000000,    1874536,        0,  -51125464,          0
  6340,   123,   53000000,    1858396,        0,  -51141604,          0
  6340,   124,   53000000,    1909661,        0,  -51090339,          0
  6340,   125,   53000000,   14656419,        0,  -38343581,          0
  6340,   126,   53000000,    1924917,        0,  -51075083,          0
  6340,   127,   53000000,   11237145,        0,  -41762855,          0
  6340,   128,   53000000,    1932839,        0,  -51067161,          0
  6340,   129,   53000000,    1868497,        0,  -51131503,          0
  6340,   130,   53000000,    1885583,        0,  -51114417,          0
  6340,   131,   53000000,    1908500,        0,  -51091500,          0
  6340,   132,   53000000,    3141772,        0,  -49858228,          0
  6340,   133,   53000000,    1867866,        0,  -51132134,          0
  6340,   134,   53000000,    1883222,        0,  -51116778,          0
  6340,   135,   53000000,    2889127,        0,  -50110873,          0
  6340,   136,   53000000,    1891102,        0,  -51108898,          0
  6340,   137,   53000000,    1884199,        0,  -51115801,          0
  6340,   138,   53000000,    1925208,        0,  -51074792,          0
  6340,   139,   53000000,    1863368,        0,  -51136632,          0
  6340,   140,   53000000,   29780454,        0,  -23219546,          0
  6340,   141,   53000000,    2121619,        0,  -50878381,          0
  6340,   142,   53000000,    1909882,        0,  -51090118,          0
  6340,   143,   53000000,    1879375,        0,  -51120625,          0
  6340,   144,   53000000,    1859826,        0,  -51140174,          0
  6340,   145,   53000000,    1863230,        0,  -51136770,          0
  6340,   146,   53000000,   11251821,        0,  -41748179,          0
  6340,   147,   53000000,    1878361,        0,  -51121639,          0
  6340,   148,   53000000,   13657579,        0,  -39342421,          0
  6340,   149,   53000000,    2821442,        0,  -50178558,          0
  6340,   150,   53000000,    1859996,        0,  -51140004,          0
  6340,   151,   53000000,   16713777,        0,  -36286223,          0
  6340,   152,   53000000,    1861839,        0,  -51138161,          0
  6340,   153,   53000000,   15477972,        0,  -37522028,          0
  6340,   154,   53000000,    1872829,        0,  -51127171,          0
  6340,   155,   53000000,   11160819,        0,  -41839181,          0
  6340,   156,   53000000,    1873594,        0,  -51126406,          0
  6340,   157,   53000000,   13499213,        0,  -39500787,          0
  6340,   158,   53000000,    5935562,        0,  -47064438,          0
  6340,   159,   53000000,    1859076,        0,  -51140924,          0
  6340,   160,   53000000,   15477442,        0,  -37522558,          0
  6340,   161,   53000000,    1876597,        0,  -51123403,          0
  6340,   162,   53000000,    1908184,        0,  -51091816,          0
  6340,   163,   53000000,    1863305,        0,  -51136695,          0
  6340,   164,   53000000,   11176369,        0,  -41823631,          0
  6340,   165,   53000000,    1878743,        0,  -51121257,          0
  6340,   166,   53000000,    1874308,        0,  -51125692,          0
  6340,   167,   53000000,    8987840,        0,  -44012160,          0
  6340,   168,   53000000,    1863539,        0,  -51136461,          0
  6340,   169,   53000000,    1893903,        0,  -51106097,          0
  6340,   170,   53000000,    1932719,        0,  -51067281,          0
  6340,   171,   53000000,    7072255,        0,  -45927745,          0
  6340,   172,   53000000,    1875237,        0,  -51124763,          0
  6340,   173,   53000000,    6211619,        0,  -46788381,          0
  6340,   174,   53000000,    1888406,        0,  -51111594,          0
  6340,   175,   53000000,    1865844,        0,  -51134156,          0
  6340,   176,   53000000,    1865131,        0,  -51134869,          0
  6340,   177,   53000000,    1853074,        0,  -51146926,          0
  6340,   178,   53000000,   11865596,        0,  -41134404,          0
  6340,   179,   53000000,    1848853,        0,  -51151147,          0
  6340,   180,   53000000,    1868183,        0,  -51131817,          0
  6340,   181,   53000000,    2897026,        0,  -50102974,          0
  6340,   182,   53000000,    2852227,        0,  -50147773,          0
  6340,   183,   53000000,    1897909,        0,  -51102091,          0
  6340,   184,   53000000,    1857133,        0,  -51142867,          0
  6340,   185,   53000000,    1878297,        0,  -51121703,          0
  6340,   186,   53000000,    1867489,        0,  -51132511,          0
  6340,   187,   53000000,    1865973,        0,  -51134027,          0
  6340,   188,   53000000,    2159209,        0,  -50840791,          0
  6340,   189,   53000000,    1855238,        0,  -51144762,          0
  6340,   190,   53000000,   11175371,        0,  -41824629,          0
  6340,   191,   53000000,    1892506,        0,  -51107494,          0
  6340,   192,   53000000,    1909198,        0,  -51090802,          0
