309 304 5
182 179 3
480 477 3
237 236 1
175 175 0
124 120 4
103 100 3
230 225 5
157 155 2
459 450 9
179 178 1
146 146 0
439 430 9
115 115 0
125 122 3
232 227 5
105 104 1
135 134 1
125 123 2
248 244 4
158 158 0
315 311 4
175 173 2
180 179 1
775 728 47
152 150 2
153 151 2
203 202 1
146 146 0
440 429 11
177 173 4
242 238 4
111 111 0
108 105 3
136 134 2
112 110 2
167 166 1
282 280 2
107 106 1
261 258 3
185 185 0
146 146 0
121 120 1
122 121 1
155 155 0
172 170 2
1006 855 151
162 159 3
156 155 1
110 109 1
458 452 6
669 630 39
174 171 3
530 518 12
196 191 5
177 174 3
248 248 0
438 431 7
154 154 0
151 146 5
177 176 1
125 125 0
106 103 3
150 149 1
130 127 3
