# Task,   Job,     Period,   Response, DL Miss?,   Lateness,  Tardiness
# task NAME=myapp PID=30044 COST=7481000 PERIOD=19000000 CPU=0
 30044,     2,   19000000,      10421,        0,  -18989579,          0
 30044,     3,   19000000,      72404,        0,  -18927596,          0
 30044,     4,   19000000,   10477939,        0,   -8522061,          0
 30044,     5,   19000000,   11262743,        0,   -7737257,          0
 30044,     6,   19000000,   12320205,        0,   -6679795,          0
 30044,     7,   19000000,    9745463,        0,   -9254537,          0
 30044,     8,   19000000,   10444285,        0,   -8555715,          0
 30044,     9,   19000000,   11289733,        0,   -7710267,          0
 30044,    10,   19000000,   12432162,        0,   -6567838,          0
 30044,    11,   19000000,    9022367,        0,   -9977633,          0
 30044,    12,   19000000,   10389669,        0,   -8610331,          0
 30044,    13,   19000000,   12245073,        0,   -6754927,          0
 30044,    14,   19000000,   12393545,        0,   -6606455,          0
 30044,    15,   19000000,    8973593,        0,  -10026407,          0
 30044,    16,   19000000,   10043562,        0,   -8956438,          0
 30044,    17,   19000000,   11261486,        0,   -7738514,          0
 30044,    18,   19000000,   13266841,        0,   -5733159,          0
 30044,    19,   19000000,    9270536,        0,   -9729464,          0
 30044,    20,   19000000,   10352552,        0,   -8647448,          0
 30044,    21,   19000000,   11602678,        0,   -7397322,          0
 30044,    22,   19000000,   12970283,        0,   -6029717,          0
 30044,    23,   19000000,    9971068,        0,   -9028932,          0
 30044,    24,   19000000,   10844742,        0,   -8155258,          0
 30044,    25,   19000000,   11421924,        0,   -7578076,          0
 30044,    26,   19000000,   13037451,        0,   -5962549,          0
 30044,    27,   19000000,    9421778,        0,   -9578222,          0
 30044,    28,   19000000,   10388373,        0,   -8611627,          0
 30044,    29,   19000000,   11364367,        0,   -7635633,          0
 30044,    30,   19000000,   12039091,        0,   -6960909,          0
 30044,    31,   19000000,    9587489,        0,   -9412511,          0
 30044,    32,   19000000,   10817195,        0,   -8182805,          0
 30044,    33,   19000000,   11387314,        0,   -7612686,          0
 30044,    34,   19000000,   13278417,        0,   -5721583,          0
 30044,    35,   19000000,    9461083,        0,   -9538917,          0
 30044,    36,   19000000,   10388900,        0,   -8611100,          0
 30044,    37,   19000000,   11851078,        0,   -7148922,          0
 30044,    38,   19000000,   12438971,        0,   -6561029,          0
 30044,    39,   19000000,    9314143,        0,   -9685857,          0
 30044,    40,   19000000,   10619485,        0,   -8380515,          0
 30044,    41,   19000000,   10623857,        0,   -8376143,          0
 30044,    42,   19000000,   12442115,        0,   -6557885,          0
 30044,    43,   19000000,   10229750,        0,   -8770250,          0
 30044,    44,   19000000,   10380384,        0,   -8619616,          0
 30044,    45,   19000000,   11457701,        0,   -7542299,          0
 30044,    46,   19000000,   12660468,        0,   -6339532,          0
 30044,    47,   19000000,    9739171,        0,   -9260829,          0
 30044,    48,   19000000,   10858843,        0,   -8141157,          0
 30044,    49,   19000000,   11212434,        0,   -7787566,          0
 30044,    50,   19000000,   12398360,        0,   -6601640,          0
 30044,    51,   19000000,    9366499,        0,   -9633501,          0
 30044,    52,   19000000,    9966391,        0,   -9033609,          0
 30044,    53,   19000000,   11091452,        0,   -7908548,          0
 30044,    54,   19000000,   12111134,        0,   -6888866,          0
 30044,    55,   19000000,    9079678,        0,   -9920322,          0
 30044,    56,   19000000,   12280950,        0,   -6719050,          0
 30044,    57,   19000000,   11072787,        0,   -7927213,          0
 30044,    58,   19000000,   12052720,        0,   -6947280,          0
 30044,    59,   19000000,    9788599,        0,   -9211401,          0
 30044,    60,   19000000,   10372003,        0,   -8627997,          0
 30044,    61,   19000000,   11387427,        0,   -7612573,          0
 30044,    62,   19000000,   11768190,        0,   -7231810,          0
 30044,    63,   19000000,    9386892,        0,   -9613108,          0
 30044,    64,   19000000,    9954496,        0,   -9045504,          0
 30044,    65,   19000000,   12020697,        0,   -6979303,          0
 30044,    66,   19000000,   13125912,        0,   -5874088,          0
 30044,    67,   19000000,    9460679,        0,   -9539321,          0
 30044,    68,   19000000,   10074179,        0,   -8925821,          0
 30044,    69,   19000000,   11364736,        0,   -7635264,          0
 30044,    70,   19000000,   12430143,        0,   -6569857,          0
 30044,    71,   19000000,    9015685,        0,   -9984315,          0
 30044,    72,   19000000,   10737958,        0,   -8262042,          0
 30044,    73,   19000000,   11358555,        0,   -7641445,          0
 30044,    74,   19000000,   12972444,        0,   -6027556,          0
 30044,    75,   19000000,    9675518,        0,   -9324482,          0
 30044,    76,   19000000,   10427264,        0,   -8572736,          0
 30044,    77,   19000000,   11839246,        0,   -7160754,          0
 30044,    78,   19000000,   12588760,        0,   -6411240,          0
 30044,    79,   19000000,    9032324,        0,   -9967676,          0
 30044,    80,   19000000,   10280296,        0,   -8719704,          0
 30044,    81,   19000000,   10798326,        0,   -8201674,          0
 30044,    82,   19000000,   12127706,        0,   -6872294,          0
 30044,    83,   19000000,   10279801,        0,   -8720199,          0
 30044,    84,   19000000,   10064227,        0,   -8935773,          0
 30044,    85,   19000000,   11422886,        0,   -7577114,          0
 30044,    86,   19000000,   12394379,        0,   -6605621,          0
 30044,    87,   19000000,    9435185,        0,   -9564815,          0
 30044,    88,   19000000,   10390879,        0,   -8609121,          0
 30044,    89,   19000000,   11723351,        0,   -7276649,          0
 30044,    90,   19000000,   12038429,        0,   -6961571,          0
 30044,    91,   19000000,    9081793,        0,   -9918207,          0
 30044,    92,   19000000,   10413572,        0,   -8586428,          0
 30044,    93,   19000000,   11045900,        0,   -7954100,          0
 30044,    94,   19000000,   12072227,        0,   -6927773,          0
 30044,    95,   19000000,    9341919,        0,   -9658081,          0
 30044,    96,   19000000,   10067949,        0,   -8932051,          0
 30044,    97,   19000000,   11406276,        0,   -7593724,          0
 30044,    98,   19000000,   12449145,        0,   -6550855,          0
 30044,    99,   19000000,    9377139,        0,   -9622861,          0
 30044,   100,   19000000,   11433662,        0,   -7566338,          0
 30044,   101,   19000000,   11327578,        0,   -7672422,          0
 30044,   102,   19000000,   11978325,        0,   -7021675,          0
 30044,   103,   19000000,    9400025,        0,   -9599975,          0
 30044,   104,   19000000,    9886753,        0,   -9113247,          0
 30044,   105,   19000000,   10722908,        0,   -8277092,          0
 30044,   106,   19000000,   14129489,        0,   -4870511,          0
 30044,   107,   19000000,    9432668,        0,   -9567332,          0
 30044,   108,   19000000,   11124337,        0,   -7875663,          0
 30044,   109,   19000000,   11463285,        0,   -7536715,          0
 30044,   110,   19000000,   12422813,        0,   -6577187,          0
 30044,   111,   19000000,   10239612,        0,   -8760388,          0
 30044,   112,   19000000,   10406150,        0,   -8593850,          0
 30044,   113,   19000000,   11409910,        0,   -7590090,          0
 30044,   114,   19000000,   12454302,        0,   -6545698,          0
 30044,   115,   19000000,    9383716,        0,   -9616284,          0
 30044,   116,   19000000,   10118765,        0,   -8881235,          0
 30044,   117,   19000000,   11827632,        0,   -7172368,          0
 30044,   118,   19000000,   11585328,        0,   -7414672,          0
 30044,   119,   19000000,    9366819,        0,   -9633181,          0
 30044,   120,   19000000,   10886430,        0,   -8113570,          0
 30044,   121,   19000000,   10998247,        0,   -8001753,          0
 30044,   122,   19000000,   12133438,        0,   -6866562,          0
 30044,   123,   19000000,    9448215,        0,   -9551785,          0
 30044,   124,   19000000,   10462901,        0,   -8537099,          0
 30044,   125,   19000000,   11398402,        0,   -7601598,          0
 30044,   126,   19000000,   13187713,        0,   -5812287,          0
 30044,   127,   19000000,   10219528,        0,   -8780472,          0
 30044,   128,   19000000,    9977775,        0,   -9022225,          0
 30044,   129,   19000000,   10635508,        0,   -8364492,          0
 30044,   130,   19000000,   13387234,        0,   -5612766,          0
 30044,   131,   19000000,    9056544,        0,   -9943456,          0
 30044,   132,   19000000,   10303051,        0,   -8696949,          0
 30044,   133,   19000000,   11765784,        0,   -7234216,          0
 30044,   134,   19000000,   12511281,        0,   -6488719,          0
 30044,   135,   19000000,   10081855,        0,   -8918145,          0
 30044,   136,   19000000,   10190375,        0,   -8809625,          0
 30044,   137,   19000000,   10768882,        0,   -8231118,          0
 30044,   138,   19000000,   12404639,        0,   -6595361,          0
 30044,   139,   19000000,    9697291,        0,   -9302709,          0
 30044,   140,   19000000,    9968793,        0,   -9031207,          0
 30044,   141,   19000000,   11633485,        0,   -7366515,          0
 30044,   142,   19000000,   13247053,        0,   -5752947,          0
 30044,   143,   19000000,    9403459,        0,   -9596541,          0
 30044,   144,   19000000,   10592276,        0,   -8407724,          0
 30044,   145,   19000000,   11908153,        0,   -7091847,          0
 30044,   146,   19000000,   12245080,        0,   -6754920,          0
 30044,   147,   19000000,    9389949,        0,   -9610051,          0
 30044,   148,   19000000,   10708679,        0,   -8291321,          0
 30044,   149,   19000000,   11343041,        0,   -7656959,          0
 30044,   150,   19000000,   12406416,        0,   -6593584,          0
 30044,   151,   19000000,    9875176,        0,   -9124824,          0
 30044,   152,   19000000,    9986879,        0,   -9013121,          0
 30044,   153,   19000000,   11045885,        0,   -7954115,          0
 30044,   154,   19000000,   12416440,        0,   -6583560,          0
 30044,   155,   19000000,    9442195,        0,   -9557805,          0
 30044,   156,   19000000,    9475898,        0,   -9524102,          0
 30044,   157,   19000000,   12231392,        0,   -6768608,          0
 30044,   158,   19000000,   11726491,        0,   -7273509,          0
 30044,   159,   19000000,    9297917,        0,   -9702083,          0
 30044,   160,   19000000,   10131058,        0,   -8868942,          0
 30044,   161,   19000000,   10971573,        0,   -8028427,          0
 30044,   162,   19000000,   11568374,        0,   -7431626,          0
 30044,   163,   19000000,   10845248,        0,   -8154752,          0
 30044,   164,   19000000,   11183096,        0,   -7816904,          0
 30044,   165,   19000000,   11037837,        0,   -7962163,          0
 30044,   166,   19000000,   12443638,        0,   -6556362,          0
 30044,   167,   19000000,    8997309,        0,  -10002691,          0
 30044,   168,   19000000,   10608698,        0,   -8391302,          0
 30044,   169,   19000000,   11431146,        0,   -7568854,          0
 30044,   170,   19000000,   12397797,        0,   -6602203,          0
 30044,   171,   19000000,   10202946,        0,   -8797054,          0
 30044,   172,   19000000,   11825612,        0,   -7174388,          0
 30044,   173,   19000000,   11471710,        0,   -7528290,          0
 30044,   174,   19000000,   12848765,        0,   -6151235,          0
 30044,   175,   19000000,    9393927,        0,   -9606073,          0
 30044,   176,   19000000,   10481715,        0,   -8518285,          0
 30044,   177,   19000000,   11447268,        0,   -7552732,          0
 30044,   178,   19000000,   11700528,        0,   -7299472,          0
 30044,   179,   19000000,    9555546,        0,   -9444454,          0
 30044,   180,   19000000,   10516157,        0,   -8483843,          0
 30044,   181,   19000000,   11054959,        0,   -7945041,          0
 30044,   182,   19000000,   12711018,        0,   -6288982,          0
 30044,   183,   19000000,    9406691,        0,   -9593309,          0
 30044,   184,   19000000,    9846055,        0,   -9153945,          0
 30044,   185,   19000000,   12212207,        0,   -6787793,          0
 30044,   186,   19000000,   12051764,        0,   -6948236,          0
 30044,   187,   19000000,    9382269,        0,   -9617731,          0
 30044,   188,   19000000,   10440950,        0,   -8559050,          0
 30044,   189,   19000000,   11411753,        0,   -7588247,          0
 30044,   190,   19000000,   11869524,        0,   -7130476,          0
 30044,   191,   19000000,    9474510,        0,   -9525490,          0
 30044,   192,   19000000,   11270864,        0,   -7729136,          0
 30044,   193,   19000000,   11087484,        0,   -7912516,          0
 30044,   194,   19000000,   13274649,        0,   -5725351,          0
 30044,   195,   19000000,    8985421,        0,  -10014579,          0
 30044,   196,   19000000,   10383494,        0,   -8616506,          0
 30044,   197,   19000000,   10934999,        0,   -8065001,          0
 30044,   198,   19000000,   12086841,        0,   -6913159,          0
 30044,   199,   19000000,    9688684,        0,   -9311316,          0
 30044,   200,   19000000,   10150607,        0,   -8849393,          0
 30044,   201,   19000000,   12195423,        0,   -6804577,          0
 30044,   202,   19000000,   12370886,        0,   -6629114,          0
 30044,   203,   19000000,    9376693,        0,   -9623307,          0
 30044,   204,   19000000,   10529406,        0,   -8470594,          0
 30044,   205,   19000000,   11678451,        0,   -7321549,          0
 30044,   206,   19000000,   12400857,        0,   -6599143,          0
 30044,   207,   19000000,    9279770,        0,   -9720230,          0
 30044,   208,   19000000,   10330131,        0,   -8669869,          0
 30044,   209,   19000000,   11408622,        0,   -7591378,          0
 30044,   210,   19000000,   12142790,        0,   -6857210,          0
 30044,   211,   19000000,   10171153,        0,   -8828847,          0
 30044,   212,   19000000,   10066936,        0,   -8933064,          0
 30044,   213,   19000000,   11428067,        0,   -7571933,          0
 30044,   214,   19000000,   12304244,        0,   -6695756,          0
 30044,   215,   19000000,    9416894,        0,   -9583106,          0
 30044,   216,   19000000,   11234228,        0,   -7765772,          0
 30044,   217,   19000000,   11056231,        0,   -7943769,          0
 30044,   218,   19000000,   12341469,        0,   -6658531,          0
 30044,   219,   19000000,    8980831,        0,  -10019169,          0
 30044,   220,   19000000,   10278154,        0,   -8721846,          0
 30044,   221,   19000000,   12226590,        0,   -6773410,          0
 30044,   222,   19000000,   12347986,        0,   -6652014,          0
 30044,   223,   19000000,    9267957,        0,   -9732043,          0
 30044,   224,   19000000,   10390327,        0,   -8609673,          0
 30044,   225,   19000000,   11487073,        0,   -7512927,          0
 30044,   226,   19000000,   12055195,        0,   -6944805,          0
 30044,   227,   19000000,    9338180,        0,   -9661820,          0
 30044,   228,   19000000,   10366943,        0,   -8633057,          0
 30044,   229,   19000000,   11389209,        0,   -7610791,          0
 30044,   230,   19000000,   12088510,        0,   -6911490,          0
 30044,   231,   19000000,    9401737,        0,   -9598263,          0
 30044,   232,   19000000,   10343894,        0,   -8656106,          0
 30044,   233,   19000000,   11180875,        0,   -7819125,          0
 30044,   234,   19000000,   12436478,        0,   -6563522,          0
 30044,   235,   19000000,    9815124,        0,   -9184876,          0
 30044,   236,   19000000,    9976617,        0,   -9023383,          0
 30044,   237,   19000000,   11522941,        0,   -7477059,          0
 30044,   238,   19000000,   12694597,        0,   -6305403,          0
 30044,   239,   19000000,    9360539,        0,   -9639461,          0
 30044,   240,   19000000,   10456079,        0,   -8543921,          0
 30044,   241,   19000000,   11182350,        0,   -7817650,          0
 30044,   242,   19000000,   12831054,        0,   -6168946,          0
 30044,   243,   19000000,    8973845,        0,  -10026155,          0
 30044,   244,   19000000,   10424490,        0,   -8575510,          0
 30044,   245,   19000000,   12223800,        0,   -6776200,          0
 30044,   246,   19000000,   12408485,        0,   -6591515,          0
 30044,   247,   19000000,    9485552,        0,   -9514448,          0
 30044,   248,   19000000,   10057812,        0,   -8942188,          0
 30044,   249,   19000000,   11505477,        0,   -7494523,          0
 30044,   250,   19000000,   12841280,        0,   -6158720,          0
 30044,   251,   19000000,    9798190,        0,   -9201810,          0
 30044,   252,   19000000,   10595418,        0,   -8404582,          0
 30044,   253,   19000000,   11535988,        0,   -7464012,          0
 30044,   254,   19000000,   12268712,        0,   -6731288,          0
 30044,   255,   19000000,   10223708,        0,   -8776292,          0
 30044,   256,   19000000,   10246114,        0,   -8753886,          0
 30044,   257,   19000000,   11022759,        0,   -7977241,          0
 30044,   258,   19000000,   13166789,        0,   -5833211,          0
 30044,   259,   19000000,    9350809,        0,   -9649191,          0
 30044,   260,   19000000,   10275710,        0,   -8724290,          0
 30044,   261,   19000000,   11278662,        0,   -7721338,          0
 30044,   262,   19000000,   12073605,        0,   -6926395,          0
 30044,   263,   19000000,    9323409,        0,   -9676591,          0
 30044,   264,   19000000,   10162843,        0,   -8837157,          0
 30044,   265,   19000000,   11021034,        0,   -7978966,          0
 30044,   266,   19000000,   12265411,        0,   -6734589,          0
 30044,   267,   19000000,    9396317,        0,   -9603683,          0
 30044,   268,   19000000,   10383228,        0,   -8616772,          0
 30044,   269,   19000000,   12046244,        0,   -6953756,          0
 30044,   270,   19000000,   12929022,        0,   -6070978,          0
 30044,   271,   19000000,    9254593,        0,   -9745407,          0
 30044,   272,   19000000,   10381702,        0,   -8618298,          0
 30044,   273,   19000000,   11338769,        0,   -7661231,          0
 30044,   274,   19000000,   12266437,        0,   -6733563,          0
 30044,   275,   19000000,    9348312,        0,   -9651688,          0
 30044,   276,   19000000,    9872259,        0,   -9127741,          0
 30044,   277,   19000000,   11069445,        0,   -7930555,          0
 30044,   278,   19000000,   12353791,        0,   -6646209,          0
 30044,   279,   19000000,   10224372,        0,   -8775628,          0
 30044,   280,   19000000,   10421453,        0,   -8578547,          0
 30044,   281,   19000000,   11080762,        0,   -7919238,          0
 30044,   282,   19000000,   13220048,        0,   -5779952,          0
 30044,   283,   19000000,    9013322,        0,   -9986678,          0
 30044,   284,   19000000,   10274390,        0,   -8725610,          0
 30044,   285,   19000000,   11892108,        0,   -7107892,          0
 30044,   286,   19000000,   13320076,        0,   -5679924,          0
 30044,   287,   19000000,    9412564,        0,   -9587436,          0
 30044,   288,   19000000,   10408748,        0,   -8591252,          0
 30044,   289,   19000000,   11422301,        0,   -7577699,          0
 30044,   290,   19000000,   11997011,        0,   -7002989,          0
 30044,   291,   19000000,    9054314,        0,   -9945686,          0
 30044,   292,   19000000,   10340511,        0,   -8659489,          0
 30044,   293,   19000000,   11446257,        0,   -7553743,          0
 30044,   294,   19000000,   12440496,        0,   -6559504,          0
 30044,   295,   19000000,    9069488,        0,   -9930512,          0
 30044,   296,   19000000,   11172608,        0,   -7827392,          0
 30044,   297,   19000000,   11521352,        0,   -7478648,          0
 30044,   298,   19000000,   11963482,        0,   -7036518,          0
 30044,   299,   19000000,    9397305,        0,   -9602695,          0
 30044,   300,   19000000,   10364608,        0,   -8635392,          0
 30044,   301,   19000000,   11470898,        0,   -7529102,          0
 30044,   302,   19000000,   12377628,        0,   -6622372,          0
 30044,   303,   19000000,    9824979,        0,   -9175021,          0
 30044,   304,   19000000,   10358453,        0,   -8641547,          0
 30044,   305,   19000000,   11653105,        0,   -7346895,          0
 30044,   306,   19000000,   12027306,        0,   -6972694,          0
 30044,   307,   19000000,   10171194,        0,   -8828806,          0
 30044,   308,   19000000,   10364433,        0,   -8635567,          0
 30044,   309,   19000000,   11422003,        0,   -7577997,          0
 30044,   310,   19000000,   13549034,        0,   -5450966,          0
 30044,   311,   19000000,    9432408,        0,   -9567592,          0
 30044,   312,   19000000,   10573539,        0,   -8426461,          0
 30044,   313,   19000000,   11114863,        0,   -7885137,          0
 30044,   314,   19000000,   12211931,        0,   -6788069,          0
 30044,   315,   19000000,   10265295,        0,   -8734705,          0
 30044,   316,   19000000,   10368081,        0,   -8631919,          0
 30044,   317,   19000000,   10882143,        0,   -8117857,          0
 30044,   318,   19000000,   11944103,        0,   -7055897,          0
 30044,   319,   19000000,   10156773,        0,   -8843227,          0
 30044,   320,   19000000,    9987873,        0,   -9012127,          0
 30044,   321,   19000000,   11483751,        0,   -7516249,          0
 30044,   322,   19000000,   13228582,        0,   -5771418,          0
 30044,   323,   19000000,    9023616,        0,   -9976384,          0
 30044,   324,   19000000,   11213200,        0,   -7786800,          0
 30044,   325,   19000000,   11226939,        0,   -7773061,          0
 30044,   326,   19000000,   12808339,        0,   -6191661,          0
 30044,   327,   19000000,    9070874,        0,   -9929126,          0
 30044,   328,   19000000,   10090676,        0,   -8909324,          0
 30044,   329,   19000000,   11163837,        0,   -7836163,          0
 30044,   330,   19000000,   12739483,        0,   -6260517,          0
 30044,   331,   19000000,    9347489,        0,   -9652511,          0
 30044,   332,   19000000,    9967414,        0,   -9032586,          0
 30044,   333,   19000000,   11418640,        0,   -7581360,          0
 30044,   334,   19000000,   12170632,        0,   -6829368,          0
 30044,   335,   19000000,    9494557,        0,   -9505443,          0
 30044,   336,   19000000,   11187189,        0,   -7812811,          0
 30044,   337,   19000000,   11451634,        0,   -7548366,          0
 30044,   338,   19000000,   12341166,        0,   -6658834,          0
 30044,   339,   19000000,   10182377,        0,   -8817623,          0
 30044,   340,   19000000,   10355147,        0,   -8644853,          0
 30044,   341,   19000000,   12178279,        0,   -6821721,          0
 30044,   342,   19000000,   12470899,        0,   -6529101,          0
 30044,   343,   19000000,   10154338,        0,   -8845662,          0
 30044,   344,   19000000,   10022237,        0,   -8977763,          0
 30044,   345,   19000000,   11019974,        0,   -7980026,          0
 30044,   346,   19000000,   12536190,        0,   -6463810,          0
 30044,   347,   19000000,   10265571,        0,   -8734429,          0
 30044,   348,   19000000,   10036474,        0,   -8963526,          0
 30044,   349,   19000000,   12100137,        0,   -6899863,          0
 30044,   350,   19000000,   12483559,        0,   -6516441,          0
 30044,   351,   19000000,    9071332,        0,   -9928668,          0
 30044,   352,   19000000,   10396887,        0,   -8603113,          0
 30044,   353,   19000000,   12210726,        0,   -6789274,          0
 30044,   354,   19000000,   11428532,        0,   -7571468,          0
 30044,   355,   19000000,    9364264,        0,   -9635736,          0
 30044,   356,   19000000,   10336763,        0,   -8663237,          0
 30044,   357,   19000000,   11424092,        0,   -7575908,          0
 30044,   358,   19000000,   12250730,        0,   -6749270,          0
 30044,   359,   19000000,    9670441,        0,   -9329559,          0
 30044,   360,   19000000,   11304829,        0,   -7695171,          0
 30044,   361,   19000000,   11871792,        0,   -7128208,          0
 30044,   362,   19000000,   12034374,        0,   -6965626,          0
 30044,   363,   19000000,    9585494,        0,   -9414506,          0
 30044,   364,   19000000,   10414310,        0,   -8585690,          0
 30044,   365,   19000000,   11053200,        0,   -7946800,          0
 30044,   366,   19000000,   11790040,        0,   -7209960,          0
 30044,   367,   19000000,   10186420,        0,   -8813580,          0
 30044,   368,   19000000,   10064835,        0,   -8935165,          0
 30044,   369,   19000000,   11024650,        0,   -7975350,          0
 30044,   370,   19000000,   12657983,        0,   -6342017,          0
 30044,   371,   19000000,    9826530,        0,   -9173470,          0
 30044,   372,   19000000,    9946637,        0,   -9053363,          0
 30044,   373,   19000000,   11462320,        0,   -7537680,          0
 30044,   374,   19000000,   12411175,        0,   -6588825,          0
 30044,   375,   19000000,    9493996,        0,   -9506004,          0
 30044,   376,   19000000,   10030818,        0,   -8969182,          0
 30044,   377,   19000000,   12317413,        0,   -6682587,          0
 30044,   378,   19000000,   12812481,        0,   -6187519,          0
 30044,   379,   19000000,    9151560,        0,   -9848440,          0
 30044,   380,   19000000,   10348825,        0,   -8651175,          0
 30044,   381,   19000000,   10748189,        0,   -8251811,          0
 30044,   382,   19000000,   12786651,        0,   -6213349,          0
 30044,   383,   19000000,    9679846,        0,   -9320154,          0
 30044,   384,   19000000,   10730636,        0,   -8269364,          0
 30044,   385,   19000000,   11099435,        0,   -7900565,          0
 30044,   386,   19000000,   12407460,        0,   -6592540,          0
 30044,   387,   19000000,    9391780,        0,   -9608220,          0
 30044,   388,   19000000,   10097837,        0,   -8902163,          0
 30044,   389,   19000000,   11889347,        0,   -7110653,          0
 30044,   390,   19000000,   12377202,        0,   -6622798,          0
 30044,   391,   19000000,   10229688,        0,   -8770312,          0
 30044,   392,   19000000,    9936129,        0,   -9063871,          0
 30044,   393,   19000000,   12200071,        0,   -6799929,          0
 30044,   394,   19000000,   12015063,        0,   -6984937,          0
 30044,   395,   19000000,    9362654,        0,   -9637346,          0
 30044,   396,   19000000,   10858868,        0,   -8141132,          0
 30044,   397,   19000000,   11469608,        0,   -7530392,          0
 30044,   398,   19000000,   12144380,        0,   -6855620,          0
 30044,   399,   19000000,    8984865,        0,  -10015135,          0
 30044,   400,   19000000,   11184949,        0,   -7815051,          0
 30044,   401,   19000000,   11707939,        0,   -7292061,          0
 30044,   402,   19000000,   12490508,        0,   -6509492,          0
 30044,   403,   19000000,   10214115,        0,   -8785885,          0
 30044,   404,   19000000,   10366399,        0,   -8633601,          0
 30044,   405,   19000000,   11378344,        0,   -7621656,          0
 30044,   406,   19000000,    9597038,        0,   -9402962,          0
 30044,   407,   19000000,    9060415,        0,   -9939585,          0
 30044,   408,   19000000,   10378916,        0,   -8621084,          0
 30044,   409,   19000000,   11206440,        0,   -7793560,          0
 30044,   410,   19000000,   12233684,        0,   -6766316,          0
 30044,   411,   19000000,    9032631,        0,   -9967369,          0
 30044,   412,   19000000,   10621474,        0,   -8378526,          0
 30044,   413,   19000000,   11485838,        0,   -7514162,          0
 30044,   414,   19000000,   11977115,        0,   -7022885,          0
 30044,   415,   19000000,    9337491,        0,   -9662509,          0
 30044,   416,   19000000,   10381935,        0,   -8618065,          0
 30044,   417,   19000000,   11419187,        0,   -7580813,          0
 30044,   418,   19000000,   12619968,        0,   -6380032,          0
 30044,   419,   19000000,   10110532,        0,   -8889468,          0
 30044,   420,   19000000,   10329598,        0,   -8670402,          0
 30044,   421,   19000000,   12278997,        0,   -6721003,          0
 30044,   422,   19000000,   11983584,        0,   -7016416,          0
 30044,   423,   19000000,   10229104,        0,   -8770896,          0
 30044,   424,   19000000,   10004049,        0,   -8995951,          0
 30044,   425,   19000000,   11400205,        0,   -7599795,          0
 30044,   426,   19000000,   12071232,        0,   -6928768,          0
 30044,   427,   19000000,    9470260,        0,   -9529740,          0
 30044,   428,   19000000,    9553939,        0,   -9446061,          0
 30044,   429,   19000000,   11256503,        0,   -7743497,          0
 30044,   430,   19000000,   12682218,        0,   -6317782,          0
 30044,   431,   19000000,    9089776,        0,   -9910224,          0
 30044,   432,   19000000,    9996055,        0,   -9003945,          0
 30044,   433,   19000000,   11390790,        0,   -7609210,          0
 30044,   434,   19000000,   12589553,        0,   -6410447,          0
 30044,   435,   19000000,    9423320,        0,   -9576680,          0
 30044,   436,   19000000,   10332783,        0,   -8667217,          0
 30044,   437,   19000000,   11068390,        0,   -7931610,          0
 30044,   438,   19000000,   12073265,        0,   -6926735,          0
 30044,   439,   19000000,    9101572,        0,   -9898428,          0
 30044,   440,   19000000,   10800848,        0,   -8199152,          0
 30044,   441,   19000000,   11330382,        0,   -7669618,          0
 30044,   442,   19000000,   13111319,        0,   -5888681,          0
 30044,   443,   19000000,    9382815,        0,   -9617185,          0
 30044,   444,   19000000,   10320005,        0,   -8679995,          0
 30044,   445,   19000000,   11292791,        0,   -7707209,          0
 30044,   446,   19000000,   12478891,        0,   -6521109,          0
 30044,   447,   19000000,    9417524,        0,   -9582476,          0
 30044,   448,   19000000,    9985267,        0,   -9014733,          0
 30044,   449,   19000000,   10923898,        0,   -8076102,          0
 30044,   450,   19000000,   12766881,        0,   -6233119,          0
 30044,   451,   19000000,    8956077,        0,  -10043923,          0
 30044,   452,   19000000,   10303493,        0,   -8696507,          0
 30044,   453,   19000000,   11045506,        0,   -7954494,          0
 30044,   454,   19000000,   12390799,        0,   -6609201,          0
 30044,   455,   19000000,    8949247,        0,  -10050753,          0
 30044,   456,   19000000,   10508175,        0,   -8491825,          0
 30044,   457,   19000000,   11115989,        0,   -7884011,          0
 30044,   458,   19000000,   12910360,        0,   -6089640,          0
 30044,   459,   19000000,    9374828,        0,   -9625172,          0
 30044,   460,   19000000,   10618112,        0,   -8381888,          0
 30044,   461,   19000000,   11401511,        0,   -7598489,          0
 30044,   462,   19000000,   12355258,        0,   -6644742,          0
 30044,   463,   19000000,    9645242,        0,   -9354758,          0
 30044,   464,   19000000,   11968653,        0,   -7031347,          0
 30044,   465,   19000000,   11149371,        0,   -7850629,          0
 30044,   466,   19000000,   12821151,        0,   -6178849,          0
 30044,   467,   19000000,   10193544,        0,   -8806456,          0
 30044,   468,   19000000,   10115902,        0,   -8884098,          0
 30044,   469,   19000000,   11456506,        0,   -7543494,          0
 30044,   470,   19000000,   12376949,        0,   -6623051,          0
 30044,   471,   19000000,   10251279,        0,   -8748721,          0
 30044,   472,   19000000,   11286628,        0,   -7713372,          0
 30044,   473,   19000000,   11470008,        0,   -7529992,          0
 30044,   474,   19000000,   11881407,        0,   -7118593,          0
 30044,   475,   19000000,   10184973,        0,   -8815027,          0
 30044,   476,   19000000,   10415269,        0,   -8584731,          0
 30044,   477,   19000000,   11395707,        0,   -7604293,          0
 30044,   478,   19000000,   12409565,        0,   -6590435,          0
 30044,   479,   19000000,    8996723,        0,  -10003277,          0
 30044,   480,   19000000,    9948537,        0,   -9051463,          0
 30044,   481,   19000000,   11061180,        0,   -7938820,          0
 30044,   482,   19000000,   11998417,        0,   -7001583,          0
 30044,   483,   19000000,    9376070,        0,   -9623930,          0
 30044,   484,   19000000,   10395850,        0,   -8604150,          0
 30044,   485,   19000000,   10876175,        0,   -8123825,          0
 30044,   486,   19000000,   12067237,        0,   -6932763,          0
 30044,   487,   19000000,    8976077,        0,  -10023923,          0
 30044,   488,   19000000,   10130454,        0,   -8869546,          0
 30044,   489,   19000000,   11943573,        0,   -7056427,          0
 30044,   490,   19000000,   12044072,        0,   -6955928,          0
 30044,   491,   19000000,    8933089,        0,  -10066911,          0
 30044,   492,   19000000,   11115275,        0,   -7884725,          0
 30044,   493,   19000000,   11461308,        0,   -7538692,          0
 30044,   494,   19000000,   12122209,        0,   -6877791,          0
 30044,   495,   19000000,    9339962,        0,   -9660038,          0
 30044,   496,   19000000,   10393740,        0,   -8606260,          0
 30044,   497,   19000000,   11452090,        0,   -7547910,          0
 30044,   498,   19000000,   12398183,        0,   -6601817,          0
 30044,   499,   19000000,    8988572,        0,  -10011428,          0
 30044,   500,   19000000,   10639263,        0,   -8360737,          0
 30044,   501,   19000000,   11521810,        0,   -7478190,          0
 30044,   502,   19000000,   13279879,        0,   -5720121,          0
 30044,   503,   19000000,    9179332,        0,   -9820668,          0
 30044,   504,   19000000,   11348649,        0,   -7651351,          0
 30044,   505,   19000000,   11717220,        0,   -7282780,          0
 30044,   506,   19000000,   11309833,        0,   -7690167,          0
 30044,   507,   19000000,    9784483,        0,   -9215517,          0
 30044,   508,   19000000,   10697378,        0,   -8302622,          0
 30044,   509,   19000000,   11956452,        0,   -7043548,          0
 30044,   510,   19000000,   12462344,        0,   -6537656,          0
 30044,   511,   19000000,    9375047,        0,   -9624953,          0
 30044,   512,   19000000,   10369922,        0,   -8630078,          0
 30044,   513,   19000000,   11351954,        0,   -7648046,          0
 30044,   514,   19000000,   12537332,        0,   -6462668,          0
 30044,   515,   19000000,    9362379,        0,   -9637621,          0
 30044,   516,   19000000,   10866414,        0,   -8133586,          0
 30044,   517,   19000000,   11072640,        0,   -7927360,          0
 30044,   518,   19000000,   11961597,        0,   -7038403,          0
 30044,   519,   19000000,    9471799,        0,   -9528201,          0
 30044,   520,   19000000,   10435919,        0,   -8564081,          0
 30044,   521,   19000000,   12454435,        0,   -6545565,          0
 30044,   522,   19000000,   12452197,        0,   -6547803,          0
 30044,   523,   19000000,    9820492,        0,   -9179508,          0
 30044,   524,   19000000,   10442514,        0,   -8557486,          0
 30044,   525,   19000000,   11160048,        0,   -7839952,          0
 30044,   526,   19000000,   11813129,        0,   -7186871,          0
 30044,   527,   19000000,    9359289,        0,   -9640711,          0
 30044,   528,   19000000,   10370539,        0,   -8629461,          0
 30044,   529,   19000000,   12265150,        0,   -6734850,          0
 30044,   530,   19000000,   12419405,        0,   -6580595,          0
# task NAME=myapp PID=30047 COST=28124000 PERIOD=74000000 CPU=0
 30047,     2,   74000000,       6377,        0,  -73993623,          0
 30047,     3,   74000000,      63890,        0,  -73936110,          0
 30047,     4,   74000000,   48125695,        0,  -25874305,          0
 30047,     5,   74000000,   46786598,        0,  -27213402,          0
 30047,     6,   74000000,   48529385,        0,  -25470615,          0
 30047,     7,   74000000,   45148164,        0,  -28851836,          0
 30047,     8,   74000000,   47640705,        0,  -26359295,          0
 30047,     9,   74000000,   46341611,        0,  -27658389,          0
 30047,    10,   74000000,   47824612,        0,  -26175388,          0
 30047,    11,   74000000,   48457678,        0,  -25542322,          0
 30047,    12,   74000000,   47836945,        0,  -26163055,          0
 30047,    13,   74000000,   48494778,        0,  -25505222,          0
 30047,    14,   74000000,   47942022,        0,  -26057978,          0
 30047,    15,   74000000,   48460589,        0,  -25539411,          0
 30047,    16,   74000000,   50424918,        0,  -23575082,          0
 30047,    17,   74000000,   49131840,        0,  -24868160,          0
 30047,    18,   74000000,   48054093,        0,  -25945907,          0
 30047,    19,   74000000,   48450680,        0,  -25549320,          0
 30047,    20,   74000000,   46661465,        0,  -27338535,          0
 30047,    21,   74000000,   46483325,        0,  -27516675,          0
 30047,    22,   74000000,   47382825,        0,  -26617175,          0
 30047,    23,   74000000,   49167636,        0,  -24832364,          0
 30047,    24,   74000000,   50610178,        0,  -23389822,          0
 30047,    25,   74000000,   44945035,        0,  -29054965,          0
 30047,    26,   74000000,   47480071,        0,  -26519929,          0
 30047,    27,   74000000,   49223017,        0,  -24776983,          0
 30047,    28,   74000000,   48523314,        0,  -25476686,          0
 30047,    29,   74000000,   49338931,        0,  -24661069,          0
 30047,    30,   74000000,   47712708,        0,  -26287292,          0
 30047,    31,   74000000,   46854690,        0,  -27145310,          0
 30047,    32,   74000000,   46995638,        0,  -27004362,          0
 30047,    33,   74000000,   45675338,        0,  -28324662,          0
 30047,    34,   74000000,   47754875,        0,  -26245125,          0
 30047,    35,   74000000,   45099258,        0,  -28900742,          0
 30047,    36,   74000000,   47858762,        0,  -26141238,          0
 30047,    37,   74000000,   45342674,        0,  -28657326,          0
 30047,    38,   74000000,   48195693,        0,  -25804307,          0
 30047,    39,   74000000,   45865018,        0,  -28134982,          0
 30047,    40,   74000000,   46809446,        0,  -27190554,          0
 30047,    41,   74000000,   48475390,        0,  -25524610,          0
 30047,    42,   74000000,   48538721,        0,  -25461279,          0
 30047,    43,   74000000,   45919669,        0,  -28080331,          0
 30047,    44,   74000000,   50709277,        0,  -23290723,          0
 30047,    45,   74000000,   46484224,        0,  -27515776,          0
 30047,    46,   74000000,   51289722,        0,  -22710278,          0
 30047,    47,   74000000,   49063167,        0,  -24936833,          0
 30047,    48,   74000000,   47697512,        0,  -26302488,          0
 30047,    49,   74000000,   45768474,        0,  -28231526,          0
 30047,    50,   74000000,   47154393,        0,  -26845607,          0
 30047,    51,   74000000,   46221649,        0,  -27778351,          0
 30047,    52,   74000000,   48191752,        0,  -25808248,          0
 30047,    53,   74000000,   44783534,        0,  -29216466,          0
 30047,    54,   74000000,   48101618,        0,  -25898382,          0
 30047,    55,   74000000,   45609105,        0,  -28390895,          0
 30047,    56,   74000000,   50314052,        0,  -23685948,          0
 30047,    57,   74000000,   45592067,        0,  -28407933,          0
 30047,    58,   74000000,   46995225,        0,  -27004775,          0
 30047,    59,   74000000,   46061433,        0,  -27938567,          0
 30047,    60,   74000000,   50447193,        0,  -23552807,          0
 30047,    61,   74000000,   45579588,        0,  -28420412,          0
 30047,    62,   74000000,   47389511,        0,  -26610489,          0
 30047,    63,   74000000,   46023423,        0,  -27976577,          0
 30047,    64,   74000000,   46977407,        0,  -27022593,          0
 30047,    65,   74000000,   48422754,        0,  -25577246,          0
 30047,    66,   74000000,   47974907,        0,  -26025093,          0
 30047,    67,   74000000,   45926252,        0,  -28073748,          0
 30047,    68,   74000000,   48433977,        0,  -25566023,          0
 30047,    69,   74000000,   45598586,        0,  -28401414,          0
 30047,    70,   74000000,   48323250,        0,  -25676750,          0
 30047,    71,   74000000,   49134638,        0,  -24865362,          0
 30047,    72,   74000000,   48436971,        0,  -25563029,          0
 30047,    73,   74000000,   48381423,        0,  -25618577,          0
 30047,    74,   74000000,   51568444,        0,  -22431556,          0
 30047,    75,   74000000,   46212104,        0,  -27787896,          0
 30047,    76,   74000000,   48017123,        0,  -25982877,          0
 30047,    77,   74000000,   45306103,        0,  -28693897,          0
 30047,    78,   74000000,   47907530,        0,  -26092470,          0
 30047,    79,   74000000,   48357975,        0,  -25642025,          0
 30047,    80,   74000000,   46967507,        0,  -27032493,          0
 30047,    81,   74000000,   46560101,        0,  -27439899,          0
 30047,    82,   74000000,   48250858,        0,  -25749142,          0
 30047,    83,   74000000,   48737541,        0,  -25262459,          0
 30047,    84,   74000000,   47557180,        0,  -26442820,          0
 30047,    85,   74000000,   45897034,        0,  -28102966,          0
 30047,    86,   74000000,   46569903,        0,  -27430097,          0
 30047,    87,   74000000,   48967063,        0,  -25032937,          0
 30047,    88,   74000000,   48483537,        0,  -25516463,          0
 30047,    89,   74000000,   48766451,        0,  -25233549,          0
 30047,    90,   74000000,   47887723,        0,  -26112277,          0
 30047,    91,   74000000,   45673765,        0,  -28326235,          0
 30047,    92,   74000000,   48547837,        0,  -25452163,          0
 30047,    93,   74000000,   46014347,        0,  -27985653,          0
 30047,    94,   74000000,   47654099,        0,  -26345901,          0
 30047,    95,   74000000,   45330791,        0,  -28669209,          0
 30047,    96,   74000000,   48923198,        0,  -25076802,          0
 30047,    97,   74000000,   48587833,        0,  -25412167,          0
 30047,    98,   74000000,   47758115,        0,  -26241885,          0
 30047,    99,   74000000,   48409282,        0,  -25590718,          0
 30047,   100,   74000000,   50424037,        0,  -23575963,          0
 30047,   101,   74000000,   47099930,        0,  -26900070,          0
 30047,   102,   74000000,   50910831,        0,  -23089169,          0
 30047,   103,   74000000,   46135222,        0,  -27864778,          0
 30047,   104,   74000000,   50417421,        0,  -23582579,          0
 30047,   105,   74000000,   48478289,        0,  -25521711,          0
 30047,   106,   74000000,   47352772,        0,  -26647228,          0
 30047,   107,   74000000,   48306285,        0,  -25693715,          0
 30047,   108,   74000000,   47153209,        0,  -26846791,          0
 30047,   109,   74000000,   49606763,        0,  -24393237,          0
 30047,   110,   74000000,   47848229,        0,  -26151771,          0
 30047,   111,   74000000,   45513460,        0,  -28486540,          0
 30047,   112,   74000000,   47155423,        0,  -26844577,          0
 30047,   113,   74000000,   46546791,        0,  -27453209,          0
 30047,   114,   74000000,   50417800,        0,  -23582200,          0
 30047,   115,   74000000,   48377680,        0,  -25622320,          0
 30047,   116,   74000000,   47881984,        0,  -26118016,          0
 30047,   117,   74000000,   46228540,        0,  -27771460,          0
 30047,   118,   74000000,   48615877,        0,  -25384123,          0
 30047,   119,   74000000,   46928319,        0,  -27071681,          0
 30047,   120,   74000000,   50930486,        0,  -23069514,          0
 30047,   121,   74000000,   45938260,        0,  -28061740,          0
 30047,   122,   74000000,   51583454,        0,  -22416546,          0
 30047,   123,   74000000,   46157053,        0,  -27842947,          0
 30047,   124,   74000000,   50420203,        0,  -23579797,          0
 30047,   125,   74000000,   48528854,        0,  -25471146,          0
 30047,   126,   74000000,   47680622,        0,  -26319378,          0
 30047,   127,   74000000,   46359530,        0,  -27640470,          0
 30047,   128,   74000000,   48565556,        0,  -25434444,          0
 30047,   129,   74000000,   46345074,        0,  -27654926,          0
 30047,   130,   74000000,   51970376,        0,  -22029624,          0
 30047,   131,   74000000,   45425954,        0,  -28574046,          0
 30047,   132,   74000000,   48904226,        0,  -25095774,          0
 30047,   133,   74000000,   46081357,        0,  -27918643,          0
 30047,   134,   74000000,   48012186,        0,  -25987814,          0
 30047,   135,   74000000,   48810822,        0,  -25189178,          0
 30047,   136,   74000000,   48680669,        0,  -25319331,          0
 30047,   137,   74000000,   46046186,        0,  -27953814,          0
 30047,   138,   74000000,   48029546,        0,  -25970454,          0
 30047,   139,   74000000,   48798528,        0,  -25201472,          0
# task NAME=myapp PID=30052 COST=2017999 PERIOD=77000000 CPU=0
 30052,     2,   77000000,      11412,        0,  -76988588,          0
 30052,     3,   77000000,      80982,        0,  -76919018,          0
 30052,     4,   77000000,    1962866,        0,  -75037134,          0
 30052,     5,   77000000,    1929515,        0,  -75070485,          0
 30052,     6,   77000000,    1937806,        0,  -75062194,          0
 30052,     7,   77000000,    1945903,        0,  -75054097,          0
 30052,     8,   77000000,    1951155,        0,  -75048845,          0
 30052,     9,   77000000,    1945892,        0,  -75054108,          0
 30052,    10,   77000000,    1944918,        0,  -75055082,          0
 30052,    11,   77000000,    1988800,        0,  -75011200,          0
 30052,    12,   77000000,    2014181,        0,  -74985819,          0
 30052,    13,   77000000,    1934625,        0,  -75065375,          0
 30052,    14,   77000000,    1964616,        0,  -75035384,          0
 30052,    15,   77000000,    1967342,        0,  -75032658,          0
 30052,    16,   77000000,    1931711,        0,  -75068289,          0
 30052,    17,   77000000,    1932037,        0,  -75067963,          0
 30052,    18,   77000000,    1941082,        0,  -75058918,          0
 30052,    19,   77000000,    1947708,        0,  -75052292,          0
 30052,    20,   77000000,    1970486,        0,  -75029514,          0
 30052,    21,   77000000,    1985822,        0,  -75014178,          0
 30052,    22,   77000000,    1974839,        0,  -75025161,          0
 30052,    23,   77000000,    1946896,        0,  -75053104,          0
 30052,    24,   77000000,    2020734,        0,  -74979266,          0
 30052,    25,   77000000,    1973038,        0,  -75026962,          0
 30052,    26,   77000000,    1954866,        0,  -75045134,          0
 30052,    27,   77000000,    1964926,        0,  -75035074,          0
 30052,    28,   77000000,    2008299,        0,  -74991701,          0
 30052,    29,   77000000,    2021053,        0,  -74978947,          0
 30052,    30,   77000000,    1955845,        0,  -75044155,          0
 30052,    31,   77000000,    1991460,        0,  -75008540,          0
 30052,    32,   77000000,    2009731,        0,  -74990269,          0
 30052,    33,   77000000,    1939439,        0,  -75060561,          0
 30052,    34,   77000000,    1949182,        0,  -75050818,          0
 30052,    35,   77000000,    1940816,        0,  -75059184,          0
 30052,    36,   77000000,    2038532,        0,  -74961468,          0
 30052,    37,   77000000,    1935160,        0,  -75064840,          0
 30052,    38,   77000000,    1992418,        0,  -75007582,          0
 30052,    39,   77000000,    1944990,        0,  -75055010,          0
 30052,    40,   77000000,    2018675,        0,  -74981325,          0
 30052,    41,   77000000,    2025239,        0,  -74974761,          0
 30052,    42,   77000000,    1939769,        0,  -75060231,          0
 30052,    43,   77000000,    1933155,        0,  -75066845,          0
 30052,    44,   77000000,    2269405,        0,  -74730595,          0
 30052,    45,   77000000,    1987913,        0,  -75012087,          0
 30052,    46,   77000000,    1965322,        0,  -75034678,          0
 30052,    47,   77000000,    1967184,        0,  -75032816,          0
 30052,    48,   77000000,    1984706,        0,  -75015294,          0
 30052,    49,   77000000,    2007434,        0,  -74992566,          0
 30052,    50,   77000000,    1965307,        0,  -75034693,          0
 30052,    51,   77000000,    1927158,        0,  -75072842,          0
 30052,    52,   77000000,    1968099,        0,  -75031901,          0
 30052,    53,   77000000,    1939302,        0,  -75060698,          0
 30052,    54,   77000000,    1944665,        0,  -75055335,          0
 30052,    55,   77000000,    1980251,        0,  -75019749,          0
 30052,    56,   77000000,    1986151,        0,  -75013849,          0
 30052,    57,   77000000,    1977494,        0,  -75022506,          0
 30052,    58,   77000000,    3203171,        0,  -73796829,          0
 30052,    59,   77000000,    1987926,        0,  -75012074,          0
 30052,    60,   77000000,    1986599,        0,  -75013401,          0
 30052,    61,   77000000,    1953688,        0,  -75046312,          0
 30052,    62,   77000000,    1925175,        0,  -75074825,          0
 30052,    63,   77000000,    1954030,        0,  -75045970,          0
 30052,    64,   77000000,    1948147,        0,  -75051853,          0
 30052,    65,   77000000,    1990079,        0,  -75009921,          0
 30052,    66,   77000000,    1954349,        0,  -75045651,          0
 30052,    67,   77000000,    1964435,        0,  -75035565,          0
 30052,    68,   77000000,    2041811,        0,  -74958189,          0
 30052,    69,   77000000,    1996338,        0,  -75003662,          0
 30052,    70,   77000000,    1933436,        0,  -75066564,          0
 30052,    71,   77000000,    1959526,        0,  -75040474,          0
 30052,    72,   77000000,    1977037,        0,  -75022963,          0
 30052,    73,   77000000,    2028560,        0,  -74971440,          0
 30052,    74,   77000000,    1976618,        0,  -75023382,          0
 30052,    75,   77000000,    1936886,        0,  -75063114,          0
 30052,    76,   77000000,    1961350,        0,  -75038650,          0
 30052,    77,   77000000,    1967346,        0,  -75032654,          0
 30052,    78,   77000000,    2002990,        0,  -74997010,          0
 30052,    79,   77000000,    1965288,        0,  -75034712,          0
 30052,    80,   77000000,    2035936,        0,  -74964064,          0
 30052,    81,   77000000,    1981791,        0,  -75018209,          0
 30052,    82,   77000000,    1945422,        0,  -75054578,          0
 30052,    83,   77000000,    1975718,        0,  -75024282,          0
 30052,    84,   77000000,    1934172,        0,  -75065828,          0
 30052,    85,   77000000,    1937528,        0,  -75062472,          0
 30052,    86,   77000000,    1939388,        0,  -75060612,          0
 30052,    87,   77000000,    1957030,        0,  -75042970,          0
 30052,    88,   77000000,    1942477,        0,  -75057523,          0
 30052,    89,   77000000,    1943533,        0,  -75056467,          0
 30052,    90,   77000000,    1953761,        0,  -75046239,          0
 30052,    91,   77000000,    1941091,        0,  -75058909,          0
 30052,    92,   77000000,    1955637,        0,  -75044363,          0
 30052,    93,   77000000,    1979420,        0,  -75020580,          0
 30052,    94,   77000000,    1936671,        0,  -75063329,          0
 30052,    95,   77000000,    1974273,        0,  -75025727,          0
 30052,    96,   77000000,    2019781,        0,  -74980219,          0
 30052,    97,   77000000,    2255271,        0,  -74744729,          0
 30052,    98,   77000000,    1968323,        0,  -75031677,          0
 30052,    99,   77000000,    1937672,        0,  -75062328,          0
 30052,   100,   77000000,    3429166,        0,  -73570834,          0
 30052,   101,   77000000,    2032029,        0,  -74967971,          0
 30052,   102,   77000000,    1931321,        0,  -75068679,          0
 30052,   103,   77000000,    1980542,        0,  -75019458,          0
 30052,   104,   77000000,    1965738,        0,  -75034262,          0
 30052,   105,   77000000,    1927507,        0,  -75072493,          0
 30052,   106,   77000000,    1964034,        0,  -75035966,          0
 30052,   107,   77000000,    1959246,        0,  -75040754,          0
 30052,   108,   77000000,    1940782,        0,  -75059218,          0
 30052,   109,   77000000,    1945635,        0,  -75054365,          0
 30052,   110,   77000000,    1993322,        0,  -75006678,          0
 30052,   111,   77000000,    1956975,        0,  -75043025,          0
 30052,   112,   77000000,    1945985,        0,  -75054015,          0
 30052,   113,   77000000,    2830381,        0,  -74169619,          0
 30052,   114,   77000000,    1934084,        0,  -75065916,          0
 30052,   115,   77000000,    1952596,        0,  -75047404,          0
 30052,   116,   77000000,    1977134,        0,  -75022866,          0
 30052,   117,   77000000,    4020262,        0,  -72979738,          0
 30052,   118,   77000000,    4021631,        0,  -72978369,          0
 30052,   119,   77000000,    1956857,        0,  -75043143,          0
 30052,   120,   77000000,    2013684,        0,  -74986316,          0
 30052,   121,   77000000,    1954565,        0,  -75045435,          0
 30052,   122,   77000000,    1943869,        0,  -75056131,          0
 30052,   123,   77000000,    1941525,        0,  -75058475,          0
 30052,   124,   77000000,    1987207,        0,  -75012793,          0
 30052,   125,   77000000,    1943730,        0,  -75056270,          0
 30052,   126,   77000000,    1944593,        0,  -75055407,          0
 30052,   127,   77000000,    1958164,        0,  -75041836,          0
 30052,   128,   77000000,    1982901,        0,  -75017099,          0
 30052,   129,   77000000,    1947085,        0,  -75052915,          0
 30052,   130,   77000000,    1979568,        0,  -75020432,          0
 30052,   131,   77000000,    1935737,        0,  -75064263,          0
 30052,   132,   77000000,    1969014,        0,  -75030986,          0
 30052,   133,   77000000,    1941799,        0,  -75058201,          0
