# Task,   Job,     Period,   Response, DL Miss?,   Lateness,  Tardiness
# task NAME=myapp PID=2217 COST=22502000 PERIOD=58000000 CPU=0
  2217,     2,   58000000,       5964,        0,  -57994036,          0
  2217,     3,   58000000,     109185,        0,  -57890815,          0
  2217,     4,   58000000,   37208449,        0,  -20791551,          0
  2217,     5,   58000000,   34211475,        0,  -23788525,          0
  2217,     6,   58000000,   37088864,        0,  -20911136,          0
  2217,     7,   58000000,   33757224,        0,  -24242776,          0
  2217,     8,   58000000,   39619483,        0,  -18380517,          0
  2217,     9,   58000000,   34305436,        0,  -23694564,          0
  2217,    10,   58000000,   37857874,        0,  -20142126,          0
  2217,    11,   58000000,   35065196,        0,  -22934804,          0
  2217,    12,   58000000,   37212473,        0,  -20787527,          0
  2217,    13,   58000000,   37937516,        0,  -20062484,          0
  2217,    14,   58000000,   37302665,        0,  -20697335,          0
  2217,    15,   58000000,   38688599,        0,  -19311401,          0
  2217,    16,   58000000,   37118541,        0,  -20881459,          0
  2217,    17,   58000000,   37793051,        0,  -20206949,          0
  2217,    18,   58000000,   36672812,        0,  -21327188,          0
  2217,    19,   58000000,   35509613,        0,  -22490387,          0
  2217,    20,   58000000,   38192646,        0,  -19807354,          0
  2217,    21,   58000000,   34687619,        0,  -23312381,          0
  2217,    22,   58000000,   37435027,        0,  -20564973,          0
  2217,    23,   58000000,   34970828,        0,  -23029172,          0
  2217,    24,   58000000,   40069466,        0,  -17930534,          0
  2217,    25,   58000000,   33620892,        0,  -24379108,          0
  2217,    26,   58000000,   33228328,        0,  -24771672,          0
  2217,    27,   58000000,   35544048,        0,  -22455952,          0
  2217,    28,   58000000,   39999233,        0,  -18000767,          0
  2217,    29,   58000000,   34612005,        0,  -23387995,          0
  2217,    30,   58000000,   36732745,        0,  -21267255,          0
  2217,    31,   58000000,   35562294,        0,  -22437706,          0
  2217,    32,   58000000,   37256643,        0,  -20743357,          0
  2217,    33,   58000000,   35783376,        0,  -22216624,          0
  2217,    34,   58000000,   36678339,        0,  -21321661,          0
  2217,    35,   58000000,   34825175,        0,  -23174825,          0
  2217,    36,   58000000,   36620234,        0,  -21379766,          0
  2217,    37,   58000000,   35285509,        0,  -22714491,          0
  2217,    38,   58000000,   36098128,        0,  -21901872,          0
  2217,    39,   58000000,   37782778,        0,  -20217222,          0
  2217,    40,   58000000,   36767963,        0,  -21232037,          0
  2217,    41,   58000000,   35116453,        0,  -22883547,          0
  2217,    42,   58000000,   35738605,        0,  -22261395,          0
  2217,    43,   58000000,   34969886,        0,  -23030114,          0
  2217,    44,   58000000,   39605132,        0,  -18394868,          0
  2217,    45,   58000000,   35122044,        0,  -22877956,          0
  2217,    46,   58000000,   36692537,        0,  -21307463,          0
  2217,    47,   58000000,   34696788,        0,  -23303212,          0
  2217,    48,   58000000,   36172034,        0,  -21827966,          0
  2217,    49,   58000000,   35714737,        0,  -22285263,          0
  2217,    50,   58000000,   37138548,        0,  -20861452,          0
  2217,    51,   58000000,   37896459,        0,  -20103541,          0
  2217,    52,   58000000,   36733079,        0,  -21266921,          0
  2217,    53,   58000000,   34628108,        0,  -23371892,          0
  2217,    54,   58000000,   39920809,        0,  -18079191,          0
  2217,    55,   58000000,   35260493,        0,  -22739507,          0
  2217,    56,   58000000,   39873629,        0,  -18126371,          0
  2217,    57,   58000000,   35438560,        0,  -22561440,          0
  2217,    58,   58000000,   37588612,        0,  -20411388,          0
  2217,    59,   58000000,   38783528,        0,  -19216472,          0
  2217,    60,   58000000,   36473269,        0,  -21526731,          0
  2217,    61,   58000000,   33603080,        0,  -24396920,          0
  2217,    62,   58000000,   36555115,        0,  -21444885,          0
  2217,    63,   58000000,   34476560,        0,  -23523440,          0
  2217,    64,   58000000,   36562435,        0,  -21437565,          0
  2217,    65,   58000000,   34447174,        0,  -23552826,          0
  2217,    66,   58000000,   37490226,        0,  -20509774,          0
  2217,    67,   58000000,   34936345,        0,  -23063655,          0
  2217,    68,   58000000,   36234431,        0,  -21765569,          0
  2217,    69,   58000000,   34714691,        0,  -23285309,          0
  2217,    70,   58000000,   37648130,        0,  -20351870,          0
  2217,    71,   58000000,   35515315,        0,  -22484685,          0
  2217,    72,   58000000,   36653852,        0,  -21346148,          0
  2217,    73,   58000000,   34721675,        0,  -23278325,          0
  2217,    74,   58000000,   38164683,        0,  -19835317,          0
  2217,    75,   58000000,   38529675,        0,  -19470325,          0
  2217,    76,   58000000,   36158427,        0,  -21841573,          0
  2217,    77,   58000000,   34065341,        0,  -23934659,          0
  2217,    78,   58000000,   37469334,        0,  -20530666,          0
  2217,    79,   58000000,   34592801,        0,  -23407199,          0
  2217,    80,   58000000,   36384790,        0,  -21615210,          0
  2217,    81,   58000000,   35143566,        0,  -22856434,          0
  2217,    82,   58000000,   37196360,        0,  -20803640,          0
  2217,    83,   58000000,   34667845,        0,  -23332155,          0
  2217,    84,   58000000,   37182025,        0,  -20817975,          0
  2217,    85,   58000000,   35397725,        0,  -22602275,          0
  2217,    86,   58000000,   39596173,        0,  -18403827,          0
  2217,    87,   58000000,   31054113,        0,  -26945887,          0
  2217,    88,   58000000,   40586846,        0,  -17413154,          0
  2217,    89,   58000000,   35526123,        0,  -22473877,          0
  2217,    90,   58000000,   37189801,        0,  -20810199,          0
  2217,    91,   58000000,   35488938,        0,  -22511062,          0
  2217,    92,   58000000,   37104778,        0,  -20895222,          0
  2217,    93,   58000000,   35303840,        0,  -22696160,          0
  2217,    94,   58000000,   36820894,        0,  -21179106,          0
  2217,    95,   58000000,   34983593,        0,  -23016407,          0
  2217,    96,   58000000,   36295829,        0,  -21704171,          0
  2217,    97,   58000000,   33827378,        0,  -24172622,          0
  2217,    98,   58000000,   36186811,        0,  -21813189,          0
  2217,    99,   58000000,   37595682,        0,  -20404318,          0
  2217,   100,   58000000,   38344174,        0,  -19655826,          0
  2217,   101,   58000000,   34152678,        0,  -23847322,          0
  2217,   102,   58000000,   33766300,        0,  -24233700,          0
  2217,   103,   58000000,   33727843,        0,  -24272157,          0
  2217,   104,   58000000,   36147796,        0,  -21852204,          0
  2217,   105,   58000000,   36466070,        0,  -21533930,          0
  2217,   106,   58000000,   37218166,        0,  -20781834,          0
  2217,   107,   58000000,   34276476,        0,  -23723524,          0
  2217,   108,   58000000,   37139492,        0,  -20860508,          0
  2217,   109,   58000000,   34328117,        0,  -23671883,          0
  2217,   110,   58000000,   35756168,        0,  -22243832,          0
  2217,   111,   58000000,   35087953,        0,  -22912047,          0
  2217,   112,   58000000,   37422689,        0,  -20577311,          0
  2217,   113,   58000000,   34699339,        0,  -23300661,          0
  2217,   114,   58000000,   40246465,        0,  -17753535,          0
  2217,   115,   58000000,   35375356,        0,  -22624644,          0
  2217,   116,   58000000,   36607597,        0,  -21392403,          0
  2217,   117,   58000000,   34459815,        0,  -23540185,          0
  2217,   118,   58000000,   37250253,        0,  -20749747,          0
  2217,   119,   58000000,   34466651,        0,  -23533349,          0
  2217,   120,   58000000,   40487748,        0,  -17512252,          0
  2217,   121,   58000000,   35046601,        0,  -22953399,          0
  2217,   122,   58000000,   36167963,        0,  -21832037,          0
  2217,   123,   58000000,   38292125,        0,  -19707875,          0
  2217,   124,   58000000,   36266902,        0,  -21733098,          0
  2217,   125,   58000000,   34964181,        0,  -23035819,          0
  2217,   126,   58000000,   36652728,        0,  -21347272,          0
  2217,   127,   58000000,   35567783,        0,  -22432217,          0
  2217,   128,   58000000,   37159928,        0,  -20840072,          0
  2217,   129,   58000000,   31658908,        0,  -26341092,          0
  2217,   130,   58000000,   36263857,        0,  -21736143,          0
  2217,   131,   58000000,   35109865,        0,  -22890135,          0
  2217,   132,   58000000,   37165636,        0,  -20834364,          0
  2217,   133,   58000000,   34316479,        0,  -23683521,          0
  2217,   134,   58000000,   35950332,        0,  -22049668,          0
  2217,   135,   58000000,   34159458,        0,  -23840542,          0
  2217,   136,   58000000,   36435564,        0,  -21564436,          0
  2217,   137,   58000000,   34709216,        0,  -23290784,          0
  2217,   138,   58000000,   35601611,        0,  -22398389,          0
  2217,   139,   58000000,   35823417,        0,  -22176583,          0
  2217,   140,   58000000,   35745517,        0,  -22254483,          0
  2217,   141,   58000000,   35404258,        0,  -22595742,          0
  2217,   142,   58000000,   37087242,        0,  -20912758,          0
  2217,   143,   58000000,   34037754,        0,  -23962246,          0
  2217,   144,   58000000,   37818892,        0,  -20181108,          0
  2217,   145,   58000000,   34277796,        0,  -23722204,          0
  2217,   146,   58000000,   36605819,        0,  -21394181,          0
  2217,   147,   58000000,   33803591,        0,  -24196409,          0
  2217,   148,   58000000,   36245260,        0,  -21754740,          0
  2217,   149,   58000000,   34526889,        0,  -23473111,          0
  2217,   150,   58000000,   37624183,        0,  -20375817,          0
  2217,   151,   58000000,   34841714,        0,  -23158286,          0
  2217,   152,   58000000,   37530602,        0,  -20469398,          0
  2217,   153,   58000000,   38003027,        0,  -19996973,          0
  2217,   154,   58000000,   36720953,        0,  -21279047,          0
  2217,   155,   58000000,   34048767,        0,  -23951233,          0
  2217,   156,   58000000,   36184616,        0,  -21815384,          0
  2217,   157,   58000000,   35542216,        0,  -22457784,          0
  2217,   158,   58000000,   36338918,        0,  -21661082,          0
  2217,   159,   58000000,   34751601,        0,  -23248399,          0
  2217,   160,   58000000,   37272382,        0,  -20727618,          0
  2217,   161,   58000000,   35552622,        0,  -22447378,          0
  2217,   162,   58000000,   39612755,        0,  -18387245,          0
  2217,   163,   58000000,   38200817,        0,  -19799183,          0
  2217,   164,   58000000,   37693779,        0,  -20306221,          0
  2217,   165,   58000000,   37608830,        0,  -20391170,          0
  2217,   166,   58000000,   37940290,        0,  -20059710,          0
  2217,   167,   58000000,   35477382,        0,  -22522618,          0
  2217,   168,   58000000,   36804476,        0,  -21195524,          0
  2217,   169,   58000000,   37709254,        0,  -20290746,          0
  2217,   170,   58000000,   37616585,        0,  -20383415,          0
  2217,   171,   58000000,   34077804,        0,  -23922196,          0
  2217,   172,   58000000,   36643929,        0,  -21356071,          0
  2217,   173,   58000000,   34551093,        0,  -23448907,          0
  2217,   174,   58000000,   36179357,        0,  -21820643,          0
  2217,   175,   58000000,   35381217,        0,  -22618783,          0
  2217,   176,   58000000,   35626979,        0,  -22373021,          0
# task NAME=myapp PID=2220 COST=1762000 PERIOD=11000000 CPU=0
  2220,     2,   11000000,      10914,        0,  -10989086,          0
  2220,     3,   11000000,     120454,        0,  -10879546,          0
  2220,     4,   11000000,    1731920,        0,   -9268080,          0
  2220,     5,   11000000,    1697114,        0,   -9302886,          0
  2220,     6,   11000000,    1754158,        0,   -9245842,          0
  2220,     7,   11000000,    1766445,        0,   -9233555,          0
  2220,     8,   11000000,    1707347,        0,   -9292653,          0
  2220,     9,   11000000,    1681274,        0,   -9318726,          0
  2220,    10,   11000000,    1781553,        0,   -9218447,          0
  2220,    11,   11000000,    1795467,        0,   -9204533,          0
  2220,    12,   11000000,    1691526,        0,   -9308474,          0
  2220,    13,   11000000,    1699248,        0,   -9300752,          0
  2220,    14,   11000000,    1758535,        0,   -9241465,          0
  2220,    15,   11000000,    1853943,        0,   -9146057,          0
  2220,    16,   11000000,    1735373,        0,   -9264627,          0
  2220,    17,   11000000,    1694699,        0,   -9305301,          0
  2220,    18,   11000000,    1730666,        0,   -9269334,          0
  2220,    19,   11000000,    1737303,        0,   -9262697,          0
  2220,    20,   11000000,    1794834,        0,   -9205166,          0
  2220,    21,   11000000,    1686284,        0,   -9313716,          0
  2220,    22,   11000000,    1705299,        0,   -9294701,          0
  2220,    23,   11000000,    1761721,        0,   -9238279,          0
  2220,    24,   11000000,    1974802,        0,   -9025198,          0
  2220,    25,   11000000,    1694203,        0,   -9305797,          0
  2220,    26,   11000000,    1698109,        0,   -9301891,          0
  2220,    27,   11000000,    1790816,        0,   -9209184,          0
  2220,    28,   11000000,    1736937,        0,   -9263063,          0
  2220,    29,   11000000,    1701407,        0,   -9298593,          0
  2220,    30,   11000000,    1709809,        0,   -9290191,          0
  2220,    31,   11000000,    1735624,        0,   -9264376,          0
  2220,    32,   11000000,    1700491,        0,   -9299509,          0
  2220,    33,   11000000,    1691924,        0,   -9308076,          0
  2220,    34,   11000000,    1733382,        0,   -9266618,          0
  2220,    35,   11000000,    1743111,        0,   -9256889,          0
  2220,    36,   11000000,    1696489,        0,   -9303511,          0
  2220,    37,   11000000,    1696200,        0,   -9303800,          0
  2220,    38,   11000000,    1716967,        0,   -9283033,          0
  2220,    39,   11000000,    1833581,        0,   -9166419,          0
  2220,    40,   11000000,    1693996,        0,   -9306004,          0
  2220,    41,   11000000,    1704334,        0,   -9295666,          0
  2220,    42,   11000000,    1704328,        0,   -9295672,          0
  2220,    43,   11000000,    1719247,        0,   -9280753,          0
  2220,    44,   11000000,    1683386,        0,   -9316614,          0
  2220,    45,   11000000,    1689777,        0,   -9310223,          0
  2220,    46,   11000000,    1701681,        0,   -9298319,          0
  2220,    47,   11000000,    1758538,        0,   -9241462,          0
  2220,    48,   11000000,    1707742,        0,   -9292258,          0
  2220,    49,   11000000,    1743036,        0,   -9256964,          0
  2220,    50,   11000000,    1775066,        0,   -9224934,          0
  2220,    51,   11000000,    1742205,        0,   -9257795,          0
  2220,    52,   11000000,    1677409,        0,   -9322591,          0
  2220,    53,   11000000,    1690542,        0,   -9309458,          0
  2220,    54,   11000000,    1714561,        0,   -9285439,          0
  2220,    55,   11000000,    1753780,        0,   -9246220,          0
  2220,    56,   11000000,    1696835,        0,   -9303165,          0
  2220,    57,   11000000,    1746475,        0,   -9253525,          0
  2220,    58,   11000000,    1967873,        0,   -9032127,          0
  2220,    59,   11000000,    2718871,        0,   -8281129,          0
  2220,    60,   11000000,    1682496,        0,   -9317504,          0
  2220,    61,   11000000,    1748778,        0,   -9251222,          0
  2220,    62,   11000000,    1718435,        0,   -9281565,          0
  2220,    63,   11000000,    1723620,        0,   -9276380,          0
  2220,    64,   11000000,    1726459,        0,   -9273541,          0
  2220,    65,   11000000,    1746851,        0,   -9253149,          0
  2220,    66,   11000000,    1677959,        0,   -9322041,          0
  2220,    67,   11000000,    1725013,        0,   -9274987,          0
  2220,    68,   11000000,    2255829,        0,   -8744171,          0
  2220,    69,   11000000,    1764320,        0,   -9235680,          0
  2220,    70,   11000000,    1727537,        0,   -9272463,          0
  2220,    71,   11000000,    1811413,        0,   -9188587,          0
  2220,    72,   11000000,    1708352,        0,   -9291648,          0
  2220,    73,   11000000,    1767653,        0,   -9232347,          0
  2220,    74,   11000000,    1727886,        0,   -9272114,          0
  2220,    75,   11000000,    1716544,        0,   -9283456,          0
  2220,    76,   11000000,    1713690,        0,   -9286310,          0
  2220,    77,   11000000,    1732080,        0,   -9267920,          0
  2220,    78,   11000000,    1715147,        0,   -9284853,          0
  2220,    79,   11000000,    1704416,        0,   -9295584,          0
  2220,    80,   11000000,    1742553,        0,   -9257447,          0
  2220,    81,   11000000,    1729720,        0,   -9270280,          0
  2220,    82,   11000000,    1754528,        0,   -9245472,          0
  2220,    83,   11000000,    1710623,        0,   -9289377,          0
  2220,    84,   11000000,    1709912,        0,   -9290088,          0
  2220,    85,   11000000,    1753369,        0,   -9246631,          0
  2220,    86,   11000000,    1793076,        0,   -9206924,          0
  2220,    87,   11000000,    1735997,        0,   -9264003,          0
  2220,    88,   11000000,    1694349,        0,   -9305651,          0
  2220,    89,   11000000,    2178776,        0,   -8821224,          0
  2220,    90,   11000000,    1780942,        0,   -9219058,          0
  2220,    91,   11000000,    1724140,        0,   -9275860,          0
  2220,    92,   11000000,    1739762,        0,   -9260238,          0
  2220,    93,   11000000,    2734974,        0,   -8265026,          0
  2220,    94,   11000000,    1739749,        0,   -9260251,          0
  2220,    95,   11000000,    1731864,        0,   -9268136,          0
  2220,    96,   11000000,    2723447,        0,   -8276553,          0
  2220,    97,   11000000,    1744671,        0,   -9255329,          0
  2220,    98,   11000000,    1743101,        0,   -9256899,          0
  2220,    99,   11000000,    1697628,        0,   -9302372,          0
  2220,   100,   11000000,    1705851,        0,   -9294149,          0
  2220,   101,   11000000,    2410719,        0,   -8589281,          0
  2220,   102,   11000000,    1728129,        0,   -9271871,          0
  2220,   103,   11000000,    1722771,        0,   -9277229,          0
  2220,   104,   11000000,    2237773,        0,   -8762227,          0
  2220,   105,   11000000,    3259980,        0,   -7740020,          0
  2220,   106,   11000000,    1729171,        0,   -9270829,          0
  2220,   107,   11000000,    1725630,        0,   -9274370,          0
  2220,   108,   11000000,    1714017,        0,   -9285983,          0
  2220,   109,   11000000,    1721859,        0,   -9278141,          0
  2220,   110,   11000000,    1767087,        0,   -9232913,          0
  2220,   111,   11000000,    1727089,        0,   -9272911,          0
  2220,   112,   11000000,    1932186,        0,   -9067814,          0
  2220,   113,   11000000,    1739441,        0,   -9260559,          0
  2220,   114,   11000000,    1715180,        0,   -9284820,          0
  2220,   115,   11000000,    1721174,        0,   -9278826,          0
  2220,   116,   11000000,    1742707,        0,   -9257293,          0
  2220,   117,   11000000,    3227049,        0,   -7772951,          0
  2220,   118,   11000000,    1729963,        0,   -9270037,          0
  2220,   119,   11000000,    1695811,        0,   -9304189,          0
  2220,   120,   11000000,    1707215,        0,   -9292785,          0
  2220,   121,   11000000,    1719969,        0,   -9280031,          0
  2220,   122,   11000000,    1703617,        0,   -9296383,          0
  2220,   123,   11000000,    1684240,        0,   -9315760,          0
  2220,   124,   11000000,    1767982,        0,   -9232018,          0
  2220,   125,   11000000,    3256414,        0,   -7743586,          0
  2220,   126,   11000000,    1709381,        0,   -9290619,          0
  2220,   127,   11000000,    1766190,        0,   -9233810,          0
  2220,   128,   11000000,    1727723,        0,   -9272277,          0
  2220,   129,   11000000,    1724491,        0,   -9275509,          0
  2220,   130,   11000000,    1713560,        0,   -9286440,          0
  2220,   131,   11000000,    1697511,        0,   -9302489,          0
  2220,   132,   11000000,    2241091,        0,   -8758909,          0
  2220,   133,   11000000,    1755340,        0,   -9244660,          0
  2220,   134,   11000000,    1744545,        0,   -9255455,          0
  2220,   135,   11000000,    1695510,        0,   -9304490,          0
  2220,   136,   11000000,    1725118,        0,   -9274882,          0
  2220,   137,   11000000,    1746206,        0,   -9253794,          0
  2220,   138,   11000000,    1700023,        0,   -9299977,          0
  2220,   139,   11000000,    1773032,        0,   -9226968,          0
  2220,   140,   11000000,    1706533,        0,   -9293467,          0
  2220,   141,   11000000,    1945409,        0,   -9054591,          0
  2220,   142,   11000000,    1709072,        0,   -9290928,          0
  2220,   143,   11000000,    1695635,        0,   -9304365,          0
  2220,   144,   11000000,    1775782,        0,   -9224218,          0
  2220,   145,   11000000,    1697608,        0,   -9302392,          0
  2220,   146,   11000000,    1751490,        0,   -9248510,          0
  2220,   147,   11000000,    1710616,        0,   -9289384,          0
  2220,   148,   11000000,    2229086,        0,   -8770914,          0
  2220,   149,   11000000,    2260286,        0,   -8739714,          0
  2220,   150,   11000000,    1687830,        0,   -9312170,          0
  2220,   151,   11000000,    1710822,        0,   -9289178,          0
  2220,   152,   11000000,    1740344,        0,   -9259656,          0
  2220,   153,   11000000,    1723495,        0,   -9276505,          0
  2220,   154,   11000000,    2274182,        0,   -8725818,          0
  2220,   155,   11000000,    1699039,        0,   -9300961,          0
  2220,   156,   11000000,    1764307,        0,   -9235693,          0
  2220,   157,   11000000,    1714651,        0,   -9285349,          0
  2220,   158,   11000000,    1679224,        0,   -9320776,          0
  2220,   159,   11000000,    1734830,        0,   -9265170,          0
  2220,   160,   11000000,    1699305,        0,   -9300695,          0
  2220,   161,   11000000,    1990151,        0,   -9009849,          0
  2220,   162,   11000000,    2326645,        0,   -8673355,          0
  2220,   163,   11000000,    1690590,        0,   -9309410,          0
  2220,   164,   11000000,    1771270,        0,   -9228730,          0
  2220,   165,   11000000,    1721430,        0,   -9278570,          0
  2220,   166,   11000000,    1726672,        0,   -9273328,          0
  2220,   167,   11000000,    3271098,        0,   -7728902,          0
  2220,   168,   11000000,    2246335,        0,   -8753665,          0
  2220,   169,   11000000,    1723671,        0,   -9276329,          0
  2220,   170,   11000000,    1712911,        0,   -9287089,          0
  2220,   171,   11000000,    1732605,        0,   -9267395,          0
  2220,   172,   11000000,    1730347,        0,   -9269653,          0
  2220,   173,   11000000,    1736608,        0,   -9263392,          0
  2220,   174,   11000000,    2209918,        0,   -8790082,          0
  2220,   175,   11000000,    1725718,        0,   -9274282,          0
  2220,   176,   11000000,    2228247,        0,   -8771753,          0
  2220,   177,   11000000,    1768710,        0,   -9231290,          0
  2220,   178,   11000000,    1720506,        0,   -9279494,          0
  2220,   179,   11000000,    1728158,        0,   -9271842,          0
  2220,   180,   11000000,    1708761,        0,   -9291239,          0
  2220,   181,   11000000,    1747549,        0,   -9252451,          0
  2220,   182,   11000000,    1732510,        0,   -9267490,          0
  2220,   183,   11000000,    1981911,        0,   -9018089,          0
  2220,   184,   11000000,    1715606,        0,   -9284394,          0
  2220,   185,   11000000,    2653299,        0,   -8346701,          0
  2220,   186,   11000000,    1685335,        0,   -9314665,          0
  2220,   187,   11000000,    1701114,        0,   -9298886,          0
  2220,   188,   11000000,    1717326,        0,   -9282674,          0
  2220,   189,   11000000,    3237758,        0,   -7762242,          0
  2220,   190,   11000000,    1702964,        0,   -9297036,          0
  2220,   191,   11000000,    1750665,        0,   -9249335,          0
  2220,   192,   11000000,    1748856,        0,   -9251144,          0
  2220,   193,   11000000,    1724034,        0,   -9275966,          0
  2220,   194,   11000000,    1763576,        0,   -9236424,          0
  2220,   195,   11000000,    1727206,        0,   -9272794,          0
  2220,   196,   11000000,    2226665,        0,   -8773335,          0
  2220,   197,   11000000,    3247641,        0,   -7752359,          0
  2220,   198,   11000000,    2306519,        0,   -8693481,          0
  2220,   199,   11000000,    1775613,        0,   -9224387,          0
  2220,   200,   11000000,    1768039,        0,   -9231961,          0
  2220,   201,   11000000,    1753884,        0,   -9246116,          0
  2220,   202,   11000000,    1725570,        0,   -9274430,          0
  2220,   203,   11000000,    1730852,        0,   -9269148,          0
  2220,   204,   11000000,    2228717,        0,   -8771283,          0
  2220,   205,   11000000,    1753086,        0,   -9246914,          0
  2220,   206,   11000000,    1693146,        0,   -9306854,          0
  2220,   207,   11000000,    1709284,        0,   -9290716,          0
  2220,   208,   11000000,    1739780,        0,   -9260220,          0
  2220,   209,   11000000,    1735501,        0,   -9264499,          0
  2220,   210,   11000000,    1778882,        0,   -9221118,          0
  2220,   211,   11000000,    1703108,        0,   -9296892,          0
  2220,   212,   11000000,    1704758,        0,   -9295242,          0
  2220,   213,   11000000,    1729613,        0,   -9270387,          0
  2220,   214,   11000000,    1751294,        0,   -9248706,          0
  2220,   215,   11000000,    1738575,        0,   -9261425,          0
  2220,   216,   11000000,    2221157,        0,   -8778843,          0
  2220,   217,   11000000,    1726176,        0,   -9273824,          0
  2220,   218,   11000000,    1707631,        0,   -9292369,          0
  2220,   219,   11000000,    1745272,        0,   -9254728,          0
  2220,   220,   11000000,    1730893,        0,   -9269107,          0
  2220,   221,   11000000,    1708778,        0,   -9291222,          0
  2220,   222,   11000000,    1681967,        0,   -9318033,          0
  2220,   223,   11000000,    1750243,        0,   -9249757,          0
  2220,   224,   11000000,    1754453,        0,   -9245547,          0
  2220,   225,   11000000,    1746064,        0,   -9253936,          0
  2220,   226,   11000000,    1741360,        0,   -9258640,          0
  2220,   227,   11000000,    1745606,        0,   -9254394,          0
  2220,   228,   11000000,    1684022,        0,   -9315978,          0
  2220,   229,   11000000,    1734043,        0,   -9265957,          0
  2220,   230,   11000000,    1681034,        0,   -9318966,          0
  2220,   231,   11000000,    1731566,        0,   -9268434,          0
  2220,   232,   11000000,    1742872,        0,   -9257128,          0
  2220,   233,   11000000,    2406992,        0,   -8593008,          0
  2220,   234,   11000000,    1696213,        0,   -9303787,          0
  2220,   235,   11000000,    1712303,        0,   -9287697,          0
  2220,   236,   11000000,    1728938,        0,   -9271062,          0
  2220,   237,   11000000,    1720279,        0,   -9279721,          0
  2220,   238,   11000000,    1701966,        0,   -9298034,          0
  2220,   239,   11000000,    1702517,        0,   -9297483,          0
  2220,   240,   11000000,    1743196,        0,   -9256804,          0
  2220,   241,   11000000,    1721966,        0,   -9278034,          0
  2220,   242,   11000000,    1777925,        0,   -9222075,          0
  2220,   243,   11000000,    1731131,        0,   -9268869,          0
  2220,   244,   11000000,    1715102,        0,   -9284898,          0
  2220,   245,   11000000,    1698339,        0,   -9301661,          0
  2220,   246,   11000000,    1707972,        0,   -9292028,          0
  2220,   247,   11000000,    1719118,        0,   -9280882,          0
  2220,   248,   11000000,    1760466,        0,   -9239534,          0
  2220,   249,   11000000,    3266298,        0,   -7733702,          0
  2220,   250,   11000000,    1738227,        0,   -9261773,          0
  2220,   251,   11000000,    1717471,        0,   -9282529,          0
  2220,   252,   11000000,    1718716,        0,   -9281284,          0
  2220,   253,   11000000,    1742089,        0,   -9257911,          0
  2220,   254,   11000000,    1705793,        0,   -9294207,          0
  2220,   255,   11000000,    1714658,        0,   -9285342,          0
  2220,   256,   11000000,    1752508,        0,   -9247492,          0
  2220,   257,   11000000,    3190580,        0,   -7809420,          0
  2220,   258,   11000000,    1711103,        0,   -9288897,          0
  2220,   259,   11000000,    1691466,        0,   -9308534,          0
  2220,   260,   11000000,    2258697,        0,   -8741303,          0
  2220,   261,   11000000,    2733172,        0,   -8266828,          0
  2220,   262,   11000000,    1711740,        0,   -9288260,          0
  2220,   263,   11000000,    1740370,        0,   -9259630,          0
  2220,   264,   11000000,    1699334,        0,   -9300666,          0
  2220,   265,   11000000,    1752161,        0,   -9247839,          0
  2220,   266,   11000000,    1705579,        0,   -9294421,          0
  2220,   267,   11000000,    1695258,        0,   -9304742,          0
  2220,   268,   11000000,    1775234,        0,   -9224766,          0
  2220,   269,   11000000,    1729302,        0,   -9270698,          0
  2220,   270,   11000000,    1737515,        0,   -9262485,          0
  2220,   271,   11000000,    1735882,        0,   -9264118,          0
  2220,   272,   11000000,    1709954,        0,   -9290046,          0
  2220,   273,   11000000,    3231976,        0,   -7768024,          0
  2220,   274,   11000000,    2012764,        0,   -8987236,          0
  2220,   275,   11000000,    1688563,        0,   -9311437,          0
  2220,   276,   11000000,    1749985,        0,   -9250015,          0
  2220,   277,   11000000,    1688790,        0,   -9311210,          0
  2220,   278,   11000000,    1698665,        0,   -9301335,          0
  2220,   279,   11000000,    1737449,        0,   -9262551,          0
  2220,   280,   11000000,    1725394,        0,   -9274606,          0
  2220,   281,   11000000,    3249764,        0,   -7750236,          0
  2220,   282,   11000000,    1753923,        0,   -9246077,          0
  2220,   283,   11000000,    1738891,        0,   -9261109,          0
  2220,   284,   11000000,    1735267,        0,   -9264733,          0
  2220,   285,   11000000,    3409620,        0,   -7590380,          0
  2220,   286,   11000000,    1693701,        0,   -9306299,          0
  2220,   287,   11000000,    1719971,        0,   -9280029,          0
  2220,   288,   11000000,    1696007,        0,   -9303993,          0
  2220,   289,   11000000,    1895906,        0,   -9104094,          0
  2220,   290,   11000000,    1699183,        0,   -9300817,          0
  2220,   291,   11000000,    1700977,        0,   -9299023,          0
  2220,   292,   11000000,    2497265,        0,   -8502735,          0
  2220,   293,   11000000,    1941236,        0,   -9058764,          0
  2220,   294,   11000000,    1688830,        0,   -9311170,          0
  2220,   295,   11000000,    1710236,        0,   -9289764,          0
  2220,   296,   11000000,    1759267,        0,   -9240733,          0
  2220,   297,   11000000,    1700374,        0,   -9299626,          0
  2220,   298,   11000000,    1682308,        0,   -9317692,          0
  2220,   299,   11000000,    1735290,        0,   -9264710,          0
  2220,   300,   11000000,    1714122,        0,   -9285878,          0
  2220,   301,   11000000,    2406276,        0,   -8593724,          0
  2220,   302,   11000000,    1727311,        0,   -9272689,          0
  2220,   303,   11000000,    1695775,        0,   -9304225,          0
  2220,   304,   11000000,    1724495,        0,   -9275505,          0
  2220,   305,   11000000,    1686311,        0,   -9313689,          0
  2220,   306,   11000000,    1684666,        0,   -9315334,          0
  2220,   307,   11000000,    1763899,        0,   -9236101,          0
  2220,   308,   11000000,    2962260,        0,   -8037740,          0
  2220,   309,   11000000,    2629889,        0,   -8370111,          0
  2220,   310,   11000000,    1776593,        0,   -9223407,          0
  2220,   311,   11000000,    1684408,        0,   -9315592,          0
  2220,   312,   11000000,    2209451,        0,   -8790549,          0
  2220,   313,   11000000,    1705429,        0,   -9294571,          0
  2220,   314,   11000000,    1696636,        0,   -9303364,          0
  2220,   315,   11000000,    1691320,        0,   -9308680,          0
  2220,   316,   11000000,    1754645,        0,   -9245355,          0
  2220,   317,   11000000,    2369071,        0,   -8630929,          0
  2220,   318,   11000000,    1714829,        0,   -9285171,          0
  2220,   319,   11000000,    1740451,        0,   -9259549,          0
  2220,   320,   11000000,    1752201,        0,   -9247799,          0
  2220,   321,   11000000,    3254480,        0,   -7745520,          0
  2220,   322,   11000000,    1674724,        0,   -9325276,          0
  2220,   323,   11000000,    1719216,        0,   -9280784,          0
  2220,   324,   11000000,    1728752,        0,   -9271248,          0
  2220,   325,   11000000,    1723343,        0,   -9276657,          0
  2220,   326,   11000000,    1728061,        0,   -9271939,          0
  2220,   327,   11000000,    1689605,        0,   -9310395,          0
  2220,   328,   11000000,    1806327,        0,   -9193673,          0
  2220,   329,   11000000,    1701782,        0,   -9298218,          0
  2220,   330,   11000000,    1727058,        0,   -9272942,          0
  2220,   331,   11000000,    1700893,        0,   -9299107,          0
  2220,   332,   11000000,    2152610,        0,   -8847390,          0
  2220,   333,   11000000,    1873544,        0,   -9126456,          0
  2220,   334,   11000000,    1755628,        0,   -9244372,          0
  2220,   335,   11000000,    1751902,        0,   -9248098,          0
  2220,   336,   11000000,    1680317,        0,   -9319683,          0
  2220,   337,   11000000,    1963926,        0,   -9036074,          0
  2220,   338,   11000000,    1744719,        0,   -9255281,          0
  2220,   339,   11000000,    1704745,        0,   -9295255,          0
  2220,   340,   11000000,    2212508,        0,   -8787492,          0
  2220,   341,   11000000,    1788221,        0,   -9211779,          0
  2220,   342,   11000000,    1772639,        0,   -9227361,          0
  2220,   343,   11000000,    1748700,        0,   -9251300,          0
  2220,   344,   11000000,    1697799,        0,   -9302201,          0
  2220,   345,   11000000,    1712927,        0,   -9287073,          0
  2220,   346,   11000000,    1729221,        0,   -9270779,          0
  2220,   347,   11000000,    1680634,        0,   -9319366,          0
  2220,   348,   11000000,    2677125,        0,   -8322875,          0
  2220,   349,   11000000,    1720883,        0,   -9279117,          0
  2220,   350,   11000000,    1700831,        0,   -9299169,          0
  2220,   351,   11000000,    1753851,        0,   -9246149,          0
  2220,   352,   11000000,    2256084,        0,   -8743916,          0
  2220,   353,   11000000,    1754954,        0,   -9245046,          0
  2220,   354,   11000000,    1718320,        0,   -9281680,          0
  2220,   355,   11000000,    1703045,        0,   -9296955,          0
  2220,   356,   11000000,    2189769,        0,   -8810231,          0
  2220,   357,   11000000,    3236945,        0,   -7763055,          0
  2220,   358,   11000000,    1674388,        0,   -9325612,          0
  2220,   359,   11000000,    1721366,        0,   -9278634,          0
  2220,   360,   11000000,    1726458,        0,   -9273542,          0
  2220,   361,   11000000,    1730861,        0,   -9269139,          0
  2220,   362,   11000000,    1731091,        0,   -9268909,          0
  2220,   363,   11000000,    1734491,        0,   -9265509,          0
  2220,   364,   11000000,    1695365,        0,   -9304635,          0
  2220,   365,   11000000,    1861692,        0,   -9138308,          0
  2220,   366,   11000000,    1705071,        0,   -9294929,          0
  2220,   367,   11000000,    1699350,        0,   -9300650,          0
  2220,   368,   11000000,    2175774,        0,   -8824226,          0
  2220,   369,   11000000,    1716356,        0,   -9283644,          0
  2220,   370,   11000000,    1760332,        0,   -9239668,          0
  2220,   371,   11000000,    1808465,        0,   -9191535,          0
  2220,   372,   11000000,    2225633,        0,   -8774367,          0
  2220,   373,   11000000,    1746079,        0,   -9253921,          0
  2220,   374,   11000000,    1707099,        0,   -9292901,          0
  2220,   375,   11000000,    1763329,        0,   -9236671,          0
  2220,   376,   11000000,    1721252,        0,   -9278748,          0
  2220,   377,   11000000,    2182844,        0,   -8817156,          0
  2220,   378,   11000000,    1696200,        0,   -9303800,          0
  2220,   379,   11000000,    1677679,        0,   -9322321,          0
  2220,   380,   11000000,    1705736,        0,   -9294264,          0
  2220,   381,   11000000,    1718929,        0,   -9281071,          0
  2220,   382,   11000000,    1749130,        0,   -9250870,          0
  2220,   383,   11000000,    1710604,        0,   -9289396,          0
  2220,   384,   11000000,    1740490,        0,   -9259510,          0
  2220,   385,   11000000,    3239033,        0,   -7760967,          0
  2220,   386,   11000000,    1685021,        0,   -9314979,          0
  2220,   387,   11000000,    1760971,        0,   -9239029,          0
  2220,   388,   11000000,    1724540,        0,   -9275460,          0
  2220,   389,   11000000,    1703108,        0,   -9296892,          0
  2220,   390,   11000000,    1716706,        0,   -9283294,          0
  2220,   391,   11000000,    1744345,        0,   -9255655,          0
  2220,   392,   11000000,    2259053,        0,   -8740947,          0
  2220,   393,   11000000,    1724803,        0,   -9275197,          0
  2220,   394,   11000000,    1683321,        0,   -9316679,          0
  2220,   395,   11000000,    1933990,        0,   -9066010,          0
  2220,   396,   11000000,    1711365,        0,   -9288635,          0
  2220,   397,   11000000,    1713678,        0,   -9286322,          0
  2220,   398,   11000000,    1795627,        0,   -9204373,          0
  2220,   399,   11000000,    2028244,        0,   -8971756,          0
  2220,   400,   11000000,    1687267,        0,   -9312733,          0
  2220,   401,   11000000,    1771233,        0,   -9228767,          0
  2220,   402,   11000000,    1706702,        0,   -9293298,          0
  2220,   403,   11000000,    1869208,        0,   -9130792,          0
  2220,   404,   11000000,    1699957,        0,   -9300043,          0
  2220,   405,   11000000,    1726502,        0,   -9273498,          0
  2220,   406,   11000000,    1739418,        0,   -9260582,          0
  2220,   407,   11000000,    1700081,        0,   -9299919,          0
  2220,   408,   11000000,    1732646,        0,   -9267354,          0
  2220,   409,   11000000,    1765873,        0,   -9234127,          0
  2220,   410,   11000000,    1775950,        0,   -9224050,          0
  2220,   411,   11000000,    1726127,        0,   -9273873,          0
  2220,   412,   11000000,    1705729,        0,   -9294271,          0
  2220,   413,   11000000,    1842764,        0,   -9157236,          0
  2220,   414,   11000000,    1682072,        0,   -9317928,          0
  2220,   415,   11000000,    1687684,        0,   -9312316,          0
  2220,   416,   11000000,    1743531,        0,   -9256469,          0
  2220,   417,   11000000,    1779541,        0,   -9220459,          0
  2220,   418,   11000000,    1771980,        0,   -9228020,          0
  2220,   419,   11000000,    1696012,        0,   -9303988,          0
  2220,   420,   11000000,    2278445,        0,   -8721555,          0
  2220,   421,   11000000,    1810344,        0,   -9189656,          0
  2220,   422,   11000000,    1700671,        0,   -9299329,          0
  2220,   423,   11000000,    1707064,        0,   -9292936,          0
  2220,   424,   11000000,    1787068,        0,   -9212932,          0
  2220,   425,   11000000,    2389088,        0,   -8610912,          0
  2220,   426,   11000000,    1702785,        0,   -9297215,          0
  2220,   427,   11000000,    1691173,        0,   -9308827,          0
  2220,   428,   11000000,    1726336,        0,   -9273664,          0
  2220,   429,   11000000,    3076875,        0,   -7923125,          0
  2220,   430,   11000000,    1682542,        0,   -9317458,          0
  2220,   431,   11000000,    1706493,        0,   -9293507,          0
  2220,   432,   11000000,    1722142,        0,   -9277858,          0
  2220,   433,   11000000,    2033337,        0,   -8966663,          0
  2220,   434,   11000000,    1821857,        0,   -9178143,          0
  2220,   435,   11000000,    1693070,        0,   -9306930,          0
  2220,   436,   11000000,    1717101,        0,   -9282899,          0
  2220,   437,   11000000,    3228312,        0,   -7771688,          0
  2220,   438,   11000000,    1693261,        0,   -9306739,          0
  2220,   439,   11000000,    1741858,        0,   -9258142,          0
  2220,   440,   11000000,    1716734,        0,   -9283266,          0
  2220,   441,   11000000,    1755548,        0,   -9244452,          0
  2220,   442,   11000000,    1747586,        0,   -9252414,          0
  2220,   443,   11000000,    1723217,        0,   -9276783,          0
  2220,   444,   11000000,    1719788,        0,   -9280212,          0
  2220,   445,   11000000,    2332909,        0,   -8667091,          0
  2220,   446,   11000000,    1729260,        0,   -9270740,          0
  2220,   447,   11000000,    1682455,        0,   -9317545,          0
  2220,   448,   11000000,    1757729,        0,   -9242271,          0
  2220,   449,   11000000,    3282083,        0,   -7717917,          0
  2220,   450,   11000000,    1688686,        0,   -9311314,          0
  2220,   451,   11000000,    1758932,        0,   -9241068,          0
  2220,   452,   11000000,    1749713,        0,   -9250287,          0
  2220,   453,   11000000,    1710136,        0,   -9289864,          0
  2220,   454,   11000000,    1731622,        0,   -9268378,          0
  2220,   455,   11000000,    1683008,        0,   -9316992,          0
  2220,   456,   11000000,    1732170,        0,   -9267830,          0
  2220,   457,   11000000,    1740863,        0,   -9259137,          0
  2220,   458,   11000000,    1684415,        0,   -9315585,          0
  2220,   459,   11000000,    1688626,        0,   -9311374,          0
  2220,   460,   11000000,    1721418,        0,   -9278582,          0
  2220,   461,   11000000,    3052929,        0,   -7947071,          0
  2220,   462,   11000000,    1669948,        0,   -9330052,          0
  2220,   463,   11000000,    1750821,        0,   -9249179,          0
  2220,   464,   11000000,    2235031,        0,   -8764969,          0
  2220,   465,   11000000,    1853657,        0,   -9146343,          0
  2220,   466,   11000000,    1682840,        0,   -9317160,          0
  2220,   467,   11000000,    1729748,        0,   -9270252,          0
  2220,   468,   11000000,    1729507,        0,   -9270493,          0
  2220,   469,   11000000,    2251614,        0,   -8748386,          0
  2220,   470,   11000000,    1719409,        0,   -9280591,          0
  2220,   471,   11000000,    1754727,        0,   -9245273,          0
  2220,   472,   11000000,    1726389,        0,   -9273611,          0
  2220,   473,   11000000,    6241145,        0,   -4758855,          0
  2220,   474,   11000000,    1694110,        0,   -9305890,          0
  2220,   475,   11000000,    1760029,        0,   -9239971,          0
  2220,   476,   11000000,    2249969,        0,   -8750031,          0
  2220,   477,   11000000,    1718058,        0,   -9281942,          0
  2220,   478,   11000000,    1726204,        0,   -9273796,          0
  2220,   479,   11000000,    1878470,        0,   -9121530,          0
  2220,   480,   11000000,    1766072,        0,   -9233928,          0
  2220,   481,   11000000,    1760130,        0,   -9239870,          0
  2220,   482,   11000000,    1695529,        0,   -9304471,          0
  2220,   483,   11000000,    1732234,        0,   -9267766,          0
  2220,   484,   11000000,    2237248,        0,   -8762752,          0
  2220,   485,   11000000,    1726402,        0,   -9273598,          0
  2220,   486,   11000000,    1704790,        0,   -9295210,          0
  2220,   487,   11000000,    1760322,        0,   -9239678,          0
  2220,   488,   11000000,    2244689,        0,   -8755311,          0
  2220,   489,   11000000,    1803243,        0,   -9196757,          0
  2220,   490,   11000000,    1728460,        0,   -9271540,          0
  2220,   491,   11000000,    1686742,        0,   -9313258,          0
  2220,   492,   11000000,    1783194,        0,   -9216806,          0
  2220,   493,   11000000,    1732031,        0,   -9267969,          0
  2220,   494,   11000000,    1697087,        0,   -9302913,          0
  2220,   495,   11000000,    1706224,        0,   -9293776,          0
  2220,   496,   11000000,    1723300,        0,   -9276700,          0
  2220,   497,   11000000,    1697405,        0,   -9302595,          0
  2220,   498,   11000000,    1710416,        0,   -9289584,          0
  2220,   499,   11000000,    1727412,        0,   -9272588,          0
  2220,   500,   11000000,    1722906,        0,   -9277094,          0
  2220,   501,   11000000,    2934146,        0,   -8065854,          0
  2220,   502,   11000000,    1764553,        0,   -9235447,          0
  2220,   503,   11000000,    1685577,        0,   -9314423,          0
  2220,   504,   11000000,    1732974,        0,   -9267026,          0
  2220,   505,   11000000,    1720259,        0,   -9279741,          0
  2220,   506,   11000000,    1750174,        0,   -9249826,          0
  2220,   507,   11000000,    1689845,        0,   -9310155,          0
  2220,   508,   11000000,    1715658,        0,   -9284342,          0
  2220,   509,   11000000,    2728019,        0,   -8271981,          0
  2220,   510,   11000000,    1737068,        0,   -9262932,          0
  2220,   511,   11000000,    1692928,        0,   -9307072,          0
  2220,   512,   11000000,    1728610,        0,   -9271390,          0
  2220,   513,   11000000,    3231179,        0,   -7768821,          0
  2220,   514,   11000000,    1755415,        0,   -9244585,          0
  2220,   515,   11000000,    1738999,        0,   -9261001,          0
  2220,   516,   11000000,    1802366,        0,   -9197634,          0
  2220,   517,   11000000,    1727126,        0,   -9272874,          0
  2220,   518,   11000000,    1754651,        0,   -9245349,          0
  2220,   519,   11000000,    1712267,        0,   -9287733,          0
  2220,   520,   11000000,    2240773,        0,   -8759227,          0
  2220,   521,   11000000,    2200542,        0,   -8799458,          0
  2220,   522,   11000000,    1720384,        0,   -9279616,          0
  2220,   523,   11000000,    1710843,        0,   -9289157,          0
  2220,   524,   11000000,    1998855,        0,   -9001145,          0
  2220,   525,   11000000,    1769921,        0,   -9230079,          0
  2220,   526,   11000000,    1695376,        0,   -9304624,          0
  2220,   527,   11000000,    1713146,        0,   -9286854,          0
  2220,   528,   11000000,    1726852,        0,   -9273148,          0
  2220,   529,   11000000,    1741145,        0,   -9258855,          0
  2220,   530,   11000000,    1779617,        0,   -9220383,          0
  2220,   531,   11000000,    1726223,        0,   -9273777,          0
  2220,   532,   11000000,    1706958,        0,   -9293042,          0
  2220,   533,   11000000,    1698705,        0,   -9301295,          0
  2220,   534,   11000000,    1738033,        0,   -9261967,          0
  2220,   535,   11000000,    1871854,        0,   -9128146,          0
  2220,   536,   11000000,    1704770,        0,   -9295230,          0
  2220,   537,   11000000,    1905421,        0,   -9094579,          0
  2220,   538,   11000000,    1719548,        0,   -9280452,          0
  2220,   539,   11000000,    1694899,        0,   -9305101,          0
  2220,   540,   11000000,    1707209,        0,   -9292791,          0
  2220,   541,   11000000,    1792330,        0,   -9207670,          0
  2220,   542,   11000000,    1702771,        0,   -9297229,          0
  2220,   543,   11000000,    1720960,        0,   -9279040,          0
  2220,   544,   11000000,    2283983,        0,   -8716017,          0
  2220,   545,   11000000,    1707142,        0,   -9292858,          0
  2220,   546,   11000000,    1741664,        0,   -9258336,          0
  2220,   547,   11000000,    1699380,        0,   -9300620,          0
  2220,   548,   11000000,    2176650,        0,   -8823350,          0
  2220,   549,   11000000,    1759735,        0,   -9240265,          0
  2220,   550,   11000000,    1724655,        0,   -9275345,          0
  2220,   551,   11000000,    1710590,        0,   -9289410,          0
  2220,   552,   11000000,    1739050,        0,   -9260950,          0
  2220,   553,   11000000,    2751793,        0,   -8248207,          0
  2220,   554,   11000000,    1714245,        0,   -9285755,          0
  2220,   555,   11000000,    1724326,        0,   -9275674,          0
  2220,   556,   11000000,    1763060,        0,   -9236940,          0
  2220,   557,   11000000,    2494610,        0,   -8505390,          0
  2220,   558,   11000000,    2116367,        0,   -8883633,          0
  2220,   559,   11000000,    1797569,        0,   -9202431,          0
  2220,   560,   11000000,    1851842,        0,   -9148158,          0
  2220,   561,   11000000,    1799268,        0,   -9200732,          0
  2220,   562,   11000000,    1678065,        0,   -9321935,          0
  2220,   563,   11000000,    1730275,        0,   -9269725,          0
  2220,   564,   11000000,    1703918,        0,   -9296082,          0
  2220,   565,   11000000,    1863797,        0,   -9136203,          0
  2220,   566,   11000000,    1728750,        0,   -9271250,          0
  2220,   567,   11000000,    1913685,        0,   -9086315,          0
  2220,   568,   11000000,    1676409,        0,   -9323591,          0
  2220,   569,   11000000,    1946797,        0,   -9053203,          0
  2220,   570,   11000000,    1721662,        0,   -9278338,          0
  2220,   571,   11000000,    1740070,        0,   -9259930,          0
  2220,   572,   11000000,    2213418,        0,   -8786582,          0
  2220,   573,   11000000,    2294020,        0,   -8705980,          0
  2220,   574,   11000000,    1711692,        0,   -9288308,          0
  2220,   575,   11000000,    1689903,        0,   -9310097,          0
  2220,   576,   11000000,    1744194,        0,   -9255806,          0
  2220,   577,   11000000,    1703474,        0,   -9296526,          0
  2220,   578,   11000000,    1708013,        0,   -9291987,          0
  2220,   579,   11000000,    1684600,        0,   -9315400,          0
  2220,   580,   11000000,    1733989,        0,   -9266011,          0
  2220,   581,   11000000,    1735067,        0,   -9264933,          0
  2220,   582,   11000000,    1725758,        0,   -9274242,          0
  2220,   583,   11000000,    1798546,        0,   -9201454,          0
  2220,   584,   11000000,    2264619,        0,   -8735381,          0
  2220,   585,   11000000,    1697581,        0,   -9302419,          0
  2220,   586,   11000000,    1684166,        0,   -9315834,          0
  2220,   587,   11000000,    1728943,        0,   -9271057,          0
  2220,   588,   11000000,    1693588,        0,   -9306412,          0
  2220,   589,   11000000,    1713380,        0,   -9286620,          0
  2220,   590,   11000000,    1719516,        0,   -9280484,          0
  2220,   591,   11000000,    1757683,        0,   -9242317,          0
  2220,   592,   11000000,    1753845,        0,   -9246155,          0
  2220,   593,   11000000,    3229238,        0,   -7770762,          0
  2220,   594,   11000000,    1743766,        0,   -9256234,          0
  2220,   595,   11000000,    1727021,        0,   -9272979,          0
  2220,   596,   11000000,    1876714,        0,   -9123286,          0
  2220,   597,   11000000,    1710296,        0,   -9289704,          0
  2220,   598,   11000000,    1698924,        0,   -9301076,          0
  2220,   599,   11000000,    1744959,        0,   -9255041,          0
  2220,   600,   11000000,    1750540,        0,   -9249460,          0
  2220,   601,   11000000,    1685921,        0,   -9314079,          0
  2220,   602,   11000000,    1738875,        0,   -9261125,          0
  2220,   603,   11000000,    1701192,        0,   -9298808,          0
  2220,   604,   11000000,    1713962,        0,   -9286038,          0
  2220,   605,   11000000,    1729362,        0,   -9270638,          0
  2220,   606,   11000000,    1698346,        0,   -9301654,          0
  2220,   607,   11000000,    1732366,        0,   -9267634,          0
  2220,   608,   11000000,    1705074,        0,   -9294926,          0
  2220,   609,   11000000,    2441179,        0,   -8558821,          0
  2220,   610,   11000000,    1718026,        0,   -9281974,          0
  2220,   611,   11000000,    1710860,        0,   -9289140,          0
  2220,   612,   11000000,    2276904,        0,   -8723096,          0
  2220,   613,   11000000,    1740520,        0,   -9259480,          0
  2220,   614,   11000000,    1780268,        0,   -9219732,          0
  2220,   615,   11000000,    1735894,        0,   -9264106,          0
  2220,   616,   11000000,    2478050,        0,   -8521950,          0
  2220,   617,   11000000,    1731464,        0,   -9268536,          0
  2220,   618,   11000000,    1690026,        0,   -9309974,          0
  2220,   619,   11000000,    1698923,        0,   -9301077,          0
  2220,   620,   11000000,    1723968,        0,   -9276032,          0
  2220,   621,   11000000,    3228737,        0,   -7771263,          0
  2220,   622,   11000000,    1701880,        0,   -9298120,          0
  2220,   623,   11000000,    1702031,        0,   -9297969,          0
  2220,   624,   11000000,    1749570,        0,   -9250430,          0
  2220,   625,   11000000,    2253883,        0,   -8746117,          0
  2220,   626,   11000000,    1683415,        0,   -9316585,          0
  2220,   627,   11000000,    1838010,        0,   -9161990,          0
  2220,   628,   11000000,    1763112,        0,   -9236888,          0
  2220,   629,   11000000,    1710331,        0,   -9289669,          0
  2220,   630,   11000000,    1707430,        0,   -9292570,          0
  2220,   631,   11000000,    3347011,        0,   -7652989,          0
  2220,   632,   11000000,    1755084,        0,   -9244916,          0
  2220,   633,   11000000,    1725297,        0,   -9274703,          0
  2220,   634,   11000000,    1728528,        0,   -9271472,          0
  2220,   635,   11000000,    1927035,        0,   -9072965,          0
  2220,   636,   11000000,    2681141,        0,   -8318859,          0
  2220,   637,   11000000,    3261172,        0,   -7738828,          0
  2220,   638,   11000000,    1755774,        0,   -9244226,          0
  2220,   639,   11000000,    1748977,        0,   -9251023,          0
  2220,   640,   11000000,    1696453,        0,   -9303547,          0
  2220,   641,   11000000,    2001472,        0,   -8998528,          0
  2220,   642,   11000000,    1735630,        0,   -9264370,          0
  2220,   643,   11000000,    1703813,        0,   -9296187,          0
  2220,   644,   11000000,    2272740,        0,   -8727260,          0
  2220,   645,   11000000,    2283248,        0,   -8716752,          0
  2220,   646,   11000000,    1987451,        0,   -9012549,          0
  2220,   647,   11000000,    1687489,        0,   -9312511,          0
  2220,   648,   11000000,    1720736,        0,   -9279264,          0
  2220,   649,   11000000,    2001446,        0,   -8998554,          0
  2220,   650,   11000000,    1690495,        0,   -9309505,          0
  2220,   651,   11000000,    1755894,        0,   -9244106,          0
  2220,   652,   11000000,    1728859,        0,   -9271141,          0
  2220,   653,   11000000,    2577396,        0,   -8422604,          0
  2220,   654,   11000000,    1697469,        0,   -9302531,          0
  2220,   655,   11000000,    1728739,        0,   -9271261,          0
  2220,   656,   11000000,    1689384,        0,   -9310616,          0
  2220,   657,   11000000,    1740111,        0,   -9259889,          0
  2220,   658,   11000000,    1693160,        0,   -9306840,          0
  2220,   659,   11000000,    1769712,        0,   -9230288,          0
  2220,   660,   11000000,    1737194,        0,   -9262806,          0
  2220,   661,   11000000,    1743266,        0,   -9256734,          0
  2220,   662,   11000000,    1800943,        0,   -9199057,          0
  2220,   663,   11000000,    1802318,        0,   -9197682,          0
  2220,   664,   11000000,    1709690,        0,   -9290310,          0
  2220,   665,   11000000,    1717157,        0,   -9282843,          0
  2220,   666,   11000000,    1752855,        0,   -9247145,          0
  2220,   667,   11000000,    1728519,        0,   -9271481,          0
  2220,   668,   11000000,    1705198,        0,   -9294802,          0
  2220,   669,   11000000,    1720516,        0,   -9279484,          0
  2220,   670,   11000000,    1756646,        0,   -9243354,          0
  2220,   671,   11000000,    1739879,        0,   -9260121,          0
  2220,   672,   11000000,    2222759,        0,   -8777241,          0
  2220,   673,   11000000,    1728984,        0,   -9271016,          0
  2220,   674,   11000000,    1712791,        0,   -9287209,          0
  2220,   675,   11000000,    1708734,        0,   -9291266,          0
  2220,   676,   11000000,    1746971,        0,   -9253029,          0
  2220,   677,   11000000,    1767800,        0,   -9232200,          0
  2220,   678,   11000000,    1708311,        0,   -9291689,          0
  2220,   679,   11000000,    1720927,        0,   -9279073,          0
  2220,   680,   11000000,    2230851,        0,   -8769149,          0
  2220,   681,   11000000,    1744821,        0,   -9255179,          0
  2220,   682,   11000000,    1725319,        0,   -9274681,          0
  2220,   683,   11000000,    1772241,        0,   -9227759,          0
  2220,   684,   11000000,    2769554,        0,   -8230446,          0
  2220,   685,   11000000,    1750848,        0,   -9249152,          0
  2220,   686,   11000000,    1709337,        0,   -9290663,          0
  2220,   687,   11000000,    1710555,        0,   -9289445,          0
  2220,   688,   11000000,    1703662,        0,   -9296338,          0
  2220,   689,   11000000,    1702593,        0,   -9297407,          0
  2220,   690,   11000000,    1743935,        0,   -9256065,          0
  2220,   691,   11000000,    1709813,        0,   -9290187,          0
  2220,   692,   11000000,    1709794,        0,   -9290206,          0
  2220,   693,   11000000,    1766308,        0,   -9233692,          0
  2220,   694,   11000000,    1742406,        0,   -9257594,          0
  2220,   695,   11000000,    1727476,        0,   -9272524,          0
  2220,   696,   11000000,    1736206,        0,   -9263794,          0
  2220,   697,   11000000,    1731134,        0,   -9268866,          0
  2220,   698,   11000000,    1875893,        0,   -9124107,          0
  2220,   699,   11000000,    1718029,        0,   -9281971,          0
  2220,   700,   11000000,    2012909,        0,   -8987091,          0
  2220,   701,   11000000,    3234133,        0,   -7765867,          0
  2220,   702,   11000000,    1704220,        0,   -9295780,          0
  2220,   703,   11000000,    1732655,        0,   -9267345,          0
  2220,   704,   11000000,    1736508,        0,   -9263492,          0
  2220,   705,   11000000,    2530645,        0,   -8469355,          0
  2220,   706,   11000000,    2255150,        0,   -8744850,          0
  2220,   707,   11000000,    1688144,        0,   -9311856,          0
  2220,   708,   11000000,    1737716,        0,   -9262284,          0
  2220,   709,   11000000,    1749558,        0,   -9250442,          0
  2220,   710,   11000000,    1701408,        0,   -9298592,          0
  2220,   711,   11000000,    1726441,        0,   -9273559,          0
  2220,   712,   11000000,    1734925,        0,   -9265075,          0
  2220,   713,   11000000,    1795992,        0,   -9204008,          0
  2220,   714,   11000000,    1707155,        0,   -9292845,          0
  2220,   715,   11000000,    1709927,        0,   -9290073,          0
  2220,   716,   11000000,    1774567,        0,   -9225433,          0
  2220,   717,   11000000,    2602936,        0,   -8397064,          0
  2220,   718,   11000000,    1742263,        0,   -9257737,          0
  2220,   719,   11000000,    1767950,        0,   -9232050,          0
  2220,   720,   11000000,    1725726,        0,   -9274274,          0
  2220,   721,   11000000,    1767573,        0,   -9232427,          0
  2220,   722,   11000000,    1733684,        0,   -9266316,          0
  2220,   723,   11000000,    1694949,        0,   -9305051,          0
  2220,   724,   11000000,    2242252,        0,   -8757748,          0
  2220,   725,   11000000,    1676012,        0,   -9323988,          0
  2220,   726,   11000000,    1698363,        0,   -9301637,          0
  2220,   727,   11000000,    1825253,        0,   -9174747,          0
  2220,   728,   11000000,    2202817,        0,   -8797183,          0
  2220,   729,   11000000,    3285027,        0,   -7714973,          0
  2220,   730,   11000000,    1809079,        0,   -9190921,          0
  2220,   731,   11000000,    1766516,        0,   -9233484,          0
  2220,   732,   11000000,    1698114,        0,   -9301886,          0
  2220,   733,   11000000,    1759248,        0,   -9240752,          0
  2220,   734,   11000000,    1731036,        0,   -9268964,          0
  2220,   735,   11000000,    1685649,        0,   -9314351,          0
  2220,   736,   11000000,    2226653,        0,   -8773347,          0
  2220,   737,   11000000,    1750679,        0,   -9249321,          0
  2220,   738,   11000000,    1735388,        0,   -9264612,          0
  2220,   739,   11000000,    1772532,        0,   -9227468,          0
  2220,   740,   11000000,    2241141,        0,   -8758859,          0
  2220,   741,   11000000,    1736536,        0,   -9263464,          0
  2220,   742,   11000000,    1731083,        0,   -9268917,          0
  2220,   743,   11000000,    1693336,        0,   -9306664,          0
  2220,   744,   11000000,    1740001,        0,   -9259999,          0
  2220,   745,   11000000,    1814646,        0,   -9185354,          0
  2220,   746,   11000000,    1706201,        0,   -9293799,          0
  2220,   747,   11000000,    1747569,        0,   -9252431,          0
  2220,   748,   11000000,    2265698,        0,   -8734302,          0
  2220,   749,   11000000,    3252472,        0,   -7747528,          0
  2220,   750,   11000000,    1684514,        0,   -9315486,          0
  2220,   751,   11000000,    1707990,        0,   -9292010,          0
  2220,   752,   11000000,    1725375,        0,   -9274625,          0
  2220,   753,   11000000,    1744833,        0,   -9255167,          0
  2220,   754,   11000000,    1681912,        0,   -9318088,          0
  2220,   755,   11000000,    1872434,        0,   -9127566,          0
  2220,   756,   11000000,    1708935,        0,   -9291065,          0
  2220,   757,   11000000,    1737316,        0,   -9262684,          0
  2220,   758,   11000000,    1700217,        0,   -9299783,          0
  2220,   759,   11000000,    1733885,        0,   -9266115,          0
  2220,   760,   11000000,    1702072,        0,   -9297928,          0
  2220,   761,   11000000,    1729222,        0,   -9270778,          0
  2220,   762,   11000000,    1772090,        0,   -9227910,          0
  2220,   763,   11000000,    1724977,        0,   -9275023,          0
  2220,   764,   11000000,    1696261,        0,   -9303739,          0
  2220,   765,   11000000,    1757114,        0,   -9242886,          0
  2220,   766,   11000000,    1718012,        0,   -9281988,          0
  2220,   767,   11000000,    1786086,        0,   -9213914,          0
  2220,   768,   11000000,    1696243,        0,   -9303757,          0
  2220,   769,   11000000,    1730203,        0,   -9269797,          0
  2220,   770,   11000000,    1719014,        0,   -9280986,          0
  2220,   771,   11000000,    1716058,        0,   -9283942,          0
  2220,   772,   11000000,    1693734,        0,   -9306266,          0
  2220,   773,   11000000,    3758446,        0,   -7241554,          0
  2220,   774,   11000000,    1996837,        0,   -9003163,          0
  2220,   775,   11000000,    3249334,        0,   -7750666,          0
  2220,   776,   11000000,    3254794,        0,   -7745206,          0
  2220,   777,   11000000,    1740557,        0,   -9259443,          0
  2220,   778,   11000000,    1688209,        0,   -9311791,          0
  2220,   779,   11000000,    1691136,        0,   -9308864,          0
  2220,   780,   11000000,    1697526,        0,   -9302474,          0
  2220,   781,   11000000,    1718071,        0,   -9281929,          0
  2220,   782,   11000000,    1734076,        0,   -9265924,          0
  2220,   783,   11000000,    1817954,        0,   -9182046,          0
  2220,   784,   11000000,    1713590,        0,   -9286410,          0
  2220,   785,   11000000,    2085219,        0,   -8914781,          0
  2220,   786,   11000000,    1710796,        0,   -9289204,          0
  2220,   787,   11000000,    1763301,        0,   -9236699,          0
  2220,   788,   11000000,    2251324,        0,   -8748676,          0
  2220,   789,   11000000,    3249610,        0,   -7750390,          0
  2220,   790,   11000000,    1738666,        0,   -9261334,          0
  2220,   791,   11000000,    1692980,        0,   -9307020,          0
  2220,   792,   11000000,    1796254,        0,   -9203746,          0
  2220,   793,   11000000,    2628777,        0,   -8371223,          0
  2220,   794,   11000000,    1745033,        0,   -9254967,          0
  2220,   795,   11000000,    1731177,        0,   -9268823,          0
  2220,   796,   11000000,    1734178,        0,   -9265822,          0
  2220,   797,   11000000,    1749604,        0,   -9250396,          0
  2220,   798,   11000000,    1722573,        0,   -9277427,          0
  2220,   799,   11000000,    1721928,        0,   -9278072,          0
  2220,   800,   11000000,    1749203,        0,   -9250797,          0
  2220,   801,   11000000,    1755423,        0,   -9244577,          0
  2220,   802,   11000000,    1697662,        0,   -9302338,          0
  2220,   803,   11000000,    1732505,        0,   -9267495,          0
  2220,   804,   11000000,    1764976,        0,   -9235024,          0
  2220,   805,   11000000,    1728382,        0,   -9271618,          0
  2220,   806,   11000000,    1714197,        0,   -9285803,          0
  2220,   807,   11000000,    1832680,        0,   -9167320,          0
  2220,   808,   11000000,    1716794,        0,   -9283206,          0
  2220,   809,   11000000,    1746986,        0,   -9253014,          0
  2220,   810,   11000000,    1760772,        0,   -9239228,          0
  2220,   811,   11000000,    1756032,        0,   -9243968,          0
  2220,   812,   11000000,    2221720,        0,   -8778280,          0
  2220,   813,   11000000,    1906039,        0,   -9093961,          0
  2220,   814,   11000000,    1715325,        0,   -9284675,          0
  2220,   815,   11000000,    1724649,        0,   -9275351,          0
  2220,   816,   11000000,    2241824,        0,   -8758176,          0
  2220,   817,   11000000,    3241647,        0,   -7758353,          0
  2220,   818,   11000000,    1725014,        0,   -9274986,          0
  2220,   819,   11000000,    1774720,        0,   -9225280,          0
  2220,   820,   11000000,    1710686,        0,   -9289314,          0
  2220,   821,   11000000,    1772431,        0,   -9227569,          0
  2220,   822,   11000000,    1680110,        0,   -9319890,          0
  2220,   823,   11000000,    1703208,        0,   -9296792,          0
  2220,   824,   11000000,    2719043,        0,   -8280957,          0
  2220,   825,   11000000,    2295138,        0,   -8704862,          0
  2220,   826,   11000000,    1687004,        0,   -9312996,          0
  2220,   827,   11000000,    2811025,        0,   -8188975,          0
  2220,   828,   11000000,    2282243,        0,   -8717757,          0
  2220,   829,   11000000,    2142871,        0,   -8857129,          0
  2220,   830,   11000000,    1734461,        0,   -9265539,          0
  2220,   831,   11000000,    1747345,        0,   -9252655,          0
  2220,   832,   11000000,    1733174,        0,   -9266826,          0
  2220,   833,   11000000,    3228573,        0,   -7771427,          0
  2220,   834,   11000000,    1718636,        0,   -9281364,          0
  2220,   835,   11000000,    1730241,        0,   -9269759,          0
  2220,   836,   11000000,    1701376,        0,   -9298624,          0
  2220,   837,   11000000,    3270735,        0,   -7729265,          0
  2220,   838,   11000000,    1716579,        0,   -9283421,          0
  2220,   839,   11000000,    1711382,        0,   -9288618,          0
  2220,   840,   11000000,    1703965,        0,   -9296035,          0
  2220,   841,   11000000,    1723038,        0,   -9276962,          0
  2220,   842,   11000000,    1738172,        0,   -9261828,          0
  2220,   843,   11000000,    1762890,        0,   -9237110,          0
  2220,   844,   11000000,    1706781,        0,   -9293219,          0
  2220,   845,   11000000,    2920257,        0,   -8079743,          0
  2220,   846,   11000000,    1701101,        0,   -9298899,          0
  2220,   847,   11000000,    1738614,        0,   -9261386,          0
  2220,   848,   11000000,    1831343,        0,   -9168657,          0
  2220,   849,   11000000,    1730579,        0,   -9269421,          0
  2220,   850,   11000000,    1806285,        0,   -9193715,          0
  2220,   851,   11000000,    1722677,        0,   -9277323,          0
  2220,   852,   11000000,    1997858,        0,   -9002142,          0
  2220,   853,   11000000,    1765877,        0,   -9234123,          0
  2220,   854,   11000000,    1681591,        0,   -9318409,          0
  2220,   855,   11000000,    1691630,        0,   -9308370,          0
  2220,   856,   11000000,    1711812,        0,   -9288188,          0
  2220,   857,   11000000,    1706308,        0,   -9293692,          0
  2220,   858,   11000000,    1756251,        0,   -9243749,          0
  2220,   859,   11000000,    1766910,        0,   -9233090,          0
  2220,   860,   11000000,    1679628,        0,   -9320372,          0
  2220,   861,   11000000,    1754019,        0,   -9245981,          0
  2220,   862,   11000000,    1698326,        0,   -9301674,          0
  2220,   863,   11000000,    1681210,        0,   -9318790,          0
  2220,   864,   11000000,    1715546,        0,   -9284454,          0
  2220,   865,   11000000,    1787840,        0,   -9212160,          0
  2220,   866,   11000000,    1724211,        0,   -9275789,          0
  2220,   867,   11000000,    1709439,        0,   -9290561,          0
  2220,   868,   11000000,    2195600,        0,   -8804400,          0
  2220,   869,   11000000,    2994326,        0,   -8005674,          0
  2220,   870,   11000000,    1693617,        0,   -9306383,          0
  2220,   871,   11000000,    1731902,        0,   -9268098,          0
  2220,   872,   11000000,    1731424,        0,   -9268576,          0
  2220,   873,   11000000,    1735305,        0,   -9264695,          0
  2220,   874,   11000000,    1715942,        0,   -9284058,          0
  2220,   875,   11000000,    1698261,        0,   -9301739,          0
  2220,   876,   11000000,    1737376,        0,   -9262624,          0
  2220,   877,   11000000,    1695864,        0,   -9304136,          0
  2220,   878,   11000000,    1740570,        0,   -9259430,          0
  2220,   879,   11000000,    1700905,        0,   -9299095,          0
  2220,   880,   11000000,    1708533,        0,   -9291467,          0
  2220,   881,   11000000,    2954425,        0,   -8045575,          0
  2220,   882,   11000000,    1735436,        0,   -9264564,          0
  2220,   883,   11000000,    1699495,        0,   -9300505,          0
  2220,   884,   11000000,    1718961,        0,   -9281039,          0
  2220,   885,   11000000,    1770985,        0,   -9229015,          0
  2220,   886,   11000000,    1692749,        0,   -9307251,          0
  2220,   887,   11000000,    1696806,        0,   -9303194,          0
  2220,   888,   11000000,    1697852,        0,   -9302148,          0
  2220,   889,   11000000,    1729439,        0,   -9270561,          0
  2220,   890,   11000000,    1709809,        0,   -9290191,          0
  2220,   891,   11000000,    1719748,        0,   -9280252,          0
  2220,   892,   11000000,    1799787,        0,   -9200213,          0
  2220,   893,   11000000,    1718769,        0,   -9281231,          0
  2220,   894,   11000000,    1729514,        0,   -9270486,          0
  2220,   895,   11000000,    1747685,        0,   -9252315,          0
  2220,   896,   11000000,    2229782,        0,   -8770218,          0
  2220,   897,   11000000,    3250527,        0,   -7749473,          0
  2220,   898,   11000000,    1771891,        0,   -9228109,          0
  2220,   899,   11000000,    1980071,        0,   -9019929,          0
  2220,   900,   11000000,    2234238,        0,   -8765762,          0
  2220,   901,   11000000,    1734768,        0,   -9265232,          0
  2220,   902,   11000000,    1756856,        0,   -9243144,          0
  2220,   903,   11000000,    1712008,        0,   -9287992,          0
  2220,   904,   11000000,    1718918,        0,   -9281082,          0
  2220,   905,   11000000,    1894862,        0,   -9105138,          0
  2220,   906,   11000000,    1741595,        0,   -9258405,          0
  2220,   907,   11000000,    1712970,        0,   -9287030,          0
  2220,   908,   11000000,    1733095,        0,   -9266905,          0
  2220,   909,   11000000,    1761709,        0,   -9238291,          0
  2220,   910,   11000000,    1756358,        0,   -9243642,          0
  2220,   911,   11000000,    1706452,        0,   -9293548,          0
  2220,   912,   11000000,    1700367,        0,   -9299633,          0
  2220,   913,   11000000,    3766568,        0,   -7233432,          0
# task NAME=myapp PID=2224 COST=14785000 PERIOD=78000000 CPU=0
  2224,     2,   78000000,      18809,        0,  -77981191,          0
  2224,     3,   78000000,     116895,        0,  -77883105,          0
  2224,     4,   78000000,   24182744,        0,  -53817256,          0
  2224,     5,   78000000,   22210284,        0,  -55789716,          0
  2224,     6,   78000000,   24342007,        0,  -53657993,          0
  2224,     7,   78000000,   22131989,        0,  -55868011,          0
  2224,     8,   78000000,   25203300,        0,  -52796700,          0
  2224,     9,   78000000,   22475188,        0,  -55524812,          0
  2224,    10,   78000000,   25225708,        0,  -52774292,          0
  2224,    11,   78000000,   19354240,        0,  -58645760,          0
  2224,    12,   78000000,   24069197,        0,  -53930803,          0
  2224,    13,   78000000,   24202777,        0,  -53797223,          0
  2224,    14,   78000000,   24175860,        0,  -53824140,          0
  2224,    15,   78000000,   23230915,        0,  -54769085,          0
  2224,    16,   78000000,   23677817,        0,  -54322183,          0
  2224,    17,   78000000,   23478324,        0,  -54521676,          0
  2224,    18,   78000000,   24288281,        0,  -53711719,          0
  2224,    19,   78000000,   22200262,        0,  -55799738,          0
  2224,    20,   78000000,   24822317,        0,  -53177683,          0
  2224,    21,   78000000,   21790227,        0,  -56209773,          0
  2224,    22,   78000000,   24061207,        0,  -53938793,          0
  2224,    23,   78000000,   22163207,        0,  -55836793,          0
  2224,    24,   78000000,   23877547,        0,  -54122453,          0
  2224,    25,   78000000,   22258685,        0,  -55741315,          0
  2224,    26,   78000000,   24237139,        0,  -53762861,          0
  2224,    27,   78000000,   23199344,        0,  -54800656,          0
  2224,    28,   78000000,   21749368,        0,  -56250632,          0
  2224,    29,   78000000,   22843700,        0,  -55156300,          0
  2224,    30,   78000000,   21510435,        0,  -56489565,          0
  2224,    31,   78000000,   22808524,        0,  -55191476,          0
  2224,    32,   78000000,   20364844,        0,  -57635156,          0
  2224,    33,   78000000,   25033943,        0,  -52966057,          0
  2224,    34,   78000000,   24287871,        0,  -53712129,          0
  2224,    35,   78000000,   22693685,        0,  -55306315,          0
  2224,    36,   78000000,   23770285,        0,  -54229715,          0
  2224,    37,   78000000,   19659645,        0,  -58340355,          0
  2224,    38,   78000000,   21747223,        0,  -56252777,          0
  2224,    39,   78000000,   20037541,        0,  -57962459,          0
  2224,    40,   78000000,   21473521,        0,  -56526479,          0
  2224,    41,   78000000,   19997513,        0,  -58002487,          0
  2224,    42,   78000000,   23846494,        0,  -54153506,          0
  2224,    43,   78000000,   21605762,        0,  -56394238,          0
  2224,    44,   78000000,   24909480,        0,  -53090520,          0
  2224,    45,   78000000,   19841316,        0,  -58158684,          0
  2224,    46,   78000000,   24875506,        0,  -53124494,          0
  2224,    47,   78000000,   25627031,        0,  -52372969,          0
  2224,    48,   78000000,   23982713,        0,  -54017287,          0
  2224,    49,   78000000,   21606866,        0,  -56393134,          0
  2224,    50,   78000000,   25240114,        0,  -52759886,          0
  2224,    51,   78000000,   25678649,        0,  -52321351,          0
  2224,    52,   78000000,   24207589,        0,  -53792411,          0
  2224,    53,   78000000,   22790436,        0,  -55209564,          0
  2224,    54,   78000000,   23606187,        0,  -54393813,          0
  2224,    55,   78000000,   22635162,        0,  -55364838,          0
  2224,    56,   78000000,   23819526,        0,  -54180474,          0
  2224,    57,   78000000,   21933580,        0,  -56066420,          0
  2224,    58,   78000000,   23768741,        0,  -54231259,          0
  2224,    59,   78000000,   22334984,        0,  -55665016,          0
  2224,    60,   78000000,   25383603,        0,  -52616397,          0
  2224,    61,   78000000,   23099004,        0,  -54900996,          0
  2224,    62,   78000000,   24508239,        0,  -53491761,          0
  2224,    63,   78000000,   21704675,        0,  -56295325,          0
  2224,    64,   78000000,   24253343,        0,  -53746657,          0
  2224,    65,   78000000,   19656749,        0,  -58343251,          0
  2224,    66,   78000000,   24186624,        0,  -53813376,          0
  2224,    67,   78000000,   21680434,        0,  -56319566,          0
  2224,    68,   78000000,   21776104,        0,  -56223896,          0
  2224,    69,   78000000,   23861862,        0,  -54138138,          0
  2224,    70,   78000000,   23999965,        0,  -54000035,          0
  2224,    71,   78000000,   22814367,        0,  -55185633,          0
  2224,    72,   78000000,   24717689,        0,  -53282311,          0
  2224,    73,   78000000,   19226748,        0,  -58773252,          0
  2224,    74,   78000000,   24734089,        0,  -53265911,          0
  2224,    75,   78000000,   23203959,        0,  -54796041,          0
  2224,    76,   78000000,   24744678,        0,  -53255322,          0
  2224,    77,   78000000,   21815694,        0,  -56184306,          0
  2224,    78,   78000000,   21689414,        0,  -56310586,          0
  2224,    79,   78000000,   22197305,        0,  -55802695,          0
  2224,    80,   78000000,   21427957,        0,  -56572043,          0
  2224,    81,   78000000,   22172109,        0,  -55827891,          0
  2224,    82,   78000000,   24244962,        0,  -53755038,          0
  2224,    83,   78000000,   23529523,        0,  -54470477,          0
  2224,    84,   78000000,   25138929,        0,  -52861071,          0
  2224,    85,   78000000,   26259971,        0,  -51740029,          0
  2224,    86,   78000000,   25070327,        0,  -52929673,          0
  2224,    87,   78000000,   23108482,        0,  -54891518,          0
  2224,    88,   78000000,   24749687,        0,  -53250313,          0
  2224,    89,   78000000,   22753793,        0,  -55246207,          0
  2224,    90,   78000000,   25070410,        0,  -52929590,          0
  2224,    91,   78000000,   22732655,        0,  -55267345,          0
  2224,    92,   78000000,   26651311,        0,  -51348689,          0
  2224,    93,   78000000,   22742064,        0,  -55257936,          0
  2224,    94,   78000000,   24037615,        0,  -53962385,          0
  2224,    95,   78000000,   23709683,        0,  -54290317,          0
  2224,    96,   78000000,   25250460,        0,  -52749540,          0
  2224,    97,   78000000,   19689899,        0,  -58310101,          0
  2224,    98,   78000000,   24269254,        0,  -53730746,          0
  2224,    99,   78000000,   23216572,        0,  -54783428,          0
  2224,   100,   78000000,   24345435,        0,  -53654565,          0
  2224,   101,   78000000,   19815679,        0,  -58184321,          0
  2224,   102,   78000000,   22010950,        0,  -55989050,          0
  2224,   103,   78000000,   23239331,        0,  -54760669,          0
  2224,   104,   78000000,   23894326,        0,  -54105674,          0
  2224,   105,   78000000,   22717298,        0,  -55282702,          0
  2224,   106,   78000000,   26559736,        0,  -51440264,          0
  2224,   107,   78000000,   22624776,        0,  -55375224,          0
  2224,   108,   78000000,   24789695,        0,  -53210305,          0
  2224,   109,   78000000,   23259553,        0,  -54740447,          0
  2224,   110,   78000000,   24258183,        0,  -53741817,          0
  2224,   111,   78000000,   22192770,        0,  -55807230,          0
  2224,   112,   78000000,   24319699,        0,  -53680301,          0
  2224,   113,   78000000,   22378990,        0,  -55621010,          0
  2224,   114,   78000000,   24716297,        0,  -53283703,          0
  2224,   115,   78000000,   22137185,        0,  -55862815,          0
  2224,   116,   78000000,   23844560,        0,  -54155440,          0
  2224,   117,   78000000,   22667262,        0,  -55332738,          0
  2224,   118,   78000000,   24959118,        0,  -53040882,          0
  2224,   119,   78000000,   22294500,        0,  -55705500,          0
  2224,   120,   78000000,   21775196,        0,  -56224804,          0
  2224,   121,   78000000,   22708999,        0,  -55291001,          0
  2224,   122,   78000000,   23822906,        0,  -54177094,          0
  2224,   123,   78000000,   19798107,        0,  -58201893,          0
  2224,   124,   78000000,   20798251,        0,  -57201749,          0
  2224,   125,   78000000,   24222922,        0,  -53777078,          0
  2224,   126,   78000000,   24990313,        0,  -53009687,          0
  2224,   127,   78000000,   19386052,        0,  -58613948,          0
  2224,   128,   78000000,   23755876,        0,  -54244124,          0
  2224,   129,   78000000,   22191080,        0,  -55808920,          0
  2224,   130,   78000000,   25269650,        0,  -52730350,          0
  2224,   131,   78000000,   19651158,        0,  -58348842,          0
  2224,   132,   78000000,   24277489,        0,  -53722511,          0
# task NAME=myapp PID=2228 COST=4298000 PERIOD=69000000 CPU=0
  2228,     2,   69000000,      24894,        0,  -68975106,          0
  2228,     3,   69000000,     113090,        0,  -68886910,          0
  2228,     4,   69000000,    4651245,        0,  -64348755,          0
  2228,     5,   69000000,    4685532,        0,  -64314468,          0
  2228,     6,   69000000,    4917089,        0,  -64082911,          0
  2228,     7,   69000000,    5603025,        0,  -63396975,          0
  2228,     8,   69000000,    4631531,        0,  -64368469,          0
  2228,     9,   69000000,    4687757,        0,  -64312243,          0
  2228,    10,   69000000,    5449808,        0,  -63550192,          0
  2228,    11,   69000000,    4112601,        0,  -64887399,          0
  2228,    12,   69000000,    4621649,        0,  -64378351,          0
  2228,    13,   69000000,    5656859,        0,  -63343141,          0
  2228,    14,   69000000,    6638155,        0,  -62361845,          0
  2228,    15,   69000000,    5627947,        0,  -63372053,          0
  2228,    16,   69000000,    4662701,        0,  -64337299,          0
  2228,    17,   69000000,    7682608,        0,  -61317392,          0
  2228,    18,   69000000,    8222881,        0,  -60777119,          0
  2228,    19,   69000000,    5937797,        0,  -63062203,          0
  2228,    20,   69000000,    4673020,        0,  -64326980,          0
  2228,    21,   69000000,    7667093,        0,  -61332907,          0
  2228,    22,   69000000,    4694787,        0,  -64305213,          0
  2228,    23,   69000000,    4187789,        0,  -64812211,          0
  2228,    24,   69000000,    4733629,        0,  -64266371,          0
  2228,    25,   69000000,    5734037,        0,  -63265963,          0
  2228,    26,   69000000,    6718732,        0,  -62281268,          0
  2228,    27,   69000000,    4144820,        0,  -64855180,          0
  2228,    28,   69000000,    6305437,        0,  -62694563,          0
  2228,    29,   69000000,    5673159,        0,  -63326841,          0
  2228,    30,   69000000,    5137543,        0,  -63862457,          0
  2228,    31,   69000000,    7224670,        0,  -61775330,          0
  2228,    32,   69000000,    4637442,        0,  -64362558,          0
  2228,    33,   69000000,    5752025,        0,  -63247975,          0
  2228,    34,   69000000,    6725072,        0,  -62274928,          0
  2228,    35,   69000000,    4143026,        0,  -64856974,          0
  2228,    36,   69000000,    5871348,        0,  -63128652,          0
  2228,    37,   69000000,    7650864,        0,  -61349136,          0
  2228,    38,   69000000,    4697572,        0,  -64302428,          0
  2228,    39,   69000000,    4193395,        0,  -64806605,          0
  2228,    40,   69000000,    4620252,        0,  -64379748,          0
  2228,    41,   69000000,    5681770,        0,  -63318230,          0
  2228,    42,   69000000,    4613481,        0,  -64386519,          0
  2228,    43,   69000000,    5605864,        0,  -63394136,          0
  2228,    44,   69000000,    4665947,        0,  -64334053,          0
  2228,    45,   69000000,    5652977,        0,  -63347023,          0
  2228,    46,   69000000,    6677066,        0,  -62322934,          0
  2228,    47,   69000000,    5701390,        0,  -63298610,          0
  2228,    48,   69000000,    5547506,        0,  -63452494,          0
  2228,    49,   69000000,    5771210,        0,  -63228790,          0
  2228,    50,   69000000,    4630834,        0,  -64369166,          0
  2228,    51,   69000000,    7705245,        0,  -61294755,          0
  2228,    52,   69000000,    5647838,        0,  -63352162,          0
  2228,    53,   69000000,    4674874,        0,  -64325126,          0
  2228,    54,   69000000,    8087290,        0,  -60912710,          0
  2228,    55,   69000000,    4140927,        0,  -64859073,          0
  2228,    56,   69000000,    4650683,        0,  -64349317,          0
  2228,    57,   69000000,    6930081,        0,  -62069919,          0
  2228,    58,   69000000,    5122393,        0,  -63877607,          0
  2228,    59,   69000000,    5642635,        0,  -63357365,          0
  2228,    60,   69000000,    4686694,        0,  -64313306,          0
  2228,    61,   69000000,    5691665,        0,  -63308335,          0
  2228,    62,   69000000,    4706479,        0,  -64293521,          0
  2228,    63,   69000000,    5618763,        0,  -63381237,          0
  2228,    64,   69000000,    7091381,        0,  -61908619,          0
  2228,    65,   69000000,    6201308,        0,  -62798692,          0
  2228,    66,   69000000,    6663815,        0,  -62336185,          0
  2228,    67,   69000000,    5635238,        0,  -63364762,          0
  2228,    68,   69000000,    6073306,        0,  -62926694,          0
  2228,    69,   69000000,    5673179,        0,  -63326821,          0
  2228,    70,   69000000,    6742176,        0,  -62257824,          0
  2228,    71,   69000000,    5657148,        0,  -63342852,          0
  2228,    72,   69000000,    6538133,        0,  -62461867,          0
  2228,    73,   69000000,    5706330,        0,  -63293670,          0
  2228,    74,   69000000,    4653662,        0,  -64346338,          0
  2228,    75,   69000000,    4152213,        0,  -64847787,          0
  2228,    76,   69000000,    5980747,        0,  -63019253,          0
  2228,    77,   69000000,    7942286,        0,  -61057714,          0
  2228,    78,   69000000,    4698870,        0,  -64301130,          0
  2228,    79,   69000000,    4180750,        0,  -64819250,          0
  2228,    80,   69000000,    4655732,        0,  -64344268,          0
  2228,    81,   69000000,    5677153,        0,  -63322847,          0
  2228,    82,   69000000,    6653848,        0,  -62346152,          0
  2228,    83,   69000000,    5736702,        0,  -63263298,          0
  2228,    84,   69000000,    4684507,        0,  -64315493,          0
  2228,    85,   69000000,    7648616,        0,  -61351384,          0
  2228,    86,   69000000,    6709403,        0,  -62290597,          0
  2228,    87,   69000000,    5639104,        0,  -63360896,          0
  2228,    88,   69000000,    4608437,        0,  -64391563,          0
  2228,    89,   69000000,    7637397,        0,  -61362603,          0
  2228,    90,   69000000,    4688236,        0,  -64311764,          0
  2228,    91,   69000000,    5646590,        0,  -63353410,          0
  2228,    92,   69000000,    4713958,        0,  -64286042,          0
  2228,    93,   69000000,    7643926,        0,  -61356074,          0
  2228,    94,   69000000,    5781989,        0,  -63218011,          0
  2228,    95,   69000000,    5644679,        0,  -63355321,          0
  2228,    96,   69000000,    5821960,        0,  -63178040,          0
  2228,    97,   69000000,    5639058,        0,  -63360942,          0
  2228,    98,   69000000,    5155021,        0,  -63844979,          0
  2228,    99,   69000000,    4164295,        0,  -64835705,          0
  2228,   100,   69000000,    7025987,        0,  -61974013,          0
  2228,   101,   69000000,    5348854,        0,  -63651146,          0
  2228,   102,   69000000,    6694640,        0,  -62305360,          0
  2228,   103,   69000000,    5673088,        0,  -63326912,          0
  2228,   104,   69000000,    6595817,        0,  -62404183,          0
  2228,   105,   69000000,    5697365,        0,  -63302635,          0
  2228,   106,   69000000,    6667677,        0,  -62332323,          0
  2228,   107,   69000000,    5600865,        0,  -63399135,          0
  2228,   108,   69000000,    4606563,        0,  -64393437,          0
  2228,   109,   69000000,    5697806,        0,  -63302194,          0
  2228,   110,   69000000,    4661038,        0,  -64338962,          0
  2228,   111,   69000000,    5667655,        0,  -63332345,          0
  2228,   112,   69000000,    4623820,        0,  -64376180,          0
  2228,   113,   69000000,    4933323,        0,  -64066677,          0
  2228,   114,   69000000,    6869068,        0,  -62130932,          0
  2228,   115,   69000000,    5871459,        0,  -63128541,          0
  2228,   116,   69000000,    4660786,        0,  -64339214,          0
  2228,   117,   69000000,    5698014,        0,  -63301986,          0
  2228,   118,   69000000,    4675383,        0,  -64324617,          0
  2228,   119,   69000000,    5664226,        0,  -63335774,          0
  2228,   120,   69000000,    4623366,        0,  -64376634,          0
  2228,   121,   69000000,    5440544,        0,  -63559456,          0
  2228,   122,   69000000,    7822177,        0,  -61177823,          0
  2228,   123,   69000000,    4139721,        0,  -64860279,          0
  2228,   124,   69000000,    4648867,        0,  -64351133,          0
  2228,   125,   69000000,    7655020,        0,  -61344980,          0
  2228,   126,   69000000,    6675811,        0,  -62324189,          0
  2228,   127,   69000000,    5609775,        0,  -63390225,          0
  2228,   128,   69000000,    4769723,        0,  -64230277,          0
  2228,   129,   69000000,    5650423,        0,  -63349577,          0
  2228,   130,   69000000,    6658807,        0,  -62341193,          0
  2228,   131,   69000000,    7653633,        0,  -61346367,          0
  2228,   132,   69000000,    7055746,        0,  -61944254,          0
  2228,   133,   69000000,    6290276,        0,  -62709724,          0
  2228,   134,   69000000,    6633927,        0,  -62366073,          0
  2228,   135,   69000000,    5654909,        0,  -63345091,          0
  2228,   136,   69000000,    4630685,        0,  -64369315,          0
  2228,   137,   69000000,    5694883,        0,  -63305117,          0
  2228,   138,   69000000,    6662040,        0,  -62337960,          0
  2228,   139,   69000000,    5619352,        0,  -63380648,          0
  2228,   140,   69000000,    4692528,        0,  -64307472,          0
  2228,   141,   69000000,    7675270,        0,  -61324730,          0
  2228,   142,   69000000,    4661842,        0,  -64338158,          0
  2228,   143,   69000000,    5618521,        0,  -63381479,          0
  2228,   144,   69000000,    4905491,        0,  -64094509,          0
  2228,   145,   69000000,    5656601,        0,  -63343399,          0
  2228,   146,   69000000,    5903916,        0,  -63096084,          0
  2228,   147,   69000000,    5598209,        0,  -63401791,          0
  2228,   148,   69000000,    4662550,        0,  -64337450,          0
