# Task,   Job,     Period,   Response, DL Miss?,   Lateness,  Tardiness
# task NAME=myapp PID=1340 COST=22502000 PERIOD=58000000 CPU=0
  1340,     2,   58000000,      13697,        0,  -57986303,          0
  1340,     3,   58000000,     156092,        0,  -57843908,          0
  1340,     4,   58000000,   22374973,        0,  -35625027,          0
  1340,     5,   58000000,   22350701,        0,  -35649299,          0
  1340,     6,   58000000,   22323729,        0,  -35676271,          0
  1340,     7,   58000000,   22381954,        0,  -35618046,          0
  1340,     8,   58000000,   22354943,        0,  -35645057,          0
  1340,     9,   58000000,   22392360,        0,  -35607640,          0
  1340,    10,   58000000,   22644657,        0,  -35355343,          0
  1340,    11,   58000000,   22381346,        0,  -35618654,          0
  1340,    12,   58000000,   22617730,        0,  -35382270,          0
  1340,    13,   58000000,   22336998,        0,  -35663002,          0
  1340,    14,   58000000,   22667632,        0,  -35332368,          0
  1340,    15,   58000000,   22358832,        0,  -35641168,          0
  1340,    16,   58000000,   22373257,        0,  -35626743,          0
  1340,    17,   58000000,   22352558,        0,  -35647442,          0
  1340,    18,   58000000,   23985545,        0,  -34014455,          0
  1340,    19,   58000000,   22411613,        0,  -35588387,          0
  1340,    20,   58000000,   22347126,        0,  -35652874,          0
  1340,    21,   58000000,   22360274,        0,  -35639726,          0
  1340,    22,   58000000,   22333687,        0,  -35666313,          0
  1340,    23,   58000000,   22324415,        0,  -35675585,          0
  1340,    24,   58000000,   22370902,        0,  -35629098,          0
  1340,    25,   58000000,   22667866,        0,  -35332134,          0
  1340,    26,   58000000,   22387109,        0,  -35612891,          0
  1340,    27,   58000000,   22628138,        0,  -35371862,          0
  1340,    28,   58000000,   22373973,        0,  -35626027,          0
  1340,    29,   58000000,   22343222,        0,  -35656778,          0
  1340,    30,   58000000,   22640564,        0,  -35359436,          0
  1340,    31,   58000000,   22361143,        0,  -35638857,          0
  1340,    32,   58000000,   22330459,        0,  -35669541,          0
  1340,    33,   58000000,   22346144,        0,  -35653856,          0
  1340,    34,   58000000,   22395821,        0,  -35604179,          0
  1340,    35,   58000000,   22432317,        0,  -35567683,          0
  1340,    36,   58000000,   22414047,        0,  -35585953,          0
  1340,    37,   58000000,   22382830,        0,  -35617170,          0
  1340,    38,   58000000,   22671423,        0,  -35328577,          0
  1340,    39,   58000000,   22398336,        0,  -35601664,          0
  1340,    40,   58000000,   22647095,        0,  -35352905,          0
  1340,    41,   58000000,   22408149,        0,  -35591851,          0
  1340,    42,   58000000,   25645737,        0,  -32354263,          0
  1340,    43,   58000000,   22346364,        0,  -35653636,          0
  1340,    44,   58000000,   22373371,        0,  -35626629,          0
  1340,    45,   58000000,   22350052,        0,  -35649948,          0
  1340,    46,   58000000,   22405040,        0,  -35594960,          0
  1340,    47,   58000000,   22374299,        0,  -35625701,          0
  1340,    48,   58000000,   22355799,        0,  -35644201,          0
  1340,    49,   58000000,   22371573,        0,  -35628427,          0
  1340,    50,   58000000,   22407872,        0,  -35592128,          0
  1340,    51,   58000000,   22333612,        0,  -35666388,          0
  1340,    52,   58000000,   22387573,        0,  -35612427,          0
  1340,    53,   58000000,   22638126,        0,  -35361874,          0
  1340,    54,   58000000,   22629491,        0,  -35370509,          0
  1340,    55,   58000000,   22640035,        0,  -35359965,          0
  1340,    56,   58000000,   22403639,        0,  -35596361,          0
  1340,    57,   58000000,   22348852,        0,  -35651148,          0
  1340,    58,   58000000,   22382320,        0,  -35617680,          0
  1340,    59,   58000000,   23062131,        0,  -34937869,          0
  1340,    60,   58000000,   22346726,        0,  -35653274,          0
  1340,    61,   58000000,   22374550,        0,  -35625450,          0
  1340,    62,   58000000,   22388965,        0,  -35611035,          0
  1340,    63,   58000000,   22390824,        0,  -35609176,          0
  1340,    64,   58000000,   22407561,        0,  -35592439,          0
  1340,    65,   58000000,   22393640,        0,  -35606360,          0
  1340,    66,   58000000,   22654551,        0,  -35345449,          0
  1340,    67,   58000000,   22370573,        0,  -35629427,          0
  1340,    68,   58000000,   22609858,        0,  -35390142,          0
  1340,    69,   58000000,   22359296,        0,  -35640704,          0
  1340,    70,   58000000,   22681848,        0,  -35318152,          0
  1340,    71,   58000000,   22390644,        0,  -35609356,          0
  1340,    72,   58000000,   22352334,        0,  -35647666,          0
  1340,    73,   58000000,   22393599,        0,  -35606401,          0
  1340,    74,   58000000,   22388148,        0,  -35611852,          0
  1340,    75,   58000000,   22348737,        0,  -35651263,          0
  1340,    76,   58000000,   22406710,        0,  -35593290,          0
  1340,    77,   58000000,   22388590,        0,  -35611410,          0
  1340,    78,   58000000,   22360573,        0,  -35639427,          0
  1340,    79,   58000000,   22392338,        0,  -35607662,          0
  1340,    80,   58000000,   22381663,        0,  -35618337,          0
  1340,    81,   58000000,   22701157,        0,  -35298843,          0
  1340,    82,   58000000,   22359767,        0,  -35640233,          0
  1340,    83,   58000000,   22658116,        0,  -35341884,          0
  1340,    84,   58000000,   22365322,        0,  -35634678,          0
  1340,    85,   58000000,   22339367,        0,  -35660633,          0
  1340,    86,   58000000,   22404275,        0,  -35595725,          0
  1340,    87,   58000000,   22371744,        0,  -35628256,          0
  1340,    88,   58000000,   22442154,        0,  -35557846,          0
  1340,    89,   58000000,   22352157,        0,  -35647843,          0
  1340,    90,   58000000,   24219518,        0,  -33780482,          0
  1340,    91,   58000000,   24198877,        0,  -33801123,          0
  1340,    92,   58000000,   22341339,        0,  -35658661,          0
  1340,    93,   58000000,   22417717,        0,  -35582283,          0
  1340,    94,   58000000,   22642740,        0,  -35357260,          0
  1340,    95,   58000000,   23182632,        0,  -34817368,          0
  1340,    96,   58000000,   22625418,        0,  -35374582,          0
  1340,    97,   58000000,   22359797,        0,  -35640203,          0
  1340,    98,   58000000,   22643764,        0,  -35356236,          0
  1340,    99,   58000000,   22347935,        0,  -35652065,          0
  1340,   100,   58000000,   26279797,        0,  -31720203,          0
  1340,   101,   58000000,   22443832,        0,  -35556168,          0
  1340,   102,   58000000,   22361493,        0,  -35638507,          0
  1340,   103,   58000000,   22420002,        0,  -35579998,          0
  1340,   104,   58000000,   22354119,        0,  -35645881,          0
  1340,   105,   58000000,   22376927,        0,  -35623073,          0
  1340,   106,   58000000,   22337018,        0,  -35662982,          0
  1340,   107,   58000000,   22643533,        0,  -35356467,          0
  1340,   108,   58000000,   22536272,        0,  -35463728,          0
  1340,   109,   58000000,   22634378,        0,  -35365622,          0
  1340,   110,   58000000,   22406278,        0,  -35593722,          0
  1340,   111,   58000000,   22686314,        0,  -35313686,          0
  1340,   112,   58000000,   22347081,        0,  -35652919,          0
  1340,   113,   58000000,   22477644,        0,  -35522356,          0
  1340,   114,   58000000,   22335645,        0,  -35664355,          0
  1340,   115,   58000000,   22387564,        0,  -35612436,          0
  1340,   116,   58000000,   22351730,        0,  -35648270,          0
  1340,   117,   58000000,   22332645,        0,  -35667355,          0
  1340,   118,   58000000,   22365578,        0,  -35634422,          0
  1340,   119,   58000000,   22456900,        0,  -35543100,          0
  1340,   120,   58000000,   22384465,        0,  -35615535,          0
  1340,   121,   58000000,   22346903,        0,  -35653097,          0
  1340,   122,   58000000,   24947134,        0,  -33052866,          0
  1340,   123,   58000000,   22397329,        0,  -35602671,          0
  1340,   124,   58000000,   22670626,        0,  -35329374,          0
  1340,   125,   58000000,   22375146,        0,  -35624854,          0
  1340,   126,   58000000,   22352906,        0,  -35647094,          0
  1340,   127,   58000000,   22339194,        0,  -35660806,          0
  1340,   128,   58000000,   22457708,        0,  -35542292,          0
  1340,   129,   58000000,   22387696,        0,  -35612304,          0
  1340,   130,   58000000,   22365239,        0,  -35634761,          0
  1340,   131,   58000000,   22341237,        0,  -35658763,          0
  1340,   132,   58000000,   22423216,        0,  -35576784,          0
  1340,   133,   58000000,   22397129,        0,  -35602871,          0
  1340,   134,   58000000,   22362127,        0,  -35637873,          0
  1340,   135,   58000000,   22660185,        0,  -35339815,          0
  1340,   136,   58000000,   22337632,        0,  -35662368,          0
  1340,   137,   58000000,   22664029,        0,  -35335971,          0
  1340,   138,   58000000,   22352274,        0,  -35647726,          0
  1340,   139,   58000000,   22648583,        0,  -35351417,          0
  1340,   140,   58000000,   22333336,        0,  -35666664,          0
  1340,   141,   58000000,   22365267,        0,  -35634733,          0
  1340,   142,   58000000,   27349925,        0,  -30650075,          0
  1340,   143,   58000000,   22335010,        0,  -35664990,          0
  1340,   144,   58000000,   22492977,        0,  -35507023,          0
  1340,   145,   58000000,   22377834,        0,  -35622166,          0
  1340,   146,   58000000,   22358590,        0,  -35641410,          0
  1340,   147,   58000000,   22325060,        0,  -35674940,          0
  1340,   148,   58000000,   22377280,        0,  -35622720,          0
  1340,   149,   58000000,   22419940,        0,  -35580060,          0
  1340,   150,   58000000,   22646622,        0,  -35353378,          0
  1340,   151,   58000000,   22405057,        0,  -35594943,          0
  1340,   152,   58000000,   22647892,        0,  -35352108,          0
  1340,   153,   58000000,   22355739,        0,  -35644261,          0
  1340,   154,   58000000,   22574323,        0,  -35425677,          0
  1340,   155,   58000000,   22334461,        0,  -35665539,          0
  1340,   156,   58000000,   23913379,        0,  -34086621,          0
  1340,   157,   58000000,   22396899,        0,  -35603101,          0
  1340,   158,   58000000,   22351961,        0,  -35648039,          0
  1340,   159,   58000000,   22403452,        0,  -35596548,          0
  1340,   160,   58000000,   22389811,        0,  -35610189,          0
  1340,   161,   58000000,   22369021,        0,  -35630979,          0
  1340,   162,   58000000,   22372704,        0,  -35627296,          0
  1340,   163,   58000000,   22644083,        0,  -35355917,          0
  1340,   164,   58000000,   22354755,        0,  -35645245,          0
  1340,   165,   58000000,   22606160,        0,  -35393840,          0
  1340,   166,   58000000,   22366431,        0,  -35633569,          0
  1340,   167,   58000000,   22665592,        0,  -35334408,          0
  1340,   168,   58000000,   22412550,        0,  -35587450,          0
  1340,   169,   58000000,   27880721,        0,  -30119279,          0
  1340,   170,   58000000,   26334468,        0,  -31665532,          0
  1340,   171,   58000000,   22393264,        0,  -35606736,          0
  1340,   172,   58000000,   22395038,        0,  -35604962,          0
  1340,   173,   58000000,   22354562,        0,  -35645438,          0
  1340,   174,   58000000,   22434556,        0,  -35565444,          0
  1340,   175,   58000000,   22368824,        0,  -35631176,          0
  1340,   176,   58000000,   22352194,        0,  -35647806,          0
# task NAME=myapp PID=1343 COST=1762000 PERIOD=11000000 CPU=0
  1343,     2,   11000000,       3021,        0,  -10996979,          0
  1343,     3,   11000000,     183549,        0,  -10816451,          0
  1343,     4,   11000000,    1789331,        0,   -9210669,          0
  1343,     5,   11000000,    1823588,        0,   -9176412,          0
  1343,     6,   11000000,    1779188,        0,   -9220812,          0
  1343,     7,   11000000,    1821780,        0,   -9178220,          0
  1343,     8,   11000000,    1778209,        0,   -9221791,          0
  1343,     9,   11000000,    1822501,        0,   -9177499,          0
  1343,    10,   11000000,    1781018,        0,   -9218982,          0
  1343,    11,   11000000,    3899408,        0,   -7100592,          0
  1343,    12,   11000000,    1876380,        0,   -9123620,          0
  1343,    13,   11000000,    1847521,        0,   -9152479,          0
  1343,    14,   11000000,    1787675,        0,   -9212325,          0
  1343,    15,   11000000,    1782904,        0,   -9217096,          0
  1343,    16,   11000000,    1827748,        0,   -9172252,          0
  1343,    17,   11000000,    1816053,        0,   -9183947,          0
  1343,    18,   11000000,    1791629,        0,   -9208371,          0
  1343,    19,   11000000,    1800345,        0,   -9199655,          0
  1343,    20,   11000000,    1830662,        0,   -9169338,          0
  1343,    21,   11000000,    1840821,        0,   -9159179,          0
  1343,    22,   11000000,    1786316,        0,   -9213684,          0
  1343,    23,   11000000,    1802585,        0,   -9197415,          0
  1343,    24,   11000000,    1835325,        0,   -9164675,          0
  1343,    25,   11000000,    1780157,        0,   -9219843,          0
  1343,    26,   11000000,    2938826,        0,   -8061174,          0
  1343,    27,   11000000,    1864113,        0,   -9135887,          0
  1343,    28,   11000000,    1800785,        0,   -9199215,          0
  1343,    29,   11000000,    1837255,        0,   -9162745,          0
  1343,    30,   11000000,    1774371,        0,   -9225629,          0
  1343,    31,   11000000,    1810801,        0,   -9189199,          0
  1343,    32,   11000000,    1815217,        0,   -9184783,          0
  1343,    33,   11000000,    1834518,        0,   -9165482,          0
  1343,    34,   11000000,    1803626,        0,   -9196374,          0
  1343,    35,   11000000,    1824963,        0,   -9175037,          0
  1343,    36,   11000000,    1795928,        0,   -9204072,          0
  1343,    37,   11000000,    1881159,        0,   -9118841,          0
  1343,    38,   11000000,    1843945,        0,   -9156055,          0
  1343,    39,   11000000,    1857986,        0,   -9142014,          0
  1343,    40,   11000000,    3585466,        0,   -7414534,          0
  1343,    41,   11000000,    1811850,        0,   -9188150,          0
  1343,    42,   11000000,    1858343,        0,   -9141657,          0
  1343,    43,   11000000,    1867357,        0,   -9132643,          0
  1343,    44,   11000000,    1842762,        0,   -9157238,          0
  1343,    45,   11000000,    1848537,        0,   -9151463,          0
  1343,    46,   11000000,    2316896,        0,   -8683104,          0
  1343,    47,   11000000,    4782808,        0,   -6217192,          0
  1343,    48,   11000000,    1842844,        0,   -9157156,          0
  1343,    49,   11000000,    1776103,        0,   -9223897,          0
  1343,    50,   11000000,    1829225,        0,   -9170775,          0
  1343,    51,   11000000,    1836096,        0,   -9163904,          0
  1343,    52,   11000000,    1860805,        0,   -9139195,          0
  1343,    53,   11000000,    1795206,        0,   -9204794,          0
  1343,    54,   11000000,    1807256,        0,   -9192744,          0
  1343,    55,   11000000,    1784079,        0,   -9215921,          0
  1343,    56,   11000000,    1775297,        0,   -9224703,          0
  1343,    57,   11000000,    1849799,        0,   -9150201,          0
  1343,    58,   11000000,    1801841,        0,   -9198159,          0
  1343,    59,   11000000,    1816067,        0,   -9183933,          0
  1343,    60,   11000000,    1840872,        0,   -9159128,          0
  1343,    61,   11000000,    1825566,        0,   -9174434,          0
  1343,    62,   11000000,    1836750,        0,   -9163250,          0
  1343,    63,   11000000,    1813825,        0,   -9186175,          0
  1343,    64,   11000000,    1828554,        0,   -9171446,          0
  1343,    65,   11000000,    1813929,        0,   -9186071,          0
  1343,    66,   11000000,    1799657,        0,   -9200343,          0
  1343,    67,   11000000,    1783153,        0,   -9216847,          0
  1343,    68,   11000000,    1792061,        0,   -9207939,          0
  1343,    69,   11000000,    1782368,        0,   -9217632,          0
  1343,    70,   11000000,    1838562,        0,   -9161438,          0
  1343,    71,   11000000,    1823225,        0,   -9176775,          0
  1343,    72,   11000000,    1813660,        0,   -9186340,          0
  1343,    73,   11000000,    1777790,        0,   -9222210,          0
  1343,    74,   11000000,    3216881,        0,   -7783119,          0
  1343,    75,   11000000,    1811900,        0,   -9188100,          0
  1343,    76,   11000000,    1847557,        0,   -9152443,          0
  1343,    77,   11000000,    1845031,        0,   -9154969,          0
  1343,    78,   11000000,    1837407,        0,   -9162593,          0
  1343,    79,   11000000,    1812281,        0,   -9187719,          0
  1343,    80,   11000000,    1780364,        0,   -9219636,          0
  1343,    81,   11000000,    1823838,        0,   -9176162,          0
  1343,    82,   11000000,    2938131,        0,   -8061869,          0
  1343,    83,   11000000,    1783342,        0,   -9216658,          0
  1343,    84,   11000000,    1881729,        0,   -9118271,          0
  1343,    85,   11000000,    1831586,        0,   -9168414,          0
  1343,    86,   11000000,    1830808,        0,   -9169192,          0
  1343,    87,   11000000,    1817555,        0,   -9182445,          0
  1343,    88,   11000000,    1794306,        0,   -9205694,          0
  1343,    89,   11000000,    1801916,        0,   -9198084,          0
  1343,    90,   11000000,    3871863,        0,   -7128137,          0
  1343,    91,   11000000,    1821060,        0,   -9178940,          0
  1343,    92,   11000000,    1784601,        0,   -9215399,          0
  1343,    93,   11000000,    1824497,        0,   -9175503,          0
  1343,    94,   11000000,    1818355,        0,   -9181645,          0
  1343,    95,   11000000,    1891884,        0,   -9108116,          0
  1343,    96,   11000000,    1869510,        0,   -9130490,          0
  1343,    97,   11000000,    1829987,        0,   -9170013,          0
  1343,    98,   11000000,    1798586,        0,   -9201414,          0
  1343,    99,   11000000,    1846322,        0,   -9153678,          0
  1343,   100,   11000000,    1801732,        0,   -9198268,          0
  1343,   101,   11000000,    1811055,        0,   -9188945,          0
  1343,   102,   11000000,    1802681,        0,   -9197319,          0
  1343,   103,   11000000,    1821947,        0,   -9178053,          0
  1343,   104,   11000000,    1816626,        0,   -9183374,          0
  1343,   105,   11000000,    1802828,        0,   -9197172,          0
  1343,   106,   11000000,    1800226,        0,   -9199774,          0
  1343,   107,   11000000,    1815263,        0,   -9184737,          0
  1343,   108,   11000000,    1837014,        0,   -9162986,          0
  1343,   109,   11000000,    1801575,        0,   -9198425,          0
  1343,   110,   11000000,    1781410,        0,   -9218590,          0
  1343,   111,   11000000,    1853833,        0,   -9146167,          0
  1343,   112,   11000000,    1825047,        0,   -9174953,          0
  1343,   113,   11000000,    1806741,        0,   -9193259,          0
  1343,   114,   11000000,    1830266,        0,   -9169734,          0
  1343,   115,   11000000,    1775578,        0,   -9224422,          0
  1343,   116,   11000000,    1794636,        0,   -9205364,          0
  1343,   117,   11000000,    1830707,        0,   -9169293,          0
  1343,   118,   11000000,    1820802,        0,   -9179198,          0
  1343,   119,   11000000,    1872442,        0,   -9127558,          0
  1343,   120,   11000000,    1791828,        0,   -9208172,          0
  1343,   121,   11000000,    1831962,        0,   -9168038,          0
  1343,   122,   11000000,    1810613,        0,   -9189387,          0
  1343,   123,   11000000,    1805909,        0,   -9194091,          0
  1343,   124,   11000000,    1823309,        0,   -9176691,          0
  1343,   125,   11000000,    1809227,        0,   -9190773,          0
  1343,   126,   11000000,    1839541,        0,   -9160459,          0
  1343,   127,   11000000,    1823365,        0,   -9176635,          0
  1343,   128,   11000000,    1792528,        0,   -9207472,          0
  1343,   129,   11000000,    1849409,        0,   -9150591,          0
  1343,   130,   11000000,    1784964,        0,   -9215036,          0
  1343,   131,   11000000,    1814644,        0,   -9185356,          0
  1343,   132,   11000000,    1802349,        0,   -9197651,          0
  1343,   133,   11000000,    1868846,        0,   -9131154,          0
  1343,   134,   11000000,    1894356,        0,   -9105644,          0
  1343,   135,   11000000,    1813638,        0,   -9186362,          0
  1343,   136,   11000000,    1781209,        0,   -9218791,          0
  1343,   137,   11000000,    1811866,        0,   -9188134,          0
  1343,   138,   11000000,    1775869,        0,   -9224131,          0
  1343,   139,   11000000,    1790538,        0,   -9209462,          0
  1343,   140,   11000000,    1857420,        0,   -9142580,          0
  1343,   141,   11000000,    1855325,        0,   -9144675,          0
  1343,   142,   11000000,    1839005,        0,   -9160995,          0
  1343,   143,   11000000,    1816227,        0,   -9183773,          0
  1343,   144,   11000000,    1798745,        0,   -9201255,          0
  1343,   145,   11000000,    1815282,        0,   -9184718,          0
  1343,   146,   11000000,    1782489,        0,   -9217511,          0
  1343,   147,   11000000,    1823660,        0,   -9176340,          0
  1343,   148,   11000000,    1833675,        0,   -9166325,          0
  1343,   149,   11000000,    1818795,        0,   -9181205,          0
  1343,   150,   11000000,    1879659,        0,   -9120341,          0
  1343,   151,   11000000,    1819145,        0,   -9180855,          0
  1343,   152,   11000000,    1818257,        0,   -9181743,          0
  1343,   153,   11000000,    1843362,        0,   -9156638,          0
  1343,   154,   11000000,    2938385,        0,   -8061615,          0
  1343,   155,   11000000,    1908184,        0,   -9091816,          0
  1343,   156,   11000000,    1838687,        0,   -9161313,          0
  1343,   157,   11000000,    1865254,        0,   -9134746,          0
  1343,   158,   11000000,    1887603,        0,   -9112397,          0
  1343,   159,   11000000,    1890301,        0,   -9109699,          0
  1343,   160,   11000000,    1842220,        0,   -9157780,          0
  1343,   161,   11000000,    1799634,        0,   -9200366,          0
  1343,   162,   11000000,    1800036,        0,   -9199964,          0
  1343,   163,   11000000,    1878637,        0,   -9121363,          0
  1343,   164,   11000000,    1848102,        0,   -9151898,          0
  1343,   165,   11000000,    2067322,        0,   -8932678,          0
  1343,   166,   11000000,    3826363,        0,   -7173637,          0
  1343,   167,   11000000,    1814109,        0,   -9185891,          0
  1343,   168,   11000000,    2620035,        0,   -8379965,          0
  1343,   169,   11000000,    1817550,        0,   -9182450,          0
  1343,   170,   11000000,    1882442,        0,   -9117558,          0
  1343,   171,   11000000,    1820252,        0,   -9179748,          0
  1343,   172,   11000000,    1870399,        0,   -9129601,          0
  1343,   173,   11000000,    1868222,        0,   -9131778,          0
  1343,   174,   11000000,    1810553,        0,   -9189447,          0
  1343,   175,   11000000,    1802783,        0,   -9197217,          0
  1343,   176,   11000000,    1793415,        0,   -9206585,          0
  1343,   177,   11000000,    1860686,        0,   -9139314,          0
  1343,   178,   11000000,    1804551,        0,   -9195449,          0
  1343,   179,   11000000,    1835002,        0,   -9164998,          0
  1343,   180,   11000000,    1816645,        0,   -9183355,          0
  1343,   181,   11000000,    1785407,        0,   -9214593,          0
  1343,   182,   11000000,    1783280,        0,   -9216720,          0
  1343,   183,   11000000,    1854527,        0,   -9145473,          0
  1343,   184,   11000000,    1851436,        0,   -9148564,          0
  1343,   185,   11000000,    1871874,        0,   -9128126,          0
  1343,   186,   11000000,    1848255,        0,   -9151745,          0
  1343,   187,   11000000,    1801154,        0,   -9198846,          0
  1343,   188,   11000000,    1790375,        0,   -9209625,          0
  1343,   189,   11000000,    1834928,        0,   -9165072,          0
  1343,   190,   11000000,    1819804,        0,   -9180196,          0
  1343,   191,   11000000,    1888833,        0,   -9111167,          0
  1343,   192,   11000000,    1817456,        0,   -9182544,          0
  1343,   193,   11000000,    1810692,        0,   -9189308,          0
  1343,   194,   11000000,    1800158,        0,   -9199842,          0
  1343,   195,   11000000,    1816683,        0,   -9183317,          0
  1343,   196,   11000000,    1854019,        0,   -9145981,          0
  1343,   197,   11000000,    1851614,        0,   -9148386,          0
  1343,   198,   11000000,    1815382,        0,   -9184618,          0
  1343,   199,   11000000,    2111764,        0,   -8888236,          0
  1343,   200,   11000000,    2225496,        0,   -8774504,          0
  1343,   201,   11000000,    1794671,        0,   -9205329,          0
  1343,   202,   11000000,    2931717,        0,   -8068283,          0
  1343,   203,   11000000,    1889023,        0,   -9110977,          0
  1343,   204,   11000000,    1843046,        0,   -9156954,          0
  1343,   205,   11000000,    1792099,        0,   -9207901,          0
  1343,   206,   11000000,    1839534,        0,   -9160466,          0
  1343,   207,   11000000,    1801551,        0,   -9198449,          0
  1343,   208,   11000000,    1807173,        0,   -9192827,          0
  1343,   209,   11000000,    1817850,        0,   -9182150,          0
  1343,   210,   11000000,    3551390,        0,   -7448610,          0
  1343,   211,   11000000,    1796645,        0,   -9203355,          0
  1343,   212,   11000000,    1838989,        0,   -9161011,          0
  1343,   213,   11000000,    1879064,        0,   -9120936,          0
  1343,   214,   11000000,    1784163,        0,   -9215837,          0
  1343,   215,   11000000,    1841299,        0,   -9158701,          0
  1343,   216,   11000000,    1890465,        0,   -9109535,          0
  1343,   217,   11000000,    1835031,        0,   -9164969,          0
  1343,   218,   11000000,    1838095,        0,   -9161905,          0
  1343,   219,   11000000,    1855209,        0,   -9144791,          0
  1343,   220,   11000000,    1798023,        0,   -9201977,          0
  1343,   221,   11000000,    1844086,        0,   -9155914,          0
  1343,   222,   11000000,    1796917,        0,   -9203083,          0
  1343,   223,   11000000,    3193321,        0,   -7806679,          0
  1343,   224,   11000000,    1814463,        0,   -9185537,          0
  1343,   225,   11000000,    1817955,        0,   -9182045,          0
  1343,   226,   11000000,    1777355,        0,   -9222645,          0
  1343,   227,   11000000,    1785688,        0,   -9214312,          0
  1343,   228,   11000000,    1788293,        0,   -9211707,          0
  1343,   229,   11000000,    1803409,        0,   -9196591,          0
  1343,   230,   11000000,    1871059,        0,   -9128941,          0
  1343,   231,   11000000,    1813111,        0,   -9186889,          0
  1343,   232,   11000000,    1864388,        0,   -9135612,          0
  1343,   233,   11000000,    1809310,        0,   -9190690,          0
  1343,   234,   11000000,    1882987,        0,   -9117013,          0
  1343,   235,   11000000,    1832786,        0,   -9167214,          0
  1343,   236,   11000000,    1828503,        0,   -9171497,          0
  1343,   237,   11000000,    1857218,        0,   -9142782,          0
  1343,   238,   11000000,    1833216,        0,   -9166784,          0
  1343,   239,   11000000,    1858882,        0,   -9141118,          0
  1343,   240,   11000000,    1800331,        0,   -9199669,          0
  1343,   241,   11000000,    1859694,        0,   -9140306,          0
  1343,   242,   11000000,    1794232,        0,   -9205768,          0
  1343,   243,   11000000,    1859532,        0,   -9140468,          0
  1343,   244,   11000000,    1832255,        0,   -9167745,          0
  1343,   245,   11000000,    1842326,        0,   -9157674,          0
  1343,   246,   11000000,    1816822,        0,   -9183178,          0
  1343,   247,   11000000,    1864844,        0,   -9135156,          0
  1343,   248,   11000000,    1885815,        0,   -9114185,          0
  1343,   249,   11000000,    1839531,        0,   -9160469,          0
  1343,   250,   11000000,    1799519,        0,   -9200481,          0
  1343,   251,   11000000,    1811680,        0,   -9188320,          0
  1343,   252,   11000000,    1816105,        0,   -9183895,          0
  1343,   253,   11000000,    1860824,        0,   -9139176,          0
  1343,   254,   11000000,    2774711,        0,   -8225289,          0
  1343,   255,   11000000,    1883593,        0,   -9116407,          0
  1343,   256,   11000000,    1782726,        0,   -9217274,          0
  1343,   257,   11000000,    1822246,        0,   -9177754,          0
  1343,   258,   11000000,    1789598,        0,   -9210402,          0
  1343,   259,   11000000,    1852824,        0,   -9147176,          0
  1343,   260,   11000000,    2906406,        0,   -8093594,          0
  1343,   261,   11000000,    1815669,        0,   -9184331,          0
  1343,   262,   11000000,    1801734,        0,   -9198266,          0
  1343,   263,   11000000,    1820061,        0,   -9179939,          0
  1343,   264,   11000000,    1825051,        0,   -9174949,          0
  1343,   265,   11000000,    1830840,        0,   -9169160,          0
  1343,   266,   11000000,    1820200,        0,   -9179800,          0
  1343,   267,   11000000,    1817738,        0,   -9182262,          0
  1343,   268,   11000000,    1836577,        0,   -9163423,          0
  1343,   269,   11000000,    1816127,        0,   -9183873,          0
  1343,   270,   11000000,    1782540,        0,   -9217460,          0
  1343,   271,   11000000,    1841056,        0,   -9158944,          0
  1343,   272,   11000000,    1792389,        0,   -9207611,          0
  1343,   273,   11000000,    1840283,        0,   -9159717,          0
  1343,   274,   11000000,    4876007,        0,   -6123993,          0
  1343,   275,   11000000,    1851029,        0,   -9148971,          0
  1343,   276,   11000000,    1877206,        0,   -9122794,          0
  1343,   277,   11000000,    1837871,        0,   -9162129,          0
  1343,   278,   11000000,    1814832,        0,   -9185168,          0
  1343,   279,   11000000,    1826437,        0,   -9173563,          0
  1343,   280,   11000000,    3045078,        0,   -7954922,          0
  1343,   281,   11000000,    1812024,        0,   -9187976,          0
  1343,   282,   11000000,    1811583,        0,   -9188417,          0
  1343,   283,   11000000,    1838910,        0,   -9161090,          0
  1343,   284,   11000000,    1787238,        0,   -9212762,          0
  1343,   285,   11000000,    1788420,        0,   -9211580,          0
  1343,   286,   11000000,    1788996,        0,   -9211004,          0
  1343,   287,   11000000,    1891283,        0,   -9108717,          0
  1343,   288,   11000000,    1862811,        0,   -9137189,          0
  1343,   289,   11000000,    1778133,        0,   -9221867,          0
  1343,   290,   11000000,    2131413,        0,   -8868587,          0
  1343,   291,   11000000,    1817262,        0,   -9182738,          0
  1343,   292,   11000000,    1789383,        0,   -9210617,          0
  1343,   293,   11000000,    1832111,        0,   -9167889,          0
  1343,   294,   11000000,    1822138,        0,   -9177862,          0
  1343,   295,   11000000,    1780472,        0,   -9219528,          0
  1343,   296,   11000000,    1839517,        0,   -9160483,          0
  1343,   297,   11000000,    1842297,        0,   -9157703,          0
  1343,   298,   11000000,    1785875,        0,   -9214125,          0
  1343,   299,   11000000,    5724358,        0,   -5275642,          0
  1343,   300,   11000000,    1851537,        0,   -9148463,          0
  1343,   301,   11000000,    1842552,        0,   -9157448,          0
  1343,   302,   11000000,    5159107,        0,   -5840893,          0
  1343,   303,   11000000,    1809426,        0,   -9190574,          0
  1343,   304,   11000000,    1813268,        0,   -9186732,          0
  1343,   305,   11000000,    1806843,        0,   -9193157,          0
  1343,   306,   11000000,    1815293,        0,   -9184707,          0
  1343,   307,   11000000,    1823520,        0,   -9176480,          0
  1343,   308,   11000000,    1861179,        0,   -9138821,          0
  1343,   309,   11000000,    1788869,        0,   -9211131,          0
  1343,   310,   11000000,    1806659,        0,   -9193341,          0
  1343,   311,   11000000,    1805954,        0,   -9194046,          0
  1343,   312,   11000000,    1835480,        0,   -9164520,          0
  1343,   313,   11000000,    1840490,        0,   -9159510,          0
  1343,   314,   11000000,    1815689,        0,   -9184311,          0
  1343,   315,   11000000,    1848133,        0,   -9151867,          0
  1343,   316,   11000000,    2710196,        0,   -8289804,          0
  1343,   317,   11000000,    1806592,        0,   -9193408,          0
  1343,   318,   11000000,    1794581,        0,   -9205419,          0
  1343,   319,   11000000,    1815295,        0,   -9184705,          0
  1343,   320,   11000000,    1780251,        0,   -9219749,          0
  1343,   321,   11000000,    1781108,        0,   -9218892,          0
  1343,   322,   11000000,    1803385,        0,   -9196615,          0
  1343,   323,   11000000,    1822694,        0,   -9177306,          0
  1343,   324,   11000000,    2130337,        0,   -8869663,          0
  1343,   325,   11000000,    1848155,        0,   -9151845,          0
  1343,   326,   11000000,    1801242,        0,   -9198758,          0
  1343,   327,   11000000,    1856033,        0,   -9143967,          0
  1343,   328,   11000000,    1883749,        0,   -9116251,          0
  1343,   329,   11000000,    1810802,        0,   -9189198,          0
  1343,   330,   11000000,    1806859,        0,   -9193141,          0
  1343,   331,   11000000,    1845877,        0,   -9154123,          0
  1343,   332,   11000000,    1793281,        0,   -9206719,          0
  1343,   333,   11000000,    1815163,        0,   -9184837,          0
  1343,   334,   11000000,    1822592,        0,   -9177408,          0
  1343,   335,   11000000,    1865636,        0,   -9134364,          0
  1343,   336,   11000000,    1851130,        0,   -9148870,          0
  1343,   337,   11000000,    1817004,        0,   -9182996,          0
  1343,   338,   11000000,    1842379,        0,   -9157621,          0
  1343,   339,   11000000,    1806234,        0,   -9193766,          0
  1343,   340,   11000000,    1834714,        0,   -9165286,          0
  1343,   341,   11000000,    1854347,        0,   -9145653,          0
  1343,   342,   11000000,    1825753,        0,   -9174247,          0
  1343,   343,   11000000,    1809827,        0,   -9190173,          0
  1343,   344,   11000000,    1811282,        0,   -9188718,          0
  1343,   345,   11000000,    1799803,        0,   -9200197,          0
  1343,   346,   11000000,    1793481,        0,   -9206519,          0
  1343,   347,   11000000,    1790764,        0,   -9209236,          0
  1343,   348,   11000000,    1850749,        0,   -9149251,          0
  1343,   349,   11000000,    4503656,        0,   -6496344,          0
  1343,   350,   11000000,    1834480,        0,   -9165520,          0
  1343,   351,   11000000,    1814125,        0,   -9185875,          0
  1343,   352,   11000000,    1901322,        0,   -9098678,          0
  1343,   353,   11000000,    1846622,        0,   -9153378,          0
  1343,   354,   11000000,    1778868,        0,   -9221132,          0
  1343,   355,   11000000,    1817017,        0,   -9182983,          0
  1343,   356,   11000000,    1777960,        0,   -9222040,          0
  1343,   357,   11000000,    1807126,        0,   -9192874,          0
  1343,   358,   11000000,    5628010,        0,   -5371990,          0
  1343,   359,   11000000,    1836212,        0,   -9163788,          0
  1343,   360,   11000000,    1831708,        0,   -9168292,          0
  1343,   361,   11000000,    1811949,        0,   -9188051,          0
  1343,   362,   11000000,    1782090,        0,   -9217910,          0
  1343,   363,   11000000,    1900626,        0,   -9099374,          0
  1343,   364,   11000000,    1803359,        0,   -9196641,          0
  1343,   365,   11000000,    1851698,        0,   -9148302,          0
  1343,   366,   11000000,    1904578,        0,   -9095422,          0
  1343,   367,   11000000,    1806363,        0,   -9193637,          0
  1343,   368,   11000000,    1784298,        0,   -9215702,          0
  1343,   369,   11000000,    1874931,        0,   -9125069,          0
  1343,   370,   11000000,    1789821,        0,   -9210179,          0
  1343,   371,   11000000,    1847260,        0,   -9152740,          0
  1343,   372,   11000000,    1838357,        0,   -9161643,          0
  1343,   373,   11000000,    1821193,        0,   -9178807,          0
  1343,   374,   11000000,    1836899,        0,   -9163101,          0
  1343,   375,   11000000,    1820536,        0,   -9179464,          0
  1343,   376,   11000000,    1831909,        0,   -9168091,          0
  1343,   377,   11000000,    1835660,        0,   -9164340,          0
  1343,   378,   11000000,    1899280,        0,   -9100720,          0
  1343,   379,   11000000,    1931121,        0,   -9068879,          0
  1343,   380,   11000000,    3856661,        0,   -7143339,          0
  1343,   381,   11000000,    1811169,        0,   -9188831,          0
  1343,   382,   11000000,    1799205,        0,   -9200795,          0
  1343,   383,   11000000,    1817022,        0,   -9182978,          0
  1343,   384,   11000000,    1781958,        0,   -9218042,          0
  1343,   385,   11000000,    1822461,        0,   -9177539,          0
  1343,   386,   11000000,    1799512,        0,   -9200488,          0
  1343,   387,   11000000,    1781514,        0,   -9218486,          0
  1343,   388,   11000000,    1800823,        0,   -9199177,          0
  1343,   389,   11000000,    1812693,        0,   -9187307,          0
  1343,   390,   11000000,    1843325,        0,   -9156675,          0
  1343,   391,   11000000,    1836014,        0,   -9163986,          0
  1343,   392,   11000000,    1860947,        0,   -9139053,          0
  1343,   393,   11000000,    1857159,        0,   -9142841,          0
  1343,   394,   11000000,    1792380,        0,   -9207620,          0
  1343,   395,   11000000,    1830676,        0,   -9169324,          0
  1343,   396,   11000000,    1833140,        0,   -9166860,          0
  1343,   397,   11000000,    1799563,        0,   -9200437,          0
  1343,   398,   11000000,    1832714,        0,   -9167286,          0
  1343,   399,   11000000,    1814867,        0,   -9185133,          0
  1343,   400,   11000000,    1834870,        0,   -9165130,          0
  1343,   401,   11000000,    1823691,        0,   -9176309,          0
  1343,   402,   11000000,    1799645,        0,   -9200355,          0
  1343,   403,   11000000,    1800430,        0,   -9199570,          0
  1343,   404,   11000000,    1851265,        0,   -9148735,          0
  1343,   405,   11000000,    1783174,        0,   -9216826,          0
  1343,   406,   11000000,    2679149,        0,   -8320851,          0
  1343,   407,   11000000,    1858075,        0,   -9141925,          0
  1343,   408,   11000000,    1823008,        0,   -9176992,          0
  1343,   409,   11000000,    1815920,        0,   -9184080,          0
  1343,   410,   11000000,    8437505,        0,   -2562495,          0
  1343,   411,   11000000,    1863846,        0,   -9136154,          0
  1343,   412,   11000000,    1859383,        0,   -9140617,          0
  1343,   413,   11000000,    1835106,        0,   -9164894,          0
  1343,   414,   11000000,    1798425,        0,   -9201575,          0
  1343,   415,   11000000,    2080498,        0,   -8919502,          0
  1343,   416,   11000000,    1783811,        0,   -9216189,          0
  1343,   417,   11000000,    1864867,        0,   -9135133,          0
  1343,   418,   11000000,    1791402,        0,   -9208598,          0
  1343,   419,   11000000,    1829700,        0,   -9170300,          0
  1343,   420,   11000000,    1820947,        0,   -9179053,          0
  1343,   421,   11000000,    1812011,        0,   -9187989,          0
  1343,   422,   11000000,    1798506,        0,   -9201494,          0
  1343,   423,   11000000,    1832340,        0,   -9167660,          0
  1343,   424,   11000000,    1790390,        0,   -9209610,          0
  1343,   425,   11000000,    1828101,        0,   -9171899,          0
  1343,   426,   11000000,    1821125,        0,   -9178875,          0
  1343,   427,   11000000,    1840210,        0,   -9159790,          0
  1343,   428,   11000000,    1860938,        0,   -9139062,          0
  1343,   429,   11000000,    1816404,        0,   -9183596,          0
  1343,   430,   11000000,    1801399,        0,   -9198601,          0
  1343,   431,   11000000,    1777212,        0,   -9222788,          0
  1343,   432,   11000000,    1844771,        0,   -9155229,          0
  1343,   433,   11000000,    1839230,        0,   -9160770,          0
  1343,   434,   11000000,    1778052,        0,   -9221948,          0
  1343,   435,   11000000,    1798243,        0,   -9201757,          0
  1343,   436,   11000000,    4134485,        0,   -6865515,          0
  1343,   437,   11000000,    1903622,        0,   -9096378,          0
  1343,   438,   11000000,    1889373,        0,   -9110627,          0
  1343,   439,   11000000,    1814359,        0,   -9185641,          0
  1343,   440,   11000000,    1820739,        0,   -9179261,          0
  1343,   441,   11000000,    1812094,        0,   -9187906,          0
  1343,   442,   11000000,    1792842,        0,   -9207158,          0
  1343,   443,   11000000,    1824310,        0,   -9175690,          0
  1343,   444,   11000000,    1829221,        0,   -9170779,          0
  1343,   445,   11000000,    1828253,        0,   -9171747,          0
  1343,   446,   11000000,    1802300,        0,   -9197700,          0
  1343,   447,   11000000,    1830273,        0,   -9169727,          0
  1343,   448,   11000000,    1801127,        0,   -9198873,          0
  1343,   449,   11000000,    2114747,        0,   -8885253,          0
  1343,   450,   11000000,    1790616,        0,   -9209384,          0
  1343,   451,   11000000,    1808548,        0,   -9191452,          0
  1343,   452,   11000000,    2965417,        0,   -8034583,          0
  1343,   453,   11000000,    1830588,        0,   -9169412,          0
  1343,   454,   11000000,    1823864,        0,   -9176136,          0
  1343,   455,   11000000,    1813802,        0,   -9186198,          0
  1343,   456,   11000000,    1785737,        0,   -9214263,          0
  1343,   457,   11000000,    1798870,        0,   -9201130,          0
  1343,   458,   11000000,    1786840,        0,   -9213160,          0
  1343,   459,   11000000,    3350525,        0,   -7649475,          0
  1343,   460,   11000000,    1798123,        0,   -9201877,          0
  1343,   461,   11000000,    1835828,        0,   -9164172,          0
  1343,   462,   11000000,    1843205,        0,   -9156795,          0
  1343,   463,   11000000,    1829787,        0,   -9170213,          0
  1343,   464,   11000000,    1824940,        0,   -9175060,          0
  1343,   465,   11000000,    1846160,        0,   -9153840,          0
  1343,   466,   11000000,    1802333,        0,   -9197667,          0
  1343,   467,   11000000,    1848264,        0,   -9151736,          0
  1343,   468,   11000000,    1838779,        0,   -9161221,          0
  1343,   469,   11000000,    1788601,        0,   -9211399,          0
  1343,   470,   11000000,    1861216,        0,   -9138784,          0
  1343,   471,   11000000,    1826371,        0,   -9173629,          0
  1343,   472,   11000000,    1846339,        0,   -9153661,          0
  1343,   473,   11000000,    1817234,        0,   -9182766,          0
  1343,   474,   11000000,    1799595,        0,   -9200405,          0
  1343,   475,   11000000,    1815210,        0,   -9184790,          0
  1343,   476,   11000000,    1827900,        0,   -9172100,          0
  1343,   477,   11000000,    1826533,        0,   -9173467,          0
  1343,   478,   11000000,    1785728,        0,   -9214272,          0
  1343,   479,   11000000,    3232429,        0,   -7767571,          0
  1343,   480,   11000000,    1822245,        0,   -9177755,          0
  1343,   481,   11000000,    1812609,        0,   -9187391,          0
  1343,   482,   11000000,    1785752,        0,   -9214248,          0
  1343,   483,   11000000,    1823140,        0,   -9176860,          0
  1343,   484,   11000000,    1792796,        0,   -9207204,          0
  1343,   485,   11000000,    1933345,        0,   -9066655,          0
  1343,   486,   11000000,    1851148,        0,   -9148852,          0
  1343,   487,   11000000,    1799450,        0,   -9200550,          0
  1343,   488,   11000000,    1849899,        0,   -9150101,          0
  1343,   489,   11000000,    1826148,        0,   -9173852,          0
  1343,   490,   11000000,    1788210,        0,   -9211790,          0
  1343,   491,   11000000,    1837202,        0,   -9162798,          0
  1343,   492,   11000000,    1832037,        0,   -9167963,          0
  1343,   493,   11000000,    1856015,        0,   -9143985,          0
  1343,   494,   11000000,    1803146,        0,   -9196854,          0
  1343,   495,   11000000,    1839652,        0,   -9160348,          0
  1343,   496,   11000000,    1805281,        0,   -9194719,          0
  1343,   497,   11000000,    1822500,        0,   -9177500,          0
  1343,   498,   11000000,    1775160,        0,   -9224840,          0
  1343,   499,   11000000,    1813792,        0,   -9186208,          0
  1343,   500,   11000000,    4545215,        0,   -6454785,          0
  1343,   501,   11000000,    3887705,        0,   -7112295,          0
  1343,   502,   11000000,    1825053,        0,   -9174947,          0
  1343,   503,   11000000,    1805209,        0,   -9194791,          0
  1343,   504,   11000000,    1806072,        0,   -9193928,          0
  1343,   505,   11000000,    1814302,        0,   -9185698,          0
  1343,   506,   11000000,    1844769,        0,   -9155231,          0
  1343,   507,   11000000,    2741684,        0,   -8258316,          0
  1343,   508,   11000000,    1960791,        0,   -9039209,          0
  1343,   509,   11000000,    1824902,        0,   -9175098,          0
  1343,   510,   11000000,    1797266,        0,   -9202734,          0
  1343,   511,   11000000,    1853393,        0,   -9146607,          0
  1343,   512,   11000000,    1960593,        0,   -9039407,          0
  1343,   513,   11000000,    1849027,        0,   -9150973,          0
  1343,   514,   11000000,    1787541,        0,   -9212459,          0
  1343,   515,   11000000,    1917897,        0,   -9082103,          0
  1343,   516,   11000000,    1845454,        0,   -9154546,          0
  1343,   517,   11000000,    1861633,        0,   -9138367,          0
  1343,   518,   11000000,    1832245,        0,   -9167755,          0
  1343,   519,   11000000,    1786810,        0,   -9213190,          0
  1343,   520,   11000000,    1808424,        0,   -9191576,          0
  1343,   521,   11000000,    1888157,        0,   -9111843,          0
  1343,   522,   11000000,    4746980,        0,   -6253020,          0
  1343,   523,   11000000,    1802626,        0,   -9197374,          0
  1343,   524,   11000000,    1793610,        0,   -9206390,          0
  1343,   525,   11000000,    1796469,        0,   -9203531,          0
  1343,   526,   11000000,    2605546,        0,   -8394454,          0
  1343,   527,   11000000,    1844027,        0,   -9155973,          0
  1343,   528,   11000000,    1816549,        0,   -9183451,          0
  1343,   529,   11000000,    1783109,        0,   -9216891,          0
  1343,   530,   11000000,    1815360,        0,   -9184640,          0
  1343,   531,   11000000,    1813317,        0,   -9186683,          0
  1343,   532,   11000000,    1789495,        0,   -9210505,          0
  1343,   533,   11000000,    1823718,        0,   -9176282,          0
  1343,   534,   11000000,    1847660,        0,   -9152340,          0
  1343,   535,   11000000,    1830916,        0,   -9169084,          0
  1343,   536,   11000000,    1790168,        0,   -9209832,          0
  1343,   537,   11000000,    1843207,        0,   -9156793,          0
  1343,   538,   11000000,    3373438,        0,   -7626562,          0
  1343,   539,   11000000,    1856839,        0,   -9143161,          0
  1343,   540,   11000000,    2169576,        0,   -8830424,          0
  1343,   541,   11000000,    1839384,        0,   -9160616,          0
  1343,   542,   11000000,    1786471,        0,   -9213529,          0
  1343,   543,   11000000,    1836100,        0,   -9163900,          0
  1343,   544,   11000000,    2697158,        0,   -8302842,          0
  1343,   545,   11000000,    1922137,        0,   -9077863,          0
  1343,   546,   11000000,    1832273,        0,   -9167727,          0
  1343,   547,   11000000,    1860664,        0,   -9139336,          0
  1343,   548,   11000000,    1837038,        0,   -9162962,          0
  1343,   549,   11000000,    1894666,        0,   -9105334,          0
  1343,   550,   11000000,    1899305,        0,   -9100695,          0
  1343,   551,   11000000,    1831395,        0,   -9168605,          0
  1343,   552,   11000000,    1838316,        0,   -9161684,          0
  1343,   553,   11000000,    1843206,        0,   -9156794,          0
  1343,   554,   11000000,    1800355,        0,   -9199645,          0
  1343,   555,   11000000,    1816967,        0,   -9183033,          0
  1343,   556,   11000000,    1789534,        0,   -9210466,          0
  1343,   557,   11000000,    1892891,        0,   -9107109,          0
  1343,   558,   11000000,    1778235,        0,   -9221765,          0
  1343,   559,   11000000,    1950126,        0,   -9049874,          0
  1343,   560,   11000000,    1807610,        0,   -9192390,          0
  1343,   561,   11000000,    1866720,        0,   -9133280,          0
  1343,   562,   11000000,    1800591,        0,   -9199409,          0
  1343,   563,   11000000,    1818280,        0,   -9181720,          0
  1343,   564,   11000000,    1786395,        0,   -9213605,          0
  1343,   565,   11000000,    1845071,        0,   -9154929,          0
  1343,   566,   11000000,    1862124,        0,   -9137876,          0
  1343,   567,   11000000,    1871544,        0,   -9128456,          0
  1343,   568,   11000000,    1811236,        0,   -9188764,          0
  1343,   569,   11000000,    1845459,        0,   -9154541,          0
  1343,   570,   11000000,    1837628,        0,   -9162372,          0
  1343,   571,   11000000,    1828668,        0,   -9171332,          0
  1343,   572,   11000000,    1806361,        0,   -9193639,          0
  1343,   573,   11000000,    1841396,        0,   -9158604,          0
  1343,   574,   11000000,    2091710,        0,   -8908290,          0
  1343,   575,   11000000,    1849593,        0,   -9150407,          0
  1343,   576,   11000000,    1800487,        0,   -9199513,          0
  1343,   577,   11000000,    1796399,        0,   -9203601,          0
  1343,   578,   11000000,    1804479,        0,   -9195521,          0
  1343,   579,   11000000,    1862129,        0,   -9137871,          0
  1343,   580,   11000000,    1792269,        0,   -9207731,          0
  1343,   581,   11000000,    1842077,        0,   -9157923,          0
  1343,   582,   11000000,    1844274,        0,   -9155726,          0
  1343,   583,   11000000,    1923047,        0,   -9076953,          0
  1343,   584,   11000000,    3408253,        0,   -7591747,          0
  1343,   585,   11000000,    1810479,        0,   -9189521,          0
  1343,   586,   11000000,    2602357,        0,   -8397643,          0
  1343,   587,   11000000,    1839929,        0,   -9160071,          0
  1343,   588,   11000000,    1844716,        0,   -9155284,          0
  1343,   589,   11000000,    1864558,        0,   -9135442,          0
  1343,   590,   11000000,    1842656,        0,   -9157344,          0
  1343,   591,   11000000,    1822689,        0,   -9177311,          0
  1343,   592,   11000000,    1811789,        0,   -9188211,          0
  1343,   593,   11000000,    1831260,        0,   -9168740,          0
  1343,   594,   11000000,    1850001,        0,   -9149999,          0
  1343,   595,   11000000,    1859976,        0,   -9140024,          0
  1343,   596,   11000000,    3195102,        0,   -7804898,          0
  1343,   597,   11000000,    1816138,        0,   -9183862,          0
  1343,   598,   11000000,    1795439,        0,   -9204561,          0
  1343,   599,   11000000,    1848231,        0,   -9151769,          0
  1343,   600,   11000000,    1805351,        0,   -9194649,          0
  1343,   601,   11000000,    1869884,        0,   -9130116,          0
  1343,   602,   11000000,    1801757,        0,   -9198243,          0
  1343,   603,   11000000,    1842237,        0,   -9157763,          0
  1343,   604,   11000000,    1799785,        0,   -9200215,          0
  1343,   605,   11000000,    1834551,        0,   -9165449,          0
  1343,   606,   11000000,    2347730,        0,   -8652270,          0
  1343,   607,   11000000,    1813623,        0,   -9186377,          0
  1343,   608,   11000000,    1824745,        0,   -9175255,          0
  1343,   609,   11000000,    1844844,        0,   -9155156,          0
  1343,   610,   11000000,    1837716,        0,   -9162284,          0
  1343,   611,   11000000,    1813937,        0,   -9186063,          0
  1343,   612,   11000000,    1838806,        0,   -9161194,          0
  1343,   613,   11000000,    1789285,        0,   -9210715,          0
  1343,   614,   11000000,    1795154,        0,   -9204846,          0
  1343,   615,   11000000,    1807987,        0,   -9192013,          0
  1343,   616,   11000000,    1859673,        0,   -9140327,          0
  1343,   617,   11000000,    1798517,        0,   -9201483,          0
  1343,   618,   11000000,    1786701,        0,   -9213299,          0
  1343,   619,   11000000,    1819845,        0,   -9180155,          0
  1343,   620,   11000000,    1803092,        0,   -9196908,          0
  1343,   621,   11000000,    1814432,        0,   -9185568,          0
  1343,   622,   11000000,    3873085,        0,   -7126915,          0
  1343,   623,   11000000,    1846257,        0,   -9153743,          0
  1343,   624,   11000000,    1829100,        0,   -9170900,          0
  1343,   625,   11000000,    1831029,        0,   -9168971,          0
  1343,   626,   11000000,    1792302,        0,   -9207698,          0
  1343,   627,   11000000,    1815915,        0,   -9184085,          0
  1343,   628,   11000000,    1859449,        0,   -9140551,          0
  1343,   629,   11000000,    1867214,        0,   -9132786,          0
  1343,   630,   11000000,    1801922,        0,   -9198078,          0
  1343,   631,   11000000,    1796557,        0,   -9203443,          0
  1343,   632,   11000000,    1837609,        0,   -9162391,          0
  1343,   633,   11000000,    1817243,        0,   -9182757,          0
  1343,   634,   11000000,    1789420,        0,   -9210580,          0
  1343,   635,   11000000,    1845375,        0,   -9154625,          0
  1343,   636,   11000000,    1830756,        0,   -9169244,          0
  1343,   637,   11000000,    1867635,        0,   -9132365,          0
  1343,   638,   11000000,    2240488,        0,   -8759512,          0
  1343,   639,   11000000,    1856160,        0,   -9143840,          0
  1343,   640,   11000000,    1832866,        0,   -9167134,          0
  1343,   641,   11000000,    1848342,        0,   -9151658,          0
  1343,   642,   11000000,    1849666,        0,   -9150334,          0
  1343,   643,   11000000,    2888509,        0,   -8111491,          0
  1343,   644,   11000000,    1824290,        0,   -9175710,          0
  1343,   645,   11000000,    1779916,        0,   -9220084,          0
  1343,   646,   11000000,    1888221,        0,   -9111779,          0
  1343,   647,   11000000,    1810329,        0,   -9189671,          0
  1343,   648,   11000000,    1893943,        0,   -9106057,          0
  1343,   649,   11000000,    2150408,        0,   -8849592,          0
  1343,   650,   11000000,    1816899,        0,   -9183101,          0
  1343,   651,   11000000,    1841736,        0,   -9158264,          0
  1343,   652,   11000000,    1859716,        0,   -9140284,          0
  1343,   653,   11000000,    1816067,        0,   -9183933,          0
  1343,   654,   11000000,    1824319,        0,   -9175681,          0
  1343,   655,   11000000,    1801975,        0,   -9198025,          0
  1343,   656,   11000000,    1817719,        0,   -9182281,          0
  1343,   657,   11000000,    1819193,        0,   -9180807,          0
  1343,   658,   11000000,    1788332,        0,   -9211668,          0
  1343,   659,   11000000,    1852498,        0,   -9147502,          0
  1343,   660,   11000000,    1849587,        0,   -9150413,          0
  1343,   661,   11000000,    1778804,        0,   -9221196,          0
  1343,   662,   11000000,    1797833,        0,   -9202167,          0
  1343,   663,   11000000,    1816321,        0,   -9183679,          0
  1343,   664,   11000000,    1895891,        0,   -9104109,          0
  1343,   665,   11000000,    2151658,        0,   -8848342,          0
  1343,   666,   11000000,    1786021,        0,   -9213979,          0
  1343,   667,   11000000,    1815568,        0,   -9184432,          0
  1343,   668,   11000000,    2860085,        0,   -8139915,          0
  1343,   669,   11000000,    1899813,        0,   -9100187,          0
  1343,   670,   11000000,    1945680,        0,   -9054320,          0
  1343,   671,   11000000,    1822767,        0,   -9177233,          0
  1343,   672,   11000000,    1847160,        0,   -9152840,          0
  1343,   673,   11000000,    1847506,        0,   -9152494,          0
  1343,   674,   11000000,    1838927,        0,   -9161073,          0
  1343,   675,   11000000,    1794190,        0,   -9205810,          0
  1343,   676,   11000000,    1792215,        0,   -9207785,          0
  1343,   677,   11000000,    1834799,        0,   -9165201,          0
  1343,   678,   11000000,    1806800,        0,   -9193200,          0
  1343,   679,   11000000,    1812426,        0,   -9187574,          0
  1343,   680,   11000000,    1812117,        0,   -9187883,          0
  1343,   681,   11000000,    1806540,        0,   -9193460,          0
  1343,   682,   11000000,    1817518,        0,   -9182482,          0
  1343,   683,   11000000,    1793271,        0,   -9206729,          0
  1343,   684,   11000000,    1843675,        0,   -9156325,          0
  1343,   685,   11000000,    1785442,        0,   -9214558,          0
  1343,   686,   11000000,    1856443,        0,   -9143557,          0
  1343,   687,   11000000,    3184258,        0,   -7815742,          0
  1343,   688,   11000000,    1850699,        0,   -9149301,          0
  1343,   689,   11000000,    1838811,        0,   -9161189,          0
  1343,   690,   11000000,    1798046,        0,   -9201954,          0
  1343,   691,   11000000,    1810380,        0,   -9189620,          0
  1343,   692,   11000000,    1864325,        0,   -9135675,          0
  1343,   693,   11000000,    1830198,        0,   -9169802,          0
  1343,   694,   11000000,    1802428,        0,   -9197572,          0
  1343,   695,   11000000,    1834679,        0,   -9165321,          0
  1343,   696,   11000000,    1853392,        0,   -9146608,          0
  1343,   697,   11000000,    1819234,        0,   -9180766,          0
  1343,   698,   11000000,    1841463,        0,   -9158537,          0
  1343,   699,   11000000,    2128316,        0,   -8871684,          0
  1343,   700,   11000000,    1836941,        0,   -9163059,          0
  1343,   701,   11000000,    1814536,        0,   -9185464,          0
  1343,   702,   11000000,    1852496,        0,   -9147504,          0
  1343,   703,   11000000,    1808962,        0,   -9191038,          0
  1343,   704,   11000000,    1791068,        0,   -9208932,          0
  1343,   705,   11000000,    1862217,        0,   -9137783,          0
  1343,   706,   11000000,    1786599,        0,   -9213401,          0
  1343,   707,   11000000,    1867174,        0,   -9132826,          0
  1343,   708,   11000000,    1788623,        0,   -9211377,          0
  1343,   709,   11000000,    1814567,        0,   -9185433,          0
  1343,   710,   11000000,    1808703,        0,   -9191297,          0
  1343,   711,   11000000,    4473290,        0,   -6526710,          0
  1343,   712,   11000000,    1809959,        0,   -9190041,          0
  1343,   713,   11000000,    1825254,        0,   -9174746,          0
  1343,   714,   11000000,    1840056,        0,   -9159944,          0
  1343,   715,   11000000,    1891440,        0,   -9108560,          0
  1343,   716,   11000000,    1852909,        0,   -9147091,          0
  1343,   717,   11000000,    1851818,        0,   -9148182,          0
  1343,   718,   11000000,    1796628,        0,   -9203372,          0
  1343,   719,   11000000,    1816196,        0,   -9183804,          0
  1343,   720,   11000000,    1810074,        0,   -9189926,          0
  1343,   721,   11000000,    1794422,        0,   -9205578,          0
  1343,   722,   11000000,    4525585,        0,   -6474415,          0
  1343,   723,   11000000,    1835087,        0,   -9164913,          0
  1343,   724,   11000000,    1841788,        0,   -9158212,          0
  1343,   725,   11000000,    1862991,        0,   -9137009,          0
  1343,   726,   11000000,    1807328,        0,   -9192672,          0
  1343,   727,   11000000,    1796161,        0,   -9203839,          0
  1343,   728,   11000000,    1850177,        0,   -9149823,          0
  1343,   729,   11000000,    1844342,        0,   -9155658,          0
  1343,   730,   11000000,    1832169,        0,   -9167831,          0
  1343,   731,   11000000,    1815779,        0,   -9184221,          0
  1343,   732,   11000000,    1921115,        0,   -9078885,          0
  1343,   733,   11000000,    1837929,        0,   -9162071,          0
  1343,   734,   11000000,    1787998,        0,   -9212002,          0
  1343,   735,   11000000,    1806870,        0,   -9193130,          0
  1343,   736,   11000000,   11804112,        1,     804112,     804112
  1343,   737,   11000000,    2622448,        0,   -8377552,          0
  1343,   738,   11000000,    2714533,        0,   -8285467,          0
  1343,   739,   11000000,    1850589,        0,   -9149411,          0
  1343,   740,   11000000,    1854089,        0,   -9145911,          0
  1343,   741,   11000000,    1794154,        0,   -9205846,          0
  1343,   742,   11000000,    1784420,        0,   -9215580,          0
  1343,   743,   11000000,    1847027,        0,   -9152973,          0
  1343,   744,   11000000,    1847168,        0,   -9152832,          0
  1343,   745,   11000000,    1849797,        0,   -9150203,          0
  1343,   746,   11000000,    1873025,        0,   -9126975,          0
  1343,   747,   11000000,    1799497,        0,   -9200503,          0
  1343,   748,   11000000,    1835978,        0,   -9164022,          0
  1343,   749,   11000000,    3970124,        0,   -7029876,          0
  1343,   750,   11000000,    1795586,        0,   -9204414,          0
  1343,   751,   11000000,    1823777,        0,   -9176223,          0
  1343,   752,   11000000,    1805793,        0,   -9194207,          0
  1343,   753,   11000000,    1835119,        0,   -9164881,          0
  1343,   754,   11000000,    1801600,        0,   -9198400,          0
  1343,   755,   11000000,    1816210,        0,   -9183790,          0
  1343,   756,   11000000,    1815707,        0,   -9184293,          0
  1343,   757,   11000000,    1799358,        0,   -9200642,          0
  1343,   758,   11000000,    1852192,        0,   -9147808,          0
  1343,   759,   11000000,    1796618,        0,   -9203382,          0
  1343,   760,   11000000,    1780024,        0,   -9219976,          0
  1343,   761,   11000000,    1850415,        0,   -9149585,          0
  1343,   762,   11000000,    1857824,        0,   -9142176,          0
  1343,   763,   11000000,    1835673,        0,   -9164327,          0
  1343,   764,   11000000,    3495121,        0,   -7504879,          0
  1343,   765,   11000000,    1810181,        0,   -9189819,          0
  1343,   766,   11000000,    1816122,        0,   -9183878,          0
  1343,   767,   11000000,    1848631,        0,   -9151369,          0
  1343,   768,   11000000,    1890894,        0,   -9109106,          0
  1343,   769,   11000000,    2674356,        0,   -8325644,          0
  1343,   770,   11000000,    1799172,        0,   -9200828,          0
  1343,   771,   11000000,    1810207,        0,   -9189793,          0
  1343,   772,   11000000,    1868092,        0,   -9131908,          0
  1343,   773,   11000000,    1815321,        0,   -9184679,          0
  1343,   774,   11000000,    1785176,        0,   -9214824,          0
  1343,   775,   11000000,    1814325,        0,   -9185675,          0
  1343,   776,   11000000,    1777727,        0,   -9222273,          0
  1343,   777,   11000000,    1813957,        0,   -9186043,          0
  1343,   778,   11000000,    1822699,        0,   -9177301,          0
  1343,   779,   11000000,    1852897,        0,   -9147103,          0
  1343,   780,   11000000,    1842210,        0,   -9157790,          0
  1343,   781,   11000000,    1801270,        0,   -9198730,          0
  1343,   782,   11000000,    1802458,        0,   -9197542,          0
  1343,   783,   11000000,    1828020,        0,   -9171980,          0
  1343,   784,   11000000,    1865646,        0,   -9134354,          0
  1343,   785,   11000000,    1843582,        0,   -9156418,          0
  1343,   786,   11000000,    1805280,        0,   -9194720,          0
  1343,   787,   11000000,    1840206,        0,   -9159794,          0
  1343,   788,   11000000,    1804128,        0,   -9195872,          0
  1343,   789,   11000000,    1835433,        0,   -9164567,          0
  1343,   790,   11000000,    2121638,        0,   -8878362,          0
  1343,   791,   11000000,    1914259,        0,   -9085741,          0
  1343,   792,   11000000,    1848853,        0,   -9151147,          0
  1343,   793,   11000000,    1874045,        0,   -9125955,          0
  1343,   794,   11000000,    1800490,        0,   -9199510,          0
  1343,   795,   11000000,    1829172,        0,   -9170828,          0
  1343,   796,   11000000,    1845950,        0,   -9154050,          0
  1343,   797,   11000000,    1847150,        0,   -9152850,          0
  1343,   798,   11000000,    1834989,        0,   -9165011,          0
  1343,   799,   11000000,    1890651,        0,   -9109349,          0
  1343,   800,   11000000,    1789420,        0,   -9210580,          0
  1343,   801,   11000000,    1814757,        0,   -9185243,          0
  1343,   802,   11000000,    1782156,        0,   -9217844,          0
  1343,   803,   11000000,    1800473,        0,   -9199527,          0
  1343,   804,   11000000,    1841830,        0,   -9158170,          0
  1343,   805,   11000000,    1788702,        0,   -9211298,          0
  1343,   806,   11000000,    3197052,        0,   -7802948,          0
  1343,   807,   11000000,    1910229,        0,   -9089771,          0
  1343,   808,   11000000,    1876087,        0,   -9123913,          0
  1343,   809,   11000000,    1849987,        0,   -9150013,          0
  1343,   810,   11000000,    1807396,        0,   -9192604,          0
  1343,   811,   11000000,    1925028,        0,   -9074972,          0
  1343,   812,   11000000,    1777413,        0,   -9222587,          0
  1343,   813,   11000000,    1857736,        0,   -9142264,          0
  1343,   814,   11000000,    1801503,        0,   -9198497,          0
  1343,   815,   11000000,    1809834,        0,   -9190166,          0
  1343,   816,   11000000,    1948006,        0,   -9051994,          0
  1343,   817,   11000000,    1823557,        0,   -9176443,          0
  1343,   818,   11000000,    1840154,        0,   -9159846,          0
  1343,   819,   11000000,    1828198,        0,   -9171802,          0
  1343,   820,   11000000,    1851878,        0,   -9148122,          0
  1343,   821,   11000000,    1808807,        0,   -9191193,          0
  1343,   822,   11000000,    1871072,        0,   -9128928,          0
  1343,   823,   11000000,    1821377,        0,   -9178623,          0
  1343,   824,   11000000,    2127656,        0,   -8872344,          0
  1343,   825,   11000000,    1777272,        0,   -9222728,          0
  1343,   826,   11000000,    1783398,        0,   -9216602,          0
  1343,   827,   11000000,    1816971,        0,   -9183029,          0
  1343,   828,   11000000,    2207321,        0,   -8792679,          0
  1343,   829,   11000000,    1782160,        0,   -9217840,          0
  1343,   830,   11000000,    1807437,        0,   -9192563,          0
  1343,   831,   11000000,    1800033,        0,   -9199967,          0
  1343,   832,   11000000,    1815545,        0,   -9184455,          0
  1343,   833,   11000000,    1834673,        0,   -9165327,          0
  1343,   834,   11000000,    4742731,        0,   -6257269,          0
  1343,   835,   11000000,    1848112,        0,   -9151888,          0
  1343,   836,   11000000,    1874176,        0,   -9125824,          0
  1343,   837,   11000000,    1878684,        0,   -9121316,          0
  1343,   838,   11000000,    1804368,        0,   -9195632,          0
  1343,   839,   11000000,    1818017,        0,   -9181983,          0
  1343,   840,   11000000,    1781436,        0,   -9218564,          0
  1343,   841,   11000000,    1849693,        0,   -9150307,          0
  1343,   842,   11000000,    1782576,        0,   -9217424,          0
  1343,   843,   11000000,    1813211,        0,   -9186789,          0
  1343,   844,   11000000,    1791800,        0,   -9208200,          0
  1343,   845,   11000000,    1836445,        0,   -9163555,          0
  1343,   846,   11000000,    1818907,        0,   -9181093,          0
  1343,   847,   11000000,    1870887,        0,   -9129113,          0
  1343,   848,   11000000,    1779686,        0,   -9220314,          0
  1343,   849,   11000000,    1851162,        0,   -9148838,          0
  1343,   850,   11000000,    3899993,        0,   -7100007,          0
  1343,   851,   11000000,    1809114,        0,   -9190886,          0
  1343,   852,   11000000,    1817949,        0,   -9182051,          0
  1343,   853,   11000000,    1790542,        0,   -9209458,          0
  1343,   854,   11000000,    1788138,        0,   -9211862,          0
  1343,   855,   11000000,    1854847,        0,   -9145153,          0
  1343,   856,   11000000,    1796036,        0,   -9203964,          0
  1343,   857,   11000000,    1812343,        0,   -9187657,          0
  1343,   858,   11000000,    1818077,        0,   -9181923,          0
  1343,   859,   11000000,    1835760,        0,   -9164240,          0
  1343,   860,   11000000,    1840516,        0,   -9159484,          0
  1343,   861,   11000000,    1871087,        0,   -9128913,          0
  1343,   862,   11000000,    1810582,        0,   -9189418,          0
  1343,   863,   11000000,    1814382,        0,   -9185618,          0
  1343,   864,   11000000,    3808088,        0,   -7191912,          0
  1343,   865,   11000000,    1785207,        0,   -9214793,          0
  1343,   866,   11000000,    1792326,        0,   -9207674,          0
  1343,   867,   11000000,    1848400,        0,   -9151600,          0
  1343,   868,   11000000,    1802681,        0,   -9197319,          0
  1343,   869,   11000000,    1827175,        0,   -9172825,          0
  1343,   870,   11000000,    2624422,        0,   -8375578,          0
  1343,   871,   11000000,    1838295,        0,   -9161705,          0
  1343,   872,   11000000,    1817262,        0,   -9182738,          0
  1343,   873,   11000000,    1873996,        0,   -9126004,          0
  1343,   874,   11000000,    1799869,        0,   -9200131,          0
  1343,   875,   11000000,    1833797,        0,   -9166203,          0
  1343,   876,   11000000,    1785304,        0,   -9214696,          0
  1343,   877,   11000000,    1818541,        0,   -9181459,          0
  1343,   878,   11000000,    1814092,        0,   -9185908,          0
  1343,   879,   11000000,    1790032,        0,   -9209968,          0
  1343,   880,   11000000,    1817185,        0,   -9182815,          0
  1343,   881,   11000000,    1812847,        0,   -9187153,          0
  1343,   882,   11000000,    1798361,        0,   -9201639,          0
  1343,   883,   11000000,    1795824,        0,   -9204176,          0
  1343,   884,   11000000,    2873412,        0,   -8126588,          0
  1343,   885,   11000000,    1834348,        0,   -9165652,          0
  1343,   886,   11000000,    1805297,        0,   -9194703,          0
  1343,   887,   11000000,    1858201,        0,   -9141799,          0
  1343,   888,   11000000,    1843946,        0,   -9156054,          0
  1343,   889,   11000000,    1881891,        0,   -9118109,          0
  1343,   890,   11000000,    1858398,        0,   -9141602,          0
  1343,   891,   11000000,    1817629,        0,   -9182371,          0
  1343,   892,   11000000,    1840907,        0,   -9159093,          0
  1343,   893,   11000000,    1853916,        0,   -9146084,          0
  1343,   894,   11000000,    2887566,        0,   -8112434,          0
  1343,   895,   11000000,    1819496,        0,   -9180504,          0
  1343,   896,   11000000,    1798882,        0,   -9201118,          0
  1343,   897,   11000000,    1838109,        0,   -9161891,          0
  1343,   898,   11000000,    1790611,        0,   -9209389,          0
  1343,   899,   11000000,    1817553,        0,   -9182447,          0
  1343,   900,   11000000,    1815047,        0,   -9184953,          0
  1343,   901,   11000000,    3040386,        0,   -7959614,          0
  1343,   902,   11000000,    2917032,        0,   -8082968,          0
  1343,   903,   11000000,    1813748,        0,   -9186252,          0
  1343,   904,   11000000,    1796134,        0,   -9203866,          0
  1343,   905,   11000000,    1814436,        0,   -9185564,          0
  1343,   906,   11000000,    1802047,        0,   -9197953,          0
  1343,   907,   11000000,    4350719,        0,   -6649281,          0
  1343,   908,   11000000,    1851653,        0,   -9148347,          0
  1343,   909,   11000000,    1788228,        0,   -9211772,          0
  1343,   910,   11000000,    1791380,        0,   -9208620,          0
  1343,   911,   11000000,    1813001,        0,   -9186999,          0
  1343,   912,   11000000,    1854848,        0,   -9145152,          0
  1343,   913,   11000000,    1821847,        0,   -9178153,          0
# task NAME=myapp PID=1348 COST=14785000 PERIOD=78000000 CPU=0
  1348,     2,   78000000,      20603,        0,  -77979397,          0
  1348,     3,   78000000,     179138,        0,  -77820862,          0
  1348,     4,   78000000,   16627377,        0,  -61372623,          0
  1348,     5,   78000000,   14989958,        0,  -63010042,          0
  1348,     6,   78000000,   14729934,        0,  -63270066,          0
  1348,     7,   78000000,   14693216,        0,  -63306784,          0
  1348,     8,   78000000,   14689015,        0,  -63310985,          0
  1348,     9,   78000000,   14708048,        0,  -63291952,          0
  1348,    10,   78000000,   14746733,        0,  -63253267,          0
  1348,    11,   78000000,   14753120,        0,  -63246880,          0
  1348,    12,   78000000,   14700187,        0,  -63299813,          0
  1348,    13,   78000000,   14989754,        0,  -63010246,          0
  1348,    14,   78000000,   14734186,        0,  -63265814,          0
  1348,    15,   78000000,   14682508,        0,  -63317492,          0
  1348,    16,   78000000,   14686062,        0,  -63313938,          0
  1348,    17,   78000000,   14692789,        0,  -63307211,          0
  1348,    18,   78000000,   14724198,        0,  -63275802,          0
  1348,    19,   78000000,   14725007,        0,  -63274993,          0
  1348,    20,   78000000,   14707264,        0,  -63292736,          0
  1348,    21,   78000000,   15030978,        0,  -62969022,          0
  1348,    22,   78000000,   18644097,        0,  -59355903,          0
  1348,    23,   78000000,   14720518,        0,  -63279482,          0
  1348,    24,   78000000,   14730541,        0,  -63269459,          0
  1348,    25,   78000000,   14802926,        0,  -63197074,          0
  1348,    26,   78000000,   14903779,        0,  -63096221,          0
  1348,    27,   78000000,   14688537,        0,  -63311463,          0
  1348,    28,   78000000,   14726714,        0,  -63273286,          0
  1348,    29,   78000000,   14995800,        0,  -63004200,          0
  1348,    30,   78000000,   14711595,        0,  -63288405,          0
  1348,    31,   78000000,   14871812,        0,  -63128188,          0
  1348,    32,   78000000,   21110249,        0,  -56889751,          0
  1348,    33,   78000000,   14717732,        0,  -63282268,          0
  1348,    34,   78000000,   14719724,        0,  -63280276,          0
  1348,    35,   78000000,   14702421,        0,  -63297579,          0
  1348,    36,   78000000,   14744684,        0,  -63255316,          0
  1348,    37,   78000000,   18632895,        0,  -59367105,          0
  1348,    38,   78000000,   14738592,        0,  -63261408,          0
  1348,    39,   78000000,   14711411,        0,  -63288589,          0
  1348,    40,   78000000,   14703898,        0,  -63296102,          0
  1348,    41,   78000000,   14711912,        0,  -63288088,          0
  1348,    42,   78000000,   14706589,        0,  -63293411,          0
  1348,    43,   78000000,   14699774,        0,  -63300226,          0
  1348,    44,   78000000,   14722230,        0,  -63277770,          0
  1348,    45,   78000000,   15041639,        0,  -62958361,          0
  1348,    46,   78000000,   14717994,        0,  -63282006,          0
  1348,    47,   78000000,   14756606,        0,  -63243394,          0
  1348,    48,   78000000,   14690556,        0,  -63309444,          0
  1348,    49,   78000000,   14729310,        0,  -63270690,          0
  1348,    50,   78000000,   14711521,        0,  -63288479,          0
  1348,    51,   78000000,   14778735,        0,  -63221265,          0
  1348,    52,   78000000,   14753507,        0,  -63246493,          0
  1348,    53,   78000000,   14997651,        0,  -63002349,          0
  1348,    54,   78000000,   14727098,        0,  -63272902,          0
  1348,    55,   78000000,   14720448,        0,  -63279552,          0
  1348,    56,   78000000,   14730202,        0,  -63269798,          0
  1348,    57,   78000000,   14752189,        0,  -63247811,          0
  1348,    58,   78000000,   14758625,        0,  -63241375,          0
  1348,    59,   78000000,   14708515,        0,  -63291485,          0
  1348,    60,   78000000,   14738815,        0,  -63261185,          0
  1348,    61,   78000000,   15028388,        0,  -62971612,          0
  1348,    62,   78000000,   14723255,        0,  -63276745,          0
  1348,    63,   78000000,   14747375,        0,  -63252625,          0
  1348,    64,   78000000,   14693554,        0,  -63306446,          0
  1348,    65,   78000000,   14714903,        0,  -63285097,          0
  1348,    66,   78000000,   14712018,        0,  -63287982,          0
  1348,    67,   78000000,   14721986,        0,  -63278014,          0
  1348,    68,   78000000,   14736518,        0,  -63263482,          0
  1348,    69,   78000000,   15015540,        0,  -62984460,          0
  1348,    70,   78000000,   15482793,        0,  -62517207,          0
  1348,    71,   78000000,   16795472,        0,  -61204528,          0
  1348,    72,   78000000,   14726222,        0,  -63273778,          0
  1348,    73,   78000000,   14738803,        0,  -63261197,          0
  1348,    74,   78000000,   15077027,        0,  -62922973,          0
  1348,    75,   78000000,   14722085,        0,  -63277915,          0
  1348,    76,   78000000,   14684721,        0,  -63315279,          0
  1348,    77,   78000000,   15026661,        0,  -62973339,          0
  1348,    78,   78000000,   14715738,        0,  -63284262,          0
  1348,    79,   78000000,   14725619,        0,  -63274381,          0
  1348,    80,   78000000,   14784057,        0,  -63215943,          0
  1348,    81,   78000000,   14688058,        0,  -63311942,          0
  1348,    82,   78000000,   14735368,        0,  -63264632,          0
  1348,    83,   78000000,   14718534,        0,  -63281466,          0
  1348,    84,   78000000,   14710941,        0,  -63289059,          0
  1348,    85,   78000000,   14992708,        0,  -63007292,          0
  1348,    86,   78000000,   14772506,        0,  -63227494,          0
  1348,    87,   78000000,   14744608,        0,  -63255392,          0
  1348,    88,   78000000,   18614498,        0,  -59385502,          0
  1348,    89,   78000000,   14724729,        0,  -63275271,          0
  1348,    90,   78000000,   14727436,        0,  -63272564,          0
  1348,    91,   78000000,   14706776,        0,  -63293224,          0
  1348,    92,   78000000,   14692718,        0,  -63307282,          0
  1348,    93,   78000000,   15023819,        0,  -62976181,          0
  1348,    94,   78000000,   15772820,        0,  -62227180,          0
  1348,    95,   78000000,   14730211,        0,  -63269789,          0
  1348,    96,   78000000,   14757811,        0,  -63242189,          0
  1348,    97,   78000000,   14742001,        0,  -63257999,          0
  1348,    98,   78000000,   14776306,        0,  -63223694,          0
  1348,    99,   78000000,   14695500,        0,  -63304500,          0
  1348,   100,   78000000,   14691933,        0,  -63308067,          0
  1348,   101,   78000000,   14995449,        0,  -63004551,          0
  1348,   102,   78000000,   14738751,        0,  -63261249,          0
  1348,   103,   78000000,   16080040,        0,  -61919960,          0
  1348,   104,   78000000,   14685618,        0,  -63314382,          0
  1348,   105,   78000000,   14727221,        0,  -63272779,          0
  1348,   106,   78000000,   14714479,        0,  -63285521,          0
  1348,   107,   78000000,   14707052,        0,  -63292948,          0
  1348,   108,   78000000,   14778306,        0,  -63221694,          0
  1348,   109,   78000000,   15327171,        0,  -62672829,          0
  1348,   110,   78000000,   14704090,        0,  -63295910,          0
  1348,   111,   78000000,   14703331,        0,  -63296669,          0
  1348,   112,   78000000,   15288378,        0,  -62711622,          0
  1348,   113,   78000000,   14718045,        0,  -63281955,          0
  1348,   114,   78000000,   22510325,        0,  -55489675,          0
  1348,   115,   78000000,   14798104,        0,  -63201896,          0
  1348,   116,   78000000,   14715186,        0,  -63284814,          0
  1348,   117,   78000000,   14888123,        0,  -63111877,          0
  1348,   118,   78000000,   14730400,        0,  -63269600,          0
  1348,   119,   78000000,   14751836,        0,  -63248164,          0
  1348,   120,   78000000,   14684973,        0,  -63315027,          0
  1348,   121,   78000000,   14721681,        0,  -63278319,          0
  1348,   122,   78000000,   15015647,        0,  -62984353,          0
  1348,   123,   78000000,   14758033,        0,  -63241967,          0
  1348,   124,   78000000,   14756123,        0,  -63243877,          0
  1348,   125,   78000000,   14700775,        0,  -63299225,          0
  1348,   126,   78000000,   16608507,        0,  -61391493,          0
  1348,   127,   78000000,   14727699,        0,  -63272301,          0
  1348,   128,   78000000,   14714087,        0,  -63285913,          0
  1348,   129,   78000000,   14710330,        0,  -63289670,          0
  1348,   130,   78000000,   15012966,        0,  -62987034,          0
  1348,   131,   78000000,   14703187,        0,  -63296813,          0
  1348,   132,   78000000,   14754464,        0,  -63245536,          0
# task NAME=myapp PID=1353 COST=4298000 PERIOD=69000000 CPU=0
  1353,     2,   69000000,       6763,        0,  -68993237,          0
  1353,     3,   69000000,     159281,        0,  -68840719,          0
  1353,     4,   69000000,    4333222,        0,  -64666778,          0
  1353,     5,   69000000,    6258645,        0,  -62741355,          0
  1353,     6,   69000000,    4355669,        0,  -64644331,          0
  1353,     7,   69000000,    4377076,        0,  -64622924,          0
  1353,     8,   69000000,    4309709,        0,  -64690291,          0
  1353,     9,   69000000,    4370390,        0,  -64629610,          0
  1353,    10,   69000000,    7065504,        0,  -61934496,          0
  1353,    11,   69000000,    4350644,        0,  -64649356,          0
  1353,    12,   69000000,    4365148,        0,  -64634852,          0
  1353,    13,   69000000,    4349868,        0,  -64650132,          0
  1353,    14,   69000000,    4326612,        0,  -64673388,          0
  1353,    15,   69000000,    4329028,        0,  -64670972,          0
  1353,    16,   69000000,    4371104,        0,  -64628896,          0
  1353,    17,   69000000,    4405692,        0,  -64594308,          0
  1353,    18,   69000000,    4302990,        0,  -64697010,          0
  1353,    19,   69000000,    4302254,        0,  -64697746,          0
  1353,    20,   69000000,    4303610,        0,  -64696390,          0
  1353,    21,   69000000,    4333776,        0,  -64666224,          0
  1353,    22,   69000000,    4333172,        0,  -64666828,          0
  1353,    23,   69000000,    4337835,        0,  -64662165,          0
  1353,    24,   69000000,    4383478,        0,  -64616522,          0
  1353,    25,   69000000,    4366001,        0,  -64633999,          0
  1353,    26,   69000000,    4345325,        0,  -64654675,          0
  1353,    27,   69000000,    4613457,        0,  -64386543,          0
  1353,    28,   69000000,    4345036,        0,  -64654964,          0
  1353,    29,   69000000,    5163418,        0,  -63836582,          0
  1353,    30,   69000000,    4306885,        0,  -64693115,          0
  1353,    31,   69000000,    4305852,        0,  -64694148,          0
  1353,    32,   69000000,    4333621,        0,  -64666379,          0
  1353,    33,   69000000,    5543818,        0,  -63456182,          0
  1353,    34,   69000000,    4306859,        0,  -64693141,          0
  1353,    35,   69000000,    4340039,        0,  -64659961,          0
  1353,    36,   69000000,    4698503,        0,  -64301497,          0
  1353,    37,   69000000,    4312247,        0,  -64687753,          0
  1353,    38,   69000000,    4365536,        0,  -64634464,          0
  1353,    39,   69000000,    4506777,        0,  -64493223,          0
  1353,    40,   69000000,    4354286,        0,  -64645714,          0
  1353,    41,   69000000,    4334659,        0,  -64665341,          0
  1353,    42,   69000000,    4342557,        0,  -64657443,          0
  1353,    43,   69000000,    4326518,        0,  -64673482,          0
  1353,    44,   69000000,    4352443,        0,  -64647557,          0
  1353,    45,   69000000,    4339803,        0,  -64660197,          0
  1353,    46,   69000000,    4341331,        0,  -64658669,          0
  1353,    47,   69000000,    4384155,        0,  -64615845,          0
  1353,    48,   69000000,    4305593,        0,  -64694407,          0
  1353,    49,   69000000,    4313737,        0,  -64686263,          0
  1353,    50,   69000000,    4372018,        0,  -64627982,          0
  1353,    51,   69000000,    4317703,        0,  -64682297,          0
  1353,    52,   69000000,    5313774,        0,  -63686226,          0
  1353,    53,   69000000,    4375140,        0,  -64624860,          0
  1353,    54,   69000000,    4390526,        0,  -64609474,          0
  1353,    55,   69000000,    4344817,        0,  -64655183,          0
  1353,    56,   69000000,    4626243,        0,  -64373757,          0
  1353,    57,   69000000,    7228835,        0,  -61771165,          0
  1353,    58,   69000000,    4382097,        0,  -64617903,          0
  1353,    59,   69000000,    4441763,        0,  -64558237,          0
  1353,    60,   69000000,    4305112,        0,  -64694888,          0
  1353,    61,   69000000,    4318090,        0,  -64681910,          0
  1353,    62,   69000000,    4330828,        0,  -64669172,          0
  1353,    63,   69000000,    4395574,        0,  -64604426,          0
  1353,    64,   69000000,    4359971,        0,  -64640029,          0
  1353,    65,   69000000,    4615956,        0,  -64384044,          0
  1353,    66,   69000000,    4367240,        0,  -64632760,          0
  1353,    67,   69000000,    4361422,        0,  -64638578,          0
  1353,    68,   69000000,    4334518,        0,  -64665482,          0
  1353,    69,   69000000,    4367630,        0,  -64632370,          0
  1353,    70,   69000000,    4346632,        0,  -64653368,          0
  1353,    71,   69000000,    4371969,        0,  -64628031,          0
  1353,    72,   69000000,    4349409,        0,  -64650591,          0
  1353,    73,   69000000,    7267654,        0,  -61732346,          0
  1353,    74,   69000000,    4355408,        0,  -64644592,          0
  1353,    75,   69000000,    4371915,        0,  -64628085,          0
  1353,    76,   69000000,    4360771,        0,  -64639229,          0
  1353,    77,   69000000,    4328121,        0,  -64671879,          0
  1353,    78,   69000000,    4351954,        0,  -64648046,          0
  1353,    79,   69000000,    4345959,        0,  -64654041,          0
  1353,    80,   69000000,    4398014,        0,  -64601986,          0
  1353,    81,   69000000,    4355658,        0,  -64644342,          0
  1353,    82,   69000000,    4316147,        0,  -64683853,          0
  1353,    83,   69000000,    4308310,        0,  -64691690,          0
  1353,    84,   69000000,    4322411,        0,  -64677589,          0
  1353,    85,   69000000,    4335297,        0,  -64664703,          0
  1353,    86,   69000000,    4356317,        0,  -64643683,          0
  1353,    87,   69000000,    4352117,        0,  -64647883,          0
  1353,    88,   69000000,    4339211,        0,  -64660789,          0
  1353,    89,   69000000,    4360238,        0,  -64639762,          0
  1353,    90,   69000000,    4371986,        0,  -64628014,          0
  1353,    91,   69000000,    4324849,        0,  -64675151,          0
  1353,    92,   69000000,    4388463,        0,  -64611537,          0
  1353,    93,   69000000,    4332758,        0,  -64667242,          0
  1353,    94,   69000000,    4664358,        0,  -64335642,          0
  1353,    95,   69000000,    5191336,        0,  -63808664,          0
  1353,    96,   69000000,    4388846,        0,  -64611154,          0
  1353,    97,   69000000,    4342998,        0,  -64657002,          0
  1353,    98,   69000000,    4361166,        0,  -64638834,          0
  1353,    99,   69000000,    4306986,        0,  -64693014,          0
  1353,   100,   69000000,    4302866,        0,  -64697134,          0
  1353,   101,   69000000,    4340711,        0,  -64659289,          0
  1353,   102,   69000000,    4330320,        0,  -64669680,          0
  1353,   103,   69000000,    4330191,        0,  -64669809,          0
  1353,   104,   69000000,    4593089,        0,  -64406911,          0
  1353,   105,   69000000,    4323137,        0,  -64676863,          0
  1353,   106,   69000000,    4404879,        0,  -64595121,          0
  1353,   107,   69000000,    4342566,        0,  -64657434,          0
  1353,   108,   69000000,    4363591,        0,  -64636409,          0
  1353,   109,   69000000,    6850478,        0,  -62149522,          0
  1353,   110,   69000000,    4300901,        0,  -64699099,          0
  1353,   111,   69000000,    4371076,        0,  -64628924,          0
  1353,   112,   69000000,    4369661,        0,  -64630339,          0
  1353,   113,   69000000,    4404432,        0,  -64595568,          0
  1353,   114,   69000000,    4294458,        0,  -64705542,          0
  1353,   115,   69000000,    4338394,        0,  -64661606,          0
  1353,   116,   69000000,    4356481,        0,  -64643519,          0
  1353,   117,   69000000,    4351723,        0,  -64648277,          0
  1353,   118,   69000000,    4391919,        0,  -64608081,          0
  1353,   119,   69000000,    7421802,        0,  -61578198,          0
  1353,   120,   69000000,    4290346,        0,  -64709654,          0
  1353,   121,   69000000,    4302905,        0,  -64697095,          0
  1353,   122,   69000000,    4400747,        0,  -64599253,          0
  1353,   123,   69000000,    4612404,        0,  -64387596,          0
  1353,   124,   69000000,    4369505,        0,  -64630495,          0
  1353,   125,   69000000,    4328840,        0,  -64671160,          0
  1353,   126,   69000000,    4316791,        0,  -64683209,          0
  1353,   127,   69000000,    4329269,        0,  -64670731,          0
  1353,   128,   69000000,    5146076,        0,  -63853924,          0
  1353,   129,   69000000,    4387245,        0,  -64612755,          0
  1353,   130,   69000000,    4368808,        0,  -64631192,          0
  1353,   131,   69000000,    4478951,        0,  -64521049,          0
  1353,   132,   69000000,    5251574,        0,  -63748426,          0
  1353,   133,   69000000,    4355361,        0,  -64644639,          0
  1353,   134,   69000000,    4328588,        0,  -64671412,          0
  1353,   135,   69000000,    4317506,        0,  -64682494,          0
  1353,   136,   69000000,    4364633,        0,  -64635367,          0
  1353,   137,   69000000,    4378748,        0,  -64621252,          0
  1353,   138,   69000000,    4389133,        0,  -64610867,          0
  1353,   139,   69000000,    5097753,        0,  -63902247,          0
  1353,   140,   69000000,    4305715,        0,  -64694285,          0
  1353,   141,   69000000,    4322249,        0,  -64677751,          0
  1353,   142,   69000000,    4296948,        0,  -64703052,          0
  1353,   143,   69000000,    4357944,        0,  -64642056,          0
  1353,   144,   69000000,    4356445,        0,  -64643555,          0
  1353,   145,   69000000,    4388395,        0,  -64611605,          0
  1353,   146,   69000000,    4337643,        0,  -64662357,          0
  1353,   147,   69000000,    4387267,        0,  -64612733,          0
  1353,   148,   69000000,    7967788,        0,  -61032212,          0
