110 37 73
117 39 78
106 37 69
196 61 135
438 111 327
375 110 265
349 90 259
133 42 91
126 41 85
137 44 93
280 79 201
560 133 427
211 67 144
482 99 383
307 86 221
631 120 511
133 37 96
158 56 102
124 41 83
200 62 138
917 196 721
184 55 129
140 51 89
180 46 134
110 35 75
148 45 103
228 62 166
213 71 142
593 133 460
277 76 201
839 150 689
187 56 131
111 36 75
133 53 80
256 65 191
193 57 136
149 44 105
774 149 625
438 100 338
110 33 77
290 87 203
276 69 207
177 52 125
116 42 74
316 81 235
125 41 84
485 112 373
529 114 415
119 38 81
124 36 88
208 54 154
145 51 94
204 56 148
155 46 109
174 45 129
105 39 66
307 89 218
629 140 489
115 41 74
256 76 180
392 85 307
339 88 251
172 49 123
298 88 210
373 112 261
420 110 310
172 53 119
631 128 503
106 34 72
222 62 160
210 71 139
180 57 123
161 59 102
144 46 98
126 38 88
231 60 171
109 40 69
115 37 78
151 59 92
115 39 76
160 41 119
248 73 175
