# Task,   Job,     Period,   Response, DL Miss?,   Lateness,  Tardiness
# task NAME=myapp PID=15848 COST=20358000 PERIOD=64000000 CPU=0
 15848,     2,   64000000,      11473,        0,  -63988527,          0
 15848,     3,   64000000,      81063,        0,  -63918937,          0
 15848,     4,   64000000,   36029200,        0,  -27970800,          0
 15848,     5,   64000000,   36109410,        0,  -27890590,          0
 15848,     6,   64000000,   36178234,        0,  -27821766,          0
 15848,     7,   64000000,   36144722,        0,  -27855278,          0
 15848,     8,   64000000,   36138904,        0,  -27861096,          0
 15848,     9,   64000000,   36153122,        0,  -27846878,          0
 15848,    10,   64000000,   36083981,        0,  -27916019,          0
 15848,    11,   64000000,   36213683,        0,  -27786317,          0
 15848,    12,   64000000,   36372812,        0,  -27627188,          0
 15848,    13,   64000000,   36181779,        0,  -27818221,          0
 15848,    14,   64000000,   36290171,        0,  -27709829,          0
 15848,    15,   64000000,   36216806,        0,  -27783194,          0
 15848,    16,   64000000,   36075868,        0,  -27924132,          0
 15848,    17,   64000000,   36020478,        0,  -27979522,          0
 15848,    18,   64000000,   36027811,        0,  -27972189,          0
 15848,    19,   64000000,   36060402,        0,  -27939598,          0
 15848,    20,   64000000,   36346846,        0,  -27653154,          0
 15848,    21,   64000000,   36137726,        0,  -27862274,          0
 15848,    22,   64000000,   36349390,        0,  -27650610,          0
 15848,    23,   64000000,   36088813,        0,  -27911187,          0
 15848,    24,   64000000,   36453912,        0,  -27546088,          0
 15848,    25,   64000000,   36168835,        0,  -27831165,          0
 15848,    26,   64000000,   36199345,        0,  -27800655,          0
 15848,    27,   64000000,   36172403,        0,  -27827597,          0
 15848,    28,   64000000,   37514543,        0,  -26485457,          0
 15848,    29,   64000000,   36142000,        0,  -27858000,          0
 15848,    30,   64000000,   36386664,        0,  -27613336,          0
 15848,    31,   64000000,   36192303,        0,  -27807697,          0
 15848,    32,   64000000,   36065555,        0,  -27934445,          0
 15848,    33,   64000000,   36108577,        0,  -27891423,          0
 15848,    34,   64000000,   36154466,        0,  -27845534,          0
 15848,    35,   64000000,   38249955,        0,  -25750045,          0
 15848,    36,   64000000,   36269041,        0,  -27730959,          0
 15848,    37,   64000000,   36077905,        0,  -27922095,          0
 15848,    38,   64000000,   36111503,        0,  -27888497,          0
 15848,    39,   64000000,   36108528,        0,  -27891472,          0
 15848,    40,   64000000,   36085172,        0,  -27914828,          0
 15848,    41,   64000000,   36123794,        0,  -27876206,          0
 15848,    42,   64000000,   36100436,        0,  -27899564,          0
 15848,    43,   64000000,   36133292,        0,  -27866708,          0
 15848,    44,   64000000,   36194898,        0,  -27805102,          0
 15848,    45,   64000000,   36148734,        0,  -27851266,          0
 15848,    46,   64000000,   36084877,        0,  -27915123,          0
 15848,    47,   64000000,   36163847,        0,  -27836153,          0
 15848,    48,   64000000,   36172532,        0,  -27827468,          0
 15848,    49,   64000000,   36079632,        0,  -27920368,          0
 15848,    50,   64000000,   36024322,        0,  -27975678,          0
 15848,    51,   64000000,   38109230,        0,  -25890770,          0
 15848,    52,   64000000,   36079924,        0,  -27920076,          0
 15848,    53,   64000000,   36257605,        0,  -27742395,          0
 15848,    54,   64000000,   36212271,        0,  -27787729,          0
 15848,    55,   64000000,   36082554,        0,  -27917446,          0
 15848,    56,   64000000,   36113096,        0,  -27886904,          0
 15848,    57,   64000000,   36180198,        0,  -27819802,          0
 15848,    58,   64000000,   38139231,        0,  -25860769,          0
 15848,    59,   64000000,   36502208,        0,  -27497792,          0
 15848,    60,   64000000,   36170964,        0,  -27829036,          0
 15848,    61,   64000000,   36337410,        0,  -27662590,          0
 15848,    62,   64000000,   36209155,        0,  -27790845,          0
 15848,    63,   64000000,   36093180,        0,  -27906820,          0
 15848,    64,   64000000,   36089090,        0,  -27910910,          0
 15848,    65,   64000000,   37436469,        0,  -26563531,          0
 15848,    66,   64000000,   36073729,        0,  -27926271,          0
 15848,    67,   64000000,   36338409,        0,  -27661591,          0
 15848,    68,   64000000,   36130303,        0,  -27869697,          0
 15848,    69,   64000000,   36402078,        0,  -27597922,          0
 15848,    70,   64000000,   36149749,        0,  -27850251,          0
 15848,    71,   64000000,   36256754,        0,  -27743246,          0
 15848,    72,   64000000,   36076895,        0,  -27923105,          0
 15848,    73,   64000000,   38189992,        0,  -25810008,          0
 15848,    74,   64000000,   37777854,        0,  -26222146,          0
 15848,    75,   64000000,   36436845,        0,  -27563155,          0
 15848,    76,   64000000,   36190153,        0,  -27809847,          0
 15848,    77,   64000000,   36096979,        0,  -27903021,          0
 15848,    78,   64000000,   36066636,        0,  -27933364,          0
 15848,    79,   64000000,   36233151,        0,  -27766849,          0
 15848,    80,   64000000,   36182470,        0,  -27817530,          0
 15848,    81,   64000000,   36104959,        0,  -27895041,          0
 15848,    82,   64000000,   36132049,        0,  -27867951,          0
 15848,    83,   64000000,   36076108,        0,  -27923892,          0
 15848,    84,   64000000,   35935817,        0,  -28064183,          0
 15848,    85,   64000000,   36091526,        0,  -27908474,          0
 15848,    86,   64000000,   38210230,        0,  -25789770,          0
 15848,    87,   64000000,   36108720,        0,  -27891280,          0
 15848,    88,   64000000,   36163278,        0,  -27836722,          0
 15848,    89,   64000000,   38149272,        0,  -25850728,          0
 15848,    90,   64000000,   36124469,        0,  -27875531,          0
 15848,    91,   64000000,   36079950,        0,  -27920050,          0
 15848,    92,   64000000,   38118357,        0,  -25881643,          0
 15848,    93,   64000000,   36047023,        0,  -27952977,          0
 15848,    94,   64000000,   38391806,        0,  -25608194,          0
 15848,    95,   64000000,   36225261,        0,  -27774739,          0
 15848,    96,   64000000,   36153408,        0,  -27846592,          0
 15848,    97,   64000000,   38094078,        0,  -25905922,          0
 15848,    98,   64000000,   36356234,        0,  -27643766,          0
 15848,    99,   64000000,   36147809,        0,  -27852191,          0
 15848,   100,   64000000,   36443343,        0,  -27556657,          0
 15848,   101,   64000000,   36133551,        0,  -27866449,          0
 15848,   102,   64000000,   38161170,        0,  -25838830,          0
 15848,   103,   64000000,   36028210,        0,  -27971790,          0
 15848,   104,   64000000,   38133823,        0,  -25866177,          0
 15848,   105,   64000000,   36154207,        0,  -27845793,          0
 15848,   106,   64000000,   36393200,        0,  -27606800,          0
 15848,   107,   64000000,   36095004,        0,  -27904996,          0
 15848,   108,   64000000,   36404044,        0,  -27595956,          0
 15848,   109,   64000000,   36109275,        0,  -27890725,          0
 15848,   110,   64000000,   36077537,        0,  -27922463,          0
 15848,   111,   64000000,   36031219,        0,  -27968781,          0
 15848,   112,   64000000,   36184355,        0,  -27815645,          0
 15848,   113,   64000000,   36077208,        0,  -27922792,          0
 15848,   114,   64000000,   36427297,        0,  -27572703,          0
 15848,   115,   64000000,   36162476,        0,  -27837524,          0
 15848,   116,   64000000,   36374736,        0,  -27625264,          0
 15848,   117,   64000000,   36092092,        0,  -27907908,          0
 15848,   118,   64000000,   36430384,        0,  -27569616,          0
 15848,   119,   64000000,   36126265,        0,  -27873735,          0
 15848,   120,   64000000,   36067581,        0,  -27932419,          0
 15848,   121,   64000000,   36136102,        0,  -27863898,          0
 15848,   122,   64000000,   36252525,        0,  -27747475,          0
 15848,   123,   64000000,   36121943,        0,  -27878057,          0
 15848,   124,   64000000,   36116921,        0,  -27883079,          0
 15848,   125,   64000000,   36167110,        0,  -27832890,          0
 15848,   126,   64000000,   36197033,        0,  -27802967,          0
 15848,   127,   64000000,   38178637,        0,  -25821363,          0
 15848,   128,   64000000,   36036625,        0,  -27963375,          0
 15848,   129,   64000000,   36103315,        0,  -27896685,          0
 15848,   130,   64000000,   36068713,        0,  -27931287,          0
 15848,   131,   64000000,   36053366,        0,  -27946634,          0
 15848,   132,   64000000,   36170238,        0,  -27829762,          0
 15848,   133,   64000000,   36194203,        0,  -27805797,          0
 15848,   134,   64000000,   36094267,        0,  -27905733,          0
 15848,   135,   64000000,   36193204,        0,  -27806796,          0
 15848,   136,   64000000,   36189457,        0,  -27810543,          0
 15848,   137,   64000000,   36409966,        0,  -27590034,          0
 15848,   138,   64000000,   38097579,        0,  -25902421,          0
 15848,   139,   64000000,   36400838,        0,  -27599162,          0
 15848,   140,   64000000,   36147574,        0,  -27852426,          0
 15848,   141,   64000000,   36454609,        0,  -27545391,          0
 15848,   142,   64000000,   36220674,        0,  -27779326,          0
 15848,   143,   64000000,   36092177,        0,  -27907823,          0
 15848,   144,   64000000,   36108195,        0,  -27891805,          0
 15848,   145,   64000000,   36424180,        0,  -27575820,          0
 15848,   146,   64000000,   36109305,        0,  -27890695,          0
 15848,   147,   64000000,   36341580,        0,  -27658420,          0
 15848,   148,   64000000,   36049659,        0,  -27950341,          0
 15848,   149,   64000000,   36185175,        0,  -27814825,          0
 15848,   150,   64000000,   35979337,        0,  -28020663,          0
 15848,   151,   64000000,   36457880,        0,  -27542120,          0
 15848,   152,   64000000,   36084318,        0,  -27915682,          0
 15848,   153,   64000000,   37065702,        0,  -26934298,          0
 15848,   154,   64000000,   36106970,        0,  -27893030,          0
 15848,   155,   64000000,   37071485,        0,  -26928515,          0
 15848,   156,   64000000,   36110913,        0,  -27889087,          0
 15848,   157,   64000000,   36173560,        0,  -27826440,          0
 15848,   158,   64000000,   36244204,        0,  -27755796,          0
 15848,   159,   64000000,   36158820,        0,  -27841180,          0
 15848,   160,   64000000,   36103412,        0,  -27896588,          0
# task NAME=myapp PID=15852 COST=16474000 PERIOD=46000000 CPU=0
 15852,     2,   46000000,      14427,        0,  -45985573,          0
 15852,     3,   46000000,     122566,        0,  -45877434,          0
 15852,     4,   46000000,   26386778,        0,  -19613222,          0
 15852,     5,   46000000,   30673162,        0,  -15326838,          0
 15852,     6,   46000000,   26350565,        0,  -19649435,          0
 15852,     7,   46000000,   30420834,        0,  -15579166,          0
 15852,     8,   46000000,   26364706,        0,  -19635294,          0
 15852,     9,   46000000,   28374534,        0,  -17625466,          0
 15852,    10,   46000000,   26366838,        0,  -19633162,          0
 15852,    11,   46000000,   28451179,        0,  -17548821,          0
 15852,    12,   46000000,   27407889,        0,  -18592111,          0
 15852,    13,   46000000,   28412170,        0,  -17587830,          0
 15852,    14,   46000000,   27592674,        0,  -18407326,          0
 15852,    15,   46000000,   28418171,        0,  -17581829,          0
 15852,    16,   46000000,   28694366,        0,  -17305634,          0
 15852,    17,   46000000,   28338206,        0,  -17661794,          0
 15852,    18,   46000000,   27457954,        0,  -18542046,          0
 15852,    19,   46000000,   28434012,        0,  -17565988,          0
 15852,    20,   46000000,   26390194,        0,  -19609806,          0
 15852,    21,   46000000,   28388735,        0,  -17611265,          0
 15852,    22,   46000000,   26438156,        0,  -19561844,          0
 15852,    23,   46000000,   28370745,        0,  -17629255,          0
 15852,    24,   46000000,   29145802,        0,  -16854198,          0
 15852,    25,   46000000,   28394714,        0,  -17605286,          0
 15852,    26,   46000000,   26392439,        0,  -19607561,          0
 15852,    27,   46000000,   30944979,        0,  -15055021,          0
 15852,    28,   46000000,   26452548,        0,  -19547452,          0
 15852,    29,   46000000,   28440032,        0,  -17559968,          0
 15852,    30,   46000000,   26382290,        0,  -19617710,          0
 15852,    31,   46000000,   28356649,        0,  -17643351,          0
 15852,    32,   46000000,   28699707,        0,  -17300293,          0
 15852,    33,   46000000,   28351885,        0,  -17648115,          0
 15852,    34,   46000000,   26441565,        0,  -19558435,          0
 15852,    35,   46000000,   28390137,        0,  -17609863,          0
 15852,    36,   46000000,   26430502,        0,  -19569498,          0
 15852,    37,   46000000,   28440629,        0,  -17559371,          0
 15852,    38,   46000000,   26630550,        0,  -19369450,          0
 15852,    39,   46000000,   28428798,        0,  -17571202,          0
 15852,    40,   46000000,   29420528,        0,  -16579472,          0
 15852,    41,   46000000,   28375606,        0,  -17624394,          0
 15852,    42,   46000000,   26352811,        0,  -19647189,          0
 15852,    43,   46000000,   28373964,        0,  -17626036,          0
 15852,    44,   46000000,   26386737,        0,  -19613263,          0
 15852,    45,   46000000,   28309451,        0,  -17690549,          0
 15852,    46,   46000000,   28400687,        0,  -17599313,          0
 15852,    47,   46000000,   28398525,        0,  -17601475,          0
 15852,    48,   46000000,   28381132,        0,  -17618868,          0
 15852,    49,   46000000,   28456269,        0,  -17543731,          0
 15852,    50,   46000000,   27470777,        0,  -18529223,          0
 15852,    51,   46000000,   30745838,        0,  -15254162,          0
 15852,    52,   46000000,   26360784,        0,  -19639216,          0
 15852,    53,   46000000,   28412977,        0,  -17587023,          0
 15852,    54,   46000000,   26362622,        0,  -19637378,          0
 15852,    55,   46000000,   28433032,        0,  -17566968,          0
 15852,    56,   46000000,   26354520,        0,  -19645480,          0
 15852,    57,   46000000,   28396332,        0,  -17603668,          0
 15852,    58,   46000000,   26391182,        0,  -19608818,          0
 15852,    59,   46000000,   28451470,        0,  -17548530,          0
 15852,    60,   46000000,   26386462,        0,  -19613538,          0
 15852,    61,   46000000,   28543088,        0,  -17456912,          0
 15852,    62,   46000000,   28772976,        0,  -17227024,          0
 15852,    63,   46000000,   30053492,        0,  -15946508,          0
 15852,    64,   46000000,   26341375,        0,  -19658625,          0
 15852,    65,   46000000,   31554870,        0,  -14445130,          0
 15852,    66,   46000000,   30318076,        0,  -15681924,          0
 15852,    67,   46000000,   28445830,        0,  -17554170,          0
 15852,    68,   46000000,   26367153,        0,  -19632847,          0
 15852,    69,   46000000,   28417181,        0,  -17582819,          0
 15852,    70,   46000000,   26418368,        0,  -19581632,          0
 15852,    71,   46000000,   28445850,        0,  -17554150,          0
 15852,    72,   46000000,   26420703,        0,  -19579297,          0
 15852,    73,   46000000,   30715664,        0,  -15284336,          0
 15852,    74,   46000000,   26298656,        0,  -19701344,          0
 15852,    75,   46000000,   28399370,        0,  -17600630,          0
 15852,    76,   46000000,   26620722,        0,  -19379278,          0
 15852,    77,   46000000,   28425788,        0,  -17574212,          0
 15852,    78,   46000000,   26358641,        0,  -19641359,          0
 15852,    79,   46000000,   28409894,        0,  -17590106,          0
 15852,    80,   46000000,   26376282,        0,  -19623718,          0
 15852,    81,   46000000,   30730280,        0,  -15269720,          0
 15852,    82,   46000000,   26412812,        0,  -19587188,          0
 15852,    83,   46000000,   28373633,        0,  -17626367,          0
 15852,    84,   46000000,   27732645,        0,  -18267355,          0
 15852,    85,   46000000,   28431368,        0,  -17568632,          0
 15852,    86,   46000000,   26402839,        0,  -19597161,          0
 15852,    87,   46000000,   28435066,        0,  -17564934,          0
 15852,    88,   46000000,   26360646,        0,  -19639354,          0
 15852,    89,   46000000,   28442012,        0,  -17557988,          0
 15852,    90,   46000000,   26338456,        0,  -19661544,          0
 15852,    91,   46000000,   28419864,        0,  -17580136,          0
 15852,    92,   46000000,   28700728,        0,  -17299272,          0
 15852,    93,   46000000,   28430357,        0,  -17569643,          0
 15852,    94,   46000000,   27686489,        0,  -18313511,          0
 15852,    95,   46000000,   30719240,        0,  -15280760,          0
 15852,    96,   46000000,   26378868,        0,  -19621132,          0
 15852,    97,   46000000,   28397172,        0,  -17602828,          0
 15852,    98,   46000000,   26381526,        0,  -19618474,          0
 15852,    99,   46000000,   28388446,        0,  -17611554,          0
 15852,   100,   46000000,   26457247,        0,  -19542753,          0
 15852,   101,   46000000,   28376730,        0,  -17623270,          0
 15852,   102,   46000000,   26360636,        0,  -19639364,          0
 15852,   103,   46000000,   30712834,        0,  -15287166,          0
 15852,   104,   46000000,   26412769,        0,  -19587231,          0
 15852,   105,   46000000,   28361517,        0,  -17638483,          0
 15852,   106,   46000000,   26356404,        0,  -19643596,          0
 15852,   107,   46000000,   28364111,        0,  -17635889,          0
 15852,   108,   46000000,   28314768,        0,  -17685232,          0
 15852,   109,   46000000,   28311938,        0,  -17688062,          0
 15852,   110,   46000000,   26364865,        0,  -19635135,          0
 15852,   111,   46000000,   30808467,        0,  -15191533,          0
 15852,   112,   46000000,   26364996,        0,  -19635004,          0
 15852,   113,   46000000,   28406263,        0,  -17593737,          0
 15852,   114,   46000000,   26610326,        0,  -19389674,          0
 15852,   115,   46000000,   28454465,        0,  -17545535,          0
 15852,   116,   46000000,   26300459,        0,  -19699541,          0
 15852,   117,   46000000,   28392489,        0,  -17607511,          0
 15852,   118,   46000000,   26342749,        0,  -19657251,          0
 15852,   119,   46000000,   28382588,        0,  -17617412,          0
 15852,   120,   46000000,   27734437,        0,  -18265563,          0
 15852,   121,   46000000,   30593307,        0,  -15406693,          0
 15852,   122,   46000000,   26411489,        0,  -19588511,          0
 15852,   123,   46000000,   28398426,        0,  -17601574,          0
 15852,   124,   46000000,   26380639,        0,  -19619361,          0
 15852,   125,   46000000,   28466720,        0,  -17533280,          0
 15852,   126,   46000000,   26457651,        0,  -19542349,          0
 15852,   127,   46000000,   28466552,        0,  -17533448,          0
 15852,   128,   46000000,   26513112,        0,  -19486888,          0
 15852,   129,   46000000,   30434483,        0,  -15565517,          0
 15852,   130,   46000000,   26356631,        0,  -19643369,          0
 15852,   131,   46000000,   30383705,        0,  -15616295,          0
 15852,   132,   46000000,   26413562,        0,  -19586438,          0
 15852,   133,   46000000,   28445282,        0,  -17554718,          0
 15852,   134,   46000000,   26696292,        0,  -19303708,          0
 15852,   135,   46000000,   28404163,        0,  -17595837,          0
 15852,   136,   46000000,   28691500,        0,  -17308500,          0
 15852,   137,   46000000,   28326275,        0,  -17673725,          0
 15852,   138,   46000000,   26602219,        0,  -19397781,          0
 15852,   139,   46000000,   28430955,        0,  -17569045,          0
 15852,   140,   46000000,   26369915,        0,  -19630085,          0
 15852,   141,   46000000,   28334368,        0,  -17665632,          0
 15852,   142,   46000000,   26357661,        0,  -19642339,          0
 15852,   143,   46000000,   28475357,        0,  -17524643,          0
 15852,   144,   46000000,   28752340,        0,  -17247660,          0
 15852,   145,   46000000,   28411990,        0,  -17588010,          0
 15852,   146,   46000000,   26342313,        0,  -19657687,          0
 15852,   147,   46000000,   28428635,        0,  -17571365,          0
 15852,   148,   46000000,   26388909,        0,  -19611091,          0
 15852,   149,   46000000,   30679405,        0,  -15320595,          0
 15852,   150,   46000000,   26784577,        0,  -19215423,          0
 15852,   151,   46000000,   28358480,        0,  -17641520,          0
 15852,   152,   46000000,   26379774,        0,  -19620226,          0
 15852,   153,   46000000,   29135993,        0,  -16864007,          0
 15852,   154,   46000000,   26418505,        0,  -19581495,          0
 15852,   155,   46000000,   28361963,        0,  -17638037,          0
 15852,   156,   46000000,   26340236,        0,  -19659764,          0
 15852,   157,   46000000,   30737388,        0,  -15262612,          0
 15852,   158,   46000000,   26492847,        0,  -19507153,          0
 15852,   159,   46000000,   28338173,        0,  -17661827,          0
 15852,   160,   46000000,   28729971,        0,  -17270029,          0
 15852,   161,   46000000,   28443064,        0,  -17556936,          0
 15852,   162,   46000000,   26366741,        0,  -19633259,          0
 15852,   163,   46000000,   30806719,        0,  -15193281,          0
 15852,   164,   46000000,   26417904,        0,  -19582096,          0
 15852,   165,   46000000,   28422989,        0,  -17577011,          0
 15852,   166,   46000000,   26329703,        0,  -19670297,          0
 15852,   167,   46000000,   28356726,        0,  -17643274,          0
 15852,   168,   46000000,   28684580,        0,  -17315420,          0
 15852,   169,   46000000,   28340348,        0,  -17659652,          0
 15852,   170,   46000000,   26344503,        0,  -19655497,          0
 15852,   171,   46000000,   30759076,        0,  -15240924,          0
 15852,   172,   46000000,   26308831,        0,  -19691169,          0
 15852,   173,   46000000,   30430804,        0,  -15569196,          0
 15852,   174,   46000000,   26356295,        0,  -19643705,          0
 15852,   175,   46000000,   28416437,        0,  -17583563,          0
 15852,   176,   46000000,   26346563,        0,  -19653437,          0
 15852,   177,   46000000,   28408740,        0,  -17591260,          0
 15852,   178,   46000000,   26416054,        0,  -19583946,          0
 15852,   179,   46000000,   30775925,        0,  -15224075,          0
 15852,   180,   46000000,   26381439,        0,  -19618561,          0
 15852,   181,   46000000,   28361001,        0,  -17638999,          0
 15852,   182,   46000000,   30420042,        0,  -15579958,          0
 15852,   183,   46000000,   28357269,        0,  -17642731,          0
 15852,   184,   46000000,   28326047,        0,  -17673953,          0
 15852,   185,   46000000,   28307397,        0,  -17692603,          0
 15852,   186,   46000000,   26404187,        0,  -19595813,          0
 15852,   187,   46000000,   28423193,        0,  -17576807,          0
 15852,   188,   46000000,   26378734,        0,  -19621266,          0
 15852,   189,   46000000,   28404062,        0,  -17595938,          0
 15852,   190,   46000000,   30763541,        0,  -15236459,          0
 15852,   191,   46000000,   28370816,        0,  -17629184,          0
 15852,   192,   46000000,   26426692,        0,  -19573308,          0
 15852,   193,   46000000,   28295851,        0,  -17704149,          0
 15852,   194,   46000000,   26478842,        0,  -19521158,          0
 15852,   195,   46000000,   28396929,        0,  -17603071,          0
 15852,   196,   46000000,   26484771,        0,  -19515229,          0
 15852,   197,   46000000,   28471548,        0,  -17528452,          0
 15852,   198,   46000000,   26582688,        0,  -19417312,          0
 15852,   199,   46000000,   28666083,        0,  -17333917,          0
 15852,   200,   46000000,   26447529,        0,  -19552471,          0
 15852,   201,   46000000,   30697579,        0,  -15302421,          0
 15852,   202,   46000000,   26378562,        0,  -19621438,          0
 15852,   203,   46000000,   29194552,        0,  -16805448,          0
 15852,   204,   46000000,   26370408,        0,  -19629592,          0
 15852,   205,   46000000,   28364592,        0,  -17635408,          0
 15852,   206,   46000000,   26480251,        0,  -19519749,          0
 15852,   207,   46000000,   28413526,        0,  -17586474,          0
 15852,   208,   46000000,   26394776,        0,  -19605224,          0
 15852,   209,   46000000,   30778949,        0,  -15221051,          0
 15852,   210,   46000000,   26395750,        0,  -19604250,          0
 15852,   211,   46000000,   28486318,        0,  -17513682,          0
 15852,   212,   46000000,   26399707,        0,  -19600293,          0
 15852,   213,   46000000,   28552471,        0,  -17447529,          0
 15852,   214,   46000000,   26334148,        0,  -19665852,          0
 15852,   215,   46000000,   28431450,        0,  -17568550,          0
 15852,   216,   46000000,   26335976,        0,  -19664024,          0
 15852,   217,   46000000,   29206718,        0,  -16793282,          0
 15852,   218,   46000000,   26411126,        0,  -19588874,          0
 15852,   219,   46000000,   29235448,        0,  -16764552,          0
 15852,   220,   46000000,   26313150,        0,  -19686850,          0
 15852,   221,   46000000,   28396244,        0,  -17603756,          0
# task NAME=myapp PID=15856 COST=2846000 PERIOD=23000000 CPU=0
 15856,     2,   23000000,      17630,        0,  -22982370,          0
 15856,     3,   23000000,      78146,        0,  -22921854,          0
 15856,     4,   23000000,    4399868,        0,  -18600132,          0
 15856,     5,   23000000,    2768224,        0,  -20231776,          0
 15856,     6,   23000000,    9397711,        0,  -13602289,          0
 15856,     7,   23000000,    5296455,        0,  -17703545,          0
 15856,     8,   23000000,    4361017,        0,  -18638983,          0
 15856,     9,   23000000,    2789522,        0,  -20210478,          0
 15856,    10,   23000000,    2772518,        0,  -20227482,          0
 15856,    11,   23000000,    3343490,        0,  -19656510,          0
 15856,    12,   23000000,    4378143,        0,  -18621857,          0
 15856,    13,   23000000,    3372450,        0,  -19627550,          0
 15856,    14,   23000000,    2827909,        0,  -20172091,          0
 15856,    15,   23000000,    3366442,        0,  -19633558,          0
 15856,    16,   23000000,    4374937,        0,  -18625063,          0
 15856,    17,   23000000,    2758120,        0,  -20241880,          0
 15856,    18,   23000000,    2753758,        0,  -20246242,          0
 15856,    19,   23000000,    4484466,        0,  -18515534,          0
 15856,    20,   23000000,    6369186,        0,  -16630814,          0
 15856,    21,   23000000,    2752165,        0,  -20247835,          0
 15856,    22,   23000000,    3270823,        0,  -19729177,          0
 15856,    23,   23000000,    3403573,        0,  -19596427,          0
 15856,    24,   23000000,    4369328,        0,  -18630672,          0
 15856,    25,   23000000,    2787406,        0,  -20212594,          0
 15856,    26,   23000000,    2766298,        0,  -20233702,          0
 15856,    27,   23000000,    3388322,        0,  -19611678,          0
 15856,    28,   23000000,    5507735,        0,  -17492265,          0
 15856,    29,   23000000,    2769064,        0,  -20230936,          0
 15856,    30,   23000000,    2815864,        0,  -20184136,          0
 15856,    31,   23000000,    5136379,        0,  -17863621,          0
 15856,    32,   23000000,    6349158,        0,  -16650842,          0
 15856,    33,   23000000,    2761232,        0,  -20238768,          0
 15856,    34,   23000000,    2742456,        0,  -20257544,          0
 15856,    35,   23000000,    3663416,        0,  -19336584,          0
 15856,    36,   23000000,    4395263,        0,  -18604737,          0
 15856,    37,   23000000,    2774652,        0,  -20225348,          0
 15856,    38,   23000000,    2742987,        0,  -20257013,          0
 15856,    39,   23000000,    4488458,        0,  -18511542,          0
 15856,    40,   23000000,    4368483,        0,  -18631517,          0
 15856,    41,   23000000,    2777903,        0,  -20222097,          0
 15856,    42,   23000000,    2861761,        0,  -20138239,          0
 15856,    43,   23000000,    4026068,        0,  -18973932,          0
 15856,    44,   23000000,    4378903,        0,  -18621097,          0
 15856,    45,   23000000,    2839703,        0,  -20160297,          0
 15856,    46,   23000000,    2803984,        0,  -20196016,          0
 15856,    47,   23000000,    3401101,        0,  -19598899,          0
 15856,    48,   23000000,    4370943,        0,  -18629057,          0
 15856,    49,   23000000,    2742537,        0,  -20257463,          0
 15856,    50,   23000000,    2792180,        0,  -20207820,          0
 15856,    51,   23000000,    3380660,        0,  -19619340,          0
 15856,    52,   23000000,    4402606,        0,  -18597394,          0
 15856,    53,   23000000,    3377906,        0,  -19622094,          0
 15856,    54,   23000000,    2806555,        0,  -20193445,          0
 15856,    55,   23000000,    3382950,        0,  -19617050,          0
 15856,    56,   23000000,    6284622,        0,  -16715378,          0
 15856,    57,   23000000,    2752736,        0,  -20247264,          0
 15856,    58,   23000000,    2900610,        0,  -20099390,          0
 15856,    59,   23000000,    3393410,        0,  -19606590,          0
 15856,    60,   23000000,    6351567,        0,  -16648433,          0
 15856,    61,   23000000,    2793173,        0,  -20206827,          0
 15856,    62,   23000000,    2748694,        0,  -20251306,          0
 15856,    63,   23000000,    4497880,        0,  -18502120,          0
 15856,    64,   23000000,    6304973,        0,  -16695027,          0
 15856,    65,   23000000,    2786196,        0,  -20213804,          0
 15856,    66,   23000000,    2751181,        0,  -20248819,          0
 15856,    67,   23000000,    3370388,        0,  -19629612,          0
 15856,    68,   23000000,    4393541,        0,  -18606459,          0
 15856,    69,   23000000,    2766224,        0,  -20233776,          0
 15856,    70,   23000000,    2780520,        0,  -20219480,          0
 15856,    71,   23000000,    3353930,        0,  -19646070,          0
 15856,    72,   23000000,    5428343,        0,  -17571657,          0
 15856,    73,   23000000,    3101738,        0,  -19898262,          0
 15856,    74,   23000000,    2727090,        0,  -20272910,          0
 15856,    75,   23000000,    3380416,        0,  -19619584,          0
 15856,    76,   23000000,    6346445,        0,  -16653555,          0
 15856,    77,   23000000,    2749927,        0,  -20250073,          0
 15856,    78,   23000000,    2845407,        0,  -20154593,          0
 15856,    79,   23000000,    5377773,        0,  -17622227,          0
 15856,    80,   23000000,    4377427,        0,  -18622573,          0
 15856,    81,   23000000,    3292403,        0,  -19707597,          0
 15856,    82,   23000000,    2789415,        0,  -20210585,          0
 15856,    83,   23000000,    3360884,        0,  -19639116,          0
 15856,    84,   23000000,    4370499,        0,  -18629501,          0
 15856,    85,   23000000,    2750168,        0,  -20249832,          0
 15856,    86,   23000000,    2739253,        0,  -20260747,          0
 15856,    87,   23000000,    3794547,        0,  -19205453,          0
 15856,    88,   23000000,    6258738,        0,  -16741262,          0
 15856,    89,   23000000,    3409139,        0,  -19590861,          0
 15856,    90,   23000000,    6412156,        0,  -16587844,          0
 15856,    91,   23000000,    3370989,        0,  -19629011,          0
 15856,    92,   23000000,    4402013,        0,  -18597987,          0
 15856,    93,   23000000,    2766778,        0,  -20233222,          0
 15856,    94,   23000000,    2764652,        0,  -20235348,          0
 15856,    95,   23000000,    3409271,        0,  -19590729,          0
 15856,    96,   23000000,    4357709,        0,  -18642291,          0
 15856,    97,   23000000,    2776870,        0,  -20223130,          0
 15856,    98,   23000000,    2762267,        0,  -20237733,          0
 15856,    99,   23000000,    4004911,        0,  -18995089,          0
 15856,   100,   23000000,    6110691,        0,  -16889309,          0
 15856,   101,   23000000,    2828013,        0,  -20171987,          0
 15856,   102,   23000000,    2857590,        0,  -20142410,          0
 15856,   103,   23000000,    5389358,        0,  -17610642,          0
 15856,   104,   23000000,    4332613,        0,  -18667387,          0
 15856,   105,   23000000,    2798514,        0,  -20201486,          0
 15856,   106,   23000000,    3416456,        0,  -19583544,          0
 15856,   107,   23000000,    3409742,        0,  -19590258,          0
 15856,   108,   23000000,    6371621,        0,  -16628379,          0
 15856,   109,   23000000,    2748047,        0,  -20251953,          0
 15856,   110,   23000000,    2743228,        0,  -20256772,          0
 15856,   111,   23000000,    3342626,        0,  -19657374,          0
 15856,   112,   23000000,    4370075,        0,  -18629925,          0
 15856,   113,   23000000,    2743183,        0,  -20256817,          0
 15856,   114,   23000000,    2796504,        0,  -20203496,          0
 15856,   115,   23000000,    3395647,        0,  -19604353,          0
 15856,   116,   23000000,    5446865,        0,  -17553135,          0
 15856,   117,   23000000,    2818878,        0,  -20181122,          0
 15856,   118,   23000000,    2866335,        0,  -20133665,          0
 15856,   119,   23000000,    3388479,        0,  -19611521,          0
 15856,   120,   23000000,    4381966,        0,  -18618034,          0
 15856,   121,   23000000,    2896829,        0,  -20103171,          0
 15856,   122,   23000000,    2744959,        0,  -20255041,          0
 15856,   123,   23000000,    3404984,        0,  -19595016,          0
 15856,   124,   23000000,    4397929,        0,  -18602071,          0
 15856,   125,   23000000,    2787877,        0,  -20212123,          0
 15856,   126,   23000000,    4047798,        0,  -18952202,          0
 15856,   127,   23000000,    5344392,        0,  -17655608,          0
 15856,   128,   23000000,    4397696,        0,  -18602304,          0
 15856,   129,   23000000,    5432126,        0,  -17567874,          0
 15856,   130,   23000000,    2771736,        0,  -20228264,          0
 15856,   131,   23000000,    3387024,        0,  -19612976,          0
 15856,   132,   23000000,    4355242,        0,  -18644758,          0
 15856,   133,   23000000,    2809665,        0,  -20190335,          0
 15856,   134,   23000000,    2801592,        0,  -20198408,          0
 15856,   135,   23000000,    3346095,        0,  -19653905,          0
 15856,   136,   23000000,    4365029,        0,  -18634971,          0
 15856,   137,   23000000,    2757546,        0,  -20242454,          0
 15856,   138,   23000000,    2751516,        0,  -20248484,          0
 15856,   139,   23000000,    3366138,        0,  -19633862,          0
 15856,   140,   23000000,    4362113,        0,  -18637887,          0
 15856,   141,   23000000,    2785119,        0,  -20214881,          0
 15856,   142,   23000000,    2764370,        0,  -20235630,          0
 15856,   143,   23000000,    5389256,        0,  -17610744,          0
 15856,   144,   23000000,    4342217,        0,  -18657783,          0
 15856,   145,   23000000,    2752122,        0,  -20247878,          0
 15856,   146,   23000000,    4060328,        0,  -18939672,          0
 15856,   147,   23000000,    5392120,        0,  -17607880,          0
 15856,   148,   23000000,    4416054,        0,  -18583946,          0
 15856,   149,   23000000,    2778091,        0,  -20221909,          0
 15856,   150,   23000000,    2804987,        0,  -20195013,          0
 15856,   151,   23000000,    3387411,        0,  -19612589,          0
 15856,   152,   23000000,    6362337,        0,  -16637663,          0
 15856,   153,   23000000,    2798753,        0,  -20201247,          0
 15856,   154,   23000000,    6346600,        0,  -16653400,          0
 15856,   155,   23000000,    3378838,        0,  -19621162,          0
 15856,   156,   23000000,    4379050,        0,  -18620950,          0
 15856,   157,   23000000,    2796740,        0,  -20203260,          0
 15856,   158,   23000000,    2825448,        0,  -20174552,          0
 15856,   159,   23000000,    3389765,        0,  -19610235,          0
 15856,   160,   23000000,    6358364,        0,  -16641636,          0
 15856,   161,   23000000,    2806275,        0,  -20193725,          0
 15856,   162,   23000000,    2767309,        0,  -20232691,          0
 15856,   163,   23000000,    3387063,        0,  -19612937,          0
 15856,   164,   23000000,    4423141,        0,  -18576859,          0
 15856,   165,   23000000,    2783490,        0,  -20216510,          0
 15856,   166,   23000000,    2817357,        0,  -20182643,          0
 15856,   167,   23000000,    3394498,        0,  -19605502,          0
 15856,   168,   23000000,    6395125,        0,  -16604875,          0
 15856,   169,   23000000,    2805482,        0,  -20194518,          0
 15856,   170,   23000000,    2776271,        0,  -20223729,          0
 15856,   171,   23000000,    3414224,        0,  -19585776,          0
 15856,   172,   23000000,    4391713,        0,  -18608287,          0
 15856,   173,   23000000,    2772027,        0,  -20227973,          0
 15856,   174,   23000000,    2747589,        0,  -20252411,          0
 15856,   175,   23000000,    3357328,        0,  -19642672,          0
 15856,   176,   23000000,    4395868,        0,  -18604132,          0
 15856,   177,   23000000,    2910392,        0,  -20089608,          0
 15856,   178,   23000000,    2780230,        0,  -20219770,          0
 15856,   179,   23000000,    5342464,        0,  -17657536,          0
 15856,   180,   23000000,    6347384,        0,  -16652616,          0
 15856,   181,   23000000,    2761038,        0,  -20238962,          0
 15856,   182,   23000000,    2776300,        0,  -20223700,          0
 15856,   183,   23000000,    4153677,        0,  -18846323,          0
 15856,   184,   23000000,    4383872,        0,  -18616128,          0
 15856,   185,   23000000,    2734219,        0,  -20265781,          0
 15856,   186,   23000000,    2748682,        0,  -20251318,          0
 15856,   187,   23000000,    3497881,        0,  -19502119,          0
 15856,   188,   23000000,    6345668,        0,  -16654332,          0
 15856,   189,   23000000,    2797319,        0,  -20202681,          0
 15856,   190,   23000000,    2740556,        0,  -20259444,          0
 15856,   191,   23000000,    5417276,        0,  -17582724,          0
 15856,   192,   23000000,    4392319,        0,  -18607681,          0
 15856,   193,   23000000,    2804258,        0,  -20195742,          0
 15856,   194,   23000000,    2739950,        0,  -20260050,          0
 15856,   195,   23000000,    3425569,        0,  -19574431,          0
 15856,   196,   23000000,    4380013,        0,  -18619987,          0
 15856,   197,   23000000,    2797103,        0,  -20202897,          0
 15856,   198,   23000000,    3057176,        0,  -19942824,          0
 15856,   199,   23000000,    5390089,        0,  -17609911,          0
 15856,   200,   23000000,    6144348,        0,  -16855652,          0
 15856,   201,   23000000,    2766968,        0,  -20233032,          0
 15856,   202,   23000000,    2757241,        0,  -20242759,          0
 15856,   203,   23000000,    4613934,        0,  -18386066,          0
 15856,   204,   23000000,    6358601,        0,  -16641399,          0
 15856,   205,   23000000,    2746085,        0,  -20253915,          0
 15856,   206,   23000000,    2785874,        0,  -20214126,          0
 15856,   207,   23000000,    5363538,        0,  -17636462,          0
 15856,   208,   23000000,    4313661,        0,  -18686339,          0
 15856,   209,   23000000,    2926079,        0,  -20073921,          0
 15856,   210,   23000000,    3252440,        0,  -19747560,          0
 15856,   211,   23000000,    3335887,        0,  -19664113,          0
 15856,   212,   23000000,    4366450,        0,  -18633550,          0
 15856,   213,   23000000,    2780658,        0,  -20219342,          0
 15856,   214,   23000000,    2779307,        0,  -20220693,          0
 15856,   215,   23000000,    5377714,        0,  -17622286,          0
 15856,   216,   23000000,    4685221,        0,  -18314779,          0
 15856,   217,   23000000,    2786419,        0,  -20213581,          0
 15856,   218,   23000000,    2799498,        0,  -20200502,          0
 15856,   219,   23000000,    3429788,        0,  -19570212,          0
 15856,   220,   23000000,    5252044,        0,  -17747956,          0
 15856,   221,   23000000,    2753123,        0,  -20246877,          0
 15856,   222,   23000000,    2744560,        0,  -20255440,          0
 15856,   223,   23000000,    3446982,        0,  -19553018,          0
 15856,   224,   23000000,    4369229,        0,  -18630771,          0
 15856,   225,   23000000,    2777231,        0,  -20222769,          0
 15856,   226,   23000000,    2799396,        0,  -20200604,          0
 15856,   227,   23000000,    5363618,        0,  -17636382,          0
 15856,   228,   23000000,    4382670,        0,  -18617330,          0
 15856,   229,   23000000,    2826205,        0,  -20173795,          0
 15856,   230,   23000000,    3521808,        0,  -19478192,          0
 15856,   231,   23000000,    3430878,        0,  -19569122,          0
 15856,   232,   23000000,    6333323,        0,  -16666677,          0
 15856,   233,   23000000,    2813514,        0,  -20186486,          0
 15856,   234,   23000000,    2736946,        0,  -20263054,          0
 15856,   235,   23000000,    5422904,        0,  -17577096,          0
 15856,   236,   23000000,    4647622,        0,  -18352378,          0
 15856,   237,   23000000,    2757704,        0,  -20242296,          0
 15856,   238,   23000000,    2864066,        0,  -20135934,          0
 15856,   239,   23000000,    5366968,        0,  -17633032,          0
 15856,   240,   23000000,    4427545,        0,  -18572455,          0
 15856,   241,   23000000,    2809098,        0,  -20190902,          0
 15856,   242,   23000000,    3199889,        0,  -19800111,          0
 15856,   243,   23000000,    3371919,        0,  -19628081,          0
 15856,   244,   23000000,    6302879,        0,  -16697121,          0
 15856,   245,   23000000,    2763964,        0,  -20236036,          0
 15856,   246,   23000000,    2732680,        0,  -20267320,          0
 15856,   247,   23000000,    3387285,        0,  -19612715,          0
 15856,   248,   23000000,    4375356,        0,  -18624644,          0
 15856,   249,   23000000,    2766683,        0,  -20233317,          0
 15856,   250,   23000000,    2765983,        0,  -20234017,          0
 15856,   251,   23000000,    3829387,        0,  -19170613,          0
 15856,   252,   23000000,    4380345,        0,  -18619655,          0
 15856,   253,   23000000,    2737058,        0,  -20262942,          0
 15856,   254,   23000000,    3093330,        0,  -19906670,          0
 15856,   255,   23000000,    3331646,        0,  -19668354,          0
 15856,   256,   23000000,    6408475,        0,  -16591525,          0
 15856,   257,   23000000,    2766978,        0,  -20233022,          0
 15856,   258,   23000000,    2774851,        0,  -20225149,          0
 15856,   259,   23000000,    3388142,        0,  -19611858,          0
 15856,   260,   23000000,    6279674,        0,  -16720326,          0
 15856,   261,   23000000,    2833716,        0,  -20166284,          0
 15856,   262,   23000000,    2797129,        0,  -20202871,          0
 15856,   263,   23000000,    3386748,        0,  -19613252,          0
 15856,   264,   23000000,    4359838,        0,  -18640162,          0
 15856,   265,   23000000,    2767199,        0,  -20232801,          0
 15856,   266,   23000000,    4404902,        0,  -18595098,          0
 15856,   267,   23000000,    3420570,        0,  -19579430,          0
 15856,   268,   23000000,    4380976,        0,  -18619024,          0
 15856,   269,   23000000,    2752686,        0,  -20247314,          0
 15856,   270,   23000000,    4412441,        0,  -18587559,          0
 15856,   271,   23000000,    3341902,        0,  -19658098,          0
 15856,   272,   23000000,    5789528,        0,  -17210472,          0
 15856,   273,   23000000,    2765371,        0,  -20234629,          0
 15856,   274,   23000000,    2806325,        0,  -20193675,          0
 15856,   275,   23000000,    3393644,        0,  -19606356,          0
 15856,   276,   23000000,    4374300,        0,  -18625700,          0
 15856,   277,   23000000,    2801587,        0,  -20198413,          0
 15856,   278,   23000000,    3423324,        0,  -19576676,          0
 15856,   279,   23000000,    3404796,        0,  -19595204,          0
 15856,   280,   23000000,    6245685,        0,  -16754315,          0
 15856,   281,   23000000,    2723263,        0,  -20276737,          0
 15856,   282,   23000000,    6358605,        0,  -16641395,          0
 15856,   283,   23000000,    3380660,        0,  -19619340,          0
 15856,   284,   23000000,    4385840,        0,  -18614160,          0
 15856,   285,   23000000,    3084994,        0,  -19915006,          0
 15856,   286,   23000000,    2751951,        0,  -20248049,          0
 15856,   287,   23000000,    5378612,        0,  -17621388,          0
 15856,   288,   23000000,    6227095,        0,  -16772905,          0
 15856,   289,   23000000,    2806488,        0,  -20193512,          0
 15856,   290,   23000000,    6402800,        0,  -16597200,          0
 15856,   291,   23000000,    5366406,        0,  -17633594,          0
 15856,   292,   23000000,    4372040,        0,  -18627960,          0
 15856,   293,   23000000,    2769626,        0,  -20230374,          0
 15856,   294,   23000000,    2776510,        0,  -20223490,          0
 15856,   295,   23000000,    3396461,        0,  -19603539,          0
 15856,   296,   23000000,    4383072,        0,  -18616928,          0
 15856,   297,   23000000,    2769833,        0,  -20230167,          0
 15856,   298,   23000000,    2759638,        0,  -20240362,          0
 15856,   299,   23000000,    3371299,        0,  -19628701,          0
 15856,   300,   23000000,    5741228,        0,  -17258772,          0
 15856,   301,   23000000,    2790027,        0,  -20209973,          0
 15856,   302,   23000000,    2743665,        0,  -20256335,          0
 15856,   303,   23000000,    3337117,        0,  -19662883,          0
 15856,   304,   23000000,    4386989,        0,  -18613011,          0
 15856,   305,   23000000,    2755825,        0,  -20244175,          0
 15856,   306,   23000000,    2752375,        0,  -20247625,          0
 15856,   307,   23000000,    5400917,        0,  -17599083,          0
 15856,   308,   23000000,    4315533,        0,  -18684467,          0
 15856,   309,   23000000,    2808674,        0,  -20191326,          0
 15856,   310,   23000000,    2804097,        0,  -20195903,          0
 15856,   311,   23000000,    3347353,        0,  -19652647,          0
 15856,   312,   23000000,    4639289,        0,  -18360711,          0
 15856,   313,   23000000,    2753999,        0,  -20246001,          0
 15856,   314,   23000000,    3532932,        0,  -19467068,          0
 15856,   315,   23000000,    3371103,        0,  -19628897,          0
 15856,   316,   23000000,    6316716,        0,  -16683284,          0
 15856,   317,   23000000,    2754541,        0,  -20245459,          0
 15856,   318,   23000000,    3198106,        0,  -19801894,          0
 15856,   319,   23000000,    5421069,        0,  -17578931,          0
 15856,   320,   23000000,    4393735,        0,  -18606265,          0
 15856,   321,   23000000,    2801597,        0,  -20198403,          0
 15856,   322,   23000000,    4180353,        0,  -18819647,          0
 15856,   323,   23000000,    3627332,        0,  -19372668,          0
 15856,   324,   23000000,    4322865,        0,  -18677135,          0
 15856,   325,   23000000,    2786356,        0,  -20213644,          0
 15856,   326,   23000000,    4179957,        0,  -18820043,          0
 15856,   327,   23000000,    3396858,        0,  -19603142,          0
 15856,   328,   23000000,    4380780,        0,  -18619220,          0
 15856,   329,   23000000,    2773889,        0,  -20226111,          0
 15856,   330,   23000000,    2747667,        0,  -20252333,          0
 15856,   331,   23000000,    3377524,        0,  -19622476,          0
 15856,   332,   23000000,    4374765,        0,  -18625235,          0
 15856,   333,   23000000,    2767419,        0,  -20232581,          0
 15856,   334,   23000000,    2765687,        0,  -20234313,          0
 15856,   335,   23000000,    3437930,        0,  -19562070,          0
 15856,   336,   23000000,    4375778,        0,  -18624222,          0
 15856,   337,   23000000,    2766109,        0,  -20233891,          0
 15856,   338,   23000000,    2772442,        0,  -20227558,          0
 15856,   339,   23000000,    3344447,        0,  -19655553,          0
 15856,   340,   23000000,    4372233,        0,  -18627767,          0
 15856,   341,   23000000,    2753618,        0,  -20246382,          0
 15856,   342,   23000000,    2783179,        0,  -20216821,          0
 15856,   343,   23000000,    3401578,        0,  -19598422,          0
 15856,   344,   23000000,    6410473,        0,  -16589527,          0
 15856,   345,   23000000,    2744714,        0,  -20255286,          0
 15856,   346,   23000000,    2751521,        0,  -20248479,          0
 15856,   347,   23000000,    3393713,        0,  -19606287,          0
 15856,   348,   23000000,    6344215,        0,  -16655785,          0
 15856,   349,   23000000,    2800138,        0,  -20199862,          0
 15856,   350,   23000000,    2801583,        0,  -20198417,          0
 15856,   351,   23000000,    5361892,        0,  -17638108,          0
 15856,   352,   23000000,    6186797,        0,  -16813203,          0
 15856,   353,   23000000,    2734643,        0,  -20265357,          0
 15856,   354,   23000000,    2778269,        0,  -20221731,          0
 15856,   355,   23000000,    5372787,        0,  -17627213,          0
 15856,   356,   23000000,    6403184,        0,  -16596816,          0
 15856,   357,   23000000,    2804230,        0,  -20195770,          0
 15856,   358,   23000000,    2796414,        0,  -20203586,          0
 15856,   359,   23000000,    5405224,        0,  -17594776,          0
 15856,   360,   23000000,    4377819,        0,  -18622181,          0
 15856,   361,   23000000,    3113215,        0,  -19886785,          0
 15856,   362,   23000000,    2738996,        0,  -20261004,          0
 15856,   363,   23000000,    3377433,        0,  -19622567,          0
 15856,   364,   23000000,    4346058,        0,  -18653942,          0
 15856,   365,   23000000,    2814346,        0,  -20185654,          0
 15856,   366,   23000000,    4387706,        0,  -18612294,          0
 15856,   367,   23000000,    3345089,        0,  -19654911,          0
 15856,   368,   23000000,    4373335,        0,  -18626665,          0
 15856,   369,   23000000,    2754347,        0,  -20245653,          0
 15856,   370,   23000000,    2848291,        0,  -20151709,          0
 15856,   371,   23000000,    3385585,        0,  -19614415,          0
 15856,   372,   23000000,    4389865,        0,  -18610135,          0
 15856,   373,   23000000,    2793792,        0,  -20206208,          0
 15856,   374,   23000000,    2733344,        0,  -20266656,          0
 15856,   375,   23000000,    3403719,        0,  -19596281,          0
 15856,   376,   23000000,    6350994,        0,  -16649006,          0
 15856,   377,   23000000,    2763694,        0,  -20236306,          0
 15856,   378,   23000000,    2750376,        0,  -20249624,          0
 15856,   379,   23000000,    3335374,        0,  -19664626,          0
 15856,   380,   23000000,    6243479,        0,  -16756521,          0
 15856,   381,   23000000,    2769302,        0,  -20230698,          0
 15856,   382,   23000000,    2756687,        0,  -20243313,          0
 15856,   383,   23000000,    3331714,        0,  -19668286,          0
 15856,   384,   23000000,    4373468,        0,  -18626532,          0
 15856,   385,   23000000,    2820349,        0,  -20179651,          0
 15856,   386,   23000000,    2824239,        0,  -20175761,          0
 15856,   387,   23000000,    5413727,        0,  -17586273,          0
 15856,   388,   23000000,    5735437,        0,  -17264563,          0
 15856,   389,   23000000,    2732100,        0,  -20267900,          0
 15856,   390,   23000000,    6356840,        0,  -16643160,          0
 15856,   391,   23000000,    3365503,        0,  -19634497,          0
 15856,   392,   23000000,    4419584,        0,  -18580416,          0
 15856,   393,   23000000,    2785715,        0,  -20214285,          0
 15856,   394,   23000000,    2763841,        0,  -20236159,          0
 15856,   395,   23000000,    4773593,        0,  -18226407,          0
 15856,   396,   23000000,    6372509,        0,  -16627491,          0
 15856,   397,   23000000,    2732251,        0,  -20267749,          0
 15856,   398,   23000000,    2752820,        0,  -20247180,          0
 15856,   399,   23000000,    5357146,        0,  -17642854,          0
 15856,   400,   23000000,    5385411,        0,  -17614589,          0
 15856,   401,   23000000,    2755674,        0,  -20244326,          0
 15856,   402,   23000000,    2819324,        0,  -20180676,          0
 15856,   403,   23000000,    3404743,        0,  -19595257,          0
 15856,   404,   23000000,    4377618,        0,  -18622382,          0
 15856,   405,   23000000,    2752608,        0,  -20247392,          0
 15856,   406,   23000000,    2823736,        0,  -20176264,          0
 15856,   407,   23000000,    3713108,        0,  -19286892,          0
 15856,   408,   23000000,    6351605,        0,  -16648395,          0
 15856,   409,   23000000,    2808310,        0,  -20191690,          0
 15856,   410,   23000000,    6369932,        0,  -16630068,          0
 15856,   411,   23000000,    3369154,        0,  -19630846,          0
 15856,   412,   23000000,    4372633,        0,  -18627367,          0
 15856,   413,   23000000,    2736560,        0,  -20263440,          0
 15856,   414,   23000000,    2819155,        0,  -20180845,          0
 15856,   415,   23000000,    5376854,        0,  -17623146,          0
 15856,   416,   23000000,    4373725,        0,  -18626275,          0
 15856,   417,   23000000,    2825277,        0,  -20174723,          0
 15856,   418,   23000000,    2788836,        0,  -20211164,          0
 15856,   419,   23000000,    3378477,        0,  -19621523,          0
 15856,   420,   23000000,    4422997,        0,  -18577003,          0
 15856,   421,   23000000,    2752679,        0,  -20247321,          0
 15856,   422,   23000000,    2764311,        0,  -20235689,          0
 15856,   423,   23000000,    5400533,        0,  -17599467,          0
 15856,   424,   23000000,    4378643,        0,  -18621357,          0
 15856,   425,   23000000,    2746680,        0,  -20253320,          0
 15856,   426,   23000000,    3814797,        0,  -19185203,          0
 15856,   427,   23000000,    5421033,        0,  -17578967,          0
 15856,   428,   23000000,    5190683,        0,  -17809317,          0
 15856,   429,   23000000,    2847997,        0,  -20152003,          0
 15856,   430,   23000000,    2814939,        0,  -20185061,          0
 15856,   431,   23000000,    3361655,        0,  -19638345,          0
 15856,   432,   23000000,    4397701,        0,  -18602299,          0
 15856,   433,   23000000,    2760113,        0,  -20239887,          0
 15856,   434,   23000000,    2739003,        0,  -20260997,          0
 15856,   435,   23000000,    3372322,        0,  -19627678,          0
 15856,   436,   23000000,    4383278,        0,  -18616722,          0
 15856,   437,   23000000,    2802551,        0,  -20197449,          0
 15856,   438,   23000000,    2784529,        0,  -20215471,          0
