# Task,   Job,     Period,   Response, DL Miss?,   Lateness,  Tardiness
# task NAME=myapp PID=380 COST=21360000 PERIOD=65000000 CPU=0
   380,     2,   65000000,       7374,        0,  -64992626,          0
   380,     3,   65000000,      88739,        0,  -64911261,          0
   380,     4,   65000000,   36723260,        0,  -28276740,          0
   380,     5,   65000000,   39784663,        0,  -25215337,          0
   380,     6,   65000000,   38769529,        0,  -26230471,          0
   380,     7,   65000000,   37836267,        0,  -27163733,          0
   380,     8,   65000000,   36729453,        0,  -28270547,          0
   380,     9,   65000000,   39702558,        0,  -25297442,          0
   380,    10,   65000000,   38778144,        0,  -26221856,          0
   380,    11,   65000000,   37679240,        0,  -27320760,          0
   380,    12,   65000000,   36671094,        0,  -28328906,          0
   380,    13,   65000000,   40022101,        0,  -24977899,          0
   380,    14,   65000000,   38993682,        0,  -26006318,          0
   380,    15,   65000000,   37769999,        0,  -27230001,          0
   380,    16,   65000000,   36731364,        0,  -28268636,          0
   380,    17,   65000000,   39668325,        0,  -25331675,          0
   380,    18,   65000000,   38759887,        0,  -26240113,          0
   380,    19,   65000000,   38020622,        0,  -26979378,          0
   380,    20,   65000000,   36673152,        0,  -28326848,          0
   380,    21,   65000000,   40039901,        0,  -24960099,          0
   380,    22,   65000000,   38779703,        0,  -26220297,          0
   380,    23,   65000000,   37754512,        0,  -27245488,          0
   380,    24,   65000000,   36800037,        0,  -28199963,          0
   380,    25,   65000000,   39884914,        0,  -25115086,          0
   380,    26,   65000000,   38775010,        0,  -26224990,          0
   380,    27,   65000000,   37944050,        0,  -27055950,          0
   380,    28,   65000000,   36786190,        0,  -28213810,          0
   380,    29,   65000000,   39844909,        0,  -25155091,          0
   380,    30,   65000000,   38786362,        0,  -26213638,          0
   380,    31,   65000000,   37750432,        0,  -27249568,          0
   380,    32,   65000000,   36739269,        0,  -28260731,          0
   380,    33,   65000000,   39836015,        0,  -25163985,          0
   380,    34,   65000000,   38747451,        0,  -26252549,          0
   380,    35,   65000000,   37743460,        0,  -27256540,          0
   380,    36,   65000000,   36704557,        0,  -28295443,          0
   380,    37,   65000000,   39787211,        0,  -25212789,          0
   380,    38,   65000000,   38773516,        0,  -26226484,          0
   380,    39,   65000000,   37826193,        0,  -27173807,          0
   380,    40,   65000000,   36791344,        0,  -28208656,          0
   380,    41,   65000000,   39769868,        0,  -25230132,          0
   380,    42,   65000000,   39093729,        0,  -25906271,          0
   380,    43,   65000000,   37703046,        0,  -27296954,          0
   380,    44,   65000000,   37006684,        0,  -27993316,          0
   380,    45,   65000000,   39756393,        0,  -25243607,          0
   380,    46,   65000000,   38903379,        0,  -26096621,          0
   380,    47,   65000000,   37865897,        0,  -27134103,          0
   380,    48,   65000000,   36718486,        0,  -28281514,          0
   380,    49,   65000000,   39900374,        0,  -25099626,          0
   380,    50,   65000000,   38970336,        0,  -26029664,          0
   380,    51,   65000000,   37664077,        0,  -27335923,          0
   380,    52,   65000000,   40855750,        0,  -24144250,          0
   380,    53,   65000000,   39705228,        0,  -25294772,          0
   380,    54,   65000000,   38739850,        0,  -26260150,          0
   380,    55,   65000000,   37681262,        0,  -27318738,          0
   380,    56,   65000000,   36652908,        0,  -28347092,          0
   380,    57,   65000000,   39728698,        0,  -25271302,          0
   380,    58,   65000000,   38759587,        0,  -26240413,          0
   380,    59,   65000000,   37770798,        0,  -27229202,          0
   380,    60,   65000000,   36680053,        0,  -28319947,          0
   380,    61,   65000000,   39745802,        0,  -25254198,          0
   380,    62,   65000000,   38778093,        0,  -26221907,          0
   380,    63,   65000000,   37685594,        0,  -27314406,          0
   380,    64,   65000000,   36774628,        0,  -28225372,          0
   380,    65,   65000000,   40013558,        0,  -24986442,          0
   380,    66,   65000000,   38715705,        0,  -26284295,          0
   380,    67,   65000000,   37995427,        0,  -27004573,          0
   380,    68,   65000000,   36685572,        0,  -28314428,          0
   380,    69,   65000000,   39676059,        0,  -25323941,          0
   380,    70,   65000000,   38707963,        0,  -26292037,          0
   380,    71,   65000000,   37691738,        0,  -27308262,          0
   380,    72,   65000000,   36835590,        0,  -28164410,          0
   380,    73,   65000000,   40034900,        0,  -24965100,          0
   380,    74,   65000000,   38793128,        0,  -26206872,          0
   380,    75,   65000000,   37777205,        0,  -27222795,          0
   380,    76,   65000000,   36847408,        0,  -28152592,          0
   380,    77,   65000000,   39840920,        0,  -25159080,          0
   380,    78,   65000000,   40749632,        0,  -24250368,          0
   380,    79,   65000000,   37783023,        0,  -27216977,          0
   380,    80,   65000000,   36724754,        0,  -28275246,          0
   380,    81,   65000000,   39820227,        0,  -25179773,          0
   380,    82,   65000000,   38720313,        0,  -26279687,          0
   380,    83,   65000000,   37785315,        0,  -27214685,          0
   380,    84,   65000000,   37134206,        0,  -27865794,          0
   380,    85,   65000000,   39721811,        0,  -25278189,          0
   380,    86,   65000000,   38746014,        0,  -26253986,          0
   380,    87,   65000000,   38122908,        0,  -26877092,          0
   380,    88,   65000000,   37182902,        0,  -27817098,          0
   380,    89,   65000000,   39705460,        0,  -25294540,          0
   380,    90,   65000000,   39090910,        0,  -25909090,          0
   380,    91,   65000000,   37782225,        0,  -27217775,          0
   380,    92,   65000000,   36699618,        0,  -28300382,          0
   380,    93,   65000000,   39698893,        0,  -25301107,          0
   380,    94,   65000000,   38785132,        0,  -26214868,          0
   380,    95,   65000000,   37736494,        0,  -27263506,          0
   380,    96,   65000000,   39057965,        0,  -25942035,          0
   380,    97,   65000000,   39775422,        0,  -25224578,          0
   380,    98,   65000000,   39026750,        0,  -25973250,          0
   380,    99,   65000000,   37704612,        0,  -27295388,          0
   380,   100,   65000000,   36775716,        0,  -28224284,          0
   380,   101,   65000000,   39708877,        0,  -25291123,          0
   380,   102,   65000000,   38919852,        0,  -26080148,          0
   380,   103,   65000000,   37689463,        0,  -27310537,          0
   380,   104,   65000000,   38623964,        0,  -26376036,          0
   380,   105,   65000000,   39734457,        0,  -25265543,          0
   380,   106,   65000000,   38857377,        0,  -26142623,          0
   380,   107,   65000000,   37728312,        0,  -27271688,          0
   380,   108,   65000000,   36699609,        0,  -28300391,          0
   380,   109,   65000000,   39728547,        0,  -25271453,          0
   380,   110,   65000000,   38701216,        0,  -26298784,          0
   380,   111,   65000000,   37810620,        0,  -27189380,          0
   380,   112,   65000000,   36710385,        0,  -28289615,          0
   380,   113,   65000000,   40099667,        0,  -24900333,          0
   380,   114,   65000000,   40727496,        0,  -24272504,          0
   380,   115,   65000000,   37694620,        0,  -27305380,          0
   380,   116,   65000000,   36725495,        0,  -28274505,          0
   380,   117,   65000000,   39744123,        0,  -25255877,          0
   380,   118,   65000000,   38777434,        0,  -26222566,          0
   380,   119,   65000000,   37957857,        0,  -27042143,          0
   380,   120,   65000000,   36702613,        0,  -28297387,          0
   380,   121,   65000000,   40020069,        0,  -24979931,          0
   380,   122,   65000000,   38731093,        0,  -26268907,          0
   380,   123,   65000000,   37685843,        0,  -27314157,          0
   380,   124,   65000000,   36602262,        0,  -28397738,          0
   380,   125,   65000000,   39805787,        0,  -25194213,          0
   380,   126,   65000000,   38772724,        0,  -26227276,          0
   380,   127,   65000000,   37936887,        0,  -27063113,          0
   380,   128,   65000000,   36674193,        0,  -28325807,          0
   380,   129,   65000000,   39762727,        0,  -25237273,          0
   380,   130,   65000000,   38805449,        0,  -26194551,          0
   380,   131,   65000000,   37758964,        0,  -27241036,          0
   380,   132,   65000000,   36715348,        0,  -28284652,          0
   380,   133,   65000000,   39706127,        0,  -25293873,          0
   380,   134,   65000000,   38806534,        0,  -26193466,          0
   380,   135,   65000000,   37604963,        0,  -27395037,          0
   380,   136,   65000000,   36673322,        0,  -28326678,          0
   380,   137,   65000000,   39773796,        0,  -25226204,          0
   380,   138,   65000000,   38759574,        0,  -26240426,          0
   380,   139,   65000000,   37787805,        0,  -27212195,          0
   380,   140,   65000000,   36714031,        0,  -28285969,          0
   380,   141,   65000000,   39751672,        0,  -25248328,          0
   380,   142,   65000000,   39109049,        0,  -25890951,          0
   380,   143,   65000000,   37615517,        0,  -27384483,          0
   380,   144,   65000000,   36956102,        0,  -28043898,          0
   380,   145,   65000000,   39842132,        0,  -25157868,          0
   380,   146,   65000000,   38751022,        0,  -26248978,          0
   380,   147,   65000000,   37734318,        0,  -27265682,          0
   380,   148,   65000000,   37074631,        0,  -27925369,          0
   380,   149,   65000000,   39836687,        0,  -25163313,          0
   380,   150,   65000000,   39018163,        0,  -25981837,          0
   380,   151,   65000000,   37733805,        0,  -27266195,          0
   380,   152,   65000000,   37077865,        0,  -27922135,          0
   380,   153,   65000000,   40117753,        0,  -24882247,          0
   380,   154,   65000000,   38737002,        0,  -26262998,          0
   380,   155,   65000000,   37742240,        0,  -27257760,          0
   380,   156,   65000000,   36717222,        0,  -28282778,          0
   380,   157,   65000000,   39781629,        0,  -25218371,          0
# task NAME=myapp PID=384 COST=20434000 PERIOD=74000000 CPU=0
   384,     2,   74000000,      24823,        0,  -73975177,          0
   384,     3,   74000000,      80250,        0,  -73919750,          0
   384,     4,   74000000,   36810209,        0,  -37189791,          0
   384,     5,   74000000,   34754960,        0,  -39245040,          0
   384,     6,   74000000,   36781182,        0,  -37218818,          0
   384,     7,   74000000,   34844283,        0,  -39155717,          0
   384,     8,   74000000,   36863042,        0,  -37136958,          0
   384,     9,   74000000,   34814366,        0,  -39185634,          0
   384,    10,   74000000,   36821072,        0,  -37178928,          0
   384,    11,   74000000,   34782874,        0,  -39217126,          0
   384,    12,   74000000,   37092449,        0,  -36907551,          0
   384,    13,   74000000,   34892211,        0,  -39107789,          0
   384,    14,   74000000,   38914226,        0,  -35085774,          0
   384,    15,   74000000,   34841241,        0,  -39158759,          0
   384,    16,   74000000,   36865439,        0,  -37134561,          0
   384,    17,   74000000,   35059772,        0,  -38940228,          0
   384,    18,   74000000,   36794177,        0,  -37205823,          0
   384,    19,   74000000,   35018841,        0,  -38981159,          0
   384,    20,   74000000,   36902508,        0,  -37097492,          0
   384,    21,   74000000,   34777041,        0,  -39222959,          0
   384,    22,   74000000,   36856649,        0,  -37143351,          0
   384,    23,   74000000,   34807474,        0,  -39192526,          0
   384,    24,   74000000,   37106675,        0,  -36893325,          0
   384,    25,   74000000,   34775288,        0,  -39224712,          0
   384,    26,   74000000,   36866940,        0,  -37133060,          0
   384,    27,   74000000,   34857049,        0,  -39142951,          0
   384,    28,   74000000,   36844188,        0,  -37155812,          0
   384,    29,   74000000,   34963449,        0,  -39036551,          0
   384,    30,   74000000,   36874471,        0,  -37125529,          0
   384,    31,   74000000,   34853303,        0,  -39146697,          0
   384,    32,   74000000,   36860434,        0,  -37139566,          0
   384,    33,   74000000,   34783579,        0,  -39216421,          0
   384,    34,   74000000,   36751799,        0,  -37248201,          0
   384,    35,   74000000,   34721215,        0,  -39278785,          0
   384,    36,   74000000,   36887906,        0,  -37112094,          0
   384,    37,   74000000,   34781617,        0,  -39218383,          0
   384,    38,   74000000,   36803693,        0,  -37196307,          0
   384,    39,   74000000,   35508189,        0,  -38491811,          0
   384,    40,   74000000,   36868561,        0,  -37131439,          0
   384,    41,   74000000,   34793944,        0,  -39206056,          0
   384,    42,   74000000,   36806826,        0,  -37193174,          0
   384,    43,   74000000,   34891462,        0,  -39108538,          0
   384,    44,   74000000,   37174837,        0,  -36825163,          0
   384,    45,   74000000,   34838043,        0,  -39161957,          0
   384,    46,   74000000,   37068981,        0,  -36931019,          0
   384,    47,   74000000,   34780212,        0,  -39219788,          0
   384,    48,   74000000,   36841526,        0,  -37158474,          0
   384,    49,   74000000,   34858687,        0,  -39141313,          0
   384,    50,   74000000,   36838176,        0,  -37161824,          0
   384,    51,   74000000,   35134551,        0,  -38865449,          0
   384,    52,   74000000,   36806567,        0,  -37193433,          0
   384,    53,   74000000,   34843966,        0,  -39156034,          0
   384,    54,   74000000,   36827545,        0,  -37172455,          0
   384,    55,   74000000,   34774379,        0,  -39225621,          0
   384,    56,   74000000,   36972220,        0,  -37027780,          0
   384,    57,   74000000,   34780353,        0,  -39219647,          0
   384,    58,   74000000,   36882005,        0,  -37117995,          0
   384,    59,   74000000,   35750125,        0,  -38249875,          0
   384,    60,   74000000,   36962994,        0,  -37037006,          0
   384,    61,   74000000,   34799261,        0,  -39200739,          0
   384,    62,   74000000,   36816415,        0,  -37183585,          0
   384,    63,   74000000,   35681919,        0,  -38318081,          0
   384,    64,   74000000,   36842722,        0,  -37157278,          0
   384,    65,   74000000,   34821498,        0,  -39178502,          0
   384,    66,   74000000,   37189825,        0,  -36810175,          0
   384,    67,   74000000,   34755208,        0,  -39244792,          0
   384,    68,   74000000,   37159040,        0,  -36840960,          0
   384,    69,   74000000,   34893682,        0,  -39106318,          0
   384,    70,   74000000,   36895122,        0,  -37104878,          0
   384,    71,   74000000,   35081839,        0,  -38918161,          0
   384,    72,   74000000,   36872594,        0,  -37127406,          0
   384,    73,   74000000,   34987528,        0,  -39012472,          0
   384,    74,   74000000,   36824291,        0,  -37175709,          0
   384,    75,   74000000,   34852160,        0,  -39147840,          0
   384,    76,   74000000,   36782500,        0,  -37217500,          0
   384,    77,   74000000,   34759311,        0,  -39240689,          0
   384,    78,   74000000,   37133755,        0,  -36866245,          0
   384,    79,   74000000,   34858741,        0,  -39141259,          0
   384,    80,   74000000,   36899688,        0,  -37100312,          0
   384,    81,   74000000,   34863915,        0,  -39136085,          0
   384,    82,   74000000,   36793572,        0,  -37206428,          0
   384,    83,   74000000,   34826743,        0,  -39173257,          0
   384,    84,   74000000,   36890276,        0,  -37109724,          0
   384,    85,   74000000,   34798861,        0,  -39201139,          0
   384,    86,   74000000,   36869335,        0,  -37130665,          0
   384,    87,   74000000,   34914852,        0,  -39085148,          0
   384,    88,   74000000,   36845155,        0,  -37154845,          0
   384,    89,   74000000,   34822847,        0,  -39177153,          0
   384,    90,   74000000,   36730729,        0,  -37269271,          0
   384,    91,   74000000,   34777118,        0,  -39222882,          0
   384,    92,   74000000,   36863502,        0,  -37136498,          0
   384,    93,   74000000,   35119279,        0,  -38880721,          0
   384,    94,   74000000,   36834673,        0,  -37165327,          0
   384,    95,   74000000,   35060157,        0,  -38939843,          0
   384,    96,   74000000,   36864080,        0,  -37135920,          0
   384,    97,   74000000,   34814560,        0,  -39185440,          0
   384,    98,   74000000,   37177144,        0,  -36822856,          0
   384,    99,   74000000,   34925779,        0,  -39074221,          0
   384,   100,   74000000,   37132265,        0,  -36867735,          0
   384,   101,   74000000,   34760554,        0,  -39239446,          0
   384,   102,   74000000,   36861039,        0,  -37138961,          0
   384,   103,   74000000,   34862551,        0,  -39137449,          0
   384,   104,   74000000,   36767858,        0,  -37232142,          0
   384,   105,   74000000,   35100274,        0,  -38899726,          0
   384,   106,   74000000,   36842722,        0,  -37157278,          0
   384,   107,   74000000,   34807999,        0,  -39192001,          0
   384,   108,   74000000,   36884280,        0,  -37115720,          0
   384,   109,   74000000,   34870584,        0,  -39129416,          0
   384,   110,   74000000,   36880171,        0,  -37119829,          0
   384,   111,   74000000,   34847345,        0,  -39152655,          0
   384,   112,   74000000,   36873122,        0,  -37126878,          0
   384,   113,   74000000,   34857414,        0,  -39142586,          0
   384,   114,   74000000,   36862086,        0,  -37137914,          0
   384,   115,   74000000,   34919301,        0,  -39080699,          0
   384,   116,   74000000,   36847217,        0,  -37152783,          0
   384,   117,   74000000,   35173090,        0,  -38826910,          0
   384,   118,   74000000,   36797351,        0,  -37202649,          0
   384,   119,   74000000,   34801094,        0,  -39198906,          0
   384,   120,   74000000,   37191301,        0,  -36808699,          0
   384,   121,   74000000,   34741426,        0,  -39258574,          0
   384,   122,   74000000,   36827629,        0,  -37172371,          0
   384,   123,   74000000,   34827289,        0,  -39172711,          0
   384,   124,   74000000,   37031521,        0,  -36968479,          0
   384,   125,   74000000,   35140503,        0,  -38859497,          0
   384,   126,   74000000,   36810690,        0,  -37189310,          0
   384,   127,   74000000,   35015302,        0,  -38984698,          0
   384,   128,   74000000,   36890921,        0,  -37109079,          0
   384,   129,   74000000,   34798325,        0,  -39201675,          0
   384,   130,   74000000,   36871956,        0,  -37128044,          0
   384,   131,   74000000,   34815655,        0,  -39184345,          0
   384,   132,   74000000,   37060676,        0,  -36939324,          0
   384,   133,   74000000,   34849016,        0,  -39150984,          0
   384,   134,   74000000,   36844642,        0,  -37155358,          0
   384,   135,   74000000,   34861872,        0,  -39138128,          0
   384,   136,   74000000,   36958285,        0,  -37041715,          0
   384,   137,   74000000,   34851112,        0,  -39148888,          0
   384,   138,   74000000,   36847469,        0,  -37152531,          0
   384,   139,   74000000,   34828866,        0,  -39171134,          0
# task NAME=myapp PID=388 COST=8395000 PERIOD=43000000 CPU=0
   388,     2,   43000000,      11740,        0,  -42988260,          0
   388,     3,   43000000,      71225,        0,  -42928775,          0
   388,     4,   43000000,   12305396,        0,  -30694604,          0
   388,     5,   43000000,   13332421,        0,  -29667579,          0
   388,     6,   43000000,   10303724,        0,  -32696276,          0
   388,     7,   43000000,   13437049,        0,  -29562951,          0
   388,     8,   43000000,   16413413,        0,  -26586587,          0
   388,     9,   43000000,   13337488,        0,  -29662512,          0
   388,    10,   43000000,   14694334,        0,  -28305666,          0
   388,    11,   43000000,   11277601,        0,  -31722399,          0
   388,    12,   43000000,   14387632,        0,  -28612368,          0
   388,    13,   43000000,   13330780,        0,  -29669220,          0
   388,    14,   43000000,   10291925,        0,  -32708075,          0
   388,    15,   43000000,   11290866,        0,  -31709134,          0
   388,    16,   43000000,   14613847,        0,  -28386153,          0
   388,    17,   43000000,   13467899,        0,  -29532101,          0
   388,    18,   43000000,   10277832,        0,  -32722168,          0
   388,    19,   43000000,   11357750,        0,  -31642250,          0
   388,    20,   43000000,   14366892,        0,  -28633108,          0
   388,    21,   43000000,   13337076,        0,  -29662924,          0
   388,    22,   43000000,   10337190,        0,  -32662810,          0
   388,    23,   43000000,   11319048,        0,  -31680952,          0
   388,    24,   43000000,   12319341,        0,  -30680659,          0
   388,    25,   43000000,   13346365,        0,  -29653635,          0
   388,    26,   43000000,   11864039,        0,  -31135961,          0
   388,    27,   43000000,   13010886,        0,  -29989114,          0
   388,    28,   43000000,   12308755,        0,  -30691245,          0
   388,    29,   43000000,   15405516,        0,  -27594484,          0
   388,    30,   43000000,   12408919,        0,  -30591081,          0
   388,    31,   43000000,   13406344,        0,  -29593656,          0
   388,    32,   43000000,   12742805,        0,  -30257195,          0
   388,    33,   43000000,   13314452,        0,  -29685548,          0
   388,    34,   43000000,   12318557,        0,  -30681443,          0
   388,    35,   43000000,   11322529,        0,  -31677471,          0
   388,    36,   43000000,   14380701,        0,  -28619299,          0
   388,    37,   43000000,   16948853,        0,  -26051147,          0
   388,    38,   43000000,   12398371,        0,  -30601629,          0
   388,    39,   43000000,   13467990,        0,  -29532010,          0
   388,    40,   43000000,   14412697,        0,  -28587303,          0
   388,    41,   43000000,   13320034,        0,  -29679966,          0
   388,    42,   43000000,   12537349,        0,  -30462651,          0
   388,    43,   43000000,   11752351,        0,  -31247649,          0
   388,    44,   43000000,   12307837,        0,  -30692163,          0
   388,    45,   43000000,   15417382,        0,  -27582618,          0
   388,    46,   43000000,   10320933,        0,  -32679067,          0
   388,    47,   43000000,   13386142,        0,  -29613858,          0
   388,    48,   43000000,   14625289,        0,  -28374711,          0
   388,    49,   43000000,   13344620,        0,  -29655380,          0
   388,    50,   43000000,   10310476,        0,  -32689524,          0
   388,    51,   43000000,   13407091,        0,  -29592909,          0
   388,    52,   43000000,   14403972,        0,  -28596028,          0
   388,    53,   43000000,   13327963,        0,  -29672037,          0
   388,    54,   43000000,   10296076,        0,  -32703924,          0
   388,    55,   43000000,   13820508,        0,  -29179492,          0
   388,    56,   43000000,   14384619,        0,  -28615381,          0
   388,    57,   43000000,   13294708,        0,  -29705292,          0
   388,    58,   43000000,   12877375,        0,  -30122625,          0
   388,    59,   43000000,   13420171,        0,  -29579829,          0
   388,    60,   43000000,   12337704,        0,  -30662296,          0
   388,    61,   43000000,   15403513,        0,  -27596487,          0
   388,    62,   43000000,   10311504,        0,  -32688496,          0
   388,    63,   43000000,   11324157,        0,  -31675843,          0
   388,    64,   43000000,   14429547,        0,  -28570453,          0
   388,    65,   43000000,   13332751,        0,  -29667249,          0
   388,    66,   43000000,   12375507,        0,  -30624493,          0
   388,    67,   43000000,   13397571,        0,  -29602429,          0
   388,    68,   43000000,   14444965,        0,  -28555035,          0
   388,    69,   43000000,   13333583,        0,  -29666417,          0
   388,    70,   43000000,   10309683,        0,  -32690317,          0
   388,    71,   43000000,   11339206,        0,  -31660794,          0
   388,    72,   43000000,   14453746,        0,  -28546254,          0
   388,    73,   43000000,   13353206,        0,  -29646794,          0
   388,    74,   43000000,   12626566,        0,  -30373434,          0
   388,    75,   43000000,   15419740,        0,  -27580260,          0
   388,    76,   43000000,   12331036,        0,  -30668964,          0
   388,    77,   43000000,   15638545,        0,  -27361455,          0
   388,    78,   43000000,   12376563,        0,  -30623437,          0
   388,    79,   43000000,   13394513,        0,  -29605487,          0
   388,    80,   43000000,   14616823,        0,  -28383177,          0
   388,    81,   43000000,   15441126,        0,  -27558874,          0
   388,    82,   43000000,   12404105,        0,  -30595895,          0
   388,    83,   43000000,   13343498,        0,  -29656502,          0
   388,    84,   43000000,   12321418,        0,  -30678582,          0
   388,    85,   43000000,   15388677,        0,  -27611323,          0
   388,    86,   43000000,   14403406,        0,  -28596594,          0
   388,    87,   43000000,   11308750,        0,  -31691250,          0
   388,    88,   43000000,   14383462,        0,  -28616538,          0
   388,    89,   43000000,   15381819,        0,  -27618181,          0
   388,    90,   43000000,   10729958,        0,  -32270042,          0
   388,    91,   43000000,   11329385,        0,  -31670615,          0
   388,    92,   43000000,   14380998,        0,  -28619002,          0
   388,    93,   43000000,   13305893,        0,  -29694107,          0
   388,    94,   43000000,   10319186,        0,  -32680814,          0
   388,    95,   43000000,   11312353,        0,  -31687647,          0
   388,    96,   43000000,   12326016,        0,  -30673984,          0
   388,    97,   43000000,   15433306,        0,  -27566694,          0
   388,    98,   43000000,   12343863,        0,  -30656137,          0
   388,    99,   43000000,   11324562,        0,  -31675438,          0
   388,   100,   43000000,   14374818,        0,  -28625182,          0
   388,   101,   43000000,   15406160,        0,  -27593840,          0
   388,   102,   43000000,   12414951,        0,  -30585049,          0
   388,   103,   43000000,   11261280,        0,  -31738720,          0
   388,   104,   43000000,   14428647,        0,  -28571353,          0
   388,   105,   43000000,   13342409,        0,  -29657591,          0
   388,   106,   43000000,   12630087,        0,  -30369913,          0
   388,   107,   43000000,   13381849,        0,  -29618151,          0
   388,   108,   43000000,   14408167,        0,  -28591833,          0
   388,   109,   43000000,   15640842,        0,  -27359158,          0
   388,   110,   43000000,   12451196,        0,  -30548804,          0
   388,   111,   43000000,   11336175,        0,  -31663825,          0
   388,   112,   43000000,   12334818,        0,  -30665182,          0
   388,   113,   43000000,   13290311,        0,  -29709689,          0
   388,   114,   43000000,   12296505,        0,  -30703495,          0
   388,   115,   43000000,   17414747,        0,  -25585253,          0
   388,   116,   43000000,   14429632,        0,  -28570368,          0
   388,   117,   43000000,   15331894,        0,  -27668106,          0
   388,   118,   43000000,   10324206,        0,  -32675794,          0
   388,   119,   43000000,   11338331,        0,  -31661669,          0
   388,   120,   43000000,   12681543,        0,  -30318457,          0
   388,   121,   43000000,   15425245,        0,  -27574755,          0
   388,   122,   43000000,   12400015,        0,  -30599985,          0
   388,   123,   43000000,   11341998,        0,  -31658002,          0
   388,   124,   43000000,   14380584,        0,  -28619416,          0
   388,   125,   43000000,   13289583,        0,  -29710417,          0
   388,   126,   43000000,   10309817,        0,  -32690183,          0
   388,   127,   43000000,   11269674,        0,  -31730326,          0
   388,   128,   43000000,   12349457,        0,  -30650543,          0
   388,   129,   43000000,   15372236,        0,  -27627764,          0
   388,   130,   43000000,   12375415,        0,  -30624585,          0
   388,   131,   43000000,   11322181,        0,  -31677819,          0
   388,   132,   43000000,   12359383,        0,  -30640617,          0
   388,   133,   43000000,   17439909,        0,  -25560091,          0
   388,   134,   43000000,   12395491,        0,  -30604509,          0
   388,   135,   43000000,   13336205,        0,  -29663795,          0
   388,   136,   43000000,   12330651,        0,  -30669349,          0
   388,   137,   43000000,   15417503,        0,  -27582497,          0
   388,   138,   43000000,   12461463,        0,  -30538537,          0
   388,   139,   43000000,   11289140,        0,  -31710860,          0
   388,   140,   43000000,   14426578,        0,  -28573422,          0
   388,   141,   43000000,   15649452,        0,  -27350548,          0
   388,   142,   43000000,   12396144,        0,  -30603856,          0
   388,   143,   43000000,   11338817,        0,  -31661183,          0
   388,   144,   43000000,   14309447,        0,  -28690553,          0
   388,   145,   43000000,   15358491,        0,  -27641509,          0
   388,   146,   43000000,   10310681,        0,  -32689319,          0
   388,   147,   43000000,   11301207,        0,  -31698793,          0
   388,   148,   43000000,   14344800,        0,  -28655200,          0
   388,   149,   43000000,   13330497,        0,  -29669503,          0
   388,   150,   43000000,   12341579,        0,  -30658421,          0
   388,   151,   43000000,   11325716,        0,  -31674284,          0
   388,   152,   43000000,   12593146,        0,  -30406854,          0
   388,   153,   43000000,   13297974,        0,  -29702026,          0
   388,   154,   43000000,   10287382,        0,  -32712618,          0
   388,   155,   43000000,   11330616,        0,  -31669384,          0
   388,   156,   43000000,   14386438,        0,  -28613562,          0
   388,   157,   43000000,   15363917,        0,  -27636083,          0
   388,   158,   43000000,   10278885,        0,  -32721115,          0
   388,   159,   43000000,   11294986,        0,  -31705014,          0
   388,   160,   43000000,   12310873,        0,  -30689127,          0
   388,   161,   43000000,   15351929,        0,  -27648071,          0
   388,   162,   43000000,   12236039,        0,  -30763961,          0
   388,   163,   43000000,   13411159,        0,  -29588841,          0
   388,   164,   43000000,   14444884,        0,  -28555116,          0
   388,   165,   43000000,   13320820,        0,  -29679180,          0
   388,   166,   43000000,   12387654,        0,  -30612346,          0
   388,   167,   43000000,   13406362,        0,  -29593638,          0
   388,   168,   43000000,   12327203,        0,  -30672797,          0
   388,   169,   43000000,   15384000,        0,  -27616000,          0
   388,   170,   43000000,   12561555,        0,  -30438445,          0
   388,   171,   43000000,   11317417,        0,  -31682583,          0
   388,   172,   43000000,   12300930,        0,  -30699070,          0
   388,   173,   43000000,   15633048,        0,  -27366952,          0
   388,   174,   43000000,   12261386,        0,  -30738614,          0
   388,   175,   43000000,   11303863,        0,  -31696137,          0
   388,   176,   43000000,   14429655,        0,  -28570345,          0
   388,   177,   43000000,   15430362,        0,  -27569638,          0
   388,   178,   43000000,   12443557,        0,  -30556443,          0
   388,   179,   43000000,   11884448,        0,  -31115552,          0
   388,   180,   43000000,   13590751,        0,  -29409249,          0
   388,   181,   43000000,   15384589,        0,  -27615411,          0
   388,   182,   43000000,   18361317,        0,  -24638683,          0
   388,   183,   43000000,   11330909,        0,  -31669091,          0
   388,   184,   43000000,   12339384,        0,  -30660616,          0
   388,   185,   43000000,   13337411,        0,  -29662589,          0
   388,   186,   43000000,   10288592,        0,  -32711408,          0
   388,   187,   43000000,   13440970,        0,  -29559030,          0
   388,   188,   43000000,   14422944,        0,  -28577056,          0
   388,   189,   43000000,   15318351,        0,  -27681649,          0
   388,   190,   43000000,   12370136,        0,  -30629864,          0
   388,   191,   43000000,   13380564,        0,  -29619436,          0
   388,   192,   43000000,   16399885,        0,  -26600115,          0
   388,   193,   43000000,   13323194,        0,  -29676806,          0
   388,   194,   43000000,   10281374,        0,  -32718626,          0
   388,   195,   43000000,   13420490,        0,  -29579510,          0
   388,   196,   43000000,   12331810,        0,  -30668190,          0
   388,   197,   43000000,   15375751,        0,  -27624249,          0
   388,   198,   43000000,   12789620,        0,  -30210380,          0
   388,   199,   43000000,   11312726,        0,  -31687274,          0
   388,   200,   43000000,   14396073,        0,  -28603927,          0
   388,   201,   43000000,   13349648,        0,  -29650352,          0
   388,   202,   43000000,   12614379,        0,  -30385621,          0
   388,   203,   43000000,   11274381,        0,  -31725619,          0
   388,   204,   43000000,   14414134,        0,  -28585866,          0
   388,   205,   43000000,   15625581,        0,  -27374419,          0
   388,   206,   43000000,   12407523,        0,  -30592477,          0
   388,   207,   43000000,   13397037,        0,  -29602963,          0
   388,   208,   43000000,   12345945,        0,  -30654055,          0
   388,   209,   43000000,   15391255,        0,  -27608745,          0
   388,   210,   43000000,   12300715,        0,  -30699285,          0
   388,   211,   43000000,   13522460,        0,  -29477540,          0
   388,   212,   43000000,   16469669,        0,  -26530331,          0
   388,   213,   43000000,   15350928,        0,  -27649072,          0
   388,   214,   43000000,   12475843,        0,  -30524157,          0
   388,   215,   43000000,   13359222,        0,  -29640778,          0
   388,   216,   43000000,   12317115,        0,  -30682885,          0
   388,   217,   43000000,   15453250,        0,  -27546750,          0
   388,   218,   43000000,   12359610,        0,  -30640390,          0
   388,   219,   43000000,   13397269,        0,  -29602731,          0
   388,   220,   43000000,   14415924,        0,  -28584076,          0
   388,   221,   43000000,   15422322,        0,  -27577678,          0
   388,   222,   43000000,   12396551,        0,  -30603449,          0
   388,   223,   43000000,   13368920,        0,  -29631080,          0
   388,   224,   43000000,   14406993,        0,  -28593007,          0
   388,   225,   43000000,   15400248,        0,  -27599752,          0
   388,   226,   43000000,   12266842,        0,  -30733158,          0
   388,   227,   43000000,   17397798,        0,  -25602202,          0
   388,   228,   43000000,   14678007,        0,  -28321993,          0
   388,   229,   43000000,   13344288,        0,  -29655712,          0
   388,   230,   43000000,   10272324,        0,  -32727676,          0
   388,   231,   43000000,   11317226,        0,  -31682774,          0
   388,   232,   43000000,   14407548,        0,  -28592452,          0
   388,   233,   43000000,   17403403,        0,  -25596597,          0
   388,   234,   43000000,   12687604,        0,  -30312396,          0
   388,   235,   43000000,   13411729,        0,  -29588271,          0
   388,   236,   43000000,   12341303,        0,  -30658697,          0
