375 374 1
167 167 0
122 122 0
836 787 49
180 180 0
112 112 0
405 400 5
376 375 1
361 356 5
206 206 0
120 120 0
403 392 11
109 109 0
772 738 34
116 116 0
164 164 0
208 208 0
348 345 3
262 260 2
837 781 56
419 410 9
208 208 0
591 569 22
113 113 0
179 179 0
112 112 0
133 132 1
246 246 0
254 254 0
149 148 1
217 216 1
373 371 2
162 161 1
155 155 0
130 130 0
297 295 2
116 116 0
167 167 0
184 184 0
140 140 0
254 254 0
157 157 0
112 112 0
717 680 37
120 120 0
136 136 0
192 191 1
163 163 0
107 107 0
125 125 0
215 215 0
592 570 22
670 645 25
236 234 2
189 189 0
318 315 3
208 208 0
360 358 2
