# Task,   Job,     Period,   Response, DL Miss?,   Lateness,  Tardiness
# task NAME=myapp PID=17826 COST=7537000 PERIOD=28000000 CPU=0
 17826,     2,   28000000,       9773,        0,  -27990227,          0
 17826,     3,   28000000,     152784,        0,  -27847216,          0
 17826,     4,   28000000,   11550479,        0,  -16449521,          0
 17826,     5,   28000000,   11512560,        0,  -16487440,          0
 17826,     6,   28000000,   11535933,        0,  -16464067,          0
 17826,     7,   28000000,   11454868,        0,  -16545132,          0
 17826,     8,   28000000,   11584484,        0,  -16415516,          0
 17826,     9,   28000000,   11986464,        0,  -16013536,          0
 17826,    10,   28000000,   11116867,        0,  -16883133,          0
 17826,    11,   28000000,   11892496,        0,  -16107504,          0
 17826,    12,   28000000,   11343004,        0,  -16656996,          0
 17826,    13,   28000000,   11590004,        0,  -16409996,          0
 17826,    14,   28000000,   11381299,        0,  -16618701,          0
 17826,    15,   28000000,   11518226,        0,  -16481774,          0
 17826,    16,   28000000,   11618727,        0,  -16381273,          0
 17826,    17,   28000000,   10891883,        0,  -17108117,          0
 17826,    18,   28000000,   11071723,        0,  -16928277,          0
 17826,    19,   28000000,   11382513,        0,  -16617487,          0
 17826,    20,   28000000,   11278609,        0,  -16721391,          0
 17826,    21,   28000000,   11109255,        0,  -16890745,          0
 17826,    22,   28000000,   11316875,        0,  -16683125,          0
 17826,    23,   28000000,   12273481,        0,  -15726519,          0
 17826,    24,   28000000,   11139682,        0,  -16860318,          0
 17826,    25,   28000000,   11084552,        0,  -16915448,          0
 17826,    26,   28000000,   12247979,        0,  -15752021,          0
 17826,    27,   28000000,   11058503,        0,  -16941497,          0
 17826,    28,   28000000,   11893780,        0,  -16106220,          0
 17826,    29,   28000000,   11078175,        0,  -16921825,          0
 17826,    30,   28000000,   11169959,        0,  -16830041,          0
 17826,    31,   28000000,   11461908,        0,  -16538092,          0
 17826,    32,   28000000,   11545968,        0,  -16454032,          0
 17826,    33,   28000000,   11082331,        0,  -16917669,          0
 17826,    34,   28000000,   11404001,        0,  -16595999,          0
 17826,    35,   28000000,   11461447,        0,  -16538553,          0
 17826,    36,   28000000,   11569935,        0,  -16430065,          0
 17826,    37,   28000000,   11608444,        0,  -16391556,          0
 17826,    38,   28000000,   11423784,        0,  -16576216,          0
 17826,    39,   28000000,   11444222,        0,  -16555778,          0
 17826,    40,   28000000,   11131054,        0,  -16868946,          0
 17826,    41,   28000000,   11469556,        0,  -16530444,          0
 17826,    42,   28000000,   11920638,        0,  -16079362,          0
 17826,    43,   28000000,   10594952,        0,  -17405048,          0
 17826,    44,   28000000,   11107321,        0,  -16892679,          0
 17826,    45,   28000000,   11894008,        0,  -16105992,          0
 17826,    46,   28000000,   10804192,        0,  -17195808,          0
 17826,    47,   28000000,   11159019,        0,  -16840981,          0
 17826,    48,   28000000,   11999516,        0,  -16000484,          0
 17826,    49,   28000000,   11430017,        0,  -16569983,          0
 17826,    50,   28000000,   11107549,        0,  -16892451,          0
 17826,    51,   28000000,   12314736,        0,  -15685264,          0
 17826,    52,   28000000,   11469941,        0,  -16530059,          0
 17826,    53,   28000000,   11435939,        0,  -16564061,          0
 17826,    54,   28000000,   11097667,        0,  -16902333,          0
 17826,    55,   28000000,   11878831,        0,  -16121169,          0
 17826,    56,   28000000,   12292821,        0,  -15707179,          0
 17826,    57,   28000000,   12533448,        0,  -15466552,          0
 17826,    58,   28000000,   11139898,        0,  -16860102,          0
 17826,    59,   28000000,   12282934,        0,  -15717066,          0
 17826,    60,   28000000,   11367549,        0,  -16632451,          0
 17826,    61,   28000000,   12124429,        0,  -15875571,          0
 17826,    62,   28000000,   11157454,        0,  -16842546,          0
 17826,    63,   28000000,   11900265,        0,  -16099735,          0
 17826,    64,   28000000,   11089082,        0,  -16910918,          0
 17826,    65,   28000000,   11227756,        0,  -16772244,          0
 17826,    66,   28000000,   11282814,        0,  -16717186,          0
 17826,    67,   28000000,   12237801,        0,  -15762199,          0
 17826,    68,   28000000,   11063702,        0,  -16936298,          0
 17826,    69,   28000000,   11134965,        0,  -16865035,          0
 17826,    70,   28000000,   12014289,        0,  -15985711,          0
 17826,    71,   28000000,   10889860,        0,  -17110140,          0
 17826,    72,   28000000,   11453648,        0,  -16546352,          0
 17826,    73,   28000000,   11313472,        0,  -16686528,          0
 17826,    74,   28000000,   11174809,        0,  -16825191,          0
 17826,    75,   28000000,   11127434,        0,  -16872566,          0
 17826,    76,   28000000,   11364905,        0,  -16635095,          0
 17826,    77,   28000000,   11051368,        0,  -16948632,          0
 17826,    78,   28000000,   11380044,        0,  -16619956,          0
 17826,    79,   28000000,   11717333,        0,  -16282667,          0
 17826,    80,   28000000,   12125881,        0,  -15874119,          0
 17826,    81,   28000000,   11399079,        0,  -16600921,          0
 17826,    82,   28000000,   11512361,        0,  -16487639,          0
 17826,    83,   28000000,   12262379,        0,  -15737621,          0
 17826,    84,   28000000,   11475662,        0,  -16524338,          0
 17826,    85,   28000000,   10801187,        0,  -17198813,          0
 17826,    86,   28000000,   11244160,        0,  -16755840,          0
 17826,    87,   28000000,   11051404,        0,  -16948596,          0
 17826,    88,   28000000,   10993752,        0,  -17006248,          0
 17826,    89,   28000000,   12334874,        0,  -15665126,          0
 17826,    90,   28000000,   11428138,        0,  -16571862,          0
 17826,    91,   28000000,   11978615,        0,  -16021385,          0
 17826,    92,   28000000,   11659999,        0,  -16340001,          0
 17826,    93,   28000000,   11428032,        0,  -16571968,          0
 17826,    94,   28000000,   11115080,        0,  -16884920,          0
 17826,    95,   28000000,   11079213,        0,  -16920787,          0
 17826,    96,   28000000,   10653861,        0,  -17346139,          0
 17826,    97,   28000000,   11697113,        0,  -16302887,          0
 17826,    98,   28000000,   11109634,        0,  -16890366,          0
 17826,    99,   28000000,   11701144,        0,  -16298856,          0
 17826,   100,   28000000,   11951089,        0,  -16048911,          0
 17826,   101,   28000000,   11382021,        0,  -16617979,          0
 17826,   102,   28000000,   11441005,        0,  -16558995,          0
 17826,   103,   28000000,   11309838,        0,  -16690162,          0
 17826,   104,   28000000,   11058884,        0,  -16941116,          0
 17826,   105,   28000000,   11108425,        0,  -16891575,          0
 17826,   106,   28000000,   11724771,        0,  -16275229,          0
 17826,   107,   28000000,   11309088,        0,  -16690912,          0
 17826,   108,   28000000,   12087019,        0,  -15912981,          0
 17826,   109,   28000000,   11745124,        0,  -16254876,          0
 17826,   110,   28000000,   11384142,        0,  -16615858,          0
 17826,   111,   28000000,   12359540,        0,  -15640460,          0
 17826,   112,   28000000,   11063084,        0,  -16936916,          0
 17826,   113,   28000000,   12227202,        0,  -15772798,          0
 17826,   114,   28000000,   11953017,        0,  -16046983,          0
 17826,   115,   28000000,   12135994,        0,  -15864006,          0
 17826,   116,   28000000,   11040350,        0,  -16959650,          0
 17826,   117,   28000000,   11418043,        0,  -16581957,          0
 17826,   118,   28000000,   12088421,        0,  -15911579,          0
 17826,   119,   28000000,   11221865,        0,  -16778135,          0
 17826,   120,   28000000,   11430048,        0,  -16569952,          0
 17826,   121,   28000000,   11164922,        0,  -16835078,          0
 17826,   122,   28000000,   11085928,        0,  -16914072,          0
 17826,   123,   28000000,   11453260,        0,  -16546740,          0
 17826,   124,   28000000,   11342408,        0,  -16657592,          0
 17826,   125,   28000000,   11765950,        0,  -16234050,          0
 17826,   126,   28000000,   11060347,        0,  -16939653,          0
 17826,   127,   28000000,   11078790,        0,  -16921210,          0
 17826,   128,   28000000,   11532867,        0,  -16467133,          0
 17826,   129,   28000000,   11046466,        0,  -16953534,          0
 17826,   130,   28000000,   10826672,        0,  -17173328,          0
 17826,   131,   28000000,   12315352,        0,  -15684648,          0
 17826,   132,   28000000,   11126321,        0,  -16873679,          0
 17826,   133,   28000000,   11615426,        0,  -16384574,          0
 17826,   134,   28000000,   10339021,        0,  -17660979,          0
 17826,   135,   28000000,   11494160,        0,  -16505840,          0
 17826,   136,   28000000,   12252626,        0,  -15747374,          0
 17826,   137,   28000000,   10985974,        0,  -17014026,          0
 17826,   138,   28000000,   11582314,        0,  -16417686,          0
 17826,   139,   28000000,   11992589,        0,  -16007411,          0
 17826,   140,   28000000,   12235375,        0,  -15764625,          0
 17826,   141,   28000000,   11435814,        0,  -16564186,          0
 17826,   142,   28000000,   12092738,        0,  -15907262,          0
 17826,   143,   28000000,   11431031,        0,  -16568969,          0
 17826,   144,   28000000,   11404698,        0,  -16595302,          0
 17826,   145,   28000000,   11495921,        0,  -16504079,          0
 17826,   146,   28000000,   11064625,        0,  -16935375,          0
 17826,   147,   28000000,   12225299,        0,  -15774701,          0
 17826,   148,   28000000,   11369051,        0,  -16630949,          0
 17826,   149,   28000000,   11046639,        0,  -16953361,          0
 17826,   150,   28000000,   11085104,        0,  -16914896,          0
 17826,   151,   28000000,   11426695,        0,  -16573305,          0
 17826,   152,   28000000,   11455579,        0,  -16544421,          0
 17826,   153,   28000000,   11056703,        0,  -16943297,          0
 17826,   154,   28000000,   11954298,        0,  -16045702,          0
 17826,   155,   28000000,   11279048,        0,  -16720952,          0
 17826,   156,   28000000,   12356195,        0,  -15643805,          0
 17826,   157,   28000000,   11098296,        0,  -16901704,          0
 17826,   158,   28000000,   12394194,        0,  -15605806,          0
 17826,   159,   28000000,   11154477,        0,  -16845523,          0
 17826,   160,   28000000,   11167457,        0,  -16832543,          0
 17826,   161,   28000000,   10957078,        0,  -17042922,          0
 17826,   162,   28000000,   11487210,        0,  -16512790,          0
 17826,   163,   28000000,   11702574,        0,  -16297426,          0
 17826,   164,   28000000,   11074448,        0,  -16925552,          0
 17826,   165,   28000000,   11934095,        0,  -16065905,          0
 17826,   166,   28000000,   11553526,        0,  -16446474,          0
 17826,   167,   28000000,   11898323,        0,  -16101677,          0
 17826,   168,   28000000,   11112677,        0,  -16887323,          0
 17826,   169,   28000000,   11902608,        0,  -16097392,          0
 17826,   170,   28000000,   11116240,        0,  -16883760,          0
 17826,   171,   28000000,   11476177,        0,  -16523823,          0
 17826,   172,   28000000,   11590890,        0,  -16409110,          0
 17826,   173,   28000000,   11313814,        0,  -16686186,          0
 17826,   174,   28000000,   11496715,        0,  -16503285,          0
 17826,   175,   28000000,   11852550,        0,  -16147450,          0
 17826,   176,   28000000,   11822772,        0,  -16177228,          0
 17826,   177,   28000000,   11587407,        0,  -16412593,          0
 17826,   178,   28000000,   11487427,        0,  -16512573,          0
 17826,   179,   28000000,   11969053,        0,  -16030947,          0
 17826,   180,   28000000,   11266203,        0,  -16733797,          0
 17826,   181,   28000000,   11166886,        0,  -16833114,          0
 17826,   182,   28000000,   11219659,        0,  -16780341,          0
 17826,   183,   28000000,   11112010,        0,  -16887990,          0
 17826,   184,   28000000,   11084624,        0,  -16915376,          0
 17826,   185,   28000000,   11034210,        0,  -16965790,          0
 17826,   186,   28000000,   11410830,        0,  -16589170,          0
 17826,   187,   28000000,   10740154,        0,  -17259846,          0
 17826,   188,   28000000,   11967212,        0,  -16032788,          0
 17826,   189,   28000000,   11083192,        0,  -16916808,          0
 17826,   190,   28000000,   11489078,        0,  -16510922,          0
 17826,   191,   28000000,   12045018,        0,  -15954982,          0
 17826,   192,   28000000,   11929771,        0,  -16070229,          0
 17826,   193,   28000000,   11858759,        0,  -16141241,          0
 17826,   194,   28000000,   11815680,        0,  -16184320,          0
 17826,   195,   28000000,   11468212,        0,  -16531788,          0
 17826,   196,   28000000,   11959191,        0,  -16040809,          0
 17826,   197,   28000000,   10863858,        0,  -17136142,          0
 17826,   198,   28000000,   11134403,        0,  -16865597,          0
 17826,   199,   28000000,   11090611,        0,  -16909389,          0
 17826,   200,   28000000,   11688775,        0,  -16311225,          0
 17826,   201,   28000000,   11205690,        0,  -16794310,          0
 17826,   202,   28000000,   12306890,        0,  -15693110,          0
 17826,   203,   28000000,   11120702,        0,  -16879298,          0
 17826,   204,   28000000,   12402375,        0,  -15597625,          0
 17826,   205,   28000000,   11045992,        0,  -16954008,          0
 17826,   206,   28000000,   11506508,        0,  -16493492,          0
 17826,   207,   28000000,   11678295,        0,  -16321705,          0
 17826,   208,   28000000,   12223669,        0,  -15776331,          0
 17826,   209,   28000000,   11447512,        0,  -16552488,          0
 17826,   210,   28000000,   10521199,        0,  -17478801,          0
 17826,   211,   28000000,   11335478,        0,  -16664522,          0
 17826,   212,   28000000,   11446897,        0,  -16553103,          0
 17826,   213,   28000000,   11681854,        0,  -16318146,          0
 17826,   214,   28000000,   11180656,        0,  -16819344,          0
 17826,   215,   28000000,   11487055,        0,  -16512945,          0
 17826,   216,   28000000,   11476959,        0,  -16523041,          0
 17826,   217,   28000000,   11465014,        0,  -16534986,          0
 17826,   218,   28000000,   11403900,        0,  -16596100,          0
 17826,   219,   28000000,   11080595,        0,  -16919405,          0
 17826,   220,   28000000,   12226628,        0,  -15773372,          0
 17826,   221,   28000000,   11867396,        0,  -16132604,          0
 17826,   222,   28000000,   11033000,        0,  -16967000,          0
 17826,   223,   28000000,   11144100,        0,  -16855900,          0
 17826,   224,   28000000,   11618078,        0,  -16381922,          0
 17826,   225,   28000000,   11502659,        0,  -16497341,          0
 17826,   226,   28000000,   10715357,        0,  -17284643,          0
 17826,   227,   28000000,   11154675,        0,  -16845325,          0
 17826,   228,   28000000,   11420167,        0,  -16579833,          0
 17826,   229,   28000000,   11045602,        0,  -16954398,          0
 17826,   230,   28000000,   11445103,        0,  -16554897,          0
 17826,   231,   28000000,   12484524,        0,  -15515476,          0
 17826,   232,   28000000,   12153790,        0,  -15846210,          0
 17826,   233,   28000000,   10765619,        0,  -17234381,          0
 17826,   234,   28000000,   11969063,        0,  -16030937,          0
 17826,   235,   28000000,   12289859,        0,  -15710141,          0
 17826,   236,   28000000,   11224465,        0,  -16775535,          0
 17826,   237,   28000000,   11472104,        0,  -16527896,          0
 17826,   238,   28000000,   11080479,        0,  -16919521,          0
 17826,   239,   28000000,   11503700,        0,  -16496300,          0
 17826,   240,   28000000,   10970139,        0,  -17029861,          0
 17826,   241,   28000000,   11422767,        0,  -16577233,          0
 17826,   242,   28000000,   11081134,        0,  -16918866,          0
 17826,   243,   28000000,   11833628,        0,  -16166372,          0
 17826,   244,   28000000,   11855548,        0,  -16144452,          0
 17826,   245,   28000000,   11517009,        0,  -16482991,          0
 17826,   246,   28000000,   11373790,        0,  -16626210,          0
 17826,   247,   28000000,   11401886,        0,  -16598114,          0
 17826,   248,   28000000,   11374057,        0,  -16625943,          0
 17826,   249,   28000000,   11531612,        0,  -16468388,          0
 17826,   250,   28000000,   11104953,        0,  -16895047,          0
 17826,   251,   28000000,   11670141,        0,  -16329859,          0
 17826,   252,   28000000,   11448797,        0,  -16551203,          0
 17826,   253,   28000000,   11605462,        0,  -16394538,          0
 17826,   254,   28000000,   12276546,        0,  -15723454,          0
 17826,   255,   28000000,   11456959,        0,  -16543041,          0
 17826,   256,   28000000,   11424838,        0,  -16575162,          0
 17826,   257,   28000000,   11492593,        0,  -16507407,          0
 17826,   258,   28000000,   11045364,        0,  -16954636,          0
 17826,   259,   28000000,   11412564,        0,  -16587436,          0
 17826,   260,   28000000,   11434207,        0,  -16565793,          0
 17826,   261,   28000000,   11526586,        0,  -16473414,          0
 17826,   262,   28000000,   11537305,        0,  -16462695,          0
 17826,   263,   28000000,   10989785,        0,  -17010215,          0
 17826,   264,   28000000,   11062604,        0,  -16937396,          0
 17826,   265,   28000000,   11331718,        0,  -16668282,          0
 17826,   266,   28000000,   11838459,        0,  -16161541,          0
 17826,   267,   28000000,   11598312,        0,  -16401688,          0
 17826,   268,   28000000,   12322892,        0,  -15677108,          0
 17826,   269,   28000000,   11117049,        0,  -16882951,          0
 17826,   270,   28000000,   10698756,        0,  -17301244,          0
 17826,   271,   28000000,   11514633,        0,  -16485367,          0
 17826,   272,   28000000,   11109708,        0,  -16890292,          0
 17826,   273,   28000000,   11602241,        0,  -16397759,          0
 17826,   274,   28000000,   11417568,        0,  -16582432,          0
 17826,   275,   28000000,   11509826,        0,  -16490174,          0
 17826,   276,   28000000,   12274865,        0,  -15725135,          0
 17826,   277,   28000000,   11103368,        0,  -16896632,          0
 17826,   278,   28000000,   11426540,        0,  -16573460,          0
 17826,   279,   28000000,   11450470,        0,  -16549530,          0
 17826,   280,   28000000,   11333732,        0,  -16666268,          0
 17826,   281,   28000000,   11969518,        0,  -16030482,          0
 17826,   282,   28000000,   11484815,        0,  -16515185,          0
 17826,   283,   28000000,   11868704,        0,  -16131296,          0
 17826,   284,   28000000,   11883794,        0,  -16116206,          0
 17826,   285,   28000000,   10694068,        0,  -17305932,          0
 17826,   286,   28000000,   11155741,        0,  -16844259,          0
 17826,   287,   28000000,   11410772,        0,  -16589228,          0
 17826,   288,   28000000,   11911909,        0,  -16088091,          0
 17826,   289,   28000000,   11998056,        0,  -16001944,          0
 17826,   290,   28000000,   10671578,        0,  -17328422,          0
 17826,   291,   28000000,   12373715,        0,  -15626285,          0
 17826,   292,   28000000,   11031326,        0,  -16968674,          0
 17826,   293,   28000000,   11426288,        0,  -16573712,          0
 17826,   294,   28000000,   11257133,        0,  -16742867,          0
 17826,   295,   28000000,   12352592,        0,  -15647408,          0
 17826,   296,   28000000,   11144049,        0,  -16855951,          0
 17826,   297,   28000000,   10748667,        0,  -17251333,          0
 17826,   298,   28000000,   12489334,        0,  -15510666,          0
 17826,   299,   28000000,   11266314,        0,  -16733686,          0
 17826,   300,   28000000,   12307488,        0,  -15692512,          0
 17826,   301,   28000000,   11945253,        0,  -16054747,          0
 17826,   302,   28000000,   11504049,        0,  -16495951,          0
 17826,   303,   28000000,   11413411,        0,  -16586589,          0
 17826,   304,   28000000,   11477854,        0,  -16522146,          0
 17826,   305,   28000000,   11468323,        0,  -16531677,          0
 17826,   306,   28000000,   12280366,        0,  -15719634,          0
 17826,   307,   28000000,   11219996,        0,  -16780004,          0
 17826,   308,   28000000,   11608106,        0,  -16391894,          0
 17826,   309,   28000000,   11843292,        0,  -16156708,          0
 17826,   310,   28000000,   11136795,        0,  -16863205,          0
 17826,   311,   28000000,   11134657,        0,  -16865343,          0
 17826,   312,   28000000,   12237102,        0,  -15762898,          0
 17826,   313,   28000000,   10976116,        0,  -17023884,          0
 17826,   314,   28000000,   11188787,        0,  -16811213,          0
 17826,   315,   28000000,   11504107,        0,  -16495893,          0
 17826,   316,   28000000,   11865022,        0,  -16134978,          0
 17826,   317,   28000000,   11143040,        0,  -16856960,          0
 17826,   318,   28000000,   11444556,        0,  -16555444,          0
 17826,   319,   28000000,   11329888,        0,  -16670112,          0
 17826,   320,   28000000,   11623094,        0,  -16376906,          0
 17826,   321,   28000000,   11617635,        0,  -16382365,          0
 17826,   322,   28000000,   11444353,        0,  -16555647,          0
 17826,   323,   28000000,   11868253,        0,  -16131747,          0
 17826,   324,   28000000,   11087530,        0,  -16912470,          0
 17826,   325,   28000000,   11500550,        0,  -16499450,          0
 17826,   326,   28000000,   11236885,        0,  -16763115,          0
 17826,   327,   28000000,   12278015,        0,  -15721985,          0
 17826,   328,   28000000,   10838361,        0,  -17161639,          0
 17826,   329,   28000000,   12500953,        0,  -15499047,          0
 17826,   330,   28000000,   11448128,        0,  -16551872,          0
 17826,   331,   28000000,   11552819,        0,  -16447181,          0
 17826,   332,   28000000,   10839487,        0,  -17160513,          0
 17826,   333,   28000000,   11556968,        0,  -16443032,          0
 17826,   334,   28000000,   11842714,        0,  -16157286,          0
 17826,   335,   28000000,   11179742,        0,  -16820258,          0
 17826,   336,   28000000,   11204679,        0,  -16795321,          0
 17826,   337,   28000000,   11830712,        0,  -16169288,          0
 17826,   338,   28000000,   11556055,        0,  -16443945,          0
 17826,   339,   28000000,   11415155,        0,  -16584845,          0
 17826,   340,   28000000,   11058327,        0,  -16941673,          0
 17826,   341,   28000000,   11423336,        0,  -16576664,          0
 17826,   342,   28000000,   11425364,        0,  -16574636,          0
 17826,   343,   28000000,   11822201,        0,  -16177799,          0
 17826,   344,   28000000,   11053277,        0,  -16946723,          0
 17826,   345,   28000000,   11764657,        0,  -16235343,          0
 17826,   346,   28000000,   11746796,        0,  -16253204,          0
 17826,   347,   28000000,   11353276,        0,  -16646724,          0
 17826,   348,   28000000,   12343103,        0,  -15656897,          0
 17826,   349,   28000000,   11443626,        0,  -16556374,          0
 17826,   350,   28000000,   11351306,        0,  -16648694,          0
 17826,   351,   28000000,   11479787,        0,  -16520213,          0
 17826,   352,   28000000,   12066829,        0,  -15933171,          0
 17826,   353,   28000000,   11192037,        0,  -16807963,          0
 17826,   354,   28000000,   11450781,        0,  -16549219,          0
 17826,   355,   28000000,   11442174,        0,  -16557826,          0
 17826,   356,   28000000,   12241405,        0,  -15758595,          0
 17826,   357,   28000000,   11399854,        0,  -16600146,          0
 17826,   358,   28000000,   11181630,        0,  -16818370,          0
 17826,   359,   28000000,   11114519,        0,  -16885481,          0
 17826,   360,   28000000,   11454156,        0,  -16545844,          0
 17826,   361,   28000000,   10806573,        0,  -17193427,          0
# task NAME=myapp PID=17829 COST=25888000 PERIOD=93000000 CPU=0
 17829,     2,   93000000,       6946,        0,  -92993054,          0
 17829,     3,   93000000,     163546,        0,  -92836454,          0
 17829,     4,   93000000,   44046346,        0,  -48953654,          0
 17829,     5,   93000000,   42046303,        0,  -50953697,          0
 17829,     6,   93000000,   45536125,        0,  -47463875,          0
 17829,     7,   93000000,   43637520,        0,  -49362480,          0
 17829,     8,   93000000,   42465473,        0,  -50534527,          0
 17829,     9,   93000000,   42439119,        0,  -50560881,          0
 17829,    10,   93000000,   44702131,        0,  -48297869,          0
 17829,    11,   93000000,   43029197,        0,  -49970803,          0
 17829,    12,   93000000,   43203321,        0,  -49796679,          0
 17829,    13,   93000000,   42026010,        0,  -50973990,          0
 17829,    14,   93000000,   44602985,        0,  -48397015,          0
 17829,    15,   93000000,   43206794,        0,  -49793206,          0
 17829,    16,   93000000,   43641972,        0,  -49358028,          0
 17829,    17,   93000000,   41817405,        0,  -51182595,          0
 17829,    18,   93000000,   45232342,        0,  -47767658,          0
 17829,    19,   93000000,   44156340,        0,  -48843660,          0
 17829,    20,   93000000,   43101529,        0,  -49898471,          0
 17829,    21,   93000000,   41368634,        0,  -51631366,          0
 17829,    22,   93000000,   48080057,        0,  -44919943,          0
 17829,    23,   93000000,   46539575,        0,  -46460425,          0
 17829,    24,   93000000,   42495161,        0,  -50504839,          0
 17829,    25,   93000000,   42142444,        0,  -50857556,          0
 17829,    26,   93000000,   48540127,        0,  -44459873,          0
 17829,    27,   93000000,   46447882,        0,  -46552118,          0
 17829,    28,   93000000,   42717266,        0,  -50282734,          0
 17829,    29,   93000000,   41295566,        0,  -51704434,          0
 17829,    30,   93000000,   43934399,        0,  -49065601,          0
 17829,    31,   93000000,   47159375,        0,  -45840625,          0
 17829,    32,   93000000,   42889747,        0,  -50110253,          0
 17829,    33,   93000000,   42742646,        0,  -50257354,          0
 17829,    34,   93000000,   45066025,        0,  -47933975,          0
 17829,    35,   93000000,   43344291,        0,  -49655709,          0
 17829,    36,   93000000,   43160885,        0,  -49839115,          0
 17829,    37,   93000000,   42596374,        0,  -50403626,          0
 17829,    38,   93000000,   44193363,        0,  -48806637,          0
 17829,    39,   93000000,   46682302,        0,  -46317698,          0
 17829,    40,   93000000,   42187766,        0,  -50812234,          0
 17829,    41,   93000000,   40420391,        0,  -52579609,          0
 17829,    42,   93000000,   44229920,        0,  -48770080,          0
 17829,    43,   93000000,   43217420,        0,  -49782580,          0
 17829,    44,   93000000,   47207607,        0,  -45792393,          0
 17829,    45,   93000000,   41920751,        0,  -51079249,          0
 17829,    46,   93000000,   44250157,        0,  -48749843,          0
 17829,    47,   93000000,   43911736,        0,  -49088264,          0
 17829,    48,   93000000,   43628494,        0,  -49371506,          0
 17829,    49,   93000000,   42677807,        0,  -50322193,          0
 17829,    50,   93000000,   45101409,        0,  -47898591,          0
 17829,    51,   93000000,   44511978,        0,  -48488022,          0
 17829,    52,   93000000,   46126697,        0,  -46873303,          0
 17829,    53,   93000000,   42235387,        0,  -50764613,          0
 17829,    54,   93000000,   45060241,        0,  -47939759,          0
 17829,    55,   93000000,   46494384,        0,  -46505616,          0
 17829,    56,   93000000,   43390951,        0,  -49609049,          0
 17829,    57,   93000000,   45382931,        0,  -47617069,          0
 17829,    58,   93000000,   44138862,        0,  -48861138,          0
 17829,    59,   93000000,   43601223,        0,  -49398777,          0
 17829,    60,   93000000,   49275471,        0,  -43724529,          0
 17829,    61,   93000000,   42545659,        0,  -50454341,          0
 17829,    62,   93000000,   45026493,        0,  -47973507,          0
 17829,    63,   93000000,   43566180,        0,  -49433820,          0
 17829,    64,   93000000,   45263395,        0,  -47736605,          0
 17829,    65,   93000000,   41438570,        0,  -51561430,          0
 17829,    66,   93000000,   44951182,        0,  -48048818,          0
 17829,    67,   93000000,   46318079,        0,  -46681921,          0
 17829,    68,   93000000,   43622668,        0,  -49377332,          0
 17829,    69,   93000000,   44518183,        0,  -48481817,          0
 17829,    70,   93000000,   44929855,        0,  -48070145,          0
 17829,    71,   93000000,   43612730,        0,  -49387270,          0
 17829,    72,   93000000,   46854818,        0,  -46145182,          0
 17829,    73,   93000000,   43771369,        0,  -49228631,          0
 17829,    74,   93000000,   44885142,        0,  -48114858,          0
 17829,    75,   93000000,   46276941,        0,  -46723059,          0
 17829,    76,   93000000,   43707055,        0,  -49292945,          0
 17829,    77,   93000000,   42558530,        0,  -50441470,          0
 17829,    78,   93000000,   44562803,        0,  -48437197,          0
 17829,    79,   93000000,   46253942,        0,  -46746058,          0
 17829,    80,   93000000,   45655275,        0,  -47344725,          0
 17829,    81,   93000000,   46048166,        0,  -46951834,          0
 17829,    82,   93000000,   44101984,        0,  -48898016,          0
 17829,    83,   93000000,   43496383,        0,  -49503617,          0
 17829,    84,   93000000,   43859485,        0,  -49140515,          0
 17829,    85,   93000000,   45207081,        0,  -47792919,          0
 17829,    86,   93000000,   45259102,        0,  -47740898,          0
 17829,    87,   93000000,   43833269,        0,  -49166731,          0
 17829,    88,   93000000,   43455451,        0,  -49544549,          0
 17829,    89,   93000000,   42390820,        0,  -50609180,          0
 17829,    90,   93000000,   46372212,        0,  -46627788,          0
 17829,    91,   93000000,   44181746,        0,  -48818254,          0
 17829,    92,   93000000,   46225894,        0,  -46774106,          0
 17829,    93,   93000000,   44666984,        0,  -48333016,          0
 17829,    94,   93000000,   45097519,        0,  -47902481,          0
 17829,    95,   93000000,   46699492,        0,  -46300508,          0
 17829,    96,   93000000,   42554430,        0,  -50445570,          0
 17829,    97,   93000000,   42350245,        0,  -50649755,          0
 17829,    98,   93000000,   44514362,        0,  -48485638,          0
 17829,    99,   93000000,   44690409,        0,  -48309591,          0
 17829,   100,   93000000,   41934720,        0,  -51065280,          0
 17829,   101,   93000000,   45595442,        0,  -47404558,          0
 17829,   102,   93000000,   44977906,        0,  -48022094,          0
 17829,   103,   93000000,   46495251,        0,  -46504749,          0
 17829,   104,   93000000,   45287700,        0,  -47712300,          0
 17829,   105,   93000000,   41686953,        0,  -51313047,          0
 17829,   106,   93000000,   44240597,        0,  -48759403,          0
 17829,   107,   93000000,   43801091,        0,  -49198909,          0
 17829,   108,   93000000,   43994926,        0,  -49005074,          0
 17829,   109,   93000000,   42763917,        0,  -50236083,          0
 17829,   110,   93000000,   48376412,        0,  -44623588,          0
 17829,   111,   93000000,   46650755,        0,  -46349245,          0
# task NAME=myapp PID=17833 COST=2455000 PERIOD=16000000 CPU=0
 17833,     2,   16000000,      11822,        0,  -15988178,          0
 17833,     3,   16000000,     146341,        0,  -15853659,          0
 17833,     4,   16000000,    2623621,        0,  -13376379,          0
 17833,     5,   16000000,    2566734,        0,  -13433266,          0
 17833,     6,   16000000,    2581922,        0,  -13418078,          0
 17833,     7,   16000000,    2547997,        0,  -13452003,          0
 17833,     8,   16000000,    2554417,        0,  -13445583,          0
 17833,     9,   16000000,    2815040,        0,  -13184960,          0
 17833,    10,   16000000,    3162372,        0,  -12837628,          0
 17833,    11,   16000000,    2544416,        0,  -13455584,          0
 17833,    12,   16000000,    2560973,        0,  -13439027,          0
 17833,    13,   16000000,    2588140,        0,  -13411860,          0
 17833,    14,   16000000,    3402026,        0,  -12597974,          0
 17833,    15,   16000000,    2635843,        0,  -13364157,          0
 17833,    16,   16000000,    2579899,        0,  -13420101,          0
 17833,    17,   16000000,    2554789,        0,  -13445211,          0
 17833,    18,   16000000,    2634845,        0,  -13365155,          0
 17833,    19,   16000000,    2713867,        0,  -13286133,          0
 17833,    20,   16000000,    2639745,        0,  -13360255,          0
 17833,    21,   16000000,    2661795,        0,  -13338205,          0
 17833,    22,   16000000,    3321596,        0,  -12678404,          0
 17833,    23,   16000000,    3706186,        0,  -12293814,          0
 17833,    24,   16000000,    2568275,        0,  -13431725,          0
 17833,    25,   16000000,    2542952,        0,  -13457048,          0
 17833,    26,   16000000,    3411051,        0,  -12588949,          0
 17833,    27,   16000000,    4370358,        0,  -11629642,          0
 17833,    28,   16000000,    2974887,        0,  -13025113,          0
 17833,    29,   16000000,    3253496,        0,  -12746504,          0
 17833,    30,   16000000,    3148465,        0,  -12851535,          0
 17833,    31,   16000000,    2616538,        0,  -13383462,          0
 17833,    32,   16000000,    2563507,        0,  -13436493,          0
 17833,    33,   16000000,    2955179,        0,  -13044821,          0
 17833,    34,   16000000,    2550343,        0,  -13449657,          0
 17833,    35,   16000000,    2771751,        0,  -13228249,          0
 17833,    36,   16000000,    2803504,        0,  -13196496,          0
 17833,    37,   16000000,    2655898,        0,  -13344102,          0
 17833,    38,   16000000,    2584023,        0,  -13415977,          0
 17833,    39,   16000000,    2787372,        0,  -13212628,          0
 17833,    40,   16000000,    2901357,        0,  -13098643,          0
 17833,    41,   16000000,    2554136,        0,  -13445864,          0
 17833,    42,   16000000,    2726343,        0,  -13273657,          0
 17833,    43,   16000000,    2596219,        0,  -13403781,          0
 17833,    44,   16000000,    3419615,        0,  -12580385,          0
 17833,    45,   16000000,    2573704,        0,  -13426296,          0
 17833,    46,   16000000,    2596835,        0,  -13403165,          0
 17833,    47,   16000000,    3090081,        0,  -12909919,          0
 17833,    48,   16000000,    3407572,        0,  -12592428,          0
 17833,    49,   16000000,    2560985,        0,  -13439015,          0
 17833,    50,   16000000,    3227508,        0,  -12772492,          0
 17833,    51,   16000000,    2615157,        0,  -13384843,          0
 17833,    52,   16000000,    2575512,        0,  -13424488,          0
 17833,    53,   16000000,    3295703,        0,  -12704297,          0
 17833,    54,   16000000,    3394975,        0,  -12605025,          0
 17833,    55,   16000000,    3199527,        0,  -12800473,          0
 17833,    56,   16000000,    2596983,        0,  -13403017,          0
 17833,    57,   16000000,    2554355,        0,  -13445645,          0
 17833,    58,   16000000,    2867639,        0,  -13132361,          0
 17833,    59,   16000000,    2570124,        0,  -13429876,          0
 17833,    60,   16000000,    2554534,        0,  -13445466,          0
 17833,    61,   16000000,    3397603,        0,  -12602397,          0
 17833,    62,   16000000,    2612685,        0,  -13387315,          0
 17833,    63,   16000000,    3412734,        0,  -12587266,          0
 17833,    64,   16000000,    2594008,        0,  -13405992,          0
 17833,    65,   16000000,    2606244,        0,  -13393756,          0
 17833,    66,   16000000,    3396763,        0,  -12603237,          0
 17833,    67,   16000000,    2551541,        0,  -13448459,          0
 17833,    68,   16000000,    2563417,        0,  -13436583,          0
 17833,    69,   16000000,    2622850,        0,  -13377150,          0
 17833,    70,   16000000,    2589145,        0,  -13410855,          0
 17833,    71,   16000000,    2542517,        0,  -13457483,          0
 17833,    72,   16000000,    2821806,        0,  -13178194,          0
 17833,    73,   16000000,    2603842,        0,  -13396158,          0
 17833,    74,   16000000,    2666557,        0,  -13333443,          0
 17833,    75,   16000000,    2897085,        0,  -13102915,          0
 17833,    76,   16000000,    2648496,        0,  -13351504,          0
 17833,    77,   16000000,    3192806,        0,  -12807194,          0
 17833,    78,   16000000,    2672557,        0,  -13327443,          0
 17833,    79,   16000000,    3209918,        0,  -12790082,          0
 17833,    80,   16000000,    2660206,        0,  -13339794,          0
 17833,    81,   16000000,    4381357,        0,  -11618643,          0
 17833,    82,   16000000,    3369741,        0,  -12630259,          0
 17833,    83,   16000000,    2543338,        0,  -13456662,          0
 17833,    84,   16000000,    2592709,        0,  -13407291,          0
 17833,    85,   16000000,    2983888,        0,  -13016112,          0
 17833,    86,   16000000,    3025980,        0,  -12974020,          0
 17833,    87,   16000000,    2594720,        0,  -13405280,          0
 17833,    88,   16000000,    3444295,        0,  -12555705,          0
 17833,    89,   16000000,    2557029,        0,  -13442971,          0
 17833,    90,   16000000,    2552171,        0,  -13447829,          0
 17833,    91,   16000000,    2631706,        0,  -13368294,          0
 17833,    92,   16000000,    2611824,        0,  -13388176,          0
 17833,    93,   16000000,    2561618,        0,  -13438382,          0
 17833,    94,   16000000,    2583872,        0,  -13416128,          0
 17833,    95,   16000000,    2626750,        0,  -13373250,          0
 17833,    96,   16000000,    4457781,        0,  -11542219,          0
 17833,    97,   16000000,    2533952,        0,  -13466048,          0
 17833,    98,   16000000,    3410413,        0,  -12589587,          0
 17833,    99,   16000000,    2563701,        0,  -13436299,          0
 17833,   100,   16000000,    2554910,        0,  -13445090,          0
 17833,   101,   16000000,    2602202,        0,  -13397798,          0
 17833,   102,   16000000,    2651391,        0,  -13348609,          0
 17833,   103,   16000000,    2549060,        0,  -13450940,          0
 17833,   104,   16000000,    2608287,        0,  -13391713,          0
 17833,   105,   16000000,    3416814,        0,  -12583186,          0
 17833,   106,   16000000,    2643872,        0,  -13356128,          0
 17833,   107,   16000000,    2652144,        0,  -13347856,          0
 17833,   108,   16000000,    3425138,        0,  -12574862,          0
 17833,   109,   16000000,    2668983,        0,  -13331017,          0
 17833,   110,   16000000,    2545893,        0,  -13454107,          0
 17833,   111,   16000000,    2627916,        0,  -13372084,          0
 17833,   112,   16000000,    2587938,        0,  -13412062,          0
 17833,   113,   16000000,    2577813,        0,  -13422187,          0
 17833,   114,   16000000,    2606635,        0,  -13393365,          0
 17833,   115,   16000000,    3375576,        0,  -12624424,          0
 17833,   116,   16000000,    2542970,        0,  -13457030,          0
 17833,   117,   16000000,    2833450,        0,  -13166550,          0
 17833,   118,   16000000,    3831917,        0,  -12168083,          0
 17833,   119,   16000000,    2568706,        0,  -13431294,          0
 17833,   120,   16000000,    3438483,        0,  -12561517,          0
 17833,   121,   16000000,    2766041,        0,  -13233959,          0
 17833,   122,   16000000,    2549268,        0,  -13450732,          0
 17833,   123,   16000000,    2596674,        0,  -13403326,          0
 17833,   124,   16000000,    2559307,        0,  -13440693,          0
 17833,   125,   16000000,    3450415,        0,  -12549585,          0
 17833,   126,   16000000,    3250504,        0,  -12749496,          0
 17833,   127,   16000000,    2606357,        0,  -13393643,          0
 17833,   128,   16000000,    2618407,        0,  -13381593,          0
 17833,   129,   16000000,    2656283,        0,  -13343717,          0
 17833,   130,   16000000,    2552822,        0,  -13447178,          0
 17833,   131,   16000000,    3518742,        0,  -12481258,          0
 17833,   132,   16000000,    3396120,        0,  -12603880,          0
 17833,   133,   16000000,    2565978,        0,  -13434022,          0
 17833,   134,   16000000,    2657046,        0,  -13342954,          0
 17833,   135,   16000000,    2778870,        0,  -13221130,          0
 17833,   136,   16000000,    2608104,        0,  -13391896,          0
 17833,   137,   16000000,    2755256,        0,  -13244744,          0
 17833,   138,   16000000,    3398537,        0,  -12601463,          0
 17833,   139,   16000000,    2600947,        0,  -13399053,          0
 17833,   140,   16000000,    2539303,        0,  -13460697,          0
 17833,   141,   16000000,    2576062,        0,  -13423938,          0
 17833,   142,   16000000,    2646818,        0,  -13353182,          0
 17833,   143,   16000000,    3275968,        0,  -12724032,          0
 17833,   144,   16000000,    3395703,        0,  -12604297,          0
 17833,   145,   16000000,    3354801,        0,  -12645199,          0
 17833,   146,   16000000,    2572148,        0,  -13427852,          0
 17833,   147,   16000000,    2538626,        0,  -13461374,          0
 17833,   148,   16000000,    2542897,        0,  -13457103,          0
 17833,   149,   16000000,    3425473,        0,  -12574527,          0
 17833,   150,   16000000,    2632863,        0,  -13367137,          0
 17833,   151,   16000000,    2712662,        0,  -13287338,          0
 17833,   152,   16000000,    2569184,        0,  -13430816,          0
 17833,   153,   16000000,    2640595,        0,  -13359405,          0
 17833,   154,   16000000,    3443247,        0,  -12556753,          0
 17833,   155,   16000000,    2529999,        0,  -13470001,          0
 17833,   156,   16000000,    2557806,        0,  -13442194,          0
 17833,   157,   16000000,    2588495,        0,  -13411505,          0
 17833,   158,   16000000,    2857924,        0,  -13142076,          0
 17833,   159,   16000000,    2881927,        0,  -13118073,          0
 17833,   160,   16000000,    2795931,        0,  -13204069,          0
 17833,   161,   16000000,    2533003,        0,  -13466997,          0
 17833,   162,   16000000,    3427182,        0,  -12572818,          0
 17833,   163,   16000000,    2633689,        0,  -13366311,          0
 17833,   164,   16000000,    2667736,        0,  -13332264,          0
 17833,   165,   16000000,    2592464,        0,  -13407536,          0
 17833,   166,   16000000,    3433819,        0,  -12566181,          0
 17833,   167,   16000000,    2692351,        0,  -13307649,          0
 17833,   168,   16000000,    2530048,        0,  -13469952,          0
 17833,   169,   16000000,    2555101,        0,  -13444899,          0
 17833,   170,   16000000,    2590962,        0,  -13409038,          0
 17833,   171,   16000000,    3419701,        0,  -12580299,          0
 17833,   172,   16000000,    2642609,        0,  -13357391,          0
 17833,   173,   16000000,    3426839,        0,  -12573161,          0
 17833,   174,   16000000,    2588155,        0,  -13411845,          0
 17833,   175,   16000000,    2551284,        0,  -13448716,          0
 17833,   176,   16000000,    2560191,        0,  -13439809,          0
 17833,   177,   16000000,    2551125,        0,  -13448875,          0
 17833,   178,   16000000,    2661800,        0,  -13338200,          0
 17833,   179,   16000000,    3467025,        0,  -12532975,          0
 17833,   180,   16000000,    3103080,        0,  -12896920,          0
 17833,   181,   16000000,    3392719,        0,  -12607281,          0
 17833,   182,   16000000,    2608340,        0,  -13391660,          0
 17833,   183,   16000000,    3405677,        0,  -12594323,          0
 17833,   184,   16000000,    2613012,        0,  -13386988,          0
 17833,   185,   16000000,    2563401,        0,  -13436599,          0
 17833,   186,   16000000,    2556769,        0,  -13443231,          0
 17833,   187,   16000000,    3398822,        0,  -12601178,          0
 17833,   188,   16000000,    3434438,        0,  -12565562,          0
 17833,   189,   16000000,    3139185,        0,  -12860815,          0
 17833,   190,   16000000,    2601255,        0,  -13398745,          0
 17833,   191,   16000000,    2562424,        0,  -13437576,          0
 17833,   192,   16000000,    2582519,        0,  -13417481,          0
 17833,   193,   16000000,    2530286,        0,  -13469714,          0
 17833,   194,   16000000,    2604015,        0,  -13395985,          0
 17833,   195,   16000000,    2578999,        0,  -13421001,          0
 17833,   196,   16000000,    3410437,        0,  -12589563,          0
 17833,   197,   16000000,    2559018,        0,  -13440982,          0
 17833,   198,   16000000,    3255667,        0,  -12744333,          0
 17833,   199,   16000000,    2569580,        0,  -13430420,          0
 17833,   200,   16000000,    3477494,        0,  -12522506,          0
 17833,   201,   16000000,    2927442,        0,  -13072558,          0
 17833,   202,   16000000,    2620203,        0,  -13379797,          0
 17833,   203,   16000000,    2546928,        0,  -13453072,          0
 17833,   204,   16000000,    2671234,        0,  -13328766,          0
 17833,   205,   16000000,    2559702,        0,  -13440298,          0
 17833,   206,   16000000,    3424942,        0,  -12575058,          0
 17833,   207,   16000000,    2586174,        0,  -13413826,          0
 17833,   208,   16000000,    2558649,        0,  -13441351,          0
 17833,   209,   16000000,    2528938,        0,  -13471062,          0
 17833,   210,   16000000,    2604281,        0,  -13395719,          0
 17833,   211,   16000000,    2645958,        0,  -13354042,          0
 17833,   212,   16000000,    2567574,        0,  -13432426,          0
 17833,   213,   16000000,    2804661,        0,  -13195339,          0
 17833,   214,   16000000,    2621059,        0,  -13378941,          0
 17833,   215,   16000000,    2633732,        0,  -13366268,          0
 17833,   216,   16000000,    3309770,        0,  -12690230,          0
 17833,   217,   16000000,    3459592,        0,  -12540408,          0
 17833,   218,   16000000,    2613815,        0,  -13386185,          0
 17833,   219,   16000000,    2871136,        0,  -13128864,          0
 17833,   220,   16000000,    2681445,        0,  -13318555,          0
 17833,   221,   16000000,    2692465,        0,  -13307535,          0
 17833,   222,   16000000,    3498859,        0,  -12501141,          0
 17833,   223,   16000000,    2595858,        0,  -13404142,          0
 17833,   224,   16000000,    2589520,        0,  -13410480,          0
 17833,   225,   16000000,    2649661,        0,  -13350339,          0
 17833,   226,   16000000,    2553230,        0,  -13446770,          0
 17833,   227,   16000000,    2571884,        0,  -13428116,          0
 17833,   228,   16000000,    2872187,        0,  -13127813,          0
 17833,   229,   16000000,    2631750,        0,  -13368250,          0
 17833,   230,   16000000,    3084945,        0,  -12915055,          0
 17833,   231,   16000000,    2992013,        0,  -13007987,          0
 17833,   232,   16000000,    3115019,        0,  -12884981,          0
 17833,   233,   16000000,    2552400,        0,  -13447600,          0
 17833,   234,   16000000,    3511679,        0,  -12488321,          0
 17833,   235,   16000000,    2601915,        0,  -13398085,          0
 17833,   236,   16000000,    2658718,        0,  -13341282,          0
 17833,   237,   16000000,    3426065,        0,  -12573935,          0
 17833,   238,   16000000,    2658885,        0,  -13341115,          0
 17833,   239,   16000000,    3210936,        0,  -12789064,          0
 17833,   240,   16000000,    2539079,        0,  -13460921,          0
 17833,   241,   16000000,    2610238,        0,  -13389762,          0
 17833,   242,   16000000,    2611751,        0,  -13388249,          0
 17833,   243,   16000000,    3388167,        0,  -12611833,          0
 17833,   244,   16000000,    2548575,        0,  -13451425,          0
 17833,   245,   16000000,    2588548,        0,  -13411452,          0
 17833,   246,   16000000,    2729308,        0,  -13270692,          0
 17833,   247,   16000000,    2840122,        0,  -13159878,          0
 17833,   248,   16000000,    2561786,        0,  -13438214,          0
 17833,   249,   16000000,    2926567,        0,  -13073433,          0
 17833,   250,   16000000,    3380595,        0,  -12619405,          0
 17833,   251,   16000000,    2561761,        0,  -13438239,          0
 17833,   252,   16000000,    2534403,        0,  -13465597,          0
 17833,   253,   16000000,    2597352,        0,  -13402648,          0
 17833,   254,   16000000,    2562182,        0,  -13437818,          0
 17833,   255,   16000000,    2854127,        0,  -13145873,          0
 17833,   256,   16000000,    2572770,        0,  -13427230,          0
 17833,   257,   16000000,    3436681,        0,  -12563319,          0
 17833,   258,   16000000,    2612506,        0,  -13387494,          0
 17833,   259,   16000000,    2568103,        0,  -13431897,          0
 17833,   260,   16000000,    2558682,        0,  -13441318,          0
 17833,   261,   16000000,    4425276,        0,  -11574724,          0
 17833,   262,   16000000,    2581620,        0,  -13418380,          0
 17833,   263,   16000000,    2614750,        0,  -13385250,          0
 17833,   264,   16000000,    2561779,        0,  -13438221,          0
 17833,   265,   16000000,    2676079,        0,  -13323921,          0
 17833,   266,   16000000,    2589310,        0,  -13410690,          0
 17833,   267,   16000000,    3097399,        0,  -12902601,          0
 17833,   268,   16000000,    3156736,        0,  -12843264,          0
 17833,   269,   16000000,    2629339,        0,  -13370661,          0
 17833,   270,   16000000,    3464183,        0,  -12535817,          0
 17833,   271,   16000000,    2564428,        0,  -13435572,          0
 17833,   272,   16000000,    2981442,        0,  -13018558,          0
 17833,   273,   16000000,    2543156,        0,  -13456844,          0
 17833,   274,   16000000,    3199895,        0,  -12800105,          0
 17833,   275,   16000000,    2568577,        0,  -13431423,          0
 17833,   276,   16000000,    3413076,        0,  -12586924,          0
 17833,   277,   16000000,    2552961,        0,  -13447039,          0
 17833,   278,   16000000,    2546126,        0,  -13453874,          0
 17833,   279,   16000000,    2579351,        0,  -13420649,          0
 17833,   280,   16000000,    2936699,        0,  -13063301,          0
 17833,   281,   16000000,    2567710,        0,  -13432290,          0
 17833,   282,   16000000,    2598565,        0,  -13401435,          0
 17833,   283,   16000000,    2857717,        0,  -13142283,          0
 17833,   284,   16000000,    2566206,        0,  -13433794,          0
 17833,   285,   16000000,    3452327,        0,  -12547673,          0
 17833,   286,   16000000,    2566159,        0,  -13433841,          0
 17833,   287,   16000000,    3287693,        0,  -12712307,          0
 17833,   288,   16000000,    2565751,        0,  -13434249,          0
 17833,   289,   16000000,    2673335,        0,  -13326665,          0
 17833,   290,   16000000,    2561656,        0,  -13438344,          0
 17833,   291,   16000000,    2597605,        0,  -13402395,          0
 17833,   292,   16000000,    2652536,        0,  -13347464,          0
 17833,   293,   16000000,    2640117,        0,  -13359883,          0
 17833,   294,   16000000,    3417484,        0,  -12582516,          0
 17833,   295,   16000000,    2811675,        0,  -13188325,          0
 17833,   296,   16000000,    2624314,        0,  -13375686,          0
 17833,   297,   16000000,    3125650,        0,  -12874350,          0
 17833,   298,   16000000,    2550519,        0,  -13449481,          0
 17833,   299,   16000000,    2631905,        0,  -13368095,          0
 17833,   300,   16000000,    3433122,        0,  -12566878,          0
 17833,   301,   16000000,    2654960,        0,  -13345040,          0
 17833,   302,   16000000,    2573568,        0,  -13426432,          0
 17833,   303,   16000000,    3603691,        0,  -12396309,          0
 17833,   304,   16000000,    2598837,        0,  -13401163,          0
 17833,   305,   16000000,    3353618,        0,  -12646382,          0
 17833,   306,   16000000,    4392069,        0,  -11607931,          0
 17833,   307,   16000000,    2603021,        0,  -13396979,          0
 17833,   308,   16000000,    3099880,        0,  -12900120,          0
 17833,   309,   16000000,    2585226,        0,  -13414774,          0
 17833,   310,   16000000,    2585929,        0,  -13414071,          0
 17833,   311,   16000000,    3479060,        0,  -12520940,          0
 17833,   312,   16000000,    2559671,        0,  -13440329,          0
 17833,   313,   16000000,    2560627,        0,  -13439373,          0
 17833,   314,   16000000,    3154862,        0,  -12845138,          0
 17833,   315,   16000000,    2831978,        0,  -13168022,          0
 17833,   316,   16000000,    2564641,        0,  -13435359,          0
 17833,   317,   16000000,    2600036,        0,  -13399964,          0
 17833,   318,   16000000,    2620942,        0,  -13379058,          0
 17833,   319,   16000000,    3156631,        0,  -12843369,          0
 17833,   320,   16000000,    2559655,        0,  -13440345,          0
 17833,   321,   16000000,    2603186,        0,  -13396814,          0
 17833,   322,   16000000,    2560973,        0,  -13439027,          0
 17833,   323,   16000000,    2583674,        0,  -13416326,          0
 17833,   324,   16000000,    3570011,        0,  -12429989,          0
 17833,   325,   16000000,    2635833,        0,  -13364167,          0
 17833,   326,   16000000,    3190309,        0,  -12809691,          0
 17833,   327,   16000000,    3937877,        0,  -12062123,          0
 17833,   328,   16000000,    2728798,        0,  -13271202,          0
 17833,   329,   16000000,    2548793,        0,  -13451207,          0
 17833,   330,   16000000,    2559907,        0,  -13440093,          0
 17833,   331,   16000000,    2537433,        0,  -13462567,          0
 17833,   332,   16000000,    3762943,        0,  -12237057,          0
 17833,   333,   16000000,    3291907,        0,  -12708093,          0
 17833,   334,   16000000,    2661787,        0,  -13338213,          0
 17833,   335,   16000000,    2531112,        0,  -13468888,          0
 17833,   336,   16000000,    3399453,        0,  -12600547,          0
 17833,   337,   16000000,    2889061,        0,  -13110939,          0
 17833,   338,   16000000,    2579375,        0,  -13420625,          0
 17833,   339,   16000000,    3460006,        0,  -12539994,          0
 17833,   340,   16000000,    2549685,        0,  -13450315,          0
 17833,   341,   16000000,    2911697,        0,  -13088303,          0
 17833,   342,   16000000,    2599887,        0,  -13400113,          0
 17833,   343,   16000000,    2551073,        0,  -13448927,          0
 17833,   344,   16000000,    2581488,        0,  -13418512,          0
 17833,   345,   16000000,    2676957,        0,  -13323043,          0
 17833,   346,   16000000,    2662003,        0,  -13337997,          0
 17833,   347,   16000000,    2594552,        0,  -13405448,          0
 17833,   348,   16000000,    3219161,        0,  -12780839,          0
 17833,   349,   16000000,    3387211,        0,  -12612789,          0
 17833,   350,   16000000,    2565848,        0,  -13434152,          0
 17833,   351,   16000000,    3431609,        0,  -12568391,          0
 17833,   352,   16000000,    3402305,        0,  -12597695,          0
 17833,   353,   16000000,    2627373,        0,  -13372627,          0
 17833,   354,   16000000,    2556283,        0,  -13443717,          0
 17833,   355,   16000000,    2581476,        0,  -13418524,          0
 17833,   356,   16000000,    2595000,        0,  -13405000,          0
 17833,   357,   16000000,    2558021,        0,  -13441979,          0
 17833,   358,   16000000,    2555777,        0,  -13444223,          0
 17833,   359,   16000000,    2618340,        0,  -13381660,          0
 17833,   360,   16000000,    3418092,        0,  -12581908,          0
 17833,   361,   16000000,    2569534,        0,  -13430466,          0
 17833,   362,   16000000,    2547048,        0,  -13452952,          0
 17833,   363,   16000000,    2650468,        0,  -13349532,          0
 17833,   364,   16000000,    2605300,        0,  -13394700,          0
 17833,   365,   16000000,    2555256,        0,  -13444744,          0
 17833,   366,   16000000,    2636365,        0,  -13363635,          0
 17833,   367,   16000000,    2540440,        0,  -13459560,          0
 17833,   368,   16000000,    2566549,        0,  -13433451,          0
 17833,   369,   16000000,    3363116,        0,  -12636884,          0
 17833,   370,   16000000,    2572855,        0,  -13427145,          0
 17833,   371,   16000000,    3386426,        0,  -12613574,          0
 17833,   372,   16000000,    2562345,        0,  -13437655,          0
 17833,   373,   16000000,    2613013,        0,  -13386987,          0
 17833,   374,   16000000,    2577396,        0,  -13422604,          0
 17833,   375,   16000000,    2616234,        0,  -13383766,          0
 17833,   376,   16000000,    2569768,        0,  -13430232,          0
 17833,   377,   16000000,    2566446,        0,  -13433554,          0
 17833,   378,   16000000,    3376581,        0,  -12623419,          0
 17833,   379,   16000000,    2633138,        0,  -13366862,          0
 17833,   380,   16000000,    2684910,        0,  -13315090,          0
 17833,   381,   16000000,    2567210,        0,  -13432790,          0
 17833,   382,   16000000,    2586950,        0,  -13413050,          0
 17833,   383,   16000000,    3377579,        0,  -12622421,          0
 17833,   384,   16000000,    2548553,        0,  -13451447,          0
 17833,   385,   16000000,    3413479,        0,  -12586521,          0
 17833,   386,   16000000,    2709786,        0,  -13290214,          0
 17833,   387,   16000000,    3425160,        0,  -12574840,          0
 17833,   388,   16000000,    2572570,        0,  -13427430,          0
 17833,   389,   16000000,    2555625,        0,  -13444375,          0
 17833,   390,   16000000,    3478392,        0,  -12521608,          0
 17833,   391,   16000000,    2927355,        0,  -13072645,          0
 17833,   392,   16000000,    2564811,        0,  -13435189,          0
 17833,   393,   16000000,    2803505,        0,  -13196495,          0
 17833,   394,   16000000,    2615140,        0,  -13384860,          0
 17833,   395,   16000000,    3651309,        0,  -12348691,          0
 17833,   396,   16000000,    3422291,        0,  -12577709,          0
 17833,   397,   16000000,    2659861,        0,  -13340139,          0
 17833,   398,   16000000,    2601591,        0,  -13398409,          0
 17833,   399,   16000000,    2588094,        0,  -13411906,          0
 17833,   400,   16000000,    2558363,        0,  -13441637,          0
 17833,   401,   16000000,    2590573,        0,  -13409427,          0
 17833,   402,   16000000,    3238390,        0,  -12761610,          0
 17833,   403,   16000000,    2878001,        0,  -13121999,          0
 17833,   404,   16000000,    3406679,        0,  -12593321,          0
 17833,   405,   16000000,    3431827,        0,  -12568173,          0
 17833,   406,   16000000,    2648093,        0,  -13351907,          0
 17833,   407,   16000000,    2627145,        0,  -13372855,          0
 17833,   408,   16000000,    2674874,        0,  -13325126,          0
 17833,   409,   16000000,    3259678,        0,  -12740322,          0
 17833,   410,   16000000,    2823194,        0,  -13176806,          0
 17833,   411,   16000000,    2938915,        0,  -13061085,          0
 17833,   412,   16000000,    2631188,        0,  -13368812,          0
 17833,   413,   16000000,    2604343,        0,  -13395657,          0
 17833,   414,   16000000,    2880336,        0,  -13119664,          0
 17833,   415,   16000000,    2644865,        0,  -13355135,          0
 17833,   416,   16000000,    2638980,        0,  -13361020,          0
 17833,   417,   16000000,    2931825,        0,  -13068175,          0
 17833,   418,   16000000,    2635944,        0,  -13364056,          0
 17833,   419,   16000000,    2919186,        0,  -13080814,          0
 17833,   420,   16000000,    2590296,        0,  -13409704,          0
 17833,   421,   16000000,    2578094,        0,  -13421906,          0
 17833,   422,   16000000,    4340219,        0,  -11659781,          0
 17833,   423,   16000000,    2640393,        0,  -13359607,          0
 17833,   424,   16000000,    2571066,        0,  -13428934,          0
 17833,   425,   16000000,    2621126,        0,  -13378874,          0
 17833,   426,   16000000,    2717995,        0,  -13282005,          0
 17833,   427,   16000000,    3251096,        0,  -12748904,          0
 17833,   428,   16000000,    2567800,        0,  -13432200,          0
 17833,   429,   16000000,    2570710,        0,  -13429290,          0
 17833,   430,   16000000,    2844411,        0,  -13155589,          0
 17833,   431,   16000000,    2577102,        0,  -13422898,          0
 17833,   432,   16000000,    3452553,        0,  -12547447,          0
 17833,   433,   16000000,    2550829,        0,  -13449171,          0
 17833,   434,   16000000,    2544463,        0,  -13455537,          0
 17833,   435,   16000000,    2551802,        0,  -13448198,          0
 17833,   436,   16000000,    2559197,        0,  -13440803,          0
 17833,   437,   16000000,    2705833,        0,  -13294167,          0
 17833,   438,   16000000,    2584073,        0,  -13415927,          0
 17833,   439,   16000000,    2545083,        0,  -13454917,          0
 17833,   440,   16000000,    3396914,        0,  -12603086,          0
 17833,   441,   16000000,    3389313,        0,  -12610687,          0
 17833,   442,   16000000,    2609381,        0,  -13390619,          0
 17833,   443,   16000000,    2887507,        0,  -13112493,          0
 17833,   444,   16000000,    2560138,        0,  -13439862,          0
 17833,   445,   16000000,    2564202,        0,  -13435798,          0
 17833,   446,   16000000,    3018956,        0,  -12981044,          0
 17833,   447,   16000000,    3402247,        0,  -12597753,          0
 17833,   448,   16000000,    2611755,        0,  -13388245,          0
 17833,   449,   16000000,    2614605,        0,  -13385395,          0
 17833,   450,   16000000,    2605692,        0,  -13394308,          0
 17833,   451,   16000000,    2569545,        0,  -13430455,          0
 17833,   452,   16000000,    2593522,        0,  -13406478,          0
 17833,   453,   16000000,    3367384,        0,  -12632616,          0
 17833,   454,   16000000,    2569830,        0,  -13430170,          0
 17833,   455,   16000000,    3436199,        0,  -12563801,          0
 17833,   456,   16000000,    3434234,        0,  -12565766,          0
 17833,   457,   16000000,    2906867,        0,  -13093133,          0
 17833,   458,   16000000,    2549818,        0,  -13450182,          0
 17833,   459,   16000000,    4146936,        0,  -11853064,          0
 17833,   460,   16000000,    2623386,        0,  -13376614,          0
 17833,   461,   16000000,    2556544,        0,  -13443456,          0
 17833,   462,   16000000,    2541542,        0,  -13458458,          0
 17833,   463,   16000000,    2657043,        0,  -13342957,          0
 17833,   464,   16000000,    3070140,        0,  -12929860,          0
 17833,   465,   16000000,    2652026,        0,  -13347974,          0
 17833,   466,   16000000,    3429579,        0,  -12570421,          0
 17833,   467,   16000000,    2582020,        0,  -13417980,          0
 17833,   468,   16000000,    2556246,        0,  -13443754,          0
 17833,   469,   16000000,    2561724,        0,  -13438276,          0
 17833,   470,   16000000,    2710045,        0,  -13289955,          0
 17833,   471,   16000000,    2616850,        0,  -13383150,          0
 17833,   472,   16000000,    3380511,        0,  -12619489,          0
 17833,   473,   16000000,    2574466,        0,  -13425534,          0
 17833,   474,   16000000,    2562323,        0,  -13437677,          0
 17833,   475,   16000000,    2549817,        0,  -13450183,          0
 17833,   476,   16000000,    2892189,        0,  -13107811,          0
 17833,   477,   16000000,    2571960,        0,  -13428040,          0
 17833,   478,   16000000,    2636916,        0,  -13363084,          0
 17833,   479,   16000000,    2591407,        0,  -13408593,          0
 17833,   480,   16000000,    2614349,        0,  -13385651,          0
 17833,   481,   16000000,    3371633,        0,  -12628367,          0
 17833,   482,   16000000,    2550552,        0,  -13449448,          0
 17833,   483,   16000000,    2553204,        0,  -13446796,          0
 17833,   484,   16000000,    2564551,        0,  -13435449,          0
 17833,   485,   16000000,    2623322,        0,  -13376678,          0
 17833,   486,   16000000,    3403337,        0,  -12596663,          0
 17833,   487,   16000000,    3082577,        0,  -12917423,          0
 17833,   488,   16000000,    2537688,        0,  -13462312,          0
 17833,   489,   16000000,    2605305,        0,  -13394695,          0
 17833,   490,   16000000,    3418770,        0,  -12581230,          0
 17833,   491,   16000000,    3185963,        0,  -12814037,          0
 17833,   492,   16000000,    2875655,        0,  -13124345,          0
 17833,   493,   16000000,    2551492,        0,  -13448508,          0
 17833,   494,   16000000,    2657639,        0,  -13342361,          0
 17833,   495,   16000000,    3456417,        0,  -12543583,          0
 17833,   496,   16000000,    2752277,        0,  -13247723,          0
 17833,   497,   16000000,    2546422,        0,  -13453578,          0
 17833,   498,   16000000,    2631211,        0,  -13368789,          0
 17833,   499,   16000000,    2562405,        0,  -13437595,          0
 17833,   500,   16000000,    2893220,        0,  -13106780,          0
 17833,   501,   16000000,    2599897,        0,  -13400103,          0
 17833,   502,   16000000,    2556752,        0,  -13443248,          0
 17833,   503,   16000000,    3423947,        0,  -12576053,          0
 17833,   504,   16000000,    3288277,        0,  -12711723,          0
 17833,   505,   16000000,    2553781,        0,  -13446219,          0
 17833,   506,   16000000,    2645064,        0,  -13354936,          0
 17833,   507,   16000000,    2653139,        0,  -13346861,          0
 17833,   508,   16000000,    2545063,        0,  -13454937,          0
 17833,   509,   16000000,    3026130,        0,  -12973870,          0
 17833,   510,   16000000,    2870013,        0,  -13129987,          0
 17833,   511,   16000000,    2599549,        0,  -13400451,          0
 17833,   512,   16000000,    2644515,        0,  -13355485,          0
 17833,   513,   16000000,    3413599,        0,  -12586401,          0
 17833,   514,   16000000,    2610885,        0,  -13389115,          0
 17833,   515,   16000000,    2903820,        0,  -13096180,          0
 17833,   516,   16000000,    4069333,        0,  -11930667,          0
 17833,   517,   16000000,    2556804,        0,  -13443196,          0
 17833,   518,   16000000,    2586384,        0,  -13413616,          0
 17833,   519,   16000000,    2536156,        0,  -13463844,          0
 17833,   520,   16000000,    3402571,        0,  -12597429,          0
 17833,   521,   16000000,    3080032,        0,  -12919968,          0
 17833,   522,   16000000,    2552988,        0,  -13447012,          0
 17833,   523,   16000000,    3389979,        0,  -12610021,          0
 17833,   524,   16000000,    2611994,        0,  -13388006,          0
 17833,   525,   16000000,    3534685,        0,  -12465315,          0
 17833,   526,   16000000,    2601935,        0,  -13398065,          0
 17833,   527,   16000000,    2662167,        0,  -13337833,          0
 17833,   528,   16000000,    3411466,        0,  -12588534,          0
 17833,   529,   16000000,    2561492,        0,  -13438508,          0
 17833,   530,   16000000,    2592762,        0,  -13407238,          0
 17833,   531,   16000000,    3445096,        0,  -12554904,          0
 17833,   532,   16000000,    2557756,        0,  -13442244,          0
 17833,   533,   16000000,    2585864,        0,  -13414136,          0
 17833,   534,   16000000,    3426107,        0,  -12573893,          0
 17833,   535,   16000000,    2692257,        0,  -13307743,          0
 17833,   536,   16000000,    2568874,        0,  -13431126,          0
 17833,   537,   16000000,    2831311,        0,  -13168689,          0
 17833,   538,   16000000,    2562444,        0,  -13437556,          0
 17833,   539,   16000000,    3405106,        0,  -12594894,          0
 17833,   540,   16000000,    3405112,        0,  -12594888,          0
 17833,   541,   16000000,    2600489,        0,  -13399511,          0
 17833,   542,   16000000,    3241633,        0,  -12758367,          0
 17833,   543,   16000000,    2580626,        0,  -13419374,          0
 17833,   544,   16000000,    3376680,        0,  -12623320,          0
 17833,   545,   16000000,    2572728,        0,  -13427272,          0
 17833,   546,   16000000,    2548217,        0,  -13451783,          0
 17833,   547,   16000000,    3145726,        0,  -12854274,          0
 17833,   548,   16000000,    2580698,        0,  -13419302,          0
 17833,   549,   16000000,    3364979,        0,  -12635021,          0
 17833,   550,   16000000,    2563165,        0,  -13436835,          0
 17833,   551,   16000000,    2728837,        0,  -13271163,          0
 17833,   552,   16000000,    2564154,        0,  -13435846,          0
 17833,   553,   16000000,    2764930,        0,  -13235070,          0
 17833,   554,   16000000,    2573246,        0,  -13426754,          0
 17833,   555,   16000000,    2729540,        0,  -13270460,          0
 17833,   556,   16000000,    2814779,        0,  -13185221,          0
 17833,   557,   16000000,    2535797,        0,  -13464203,          0
 17833,   558,   16000000,    3411739,        0,  -12588261,          0
 17833,   559,   16000000,    2614756,        0,  -13385244,          0
 17833,   560,   16000000,    2712898,        0,  -13287102,          0
 17833,   561,   16000000,    3306120,        0,  -12693880,          0
 17833,   562,   16000000,    2612132,        0,  -13387868,          0
 17833,   563,   16000000,    2563608,        0,  -13436392,          0
 17833,   564,   16000000,    2620646,        0,  -13379354,          0
 17833,   565,   16000000,    2850751,        0,  -13149249,          0
 17833,   566,   16000000,    2567344,        0,  -13432656,          0
 17833,   567,   16000000,    3255053,        0,  -12744947,          0
 17833,   568,   16000000,    2695656,        0,  -13304344,          0
 17833,   569,   16000000,    2696409,        0,  -13303591,          0
 17833,   570,   16000000,    2545339,        0,  -13454661,          0
 17833,   571,   16000000,    2593124,        0,  -13406876,          0
 17833,   572,   16000000,    2745124,        0,  -13254876,          0
 17833,   573,   16000000,    3052146,        0,  -12947854,          0
 17833,   574,   16000000,    3611077,        0,  -12388923,          0
 17833,   575,   16000000,    2548315,        0,  -13451685,          0
 17833,   576,   16000000,    4295969,        0,  -11704031,          0
 17833,   577,   16000000,    2593144,        0,  -13406856,          0
 17833,   578,   16000000,    3417162,        0,  -12582838,          0
 17833,   579,   16000000,    2933410,        0,  -13066590,          0
 17833,   580,   16000000,    3569677,        0,  -12430323,          0
 17833,   581,   16000000,    2640960,        0,  -13359040,          0
 17833,   582,   16000000,    2764057,        0,  -13235943,          0
 17833,   583,   16000000,    3405151,        0,  -12594849,          0
 17833,   584,   16000000,    2657189,        0,  -13342811,          0
 17833,   585,   16000000,    2591382,        0,  -13408618,          0
 17833,   586,   16000000,    3381242,        0,  -12618758,          0
 17833,   587,   16000000,    2922445,        0,  -13077555,          0
 17833,   588,   16000000,    3171500,        0,  -12828500,          0
 17833,   589,   16000000,    2591832,        0,  -13408168,          0
 17833,   590,   16000000,    3329962,        0,  -12670038,          0
 17833,   591,   16000000,    3399286,        0,  -12600714,          0
 17833,   592,   16000000,    2604605,        0,  -13395395,          0
 17833,   593,   16000000,    2582360,        0,  -13417640,          0
 17833,   594,   16000000,    2551076,        0,  -13448924,          0
 17833,   595,   16000000,    2556523,        0,  -13443477,          0
 17833,   596,   16000000,    2530861,        0,  -13469139,          0
 17833,   597,   16000000,    2581008,        0,  -13418992,          0
 17833,   598,   16000000,    2599538,        0,  -13400462,          0
 17833,   599,   16000000,    3063328,        0,  -12936672,          0
 17833,   600,   16000000,    2551015,        0,  -13448985,          0
 17833,   601,   16000000,    2571277,        0,  -13428723,          0
 17833,   602,   16000000,    3425082,        0,  -12574918,          0
 17833,   603,   16000000,    2608945,        0,  -13391055,          0
 17833,   604,   16000000,    2599747,        0,  -13400253,          0
 17833,   605,   16000000,    2571282,        0,  -13428718,          0
 17833,   606,   16000000,    2559255,        0,  -13440745,          0
 17833,   607,   16000000,    2609741,        0,  -13390259,          0
 17833,   608,   16000000,    3399786,        0,  -12600214,          0
 17833,   609,   16000000,    2654593,        0,  -13345407,          0
 17833,   610,   16000000,    2703352,        0,  -13296648,          0
 17833,   611,   16000000,    2882298,        0,  -13117702,          0
 17833,   612,   16000000,    3553965,        0,  -12446035,          0
 17833,   613,   16000000,    2594808,        0,  -13405192,          0
 17833,   614,   16000000,    2568419,        0,  -13431581,          0
 17833,   615,   16000000,    2616240,        0,  -13383760,          0
 17833,   616,   16000000,    2580735,        0,  -13419265,          0
 17833,   617,   16000000,    2584890,        0,  -13415110,          0
 17833,   618,   16000000,    2769158,        0,  -13230842,          0
 17833,   619,   16000000,    2557722,        0,  -13442278,          0
 17833,   620,   16000000,    2540432,        0,  -13459568,          0
 17833,   621,   16000000,    3477201,        0,  -12522799,          0
 17833,   622,   16000000,    3397884,        0,  -12602116,          0
 17833,   623,   16000000,    2573279,        0,  -13426721,          0
 17833,   624,   16000000,    2648850,        0,  -13351150,          0
 17833,   625,   16000000,    3385260,        0,  -12614740,          0
 17833,   626,   16000000,    2570202,        0,  -13429798,          0
 17833,   627,   16000000,    2570017,        0,  -13429983,          0
 17833,   628,   16000000,    2830970,        0,  -13169030,          0
 17833,   629,   16000000,    2619343,        0,  -13380657,          0
# task NAME=myapp PID=17838 COST=4950000 PERIOD=50000000 CPU=0
 17838,     2,   50000000,      16890,        0,  -49983110,          0
 17838,     3,   50000000,     156691,        0,  -49843309,          0
 17838,     4,   50000000,    4965778,        0,  -45034222,          0
 17838,     5,   50000000,    7049725,        0,  -42950275,          0
 17838,     6,   50000000,    8282581,        0,  -41717419,          0
 17838,     7,   50000000,    6642102,        0,  -43357898,          0
 17838,     8,   50000000,    4910479,        0,  -45089521,          0
 17838,     9,   50000000,    7440754,        0,  -42559246,          0
 17838,    10,   50000000,    5927648,        0,  -44072352,          0
 17838,    11,   50000000,    6875572,        0,  -43124428,          0
 17838,    12,   50000000,    5814633,        0,  -44185367,          0
 17838,    13,   50000000,    6576566,        0,  -43423434,          0
 17838,    14,   50000000,    5415472,        0,  -44584528,          0
 17838,    15,   50000000,    6642735,        0,  -43357265,          0
 17838,    16,   50000000,    5749650,        0,  -44250350,          0
 17838,    17,   50000000,    6707993,        0,  -43292007,          0
 17838,    18,   50000000,    5077840,        0,  -44922160,          0
 17838,    19,   50000000,    6981410,        0,  -43018590,          0
 17838,    20,   50000000,    5766067,        0,  -44233933,          0
 17838,    21,   50000000,    7160188,        0,  -42839812,          0
 17838,    22,   50000000,    4966268,        0,  -45033732,          0
 17838,    23,   50000000,    7485591,        0,  -42514409,          0
 17838,    24,   50000000,    4966581,        0,  -45033419,          0
 17838,    25,   50000000,    6974664,        0,  -43025336,          0
 17838,    26,   50000000,    5313002,        0,  -44686998,          0
 17838,    27,   50000000,    7041006,        0,  -42958994,          0
 17838,    28,   50000000,    5762236,        0,  -44237764,          0
 17838,    29,   50000000,    7339422,        0,  -42660578,          0
 17838,    30,   50000000,    5815076,        0,  -44184924,          0
 17838,    31,   50000000,    7816783,        0,  -42183217,          0
 17838,    32,   50000000,    4989242,        0,  -45010758,          0
 17838,    33,   50000000,    6965702,        0,  -43034298,          0
 17838,    34,   50000000,    7664430,        0,  -42335570,          0
 17838,    35,   50000000,    6856552,        0,  -43143448,          0
 17838,    36,   50000000,    4999010,        0,  -45000990,          0
 17838,    37,   50000000,    6743002,        0,  -43256998,          0
 17838,    38,   50000000,    5494865,        0,  -44505135,          0
 17838,    39,   50000000,    7128359,        0,  -42871641,          0
 17838,    40,   50000000,    4983128,        0,  -45016872,          0
 17838,    41,   50000000,    7100796,        0,  -42899204,          0
 17838,    42,   50000000,    5792095,        0,  -44207905,          0
 17838,    43,   50000000,    6840456,        0,  -43159544,          0
 17838,    44,   50000000,    9278160,        0,  -40721840,          0
 17838,    45,   50000000,    7793868,        0,  -42206132,          0
 17838,    46,   50000000,    5748239,        0,  -44251761,          0
 17838,    47,   50000000,    6627508,        0,  -43372492,          0
 17838,    48,   50000000,    4905033,        0,  -45094967,          0
 17838,    49,   50000000,    6648854,        0,  -43351146,          0
 17838,    50,   50000000,    5524947,        0,  -44475053,          0
 17838,    51,   50000000,    6529420,        0,  -43470580,          0
 17838,    52,   50000000,    6674924,        0,  -43325076,          0
 17838,    53,   50000000,    6930142,        0,  -43069858,          0
 17838,    54,   50000000,    5484301,        0,  -44515699,          0
 17838,    55,   50000000,    6647862,        0,  -43352138,          0
 17838,    56,   50000000,    5426363,        0,  -44573637,          0
 17838,    57,   50000000,    6569694,        0,  -43430306,          0
 17838,    58,   50000000,    4920283,        0,  -45079717,          0
 17838,    59,   50000000,    6620551,        0,  -43379449,          0
 17838,    60,   50000000,    5791262,        0,  -44208738,          0
 17838,    61,   50000000,    5580638,        0,  -44419362,          0
 17838,    62,   50000000,    5793910,        0,  -44206090,          0
 17838,    63,   50000000,    6939184,        0,  -43060816,          0
 17838,    64,   50000000,    5119872,        0,  -44880128,          0
 17838,    65,   50000000,    7311497,        0,  -42688503,          0
 17838,    66,   50000000,    5880490,        0,  -44119510,          0
 17838,    67,   50000000,    7521517,        0,  -42478483,          0
 17838,    68,   50000000,    5174100,        0,  -44825900,          0
 17838,    69,   50000000,    7266768,        0,  -42733232,          0
 17838,    70,   50000000,    5781587,        0,  -44218413,          0
 17838,    71,   50000000,    7958031,        0,  -42041969,          0
 17838,    72,   50000000,    8896841,        0,  -41103159,          0
 17838,    73,   50000000,    7815349,        0,  -42184651,          0
 17838,    74,   50000000,    8946054,        0,  -41053946,          0
 17838,    75,   50000000,    7044409,        0,  -42955591,          0
 17838,    76,   50000000,    9082619,        0,  -40917381,          0
 17838,    77,   50000000,    6937965,        0,  -43062035,          0
 17838,    78,   50000000,    4962766,        0,  -45037234,          0
 17838,    79,   50000000,    7200823,        0,  -42799177,          0
 17838,    80,   50000000,    4953713,        0,  -45046287,          0
 17838,    81,   50000000,    6941447,        0,  -43058553,          0
 17838,    82,   50000000,    5747624,        0,  -44252376,          0
 17838,    83,   50000000,    7101651,        0,  -42898349,          0
 17838,    84,   50000000,    4934419,        0,  -45065581,          0
 17838,    85,   50000000,    6648267,        0,  -43351733,          0
 17838,    86,   50000000,    4950878,        0,  -45049122,          0
 17838,    87,   50000000,    6973852,        0,  -43026148,          0
 17838,    88,   50000000,    4987030,        0,  -45012970,          0
 17838,    89,   50000000,    7042131,        0,  -42957869,          0
 17838,    90,   50000000,    5028423,        0,  -44971577,          0
 17838,    91,   50000000,    6988571,        0,  -43011429,          0
 17838,    92,   50000000,    5759472,        0,  -44240528,          0
 17838,    93,   50000000,    7278764,        0,  -42721236,          0
 17838,    94,   50000000,    4922266,        0,  -45077734,          0
 17838,    95,   50000000,    6933221,        0,  -43066779,          0
 17838,    96,   50000000,    5775971,        0,  -44224029,          0
 17838,    97,   50000000,    7404718,        0,  -42595282,          0
 17838,    98,   50000000,    8764098,        0,  -41235902,          0
 17838,    99,   50000000,    7578835,        0,  -42421165,          0
 17838,   100,   50000000,    9780804,        0,  -40219196,          0
 17838,   101,   50000000,    6767430,        0,  -43232570,          0
 17838,   102,   50000000,    5051742,        0,  -44948258,          0
 17838,   103,   50000000,    6625302,        0,  -43374698,          0
 17838,   104,   50000000,    5883313,        0,  -44116687,          0
 17838,   105,   50000000,    6878343,        0,  -43121657,          0
 17838,   106,   50000000,    4934520,        0,  -45065480,          0
 17838,   107,   50000000,    7313899,        0,  -42686101,          0
 17838,   108,   50000000,    5730965,        0,  -44269035,          0
 17838,   109,   50000000,    6973019,        0,  -43026981,          0
 17838,   110,   50000000,    5753485,        0,  -44246515,          0
 17838,   111,   50000000,    7142220,        0,  -42857780,          0
 17838,   112,   50000000,    4956240,        0,  -45043760,          0
 17838,   113,   50000000,    6554436,        0,  -43445564,          0
 17838,   114,   50000000,    9052326,        0,  -40947674,          0
 17838,   115,   50000000,    7505115,        0,  -42494885,          0
 17838,   116,   50000000,    5044067,        0,  -44955933,          0
 17838,   117,   50000000,    6977931,        0,  -43022069,          0
 17838,   118,   50000000,    5016082,        0,  -44983918,          0
 17838,   119,   50000000,    6517312,        0,  -43482688,          0
 17838,   120,   50000000,    4936434,        0,  -45063566,          0
 17838,   121,   50000000,    7029075,        0,  -42970925,          0
 17838,   122,   50000000,    4964455,        0,  -45035545,          0
 17838,   123,   50000000,    7771559,        0,  -42228441,          0
 17838,   124,   50000000,    8957638,        0,  -41042362,          0
 17838,   125,   50000000,    6958280,        0,  -43041720,          0
 17838,   126,   50000000,    5028603,        0,  -44971397,          0
 17838,   127,   50000000,    6576684,        0,  -43423316,          0
 17838,   128,   50000000,    4974859,        0,  -45025141,          0
 17838,   129,   50000000,    6957191,        0,  -43042809,          0
 17838,   130,   50000000,    6672673,        0,  -43327327,          0
 17838,   131,   50000000,    6599643,        0,  -43400357,          0
 17838,   132,   50000000,    8289290,        0,  -41710710,          0
 17838,   133,   50000000,    7441843,        0,  -42558157,          0
 17838,   134,   50000000,    5661412,        0,  -44338588,          0
 17838,   135,   50000000,    7031281,        0,  -42968719,          0
 17838,   136,   50000000,    5722670,        0,  -44277330,          0
 17838,   137,   50000000,    8412174,        0,  -41587826,          0
 17838,   138,   50000000,    5052845,        0,  -44947155,          0
 17838,   139,   50000000,    4969169,        0,  -45030831,          0
 17838,   140,   50000000,    4974596,        0,  -45025404,          0
 17838,   141,   50000000,    7947614,        0,  -42052386,          0
 17838,   142,   50000000,    5473573,        0,  -44526427,          0
 17838,   143,   50000000,    6655863,        0,  -43344137,          0
 17838,   144,   50000000,    5852239,        0,  -44147761,          0
 17838,   145,   50000000,    7810770,        0,  -42189230,          0
 17838,   146,   50000000,    9035096,        0,  -40964904,          0
 17838,   147,   50000000,    7044914,        0,  -42955086,          0
 17838,   148,   50000000,    5785931,        0,  -44214069,          0
 17838,   149,   50000000,    7792560,        0,  -42207440,          0
 17838,   150,   50000000,    5749548,        0,  -44250452,          0
 17838,   151,   50000000,    7446654,        0,  -42553346,          0
 17838,   152,   50000000,    4988902,        0,  -45011098,          0
 17838,   153,   50000000,    7452083,        0,  -42547917,          0
 17838,   154,   50000000,    4940655,        0,  -45059345,          0
 17838,   155,   50000000,    7622134,        0,  -42377866,          0
 17838,   156,   50000000,    9216670,        0,  -40783330,          0
 17838,   157,   50000000,    7248260,        0,  -42751740,          0
 17838,   158,   50000000,    8704631,        0,  -41295369,          0
 17838,   159,   50000000,    7855805,        0,  -42144195,          0
 17838,   160,   50000000,    4942416,        0,  -45057584,          0
 17838,   161,   50000000,    7110882,        0,  -42889118,          0
 17838,   162,   50000000,    4938057,        0,  -45061943,          0
 17838,   163,   50000000,    7753040,        0,  -42246960,          0
 17838,   164,   50000000,    5794629,        0,  -44205371,          0
 17838,   165,   50000000,    6992749,        0,  -43007251,          0
 17838,   166,   50000000,    4978141,        0,  -45021859,          0
 17838,   167,   50000000,    7282261,        0,  -42717739,          0
 17838,   168,   50000000,    5542944,        0,  -44457056,          0
 17838,   169,   50000000,    7659710,        0,  -42340290,          0
 17838,   170,   50000000,    8982920,        0,  -41017080,          0
 17838,   171,   50000000,    7795800,        0,  -42204200,          0
 17838,   172,   50000000,    5767624,        0,  -44232376,          0
 17838,   173,   50000000,    6978981,        0,  -43021019,          0
 17838,   174,   50000000,    5232439,        0,  -44767561,          0
 17838,   175,   50000000,    6915002,        0,  -43084998,          0
 17838,   176,   50000000,    5743101,        0,  -44256899,          0
 17838,   177,   50000000,    7486997,        0,  -42513003,          0
 17838,   178,   50000000,    4938224,        0,  -45061776,          0
 17838,   179,   50000000,    7041638,        0,  -42958362,          0
 17838,   180,   50000000,    5680131,        0,  -44319869,          0
 17838,   181,   50000000,    5003423,        0,  -44996577,          0
 17838,   182,   50000000,    4978372,        0,  -45021628,          0
 17838,   183,   50000000,    7099123,        0,  -42900877,          0
 17838,   184,   50000000,    8626326,        0,  -41373674,          0
 17838,   185,   50000000,    6660921,        0,  -43339079,          0
 17838,   186,   50000000,    9479624,        0,  -40520376,          0
 17838,   187,   50000000,    7870425,        0,  -42129575,          0
 17838,   188,   50000000,    8351742,        0,  -41648258,          0
 17838,   189,   50000000,    6872112,        0,  -43127888,          0
 17838,   190,   50000000,    5759862,        0,  -44240138,          0
 17838,   191,   50000000,    6632284,        0,  -43367716,          0
 17838,   192,   50000000,    4985436,        0,  -45014564,          0
 17838,   193,   50000000,    7022171,        0,  -42977829,          0
 17838,   194,   50000000,    4978501,        0,  -45021499,          0
 17838,   195,   50000000,    6659806,        0,  -43340194,          0
 17838,   196,   50000000,    5483289,        0,  -44516711,          0
 17838,   197,   50000000,    7999404,        0,  -42000596,          0
 17838,   198,   50000000,    5003515,        0,  -44996485,          0
 17838,   199,   50000000,    7436171,        0,  -42563829,          0
 17838,   200,   50000000,    4973525,        0,  -45026475,          0
 17838,   201,   50000000,    7873208,        0,  -42126792,          0
 17838,   202,   50000000,    6126566,        0,  -43873434,          0
 17838,   203,   50000000,    6932154,        0,  -43067846,          0
 17838,   204,   50000000,    9870250,        0,  -40129750,          0
