# Task,   Job,     Period,   Response, DL Miss?,   Lateness,  Tardiness
# task NAME=myapp PID=4045 COST=21719000 PERIOD=61000000 CPU=0
  4045,     2,   61000000,      10108,        0,  -60989892,          0
  4045,     3,   61000000,     113069,        0,  -60886931,          0
  4045,     4,   61000000,   21282994,        0,  -39717006,          0
  4045,     5,   61000000,   21277323,        0,  -39722677,          0
  4045,     6,   61000000,   21270679,        0,  -39729321,          0
  4045,     7,   61000000,   24861061,        0,  -36138939,          0
  4045,     8,   61000000,   21280178,        0,  -39719822,          0
  4045,     9,   61000000,   21275277,        0,  -39724723,          0
  4045,    10,   61000000,   21259443,        0,  -39740557,          0
  4045,    11,   61000000,   21267004,        0,  -39732996,          0
  4045,    12,   61000000,   21296598,        0,  -39703402,          0
  4045,    13,   61000000,   21266343,        0,  -39733657,          0
  4045,    14,   61000000,   21553029,        0,  -39446971,          0
  4045,    15,   61000000,   21265836,        0,  -39734164,          0
  4045,    16,   61000000,   21543749,        0,  -39456251,          0
  4045,    17,   61000000,   21312736,        0,  -39687264,          0
  4045,    18,   61000000,   21547045,        0,  -39452955,          0
  4045,    19,   61000000,   21277138,        0,  -39722862,          0
  4045,    20,   61000000,   21559822,        0,  -39440178,          0
  4045,    21,   61000000,   21365854,        0,  -39634146,          0
  4045,    22,   61000000,   21556339,        0,  -39443661,          0
  4045,    23,   61000000,   21257565,        0,  -39742435,          0
  4045,    24,   61000000,   21588087,        0,  -39411913,          0
  4045,    25,   61000000,   21312654,        0,  -39687346,          0
  4045,    26,   61000000,   21535023,        0,  -39464977,          0
  4045,    27,   61000000,   21281164,        0,  -39718836,          0
  4045,    28,   61000000,   21250833,        0,  -39749167,          0
  4045,    29,   61000000,   21258111,        0,  -39741889,          0
  4045,    30,   61000000,   21283162,        0,  -39716838,          0
  4045,    31,   61000000,   21278145,        0,  -39721855,          0
  4045,    32,   61000000,   21277787,        0,  -39722213,          0
  4045,    33,   61000000,   33877289,        0,  -27122711,          0
  4045,    34,   61000000,   21295811,        0,  -39704189,          0
  4045,    35,   61000000,   21250275,        0,  -39749725,          0
  4045,    36,   61000000,   21311364,        0,  -39688636,          0
  4045,    37,   61000000,   21251384,        0,  -39748616,          0
  4045,    38,   61000000,   21264767,        0,  -39735233,          0
  4045,    39,   61000000,   21267376,        0,  -39732624,          0
  4045,    40,   61000000,   21305160,        0,  -39694840,          0
  4045,    41,   61000000,   21262054,        0,  -39737946,          0
  4045,    42,   61000000,   21270309,        0,  -39729691,          0
  4045,    43,   61000000,   21275651,        0,  -39724349,          0
  4045,    44,   61000000,   21262080,        0,  -39737920,          0
  4045,    45,   61000000,   21250782,        0,  -39749218,          0
  4045,    46,   61000000,   21269095,        0,  -39730905,          0
  4045,    47,   61000000,   21243916,        0,  -39756084,          0
  4045,    48,   61000000,   21281461,        0,  -39718539,          0
  4045,    49,   61000000,   24013553,        0,  -36986447,          0
  4045,    50,   61000000,   21289727,        0,  -39710273,          0
  4045,    51,   61000000,   21270668,        0,  -39729332,          0
  4045,    52,   61000000,   21264104,        0,  -39735896,          0
  4045,    53,   61000000,   21266926,        0,  -39733074,          0
  4045,    54,   61000000,   23713643,        0,  -37286357,          0
  4045,    55,   61000000,   21548558,        0,  -39451442,          0
  4045,    56,   61000000,   21323905,        0,  -39676095,          0
  4045,    57,   61000000,   21566780,        0,  -39433220,          0
  4045,    58,   61000000,   21253862,        0,  -39746138,          0
  4045,    59,   61000000,   21544642,        0,  -39455358,          0
  4045,    60,   61000000,   21271350,        0,  -39728650,          0
  4045,    61,   61000000,   21568996,        0,  -39431004,          0
  4045,    62,   61000000,   21297391,        0,  -39702609,          0
  4045,    63,   61000000,   21581246,        0,  -39418754,          0
  4045,    64,   61000000,   21276247,        0,  -39723753,          0
  4045,    65,   61000000,   21566996,        0,  -39433004,          0
  4045,    66,   61000000,   21252942,        0,  -39747058,          0
  4045,    67,   61000000,   21579352,        0,  -39420648,          0
  4045,    68,   61000000,   21272921,        0,  -39727079,          0
  4045,    69,   61000000,   21259948,        0,  -39740052,          0
  4045,    70,   61000000,   21279341,        0,  -39720659,          0
  4045,    71,   61000000,   21299299,        0,  -39700701,          0
  4045,    72,   61000000,   21289821,        0,  -39710179,          0
  4045,    73,   61000000,   21296138,        0,  -39703862,          0
  4045,    74,   61000000,   21293007,        0,  -39706993,          0
  4045,    75,   61000000,   21291437,        0,  -39708563,          0
  4045,    76,   61000000,   21263177,        0,  -39736823,          0
  4045,    77,   61000000,   21264812,        0,  -39735188,          0
  4045,    78,   61000000,   21266537,        0,  -39733463,          0
  4045,    79,   61000000,   21292522,        0,  -39707478,          0
  4045,    80,   61000000,   21293075,        0,  -39706925,          0
  4045,    81,   61000000,   21299666,        0,  -39700334,          0
  4045,    82,   61000000,   21309448,        0,  -39690552,          0
  4045,    83,   61000000,   21286190,        0,  -39713810,          0
  4045,    84,   61000000,   21264351,        0,  -39735649,          0
  4045,    85,   61000000,   21283993,        0,  -39716007,          0
  4045,    86,   61000000,   21272264,        0,  -39727736,          0
  4045,    87,   61000000,   21258236,        0,  -39741764,          0
  4045,    88,   61000000,   21260277,        0,  -39739723,          0
  4045,    89,   61000000,   31752023,        0,  -29247977,          0
  4045,    90,   61000000,   21272710,        0,  -39727290,          0
  4045,    91,   61000000,   21317149,        0,  -39682851,          0
  4045,    92,   61000000,   21262224,        0,  -39737776,          0
  4045,    93,   61000000,   21287702,        0,  -39712298,          0
  4045,    94,   61000000,   21257186,        0,  -39742814,          0
  4045,    95,   61000000,   21261263,        0,  -39738737,          0
  4045,    96,   61000000,   21502160,        0,  -39497840,          0
  4045,    97,   61000000,   32717846,        0,  -28282154,          0
  4045,    98,   61000000,   21549836,        0,  -39450164,          0
  4045,    99,   61000000,   30521725,        0,  -30478275,          0
  4045,   100,   61000000,   21571019,        0,  -39428981,          0
  4045,   101,   61000000,   21282575,        0,  -39717425,          0
  4045,   102,   61000000,   21584776,        0,  -39415224,          0
  4045,   103,   61000000,   21390814,        0,  -39609186,          0
  4045,   104,   61000000,   21590848,        0,  -39409152,          0
  4045,   105,   61000000,   21282537,        0,  -39717463,          0
  4045,   106,   61000000,   23823747,        0,  -37176253,          0
  4045,   107,   61000000,   21269811,        0,  -39730189,          0
  4045,   108,   61000000,   21580885,        0,  -39419115,          0
  4045,   109,   61000000,   21273494,        0,  -39726506,          0
  4045,   110,   61000000,   49584956,        0,  -11415044,          0
  4045,   111,   61000000,   21310011,        0,  -39689989,          0
  4045,   112,   61000000,   21296458,        0,  -39703542,          0
  4045,   113,   61000000,   21272049,        0,  -39727951,          0
  4045,   114,   61000000,   21262864,        0,  -39737136,          0
  4045,   115,   61000000,   21312065,        0,  -39687935,          0
  4045,   116,   61000000,   21297080,        0,  -39702920,          0
  4045,   117,   61000000,   42626064,        0,  -18373936,          0
  4045,   118,   61000000,   21272510,        0,  -39727490,          0
  4045,   119,   61000000,   21287132,        0,  -39712868,          0
  4045,   120,   61000000,   21275594,        0,  -39724406,          0
  4045,   121,   61000000,   21288662,        0,  -39711338,          0
  4045,   122,   61000000,   21255092,        0,  -39744908,          0
  4045,   123,   61000000,   21272843,        0,  -39727157,          0
  4045,   124,   61000000,   21283642,        0,  -39716358,          0
  4045,   125,   61000000,   21295728,        0,  -39704272,          0
  4045,   126,   61000000,   21285741,        0,  -39714259,          0
  4045,   127,   61000000,   21270264,        0,  -39729736,          0
  4045,   128,   61000000,   21274752,        0,  -39725248,          0
  4045,   129,   61000000,   21277964,        0,  -39722036,          0
  4045,   130,   61000000,   21298815,        0,  -39701185,          0
  4045,   131,   61000000,   28713731,        0,  -32286269,          0
  4045,   132,   61000000,   21283888,        0,  -39716112,          0
  4045,   133,   61000000,   21277650,        0,  -39722350,          0
  4045,   134,   61000000,   21295464,        0,  -39704536,          0
  4045,   135,   61000000,   21262956,        0,  -39737044,          0
  4045,   136,   61000000,   21270035,        0,  -39729965,          0
  4045,   137,   61000000,   22742009,        0,  -38257991,          0
  4045,   138,   61000000,   21263123,        0,  -39736877,          0
  4045,   139,   61000000,   49009616,        0,  -11990384,          0
  4045,   140,   61000000,   21291124,        0,  -39708876,          0
  4045,   141,   61000000,   21552470,        0,  -39447530,          0
  4045,   142,   61000000,   21293945,        0,  -39706055,          0
  4045,   143,   61000000,   21534561,        0,  -39465439,          0
  4045,   144,   61000000,   21354095,        0,  -39645905,          0
  4045,   145,   61000000,   21562372,        0,  -39437628,          0
  4045,   146,   61000000,   21255917,        0,  -39744083,          0
  4045,   147,   61000000,   30086791,        0,  -30913209,          0
  4045,   148,   61000000,   27763878,        0,  -33236122,          0
  4045,   149,   61000000,   21603833,        0,  -39396167,          0
  4045,   150,   61000000,   21266886,        0,  -39733114,          0
  4045,   151,   61000000,   21558492,        0,  -39441508,          0
  4045,   152,   61000000,   21308051,        0,  -39691949,          0
  4045,   153,   61000000,   36176615,        0,  -24823385,          0
  4045,   154,   61000000,   21281372,        0,  -39718628,          0
  4045,   155,   61000000,   32294169,        0,  -28705831,          0
  4045,   156,   61000000,   21258353,        0,  -39741647,          0
  4045,   157,   61000000,   21363802,        0,  -39636198,          0
  4045,   158,   61000000,   21267977,        0,  -39732023,          0
  4045,   159,   61000000,   21264764,        0,  -39735236,          0
  4045,   160,   61000000,   21294186,        0,  -39705814,          0
  4045,   161,   61000000,   21221377,        0,  -39778623,          0
  4045,   162,   61000000,   21290343,        0,  -39709657,          0
  4045,   163,   61000000,   21273177,        0,  -39726823,          0
  4045,   164,   61000000,   21271959,        0,  -39728041,          0
  4045,   165,   61000000,   21267514,        0,  -39732486,          0
  4045,   166,   61000000,   23987596,        0,  -37012404,          0
  4045,   167,   61000000,   21299316,        0,  -39700684,          0
# task NAME=myapp PID=4048 COST=20916000 PERIOD=68000000 CPU=0
  4048,     2,   68000000,       6493,        0,  -67993507,          0
  4048,     3,   68000000,     135617,        0,  -67864383,          0
  4048,     4,   68000000,   20511811,        0,  -47488189,          0
  4048,     5,   68000000,   27872737,        0,  -40127263,          0
  4048,     6,   68000000,   20493850,        0,  -47506150,          0
  4048,     7,   68000000,   20503551,        0,  -47496449,          0
  4048,     8,   68000000,   20503733,        0,  -47496267,          0
  4048,     9,   68000000,   20768992,        0,  -47231008,          0
  4048,    10,   68000000,   20491639,        0,  -47508361,          0
  4048,    11,   68000000,   20809586,        0,  -47190414,          0
  4048,    12,   68000000,   20481318,        0,  -47518682,          0
  4048,    13,   68000000,   20521637,        0,  -47478363,          0
  4048,    14,   68000000,   20533632,        0,  -47466368,          0
  4048,    15,   68000000,   20497267,        0,  -47502733,          0
  4048,    16,   68000000,   20487647,        0,  -47512353,          0
  4048,    17,   68000000,   20519130,        0,  -47480870,          0
  4048,    18,   68000000,   35375784,        0,  -32624216,          0
  4048,    19,   68000000,   20515741,        0,  -47484259,          0
  4048,    20,   68000000,   20768469,        0,  -47231531,          0
  4048,    21,   68000000,   37771186,        0,  -30228814,          0
  4048,    22,   68000000,   20799163,        0,  -47200837,          0
  4048,    23,   68000000,   20482429,        0,  -47517571,          0
  4048,    24,   68000000,   42601131,        0,  -25398869,          0
  4048,    25,   68000000,   20477833,        0,  -47522167,          0
  4048,    26,   68000000,   20493372,        0,  -47506628,          0
  4048,    27,   68000000,   23098783,        0,  -44901217,          0
  4048,    28,   68000000,   20517390,        0,  -47482610,          0
  4048,    29,   68000000,   20479315,        0,  -47520685,          0
  4048,    30,   68000000,   27098887,        0,  -40901113,          0
  4048,    31,   68000000,   20759962,        0,  -47240038,          0
  4048,    32,   68000000,   20516155,        0,  -47483845,          0
  4048,    33,   68000000,   20757379,        0,  -47242621,          0
  4048,    34,   68000000,   20594202,        0,  -47405798,          0
  4048,    35,   68000000,   20480767,        0,  -47519233,          0
  4048,    36,   68000000,   20497884,        0,  -47502116,          0
  4048,    37,   68000000,   20473289,        0,  -47526711,          0
  4048,    38,   68000000,   20491261,        0,  -47508739,          0
  4048,    39,   68000000,   20474034,        0,  -47525966,          0
  4048,    40,   68000000,   20472437,        0,  -47527563,          0
  4048,    41,   68000000,   20466707,        0,  -47533293,          0
  4048,    42,   68000000,   20485027,        0,  -47514973,          0
  4048,    43,   68000000,   20521567,        0,  -47478433,          0
  4048,    44,   68000000,   20749077,        0,  -47250923,          0
  4048,    45,   68000000,   20495318,        0,  -47504682,          0
  4048,    46,   68000000,   20508110,        0,  -47491890,          0
  4048,    47,   68000000,   20486698,        0,  -47513302,          0
  4048,    48,   68000000,   20472807,        0,  -47527193,          0
  4048,    49,   68000000,   27269735,        0,  -40730265,          0
  4048,    50,   68000000,   20482114,        0,  -47517886,          0
  4048,    51,   68000000,   20461615,        0,  -47538385,          0
  4048,    52,   68000000,   20495902,        0,  -47504098,          0
  4048,    53,   68000000,   20575597,        0,  -47424403,          0
  4048,    54,   68000000,   20490175,        0,  -47509825,          0
  4048,    55,   68000000,   20769933,        0,  -47230067,          0
  4048,    56,   68000000,   20481468,        0,  -47518532,          0
  4048,    57,   68000000,   20772506,        0,  -47227494,          0
  4048,    58,   68000000,   20505731,        0,  -47494269,          0
  4048,    59,   68000000,   20506237,        0,  -47493763,          0
  4048,    60,   68000000,   20500975,        0,  -47499025,          0
  4048,    61,   68000000,   20497722,        0,  -47502278,          0
  4048,    62,   68000000,   20506820,        0,  -47493180,          0
  4048,    63,   68000000,   20529415,        0,  -47470585,          0
  4048,    64,   68000000,   20521425,        0,  -47478575,          0
  4048,    65,   68000000,   20510111,        0,  -47489889,          0
  4048,    66,   68000000,   20765721,        0,  -47234279,          0
  4048,    67,   68000000,   33440971,        0,  -34559029,          0
  4048,    68,   68000000,   20787116,        0,  -47212884,          0
  4048,    69,   68000000,   20491215,        0,  -47508785,          0
  4048,    70,   68000000,   20486505,        0,  -47513495,          0
  4048,    71,   68000000,   20496065,        0,  -47503935,          0
  4048,    72,   68000000,   20504948,        0,  -47495052,          0
  4048,    73,   68000000,   20471985,        0,  -47528015,          0
  4048,    74,   68000000,   32818907,        0,  -35181093,          0
  4048,    75,   68000000,   20490071,        0,  -47509929,          0
  4048,    76,   68000000,   20469562,        0,  -47530438,          0
  4048,    77,   68000000,   20758480,        0,  -47241520,          0
  4048,    78,   68000000,   20538648,        0,  -47461352,          0
  4048,    79,   68000000,   20793625,        0,  -47206375,          0
  4048,    80,   68000000,   20480102,        0,  -47519898,          0
  4048,    81,   68000000,   20511825,        0,  -47488175,          0
  4048,    82,   68000000,   20489501,        0,  -47510499,          0
  4048,    83,   68000000,   20468136,        0,  -47531864,          0
  4048,    84,   68000000,   20498695,        0,  -47501305,          0
  4048,    85,   68000000,   20495033,        0,  -47504967,          0
  4048,    86,   68000000,   20465641,        0,  -47534359,          0
  4048,    87,   68000000,   20460711,        0,  -47539289,          0
  4048,    88,   68000000,   20761916,        0,  -47238084,          0
  4048,    89,   68000000,   37768383,        0,  -30231617,          0
  4048,    90,   68000000,   20745596,        0,  -47254404,          0
  4048,    91,   68000000,   20503742,        0,  -47496258,          0
  4048,    92,   68000000,   20525922,        0,  -47474078,          0
  4048,    93,   68000000,   20485953,        0,  -47514047,          0
  4048,    94,   68000000,   20531147,        0,  -47468853,          0
  4048,    95,   68000000,   34530965,        0,  -33469035,          0
  4048,    96,   68000000,   20478897,        0,  -47521103,          0
  4048,    97,   68000000,   20500807,        0,  -47499193,          0
  4048,    98,   68000000,   20531125,        0,  -47468875,          0
  4048,    99,   68000000,   47777077,        0,  -20222923,          0
  4048,   100,   68000000,   20502757,        0,  -47497243,          0
  4048,   101,   68000000,   27074801,        0,  -40925199,          0
  4048,   102,   68000000,   20463266,        0,  -47536734,          0
  4048,   103,   68000000,   20492276,        0,  -47507724,          0
  4048,   104,   68000000,   33030472,        0,  -34969528,          0
  4048,   105,   68000000,   20471889,        0,  -47528111,          0
  4048,   106,   68000000,   20534568,        0,  -47465432,          0
  4048,   107,   68000000,   20498630,        0,  -47501370,          0
  4048,   108,   68000000,   20495885,        0,  -47504115,          0
  4048,   109,   68000000,   20515551,        0,  -47484449,          0
  4048,   110,   68000000,   20474078,        0,  -47525922,          0
  4048,   111,   68000000,   20485840,        0,  -47514160,          0
  4048,   112,   68000000,   20794609,        0,  -47205391,          0
  4048,   113,   68000000,   20502986,        0,  -47497014,          0
  4048,   114,   68000000,   20742504,        0,  -47257496,          0
  4048,   115,   68000000,   20476231,        0,  -47523769,          0
  4048,   116,   68000000,   21175757,        0,  -46824243,          0
  4048,   117,   68000000,   20473620,        0,  -47526380,          0
  4048,   118,   68000000,   20487343,        0,  -47512657,          0
  4048,   119,   68000000,   20493318,        0,  -47506682,          0
  4048,   120,   68000000,   20479252,        0,  -47520748,          0
  4048,   121,   68000000,   20503287,        0,  -47496713,          0
  4048,   122,   68000000,   20603936,        0,  -47396064,          0
  4048,   123,   68000000,   20767751,        0,  -47232249,          0
  4048,   124,   68000000,   20504923,        0,  -47495077,          0
  4048,   125,   68000000,   48696164,        0,  -19303836,          0
  4048,   126,   68000000,   20483798,        0,  -47516202,          0
  4048,   127,   68000000,   20479315,        0,  -47520685,          0
  4048,   128,   68000000,   20789154,        0,  -47210846,          0
  4048,   129,   68000000,   20491339,        0,  -47508661,          0
  4048,   130,   68000000,   20491429,        0,  -47508571,          0
  4048,   131,   68000000,   20488890,        0,  -47511110,          0
  4048,   132,   68000000,   20456458,        0,  -47543542,          0
  4048,   133,   68000000,   20541120,        0,  -47458880,          0
  4048,   134,   68000000,   20776197,        0,  -47223803,          0
  4048,   135,   68000000,   20481956,        0,  -47518044,          0
  4048,   136,   68000000,   20748949,        0,  -47251051,          0
  4048,   137,   68000000,   20489189,        0,  -47510811,          0
  4048,   138,   68000000,   20474237,        0,  -47525763,          0
  4048,   139,   68000000,   20462330,        0,  -47537670,          0
  4048,   140,   68000000,   20531823,        0,  -47468177,          0
  4048,   141,   68000000,   20540952,        0,  -47459048,          0
  4048,   142,   68000000,   20497476,        0,  -47502524,          0
  4048,   143,   68000000,   20476011,        0,  -47523989,          0
  4048,   144,   68000000,   20496517,        0,  -47503483,          0
  4048,   145,   68000000,   24019001,        0,  -43980999,          0
  4048,   146,   68000000,   20482078,        0,  -47517922,          0
  4048,   147,   68000000,   20766156,        0,  -47233844,          0
  4048,   148,   68000000,   20485355,        0,  -47514645,          0
  4048,   149,   68000000,   37382376,        0,  -30617624,          0
  4048,   150,   68000000,   20530921,        0,  -47469079,          0
  4048,   151,   68000000,   20504167,        0,  -47495833,          0
# task NAME=myapp PID=4052 COST=13636000 PERIOD=100000000 CPU=0
  4052,     2,  100000000,      11870,        0,  -99988130,          0
  4052,     3,  100000000,     132027,        0,  -99867973,          0
  4052,     4,  100000000,   13427327,        0,  -86572673,          0
  4052,     5,  100000000,   13388957,        0,  -86611043,          0
  4052,     6,  100000000,   13430021,        0,  -86569979,          0
  4052,     7,  100000000,   13399350,        0,  -86600650,          0
  4052,     8,  100000000,   13388181,        0,  -86611819,          0
  4052,     9,  100000000,   13399212,        0,  -86600788,          0
  4052,    10,  100000000,   13356362,        0,  -86643638,          0
  4052,    11,  100000000,   13406086,        0,  -86593914,          0
  4052,    12,  100000000,   13347697,        0,  -86652303,          0
  4052,    13,  100000000,   13348787,        0,  -86651213,          0
  4052,    14,  100000000,   13460987,        0,  -86539013,          0
  4052,    15,  100000000,   13369327,        0,  -86630673,          0
  4052,    16,  100000000,   13364281,        0,  -86635719,          0
  4052,    17,  100000000,   13367701,        0,  -86632299,          0
  4052,    18,  100000000,   13378196,        0,  -86621804,          0
  4052,    19,  100000000,   13400319,        0,  -86599681,          0
  4052,    20,  100000000,   13410060,        0,  -86589940,          0
  4052,    21,  100000000,   13356150,        0,  -86643850,          0
  4052,    22,  100000000,   13389521,        0,  -86610479,          0
  4052,    23,  100000000,   13374884,        0,  -86625116,          0
  4052,    24,  100000000,   13461370,        0,  -86538630,          0
  4052,    25,  100000000,   13378743,        0,  -86621257,          0
  4052,    26,  100000000,   13374184,        0,  -86625816,          0
  4052,    27,  100000000,   13362362,        0,  -86637638,          0
  4052,    28,  100000000,   13405545,        0,  -86594455,          0
  4052,    29,  100000000,   13400220,        0,  -86599780,          0
  4052,    30,  100000000,   13378081,        0,  -86621919,          0
  4052,    31,  100000000,   13383719,        0,  -86616281,          0
  4052,    32,  100000000,   13371145,        0,  -86628855,          0
  4052,    33,  100000000,   13410757,        0,  -86589243,          0
  4052,    34,  100000000,   13452426,        0,  -86547574,          0
  4052,    35,  100000000,   13367026,        0,  -86632974,          0
  4052,    36,  100000000,   13382728,        0,  -86617272,          0
  4052,    37,  100000000,   18221357,        0,  -81778643,          0
  4052,    38,  100000000,   38245619,        0,  -61754381,          0
  4052,    39,  100000000,   13383353,        0,  -86616647,          0
  4052,    40,  100000000,   13354901,        0,  -86645099,          0
  4052,    41,  100000000,   13374728,        0,  -86625272,          0
  4052,    42,  100000000,   13380476,        0,  -86619524,          0
  4052,    43,  100000000,   13370446,        0,  -86629554,          0
  4052,    44,  100000000,   13440163,        0,  -86559837,          0
  4052,    45,  100000000,   13371117,        0,  -86628883,          0
  4052,    46,  100000000,   13386587,        0,  -86613413,          0
  4052,    47,  100000000,   13356945,        0,  -86643055,          0
  4052,    48,  100000000,   13372187,        0,  -86627813,          0
  4052,    49,  100000000,   13394863,        0,  -86605137,          0
  4052,    50,  100000000,   13388552,        0,  -86611448,          0
  4052,    51,  100000000,   13395418,        0,  -86604582,          0
  4052,    52,  100000000,   13364449,        0,  -86635551,          0
  4052,    53,  100000000,   13376297,        0,  -86623703,          0
  4052,    54,  100000000,   28577412,        0,  -71422588,          0
  4052,    55,  100000000,   13371347,        0,  -86628653,          0
  4052,    56,  100000000,   13386369,        0,  -86613631,          0
  4052,    57,  100000000,   13359459,        0,  -86640541,          0
  4052,    58,  100000000,   13381151,        0,  -86618849,          0
  4052,    59,  100000000,   13370696,        0,  -86629304,          0
  4052,    60,  100000000,   13368899,        0,  -86631101,          0
  4052,    61,  100000000,   13360205,        0,  -86639795,          0
  4052,    62,  100000000,   13355574,        0,  -86644426,          0
  4052,    63,  100000000,   13439022,        0,  -86560978,          0
  4052,    64,  100000000,   13485412,        0,  -86514588,          0
  4052,    65,  100000000,   13363335,        0,  -86636665,          0
  4052,    66,  100000000,   13396330,        0,  -86603670,          0
  4052,    67,  100000000,   13396362,        0,  -86603638,          0
  4052,    68,  100000000,   13380468,        0,  -86619532,          0
  4052,    69,  100000000,   13378728,        0,  -86621272,          0
  4052,    70,  100000000,   13449787,        0,  -86550213,          0
  4052,    71,  100000000,   13381244,        0,  -86618756,          0
  4052,    72,  100000000,   13381961,        0,  -86618039,          0
  4052,    73,  100000000,   13367890,        0,  -86632110,          0
  4052,    74,  100000000,   13435581,        0,  -86564419,          0
  4052,    75,  100000000,   15162327,        0,  -84837673,          0
  4052,    76,  100000000,   13415347,        0,  -86584653,          0
  4052,    77,  100000000,   13355109,        0,  -86644891,          0
  4052,    78,  100000000,   13373275,        0,  -86626725,          0
  4052,    79,  100000000,   18763476,        0,  -81236524,          0
  4052,    80,  100000000,   18625607,        0,  -81374393,          0
  4052,    81,  100000000,   28795650,        0,  -71204350,          0
  4052,    82,  100000000,   13359223,        0,  -86640777,          0
  4052,    83,  100000000,   13388358,        0,  -86611642,          0
  4052,    84,  100000000,   13446819,        0,  -86553181,          0
  4052,    85,  100000000,   13396329,        0,  -86603671,          0
  4052,    86,  100000000,   37140037,        0,  -62859963,          0
  4052,    87,  100000000,   13367400,        0,  -86632600,          0
  4052,    88,  100000000,   15981107,        0,  -84018893,          0
  4052,    89,  100000000,   13418405,        0,  -86581595,          0
  4052,    90,  100000000,   13385517,        0,  -86614483,          0
  4052,    91,  100000000,   15003094,        0,  -84996906,          0
  4052,    92,  100000000,   13389386,        0,  -86610614,          0
  4052,    93,  100000000,   13360984,        0,  -86639016,          0
  4052,    94,  100000000,   13444752,        0,  -86555248,          0
  4052,    95,  100000000,   13362015,        0,  -86637985,          0
  4052,    96,  100000000,   13376828,        0,  -86623172,          0
  4052,    97,  100000000,   13404717,        0,  -86595283,          0
  4052,    98,  100000000,   13380950,        0,  -86619050,          0
  4052,    99,  100000000,   13386311,        0,  -86613689,          0
  4052,   100,  100000000,   13389374,        0,  -86610626,          0
  4052,   101,  100000000,   13395603,        0,  -86604397,          0
  4052,   102,  100000000,   13384130,        0,  -86615870,          0
  4052,   103,  100000000,   13393139,        0,  -86606861,          0
  4052,   104,  100000000,   13470331,        0,  -86529669,          0
