# Task,   Job,     Period,   Response, DL Miss?,   Lateness,  Tardiness
# task NAME=myapp PID=492 COST=16501000 PERIOD=57000000 CPU=0
   492,     2,   57000000,       5732,        0,  -56994268,          0
   492,     3,   57000000,      80690,        0,  -56919310,          0
   492,     4,   57000000,   23301729,        0,  -33698271,          0
   492,     5,   57000000,   22952804,        0,  -34047196,          0
   492,     6,   57000000,   28237181,        0,  -28762819,          0
   492,     7,   57000000,   26846558,        0,  -30153442,          0
   492,     8,   57000000,   28493434,        0,  -28506566,          0
   492,     9,   57000000,   25536828,        0,  -31463172,          0
   492,    10,   57000000,   27940238,        0,  -29059762,          0
   492,    11,   57000000,   24335269,        0,  -32664731,          0
   492,    12,   57000000,   26365405,        0,  -30634595,          0
   492,    13,   57000000,   25401057,        0,  -31598943,          0
   492,    14,   57000000,   27863119,        0,  -29136881,          0
   492,    15,   57000000,   26915424,        0,  -30084576,          0
   492,    16,   57000000,   23511179,        0,  -33488821,          0
   492,    17,   57000000,   25511422,        0,  -31488578,          0
   492,    18,   57000000,   27817790,        0,  -29182210,          0
   492,    19,   57000000,   24826568,        0,  -32173432,          0
   492,    20,   57000000,   26045322,        0,  -30954678,          0
   492,    21,   57000000,   25367679,        0,  -31632321,          0
   492,    22,   57000000,   27896970,        0,  -29103030,          0
   492,    23,   57000000,   27398242,        0,  -29601758,          0
   492,    24,   57000000,   25890638,        0,  -31109362,          0
   492,    25,   57000000,   21829132,        0,  -35170868,          0
   492,    26,   57000000,   25441930,        0,  -31558070,          0
   492,    27,   57000000,   26944631,        0,  -30055369,          0
   492,    28,   57000000,   25902571,        0,  -31097429,          0
   492,    29,   57000000,   25505775,        0,  -31494225,          0
   492,    30,   57000000,   24984594,        0,  -32015406,          0
   492,    31,   57000000,   24891927,        0,  -32108073,          0
   492,    32,   57000000,   26198074,        0,  -30801926,          0
   492,    33,   57000000,   25627383,        0,  -31372617,          0
   492,    34,   57000000,   27948586,        0,  -29051414,          0
   492,    35,   57000000,   24428380,        0,  -32571620,          0
   492,    36,   57000000,   25918247,        0,  -31081753,          0
   492,    37,   57000000,   25336553,        0,  -31663447,          0
   492,    38,   57000000,   25964620,        0,  -31035380,          0
   492,    39,   57000000,   27101085,        0,  -29898915,          0
   492,    40,   57000000,   26026164,        0,  -30973836,          0
   492,    41,   57000000,   25319323,        0,  -31680677,          0
   492,    42,   57000000,   27576658,        0,  -29423342,          0
   492,    43,   57000000,   27466036,        0,  -29533964,          0
   492,    44,   57000000,   23981826,        0,  -33018174,          0
   492,    45,   57000000,   25307774,        0,  -31692226,          0
   492,    46,   57000000,   28800647,        0,  -28199353,          0
   492,    47,   57000000,   24395175,        0,  -32604825,          0
   492,    48,   57000000,   23376078,        0,  -33623922,          0
   492,    49,   57000000,   22412674,        0,  -34587326,          0
   492,    50,   57000000,   28329709,        0,  -28670291,          0
   492,    51,   57000000,   26657349,        0,  -30342651,          0
   492,    52,   57000000,   25803897,        0,  -31196103,          0
   492,    53,   57000000,   25250229,        0,  -31749771,          0
   492,    54,   57000000,   25832087,        0,  -31167913,          0
   492,    55,   57000000,   27606524,        0,  -29393476,          0
   492,    56,   57000000,   26293707,        0,  -30706293,          0
   492,    57,   57000000,   25335746,        0,  -31664254,          0
   492,    58,   57000000,   27811712,        0,  -29188288,          0
   492,    59,   57000000,   26732212,        0,  -30267788,          0
   492,    60,   57000000,   25921782,        0,  -31078218,          0
   492,    61,   57000000,   24699904,        0,  -32300096,          0
   492,    62,   57000000,   27877993,        0,  -29122007,          0
   492,    63,   57000000,   24959607,        0,  -32040393,          0
   492,    64,   57000000,   26295448,        0,  -30704552,          0
   492,    65,   57000000,   24858326,        0,  -32141674,          0
   492,    66,   57000000,   27846513,        0,  -29153487,          0
   492,    67,   57000000,   27281455,        0,  -29718545,          0
   492,    68,   57000000,   23483838,        0,  -33516162,          0
   492,    69,   57000000,   25358510,        0,  -31641490,          0
   492,    70,   57000000,   28328893,        0,  -28671107,          0
   492,    71,   57000000,   26807233,        0,  -30192767,          0
   492,    72,   57000000,   26810505,        0,  -30189495,          0
   492,    73,   57000000,   25767036,        0,  -31232964,          0
   492,    74,   57000000,   28479540,        0,  -28520460,          0
   492,    75,   57000000,   24488212,        0,  -32511788,          0
   492,    76,   57000000,   25788019,        0,  -31211981,          0
   492,    77,   57000000,   25666234,        0,  -31333766,          0
   492,    78,   57000000,   27838696,        0,  -29161304,          0
   492,    79,   57000000,   26651967,        0,  -30348033,          0
   492,    80,   57000000,   23858698,        0,  -33141302,          0
   492,    81,   57000000,   25580890,        0,  -31419110,          0
   492,    82,   57000000,   27881386,        0,  -29118614,          0
   492,    83,   57000000,   26991209,        0,  -30008791,          0
   492,    84,   57000000,   25975981,        0,  -31024019,          0
   492,    85,   57000000,   25699154,        0,  -31300846,          0
   492,    86,   57000000,   25373985,        0,  -31626015,          0
   492,    87,   57000000,   26760222,        0,  -30239778,          0
   492,    88,   57000000,   23633396,        0,  -33366604,          0
   492,    89,   57000000,   24862051,        0,  -32137949,          0
   492,    90,   57000000,   25944297,        0,  -31055703,          0
   492,    91,   57000000,   28384675,        0,  -28615325,          0
   492,    92,   57000000,   26920741,        0,  -30079259,          0
   492,    93,   57000000,   24808039,        0,  -32191961,          0
   492,    94,   57000000,   27848002,        0,  -29151998,          0
   492,    95,   57000000,   27841084,        0,  -29158916,          0
   492,    96,   57000000,   23346028,        0,  -33653972,          0
   492,    97,   57000000,   25764355,        0,  -31235645,          0
   492,    98,   57000000,   27829896,        0,  -29170104,          0
   492,    99,   57000000,   24595069,        0,  -32404931,          0
   492,   100,   57000000,   23066721,        0,  -33933279,          0
   492,   101,   57000000,   22801321,        0,  -34198679,          0
   492,   102,   57000000,   25351071,        0,  -31648929,          0
   492,   103,   57000000,   27642804,        0,  -29357196,          0
   492,   104,   57000000,   26404623,        0,  -30595377,          0
   492,   105,   57000000,   22861039,        0,  -34138961,          0
   492,   106,   57000000,   25399029,        0,  -31600971,          0
   492,   107,   57000000,   23983242,        0,  -33016758,          0
   492,   108,   57000000,   25873221,        0,  -31126779,          0
   492,   109,   57000000,   24892325,        0,  -32107675,          0
   492,   110,   57000000,   25992180,        0,  -31007820,          0
   492,   111,   57000000,   26870198,        0,  -30129802,          0
   492,   112,   57000000,   27569656,        0,  -29430344,          0
   492,   113,   57000000,   25421547,        0,  -31578453,          0
   492,   114,   57000000,   25170515,        0,  -31829485,          0
   492,   115,   57000000,   23909189,        0,  -33090811,          0
   492,   116,   57000000,   26872908,        0,  -30127092,          0
   492,   117,   57000000,   24962766,        0,  -32037234,          0
   492,   118,   57000000,   28047578,        0,  -28952422,          0
   492,   119,   57000000,   25012024,        0,  -31987976,          0
   492,   120,   57000000,   26829676,        0,  -30170324,          0
   492,   121,   57000000,   25267196,        0,  -31732804,          0
   492,   122,   57000000,   25484839,        0,  -31515161,          0
   492,   123,   57000000,   26611341,        0,  -30388659,          0
   492,   124,   57000000,   26822051,        0,  -30177949,          0
   492,   125,   57000000,   25796499,        0,  -31203501,          0
   492,   126,   57000000,   24515560,        0,  -32484440,          0
   492,   127,   57000000,   27915501,        0,  -29084499,          0
   492,   128,   57000000,   24980327,        0,  -32019673,          0
   492,   129,   57000000,   22376046,        0,  -34623954,          0
   492,   130,   57000000,   27926302,        0,  -29073698,          0
   492,   131,   57000000,   26976364,        0,  -30023636,          0
   492,   132,   57000000,   26828281,        0,  -30171719,          0
   492,   133,   57000000,   25315320,        0,  -31684680,          0
   492,   134,   57000000,   25711645,        0,  -31288355,          0
   492,   135,   57000000,   27373688,        0,  -29626312,          0
   492,   136,   57000000,   23230858,        0,  -33769142,          0
   492,   137,   57000000,   24811106,        0,  -32188894,          0
   492,   138,   57000000,   27917121,        0,  -29082879,          0
   492,   139,   57000000,   24826871,        0,  -32173129,          0
   492,   140,   57000000,   22950679,        0,  -34049321,          0
   492,   141,   57000000,   23062852,        0,  -33937148,          0
   492,   142,   57000000,   27935009,        0,  -29064991,          0
   492,   143,   57000000,   27868962,        0,  -29131038,          0
   492,   144,   57000000,   27263457,        0,  -29736543,          0
   492,   145,   57000000,   22938486,        0,  -34061514,          0
   492,   146,   57000000,   28543200,        0,  -28456800,          0
   492,   147,   57000000,   26944377,        0,  -30055623,          0
   492,   148,   57000000,   23997606,        0,  -33002394,          0
   492,   149,   57000000,   25439179,        0,  -31560821,          0
   492,   150,   57000000,   26017777,        0,  -30982223,          0
   492,   151,   57000000,   24807600,        0,  -32192400,          0
   492,   152,   57000000,   23379942,        0,  -33620058,          0
   492,   153,   57000000,   24855104,        0,  -32144896,          0
   492,   154,   57000000,   25604148,        0,  -31395852,          0
   492,   155,   57000000,   26818535,        0,  -30181465,          0
   492,   156,   57000000,   27087395,        0,  -29912605,          0
   492,   157,   57000000,   22928262,        0,  -34071738,          0
   492,   158,   57000000,   28219265,        0,  -28780735,          0
   492,   159,   57000000,   26920862,        0,  -30079138,          0
   492,   160,   57000000,   25815708,        0,  -31184292,          0
   492,   161,   57000000,   24884673,        0,  -32115327,          0
   492,   162,   57000000,   27809066,        0,  -29190934,          0
   492,   163,   57000000,   23974422,        0,  -33025578,          0
   492,   164,   57000000,   25875817,        0,  -31124183,          0
   492,   165,   57000000,   25350971,        0,  -31649029,          0
   492,   166,   57000000,   27858656,        0,  -29141344,          0
   492,   167,   57000000,   28035880,        0,  -28964120,          0
   492,   168,   57000000,   26410723,        0,  -30589277,          0
   492,   169,   57000000,   25289201,        0,  -31710799,          0
   492,   170,   57000000,   25971049,        0,  -31028951,          0
   492,   171,   57000000,   24344919,        0,  -32655081,          0
   492,   172,   57000000,   23940581,        0,  -33059419,          0
   492,   173,   57000000,   25737584,        0,  -31262416,          0
   492,   174,   57000000,   28288426,        0,  -28711574,          0
   492,   175,   57000000,   24369912,        0,  -32630088,          0
   492,   176,   57000000,   23911726,        0,  -33088274,          0
   492,   177,   57000000,   24794059,        0,  -32205941,          0
   492,   178,   57000000,   27901198,        0,  -29098802,          0
   492,   179,   57000000,   27357836,        0,  -29642164,          0
# task NAME=myapp PID=497 COST=11718000 PERIOD=44000000 CPU=0
   497,     2,   44000000,      11251,        0,  -43988749,          0
   497,     3,   44000000,      87815,        0,  -43912185,          0
   497,     4,   44000000,   16290036,        0,  -27709964,          0
   497,     5,   44000000,   19324349,        0,  -24675651,          0
   497,     6,   44000000,   18910100,        0,  -25089900,          0
   497,     7,   44000000,   16812702,        0,  -27187298,          0
   497,     8,   44000000,   18988793,        0,  -25011207,          0
   497,     9,   44000000,   18906699,        0,  -25093301,          0
   497,    10,   44000000,   16827058,        0,  -27172942,          0
   497,    11,   44000000,   18796195,        0,  -25203805,          0
   497,    12,   44000000,   19270163,        0,  -24729837,          0
   497,    13,   44000000,   16803919,        0,  -27196081,          0
   497,    14,   44000000,   16370272,        0,  -27629728,          0
   497,    15,   44000000,   16548567,        0,  -27451433,          0
   497,    16,   44000000,   16367875,        0,  -27632125,          0
   497,    17,   44000000,   19293464,        0,  -24706536,          0
   497,    18,   44000000,   18829122,        0,  -25170878,          0
   497,    19,   44000000,   19378921,        0,  -24621079,          0
   497,    20,   44000000,   16246567,        0,  -27753433,          0
   497,    21,   44000000,   16269990,        0,  -27730010,          0
   497,    22,   44000000,   19099526,        0,  -24900474,          0
   497,    23,   44000000,   19326040,        0,  -24673960,          0
   497,    24,   44000000,   18792354,        0,  -25207646,          0
   497,    25,   44000000,   19400822,        0,  -24599178,          0
   497,    26,   44000000,   16345281,        0,  -27654719,          0
   497,    27,   44000000,   16354986,        0,  -27645014,          0
   497,    28,   44000000,   18577248,        0,  -25422752,          0
   497,    29,   44000000,   19282499,        0,  -24717501,          0
   497,    30,   44000000,   18829740,        0,  -25170260,          0
   497,    31,   44000000,   16268617,        0,  -27731383,          0
   497,    32,   44000000,   18718337,        0,  -25281663,          0
   497,    33,   44000000,   16372214,        0,  -27627786,          0
   497,    34,   44000000,   18697767,        0,  -25302233,          0
   497,    35,   44000000,   18759012,        0,  -25240988,          0
   497,    36,   44000000,   19377116,        0,  -24622884,          0
   497,    37,   44000000,   16628329,        0,  -27371671,          0
   497,    38,   44000000,   18912060,        0,  -25087940,          0
   497,    39,   44000000,   16778484,        0,  -27221516,          0
   497,    40,   44000000,   18828607,        0,  -25171393,          0
   497,    41,   44000000,   18720959,        0,  -25279041,          0
   497,    42,   44000000,   21357347,        0,  -22642653,          0
   497,    43,   44000000,   18862308,        0,  -25137692,          0
   497,    44,   44000000,   16777910,        0,  -27222090,          0
   497,    45,   44000000,   19596616,        0,  -24403384,          0
   497,    46,   44000000,   19300495,        0,  -24699505,          0
   497,    47,   44000000,   16715730,        0,  -27284270,          0
   497,    48,   44000000,   18797254,        0,  -25202746,          0
   497,    49,   44000000,   16725881,        0,  -27274119,          0
   497,    50,   44000000,   16256108,        0,  -27743892,          0
   497,    51,   44000000,   18790219,        0,  -25209781,          0
   497,    52,   44000000,   16315513,        0,  -27684487,          0
   497,    53,   44000000,   16310189,        0,  -27689811,          0
   497,    54,   44000000,   16811870,        0,  -27188130,          0
   497,    55,   44000000,   16829098,        0,  -27170902,          0
   497,    56,   44000000,   18786822,        0,  -25213178,          0
   497,    57,   44000000,   19387055,        0,  -24612945,          0
   497,    58,   44000000,   16817209,        0,  -27182791,          0
   497,    59,   44000000,   19308725,        0,  -24691275,          0
   497,    60,   44000000,   18856116,        0,  -25143884,          0
   497,    61,   44000000,   17869125,        0,  -26130875,          0
   497,    62,   44000000,   19795799,        0,  -24204201,          0
   497,    63,   44000000,   19214954,        0,  -24785046,          0
   497,    64,   44000000,   19290967,        0,  -24709033,          0
   497,    65,   44000000,   19710239,        0,  -24289761,          0
   497,    66,   44000000,   19728544,        0,  -24271456,          0
   497,    67,   44000000,   16247775,        0,  -27752225,          0
   497,    68,   44000000,   18800996,        0,  -25199004,          0
   497,    69,   44000000,   19232449,        0,  -24767551,          0
   497,    70,   44000000,   18801268,        0,  -25198732,          0
   497,    71,   44000000,   19255158,        0,  -24744842,          0
   497,    72,   44000000,   19716861,        0,  -24283139,          0
   497,    73,   44000000,   16230021,        0,  -27769979,          0
   497,    74,   44000000,   16894583,        0,  -27105417,          0
   497,    75,   44000000,   19304670,        0,  -24695330,          0
   497,    76,   44000000,   18980829,        0,  -25019171,          0
   497,    77,   44000000,   19385546,        0,  -24614454,          0
   497,    78,   44000000,   18751007,        0,  -25248993,          0
   497,    79,   44000000,   19362792,        0,  -24637208,          0
   497,    80,   44000000,   17253876,        0,  -26746124,          0
   497,    81,   44000000,   16832839,        0,  -27167161,          0
   497,    82,   44000000,   16617233,        0,  -27382767,          0
   497,    83,   44000000,   18773893,        0,  -25226107,          0
   497,    84,   44000000,   16257633,        0,  -27742367,          0
   497,    85,   44000000,   18772805,        0,  -25227195,          0
   497,    86,   44000000,   16838917,        0,  -27161083,          0
   497,    87,   44000000,   16245919,        0,  -27754081,          0
   497,    88,   44000000,   19844797,        0,  -24155203,          0
   497,    89,   44000000,   19245953,        0,  -24754047,          0
   497,    90,   44000000,   16863746,        0,  -27136254,          0
   497,    91,   44000000,   16709344,        0,  -27290656,          0
   497,    92,   44000000,   16336445,        0,  -27663555,          0
   497,    93,   44000000,   19386220,        0,  -24613780,          0
   497,    94,   44000000,   16863140,        0,  -27136860,          0
   497,    95,   44000000,   16766360,        0,  -27233640,          0
   497,    96,   44000000,   18758539,        0,  -25241461,          0
   497,    97,   44000000,   16292461,        0,  -27707539,          0
   497,    98,   44000000,   18777669,        0,  -25222331,          0
   497,    99,   44000000,   19049007,        0,  -24950993,          0
   497,   100,   44000000,   16798270,        0,  -27201730,          0
   497,   101,   44000000,   18792804,        0,  -25207196,          0
   497,   102,   44000000,   19328024,        0,  -24671976,          0
   497,   103,   44000000,   19160197,        0,  -24839803,          0
   497,   104,   44000000,   18945736,        0,  -25054264,          0
   497,   105,   44000000,   16745449,        0,  -27254551,          0
   497,   106,   44000000,   16415288,        0,  -27584712,          0
   497,   107,   44000000,   19309119,        0,  -24690881,          0
   497,   108,   44000000,   18755138,        0,  -25244862,          0
   497,   109,   44000000,   18839014,        0,  -25160986,          0
   497,   110,   44000000,   19502214,        0,  -24497786,          0
   497,   111,   44000000,   18885921,        0,  -25114079,          0
   497,   112,   44000000,   16704195,        0,  -27295805,          0
   497,   113,   44000000,   18849585,        0,  -25150415,          0
   497,   114,   44000000,   18775455,        0,  -25224545,          0
   497,   115,   44000000,   18838253,        0,  -25161747,          0
   497,   116,   44000000,   19134322,        0,  -24865678,          0
   497,   117,   44000000,   18872634,        0,  -25127366,          0
   497,   118,   44000000,   16342645,        0,  -27657355,          0
   497,   119,   44000000,   18836236,        0,  -25163764,          0
   497,   120,   44000000,   19355981,        0,  -24644019,          0
   497,   121,   44000000,   19251299,        0,  -24748701,          0
   497,   122,   44000000,   19211551,        0,  -24788449,          0
   497,   123,   44000000,   18935982,        0,  -25064018,          0
   497,   124,   44000000,   18797278,        0,  -25202722,          0
   497,   125,   44000000,   18303277,        0,  -25696723,          0
   497,   126,   44000000,   18783183,        0,  -25216817,          0
   497,   127,   44000000,   19282993,        0,  -24717007,          0
   497,   128,   44000000,   18823668,        0,  -25176332,          0
   497,   129,   44000000,   16764593,        0,  -27235407,          0
   497,   130,   44000000,   19278143,        0,  -24721857,          0
   497,   131,   44000000,   16774049,        0,  -27225951,          0
   497,   132,   44000000,   16238404,        0,  -27761596,          0
   497,   133,   44000000,   19096462,        0,  -24903538,          0
   497,   134,   44000000,   19208038,        0,  -24791962,          0
   497,   135,   44000000,   18739237,        0,  -25260763,          0
   497,   136,   44000000,   16790315,        0,  -27209685,          0
   497,   137,   44000000,   16807459,        0,  -27192541,          0
   497,   138,   44000000,   16356499,        0,  -27643501,          0
   497,   139,   44000000,   19371153,        0,  -24628847,          0
   497,   140,   44000000,   18760944,        0,  -25239056,          0
   497,   141,   44000000,   19362385,        0,  -24637615,          0
   497,   142,   44000000,   18689696,        0,  -25310304,          0
   497,   143,   44000000,   19671610,        0,  -24328390,          0
   497,   144,   44000000,   16782197,        0,  -27217803,          0
   497,   145,   44000000,   16808321,        0,  -27191679,          0
   497,   146,   44000000,   16772982,        0,  -27227018,          0
   497,   147,   44000000,   19085536,        0,  -24914464,          0
   497,   148,   44000000,   19333838,        0,  -24666162,          0
   497,   149,   44000000,   18816708,        0,  -25183292,          0
   497,   150,   44000000,   18838092,        0,  -25161908,          0
   497,   151,   44000000,   16271065,        0,  -27728935,          0
   497,   152,   44000000,   19289231,        0,  -24710769,          0
   497,   153,   44000000,   19684800,        0,  -24315200,          0
   497,   154,   44000000,   19326014,        0,  -24673986,          0
   497,   155,   44000000,   16414696,        0,  -27585304,          0
   497,   156,   44000000,   19771442,        0,  -24228558,          0
   497,   157,   44000000,   18797141,        0,  -25202859,          0
   497,   158,   44000000,   18713819,        0,  -25286181,          0
   497,   159,   44000000,   18882365,        0,  -25117635,          0
   497,   160,   44000000,   19249586,        0,  -24750414,          0
   497,   161,   44000000,   18782273,        0,  -25217727,          0
   497,   162,   44000000,   19677043,        0,  -24322957,          0
   497,   163,   44000000,   16743133,        0,  -27256867,          0
   497,   164,   44000000,   16754351,        0,  -27245649,          0
   497,   165,   44000000,   23179367,        0,  -20820633,          0
   497,   166,   44000000,   18764349,        0,  -25235651,          0
   497,   167,   44000000,   19556355,        0,  -24443645,          0
   497,   168,   44000000,   19128001,        0,  -24871999,          0
   497,   169,   44000000,   19823210,        0,  -24176790,          0
   497,   170,   44000000,   18688193,        0,  -25311807,          0
   497,   171,   44000000,   18690322,        0,  -25309678,          0
   497,   172,   44000000,   19819147,        0,  -24180853,          0
   497,   173,   44000000,   19247212,        0,  -24752788,          0
   497,   174,   44000000,   19281435,        0,  -24718565,          0
   497,   175,   44000000,   16780718,        0,  -27219282,          0
   497,   176,   44000000,   16830617,        0,  -27169383,          0
   497,   177,   44000000,   19260195,        0,  -24739805,          0
   497,   178,   44000000,   16741643,        0,  -27258357,          0
   497,   179,   44000000,   16356595,        0,  -27643405,          0
   497,   180,   44000000,   17299521,        0,  -26700479,          0
   497,   181,   44000000,   20036574,        0,  -23963426,          0
   497,   182,   44000000,   19312844,        0,  -24687156,          0
   497,   183,   44000000,   19223738,        0,  -24776262,          0
   497,   184,   44000000,   16590082,        0,  -27409918,          0
   497,   185,   44000000,   18819297,        0,  -25180703,          0
   497,   186,   44000000,   18821984,        0,  -25178016,          0
   497,   187,   44000000,   16322617,        0,  -27677383,          0
   497,   188,   44000000,   18817567,        0,  -25182433,          0
   497,   189,   44000000,   19228099,        0,  -24771901,          0
   497,   190,   44000000,   18783707,        0,  -25216293,          0
   497,   191,   44000000,   16812762,        0,  -27187238,          0
   497,   192,   44000000,   19376861,        0,  -24623139,          0
   497,   193,   44000000,   19761105,        0,  -24238895,          0
   497,   194,   44000000,   19476385,        0,  -24523615,          0
   497,   195,   44000000,   16836548,        0,  -27163452,          0
   497,   196,   44000000,   18775814,        0,  -25224186,          0
   497,   197,   44000000,   18787373,        0,  -25212627,          0
   497,   198,   44000000,   18823749,        0,  -25176251,          0
   497,   199,   44000000,   19193167,        0,  -24806833,          0
   497,   200,   44000000,   18861486,        0,  -25138514,          0
   497,   201,   44000000,   19574570,        0,  -24425430,          0
   497,   202,   44000000,   16341312,        0,  -27658688,          0
   497,   203,   44000000,   18732651,        0,  -25267349,          0
   497,   204,   44000000,   18644910,        0,  -25355090,          0
   497,   205,   44000000,   18830169,        0,  -25169831,          0
   497,   206,   44000000,   16826105,        0,  -27173895,          0
   497,   207,   44000000,   18600731,        0,  -25399269,          0
   497,   208,   44000000,   19217234,        0,  -24782766,          0
   497,   209,   44000000,   16713360,        0,  -27286640,          0
   497,   210,   44000000,   18795034,        0,  -25204966,          0
   497,   211,   44000000,   18924146,        0,  -25075854,          0
   497,   212,   44000000,   19329614,        0,  -24670386,          0
   497,   213,   44000000,   18969469,        0,  -25030531,          0
   497,   214,   44000000,   19297817,        0,  -24702183,          0
   497,   215,   44000000,   19232194,        0,  -24767806,          0
   497,   216,   44000000,   16536915,        0,  -27463085,          0
   497,   217,   44000000,   18756729,        0,  -25243271,          0
   497,   218,   44000000,   19473331,        0,  -24526669,          0
   497,   219,   44000000,   18746798,        0,  -25253202,          0
   497,   220,   44000000,   16773785,        0,  -27226215,          0
   497,   221,   44000000,   19957675,        0,  -24042325,          0
   497,   222,   44000000,   16893394,        0,  -27106606,          0
   497,   223,   44000000,   18725281,        0,  -25274719,          0
   497,   224,   44000000,   17041087,        0,  -26958913,          0
   497,   225,   44000000,   18774042,        0,  -25225958,          0
   497,   226,   44000000,   18914062,        0,  -25085938,          0
   497,   227,   44000000,   15911216,        0,  -28088784,          0
   497,   228,   44000000,   16650402,        0,  -27349598,          0
   497,   229,   44000000,   19274849,        0,  -24725151,          0
   497,   230,   44000000,   16426786,        0,  -27573214,          0
   497,   231,   44000000,   22846503,        0,  -21153497,          0
# task NAME=myapp PID=501 COST=2651000 PERIOD=60000000 CPU=0
   501,     2,   60000000,      11431,        0,  -59988569,          0
   501,     3,   60000000,     106127,        0,  -59893873,          0
   501,     4,   60000000,    4519845,        0,  -55480155,          0
   501,     5,   60000000,    3607199,        0,  -56392801,          0
   501,     6,   60000000,    3118072,        0,  -56881928,          0
   501,     7,   60000000,    3085173,        0,  -56914827,          0
   501,     8,   60000000,    3105210,        0,  -56894790,          0
   501,     9,   60000000,    3117565,        0,  -56882435,          0
   501,    10,   60000000,    3175298,        0,  -56824702,          0
   501,    11,   60000000,    3069852,        0,  -56930148,          0
   501,    12,   60000000,    3138215,        0,  -56861785,          0
   501,    13,   60000000,    3419565,        0,  -56580435,          0
   501,    14,   60000000,    5095283,        0,  -54904717,          0
   501,    15,   60000000,    3448076,        0,  -56551924,          0
   501,    16,   60000000,    3177182,        0,  -56822818,          0
   501,    17,   60000000,    3101950,        0,  -56898050,          0
   501,    18,   60000000,    3159152,        0,  -56840848,          0
   501,    19,   60000000,    3549018,        0,  -56450982,          0
   501,    20,   60000000,    3195120,        0,  -56804880,          0
   501,    21,   60000000,    3089415,        0,  -56910585,          0
   501,    22,   60000000,    3110898,        0,  -56889102,          0
   501,    23,   60000000,    3087154,        0,  -56912846,          0
   501,    24,   60000000,    3149908,        0,  -56850092,          0
   501,    25,   60000000,    3110696,        0,  -56889304,          0
   501,    26,   60000000,    3058832,        0,  -56941168,          0
   501,    27,   60000000,    5536688,        0,  -54463312,          0
   501,    28,   60000000,    3096853,        0,  -56903147,          0
   501,    29,   60000000,    3122047,        0,  -56877953,          0
   501,    30,   60000000,    3053174,        0,  -56946826,          0
   501,    31,   60000000,    3079177,        0,  -56920823,          0
   501,    32,   60000000,    3114543,        0,  -56885457,          0
   501,    33,   60000000,    3045759,        0,  -56954241,          0
   501,    34,   60000000,    3129262,        0,  -56870738,          0
   501,    35,   60000000,    3071543,        0,  -56928457,          0
   501,    36,   60000000,    5147717,        0,  -54852283,          0
   501,    37,   60000000,    3204709,        0,  -56795291,          0
   501,    38,   60000000,    3392998,        0,  -56607002,          0
   501,    39,   60000000,    3111072,        0,  -56888928,          0
   501,    40,   60000000,    3101728,        0,  -56898272,          0
   501,    41,   60000000,    3141111,        0,  -56858889,          0
   501,    42,   60000000,    3851202,        0,  -56148798,          0
   501,    43,   60000000,    3068393,        0,  -56931607,          0
   501,    44,   60000000,    3266749,        0,  -56733251,          0
   501,    45,   60000000,    5555989,        0,  -54444011,          0
   501,    46,   60000000,    3163367,        0,  -56836633,          0
   501,    47,   60000000,    3591051,        0,  -56408949,          0
   501,    48,   60000000,    3119147,        0,  -56880853,          0
   501,    49,   60000000,    3088082,        0,  -56911918,          0
   501,    50,   60000000,    3119032,        0,  -56880968,          0
   501,    51,   60000000,    3092554,        0,  -56907446,          0
   501,    52,   60000000,    4600479,        0,  -55399521,          0
   501,    53,   60000000,    3117838,        0,  -56882162,          0
   501,    54,   60000000,    3546804,        0,  -56453196,          0
   501,    55,   60000000,    3108645,        0,  -56891355,          0
   501,    56,   60000000,    3064575,        0,  -56935425,          0
   501,    57,   60000000,    3137377,        0,  -56862623,          0
   501,    58,   60000000,    3103802,        0,  -56896198,          0
   501,    59,   60000000,    3099938,        0,  -56900062,          0
   501,    60,   60000000,    3085916,        0,  -56914084,          0
   501,    61,   60000000,    3127068,        0,  -56872932,          0
   501,    62,   60000000,    3050170,        0,  -56949830,          0
   501,    63,   60000000,    5578816,        0,  -54421184,          0
   501,    64,   60000000,    3110958,        0,  -56889042,          0
   501,    65,   60000000,    3137295,        0,  -56862705,          0
   501,    66,   60000000,    3125448,        0,  -56874552,          0
   501,    67,   60000000,    3094255,        0,  -56905745,          0
   501,    68,   60000000,    3365399,        0,  -56634601,          0
   501,    69,   60000000,    3094331,        0,  -56905669,          0
   501,    70,   60000000,    3180883,        0,  -56819117,          0
   501,    71,   60000000,    3089478,        0,  -56910522,          0
   501,    72,   60000000,    3232722,        0,  -56767278,          0
   501,    73,   60000000,    3098004,        0,  -56901996,          0
   501,    74,   60000000,    3200216,        0,  -56799784,          0
   501,    75,   60000000,    5063089,        0,  -54936911,          0
   501,    76,   60000000,    3104338,        0,  -56895662,          0
   501,    77,   60000000,    3085986,        0,  -56914014,          0
   501,    78,   60000000,    3133760,        0,  -56866240,          0
   501,    79,   60000000,    3119345,        0,  -56880655,          0
   501,    80,   60000000,    3598423,        0,  -56401577,          0
   501,    81,   60000000,    3386719,        0,  -56613281,          0
   501,    82,   60000000,    3084699,        0,  -56915301,          0
   501,    83,   60000000,    3576189,        0,  -56423811,          0
   501,    84,   60000000,    3136127,        0,  -56863873,          0
   501,    85,   60000000,    3128995,        0,  -56871005,          0
   501,    86,   60000000,    5106796,        0,  -54893204,          0
   501,    87,   60000000,    3139742,        0,  -56860258,          0
   501,    88,   60000000,    3338260,        0,  -56661740,          0
   501,    89,   60000000,    3113844,        0,  -56886156,          0
   501,    90,   60000000,    3604700,        0,  -56395300,          0
   501,    91,   60000000,    3110106,        0,  -56889894,          0
   501,    92,   60000000,    3087457,        0,  -56912543,          0
   501,    93,   60000000,    3113868,        0,  -56886132,          0
   501,    94,   60000000,    3065674,        0,  -56934326,          0
   501,    95,   60000000,    3045295,        0,  -56954705,          0
   501,    96,   60000000,    5115003,        0,  -54884997,          0
   501,    97,   60000000,    3056385,        0,  -56943615,          0
   501,    98,   60000000,    3176612,        0,  -56823388,          0
   501,    99,   60000000,    3835923,        0,  -56164077,          0
   501,   100,   60000000,    3108510,        0,  -56891490,          0
   501,   101,   60000000,    3102143,        0,  -56897857,          0
   501,   102,   60000000,    3479811,        0,  -56520189,          0
   501,   103,   60000000,    3879568,        0,  -56120432,          0
   501,   104,   60000000,    5083637,        0,  -54916363,          0
   501,   105,   60000000,    3105713,        0,  -56894287,          0
   501,   106,   60000000,    3059515,        0,  -56940485,          0
   501,   107,   60000000,    3096024,        0,  -56903976,          0
   501,   108,   60000000,    3881336,        0,  -56118664,          0
   501,   109,   60000000,    3099716,        0,  -56900284,          0
   501,   110,   60000000,    3128151,        0,  -56871849,          0
   501,   111,   60000000,    3126150,        0,  -56873850,          0
   501,   112,   60000000,    3089141,        0,  -56910859,          0
   501,   113,   60000000,    3364944,        0,  -56635056,          0
   501,   114,   60000000,    3126529,        0,  -56873471,          0
   501,   115,   60000000,    3104192,        0,  -56895808,          0
   501,   116,   60000000,    3101108,        0,  -56898892,          0
   501,   117,   60000000,    3612301,        0,  -56387699,          0
   501,   118,   60000000,    3556616,        0,  -56443384,          0
   501,   119,   60000000,    3120539,        0,  -56879461,          0
   501,   120,   60000000,    3089569,        0,  -56910431,          0
   501,   121,   60000000,    3107774,        0,  -56892226,          0
   501,   122,   60000000,    5762257,        0,  -54237743,          0
   501,   123,   60000000,    3134515,        0,  -56865485,          0
   501,   124,   60000000,    3081295,        0,  -56918705,          0
   501,   125,   60000000,    3062015,        0,  -56937985,          0
   501,   126,   60000000,    3082499,        0,  -56917501,          0
   501,   127,   60000000,    3116034,        0,  -56883966,          0
   501,   128,   60000000,    3113804,        0,  -56886196,          0
   501,   129,   60000000,    3290143,        0,  -56709857,          0
   501,   130,   60000000,    3092615,        0,  -56907385,          0
   501,   131,   60000000,    3091263,        0,  -56908737,          0
   501,   132,   60000000,    3101385,        0,  -56898615,          0
   501,   133,   60000000,    3649198,        0,  -56350802,          0
   501,   134,   60000000,    3103315,        0,  -56896685,          0
   501,   135,   60000000,    3076171,        0,  -56923829,          0
   501,   136,   60000000,    3891199,        0,  -56108801,          0
   501,   137,   60000000,    3123151,        0,  -56876849,          0
   501,   138,   60000000,    3374010,        0,  -56625990,          0
   501,   139,   60000000,    3104477,        0,  -56895523,          0
   501,   140,   60000000,    3053325,        0,  -56946675,          0
   501,   141,   60000000,    3093532,        0,  -56906468,          0
   501,   142,   60000000,    3131535,        0,  -56868465,          0
   501,   143,   60000000,    3055867,        0,  -56944133,          0
   501,   144,   60000000,    3791677,        0,  -56208323,          0
   501,   145,   60000000,    3077644,        0,  -56922356,          0
   501,   146,   60000000,    3258035,        0,  -56741965,          0
   501,   147,   60000000,    3101967,        0,  -56898033,          0
   501,   148,   60000000,    3105068,        0,  -56894932,          0
   501,   149,   60000000,    3153434,        0,  -56846566,          0
   501,   150,   60000000,    3806215,        0,  -56193785,          0
   501,   151,   60000000,    3083973,        0,  -56916027,          0
   501,   152,   60000000,    3081274,        0,  -56918726,          0
   501,   153,   60000000,    3114611,        0,  -56885389,          0
   501,   154,   60000000,    3071011,        0,  -56928989,          0
   501,   155,   60000000,    4699009,        0,  -55300991,          0
   501,   156,   60000000,    3169565,        0,  -56830435,          0
   501,   157,   60000000,    3117503,        0,  -56882497,          0
   501,   158,   60000000,    3090137,        0,  -56909863,          0
   501,   159,   60000000,    3120369,        0,  -56879631,          0
   501,   160,   60000000,    3053525,        0,  -56946475,          0
   501,   161,   60000000,    3118843,        0,  -56881157,          0
   501,   162,   60000000,    3787404,        0,  -56212596,          0
   501,   163,   60000000,    3374221,        0,  -56625779,          0
   501,   164,   60000000,    3120255,        0,  -56879745,          0
   501,   165,   60000000,    3105612,        0,  -56894388,          0
   501,   166,   60000000,    3127674,        0,  -56872326,          0
   501,   167,   60000000,    3081498,        0,  -56918502,          0
   501,   168,   60000000,    3736937,        0,  -56263063,          0
   501,   169,   60000000,    3085374,        0,  -56914626,          0
   501,   170,   60000000,    3111340,        0,  -56888660,          0
