# Task,   Job,     Period,   Response, DL Miss?,   Lateness,  Tardiness
# task NAME=myapp PID=3334 COST=21002000 PERIOD=56000000 CPU=0
  3334,     2,   56000000,      34334,        0,  -55965666,          0
  3334,     3,   56000000,      83118,        0,  -55916882,          0
  3334,     4,   56000000,   34365379,        0,  -21634621,          0
  3334,     5,   56000000,   30778213,        0,  -25221787,          0
  3334,     6,   56000000,   34386958,        0,  -21613042,          0
  3334,     7,   56000000,   34388560,        0,  -21611440,          0
  3334,     8,   56000000,   33737579,        0,  -22262421,          0
  3334,     9,   56000000,   31011705,        0,  -24988295,          0
  3334,    10,   56000000,   30721532,        0,  -25278468,          0
  3334,    11,   56000000,   33733583,        0,  -22266417,          0
  3334,    12,   56000000,   33709474,        0,  -22290526,          0
  3334,    13,   56000000,   33655864,        0,  -22344136,          0
  3334,    14,   56000000,   33679103,        0,  -22320897,          0
  3334,    15,   56000000,   31223387,        0,  -24776613,          0
  3334,    16,   56000000,   31519028,        0,  -24480972,          0
  3334,    17,   56000000,   33699052,        0,  -22300948,          0
  3334,    18,   56000000,   31374357,        0,  -24625643,          0
  3334,    19,   56000000,   33702154,        0,  -22297846,          0
  3334,    20,   56000000,   33747090,        0,  -22252910,          0
  3334,    21,   56000000,   31801503,        0,  -24198497,          0
  3334,    22,   56000000,   30131002,        0,  -25868998,          0
  3334,    23,   56000000,   31634086,        0,  -24365914,          0
  3334,    24,   56000000,   31716354,        0,  -24283646,          0
  3334,    25,   56000000,   34170754,        0,  -21829246,          0
  3334,    26,   56000000,   30388059,        0,  -25611941,          0
  3334,    27,   56000000,   34366782,        0,  -21633218,          0
  3334,    28,   56000000,   31167419,        0,  -24832581,          0
  3334,    29,   56000000,   34212292,        0,  -21787708,          0
  3334,    30,   56000000,   32112557,        0,  -23887443,          0
  3334,    31,   56000000,   34740798,        0,  -21259202,          0
  3334,    32,   56000000,   34569357,        0,  -21430643,          0
  3334,    33,   56000000,   31600946,        0,  -24399054,          0
  3334,    34,   56000000,   34728490,        0,  -21271510,          0
  3334,    35,   56000000,   31162371,        0,  -24837629,          0
  3334,    36,   56000000,   33904374,        0,  -22095626,          0
  3334,    37,   56000000,   31189182,        0,  -24810818,          0
  3334,    38,   56000000,   31702838,        0,  -24297162,          0
  3334,    39,   56000000,   31723259,        0,  -24276741,          0
  3334,    40,   56000000,   34093927,        0,  -21906073,          0
  3334,    41,   56000000,   31732097,        0,  -24267903,          0
  3334,    42,   56000000,   33680663,        0,  -22319337,          0
  3334,    43,   56000000,   33786841,        0,  -22213159,          0
  3334,    44,   56000000,   34564939,        0,  -21435061,          0
  3334,    45,   56000000,   34468401,        0,  -21531599,          0
  3334,    46,   56000000,   31185123,        0,  -24814877,          0
  3334,    47,   56000000,   30453672,        0,  -25546328,          0
  3334,    48,   56000000,   30188860,        0,  -25811140,          0
  3334,    49,   56000000,   31633492,        0,  -24366508,          0
  3334,    50,   56000000,   30122436,        0,  -25877564,          0
  3334,    51,   56000000,   34182489,        0,  -21817511,          0
  3334,    52,   56000000,   31548002,        0,  -24451998,          0
  3334,    53,   56000000,   31221985,        0,  -24778015,          0
  3334,    54,   56000000,   31060325,        0,  -24939675,          0
  3334,    55,   56000000,   33581421,        0,  -22418579,          0
  3334,    56,   56000000,   33733689,        0,  -22266311,          0
  3334,    57,   56000000,   34676605,        0,  -21323395,          0
  3334,    58,   56000000,   31513477,        0,  -24486523,          0
  3334,    59,   56000000,   34269285,        0,  -21730715,          0
  3334,    60,   56000000,   34274965,        0,  -21725035,          0
  3334,    61,   56000000,   30693439,        0,  -25306561,          0
  3334,    62,   56000000,   31104444,        0,  -24895556,          0
  3334,    63,   56000000,   30858954,        0,  -25141046,          0
  3334,    64,   56000000,   31707298,        0,  -24292702,          0
  3334,    65,   56000000,   31647556,        0,  -24352444,          0
  3334,    66,   56000000,   34739764,        0,  -21260236,          0
  3334,    67,   56000000,   34154783,        0,  -21845217,          0
  3334,    68,   56000000,   34669984,        0,  -21330016,          0
  3334,    69,   56000000,   31146280,        0,  -24853720,          0
  3334,    70,   56000000,   31220155,        0,  -24779845,          0
  3334,    71,   56000000,   35078979,        0,  -20921021,          0
  3334,    72,   56000000,   30242328,        0,  -25757672,          0
  3334,    73,   56000000,   34156656,        0,  -21843344,          0
  3334,    74,   56000000,   34177232,        0,  -21822768,          0
  3334,    75,   56000000,   33772941,        0,  -22227059,          0
  3334,    76,   56000000,   31658324,        0,  -24341676,          0
  3334,    77,   56000000,   33751194,        0,  -22248806,          0
  3334,    78,   56000000,   31983855,        0,  -24016145,          0
  3334,    79,   56000000,   30697199,        0,  -25302801,          0
  3334,    80,   56000000,   31304496,        0,  -24695504,          0
  3334,    81,   56000000,   30549924,        0,  -25450076,          0
  3334,    82,   56000000,   31105955,        0,  -24894045,          0
  3334,    83,   56000000,   34846017,        0,  -21153983,          0
  3334,    84,   56000000,   33711793,        0,  -22288207,          0
  3334,    85,   56000000,   35149093,        0,  -20850907,          0
  3334,    86,   56000000,   34294663,        0,  -21705337,          0
  3334,    87,   56000000,   34405571,        0,  -21594429,          0
  3334,    88,   56000000,   29658878,        0,  -26341122,          0
  3334,    89,   56000000,   34266277,        0,  -21733723,          0
  3334,    90,   56000000,   31181185,        0,  -24818815,          0
  3334,    91,   56000000,   29871097,        0,  -26128903,          0
  3334,    92,   56000000,   31221212,        0,  -24778788,          0
  3334,    93,   56000000,   34595422,        0,  -21404578,          0
  3334,    94,   56000000,   31285982,        0,  -24714018,          0
  3334,    95,   56000000,   33610070,        0,  -22389930,          0
  3334,    96,   56000000,   33977236,        0,  -22022764,          0
  3334,    97,   56000000,   31509267,        0,  -24490733,          0
  3334,    98,   56000000,   31111289,        0,  -24888711,          0
  3334,    99,   56000000,   30664794,        0,  -25335206,          0
  3334,   100,   56000000,   34650939,        0,  -21349061,          0
  3334,   101,   56000000,   34590639,        0,  -21409361,          0
  3334,   102,   56000000,   33754271,        0,  -22245729,          0
  3334,   103,   56000000,   30357121,        0,  -25642879,          0
  3334,   104,   56000000,   31739018,        0,  -24260982,          0
  3334,   105,   56000000,   34396630,        0,  -21603370,          0
  3334,   106,   56000000,   33739799,        0,  -22260201,          0
  3334,   107,   56000000,   34477658,        0,  -21522342,          0
  3334,   108,   56000000,   31673490,        0,  -24326510,          0
  3334,   109,   56000000,   31234852,        0,  -24765148,          0
  3334,   110,   56000000,   31850115,        0,  -24149885,          0
  3334,   111,   56000000,   33671707,        0,  -22328293,          0
  3334,   112,   56000000,   33760493,        0,  -22239507,          0
  3334,   113,   56000000,   31302287,        0,  -24697713,          0
  3334,   114,   56000000,   30051080,        0,  -25948920,          0
  3334,   115,   56000000,   33655897,        0,  -22344103,          0
  3334,   116,   56000000,   31453592,        0,  -24546408,          0
  3334,   117,   56000000,   30675601,        0,  -25324399,          0
  3334,   118,   56000000,   31299224,        0,  -24700776,          0
  3334,   119,   56000000,   35144387,        0,  -20855613,          0
  3334,   120,   56000000,   33801394,        0,  -22198606,          0
  3334,   121,   56000000,   31629178,        0,  -24370822,          0
  3334,   122,   56000000,   33650240,        0,  -22349760,          0
  3334,   123,   56000000,   31439556,        0,  -24560444,          0
  3334,   124,   56000000,   31743469,        0,  -24256531,          0
  3334,   125,   56000000,   30570230,        0,  -25429770,          0
  3334,   126,   56000000,   34211708,        0,  -21788292,          0
  3334,   127,   56000000,   30251397,        0,  -25748603,          0
  3334,   128,   56000000,   31157056,        0,  -24842944,          0
  3334,   129,   56000000,   31712277,        0,  -24287723,          0
  3334,   130,   56000000,   33837240,        0,  -22162760,          0
  3334,   131,   56000000,   33788043,        0,  -22211957,          0
  3334,   132,   56000000,   31132842,        0,  -24867158,          0
  3334,   133,   56000000,   34039661,        0,  -21960339,          0
  3334,   134,   56000000,   31580882,        0,  -24419118,          0
  3334,   135,   56000000,   31128321,        0,  -24871679,          0
  3334,   136,   56000000,   34626148,        0,  -21373852,          0
  3334,   137,   56000000,   34231943,        0,  -21768057,          0
  3334,   138,   56000000,   33645051,        0,  -22354949,          0
  3334,   139,   56000000,   31848765,        0,  -24151235,          0
  3334,   140,   56000000,   34213119,        0,  -21786881,          0
  3334,   141,   56000000,   33788780,        0,  -22211220,          0
  3334,   142,   56000000,   34328677,        0,  -21671323,          0
  3334,   143,   56000000,   34845733,        0,  -21154267,          0
  3334,   144,   56000000,   27921877,        0,  -28078123,          0
  3334,   145,   56000000,   30738779,        0,  -25261221,          0
  3334,   146,   56000000,   31280603,        0,  -24719397,          0
  3334,   147,   56000000,   34119492,        0,  -21880508,          0
  3334,   148,   56000000,   33789425,        0,  -22210575,          0
  3334,   149,   56000000,   31251497,        0,  -24748503,          0
  3334,   150,   56000000,   34212708,        0,  -21787292,          0
  3334,   151,   56000000,   31140906,        0,  -24859094,          0
  3334,   152,   56000000,   31285554,        0,  -24714446,          0
  3334,   153,   56000000,   31287487,        0,  -24712513,          0
  3334,   154,   56000000,   31310240,        0,  -24689760,          0
  3334,   155,   56000000,   34194792,        0,  -21805208,          0
  3334,   156,   56000000,   32047846,        0,  -23952154,          0
  3334,   157,   56000000,   31717998,        0,  -24282002,          0
  3334,   158,   56000000,   31141365,        0,  -24858635,          0
  3334,   159,   56000000,   30262136,        0,  -25737864,          0
  3334,   160,   56000000,   34294453,        0,  -21705547,          0
  3334,   161,   56000000,   30922021,        0,  -25077979,          0
  3334,   162,   56000000,   31060237,        0,  -24939763,          0
  3334,   163,   56000000,   34627916,        0,  -21372084,          0
  3334,   164,   56000000,   30573561,        0,  -25426439,          0
  3334,   165,   56000000,   30801262,        0,  -25198738,          0
  3334,   166,   56000000,   31527041,        0,  -24472959,          0
  3334,   167,   56000000,   31059124,        0,  -24940876,          0
  3334,   168,   56000000,   37777189,        0,  -18222811,          0
  3334,   169,   56000000,   34693148,        0,  -21306852,          0
  3334,   170,   56000000,   34907663,        0,  -21092337,          0
  3334,   171,   56000000,   29678984,        0,  -26321016,          0
  3334,   172,   56000000,   34624429,        0,  -21375571,          0
  3334,   173,   56000000,   31258243,        0,  -24741757,          0
  3334,   174,   56000000,   33693259,        0,  -22306741,          0
  3334,   175,   56000000,   29817433,        0,  -26182567,          0
  3334,   176,   56000000,   33777281,        0,  -22222719,          0
  3334,   177,   56000000,   34270059,        0,  -21729941,          0
  3334,   178,   56000000,   31325531,        0,  -24674469,          0
  3334,   179,   56000000,   33837835,        0,  -22162165,          0
  3334,   180,   56000000,   31128618,        0,  -24871382,          0
  3334,   181,   56000000,   33742894,        0,  -22257106,          0
  3334,   182,   56000000,   33575394,        0,  -22424606,          0
# task NAME=myapp PID=3337 COST=18381000 PERIOD=77000000 CPU=0
  3337,     2,   77000000,      31650,        0,  -76968350,          0
  3337,     3,   77000000,     101161,        0,  -76898839,          0
  3337,     4,   77000000,   29589098,        0,  -47410902,          0
  3337,     5,   77000000,   32157212,        0,  -44842788,          0
  3337,     6,   77000000,   29777102,        0,  -47222898,          0
  3337,     7,   77000000,   30664055,        0,  -46335945,          0
  3337,     8,   77000000,   28611907,        0,  -48388093,          0
  3337,     9,   77000000,   29158452,        0,  -47841548,          0
  3337,    10,   77000000,   27784685,        0,  -49215315,          0
  3337,    11,   77000000,   27738223,        0,  -49261777,          0
  3337,    12,   77000000,   29129197,        0,  -47870803,          0
  3337,    13,   77000000,   32637613,        0,  -44362387,          0
  3337,    14,   77000000,   28117101,        0,  -48882899,          0
  3337,    15,   77000000,   27180458,        0,  -49819542,          0
  3337,    16,   77000000,   29271617,        0,  -47728383,          0
  3337,    17,   77000000,   31649656,        0,  -45350344,          0
  3337,    18,   77000000,   28215653,        0,  -48784347,          0
  3337,    19,   77000000,   26202333,        0,  -50797667,          0
  3337,    20,   77000000,   25942111,        0,  -51057889,          0
  3337,    21,   77000000,   29112730,        0,  -47887270,          0
  3337,    22,   77000000,   31199356,        0,  -45800644,          0
  3337,    23,   77000000,   26762406,        0,  -50237594,          0
  3337,    24,   77000000,   28724200,        0,  -48275800,          0
  3337,    25,   77000000,   29679095,        0,  -47320905,          0
  3337,    26,   77000000,   30468062,        0,  -46531938,          0
  3337,    27,   77000000,   30419963,        0,  -46580037,          0
  3337,    28,   77000000,   26724593,        0,  -50275407,          0
  3337,    29,   77000000,   29201751,        0,  -47798249,          0
  3337,    30,   77000000,   28261185,        0,  -48738815,          0
  3337,    31,   77000000,   27191219,        0,  -49808781,          0
  3337,    32,   77000000,   28635195,        0,  -48364805,          0
  3337,    33,   77000000,   28788014,        0,  -48211986,          0
  3337,    34,   77000000,   30597440,        0,  -46402560,          0
  3337,    35,   77000000,   27069645,        0,  -49930355,          0
  3337,    36,   77000000,   26222005,        0,  -50777995,          0
  3337,    37,   77000000,   32614677,        0,  -44385323,          0
  3337,    38,   77000000,   28144580,        0,  -48855420,          0
  3337,    39,   77000000,   26657255,        0,  -50342745,          0
  3337,    40,   77000000,   26365921,        0,  -50634079,          0
  3337,    41,   77000000,   28683270,        0,  -48316730,          0
  3337,    42,   77000000,   28884228,        0,  -48115772,          0
  3337,    43,   77000000,   29705502,        0,  -47294498,          0
  3337,    44,   77000000,   29517212,        0,  -47482788,          0
  3337,    45,   77000000,   28416342,        0,  -48583658,          0
  3337,    46,   77000000,   30688120,        0,  -46311880,          0
  3337,    47,   77000000,   27732542,        0,  -49267458,          0
  3337,    48,   77000000,   26378369,        0,  -50621631,          0
  3337,    49,   77000000,   32283693,        0,  -44716307,          0
  3337,    50,   77000000,   28509870,        0,  -48490130,          0
  3337,    51,   77000000,   29605576,        0,  -47394424,          0
  3337,    52,   77000000,   29060112,        0,  -47939888,          0
  3337,    53,   77000000,   29438364,        0,  -47561636,          0
  3337,    54,   77000000,   28516103,        0,  -48483897,          0
  3337,    55,   77000000,   30294348,        0,  -46705652,          0
  3337,    56,   77000000,   25642321,        0,  -51357679,          0
  3337,    57,   77000000,   28916753,        0,  -48083247,          0
  3337,    58,   77000000,   28183753,        0,  -48816247,          0
  3337,    59,   77000000,   30134759,        0,  -46865241,          0
  3337,    60,   77000000,   27044626,        0,  -49955374,          0
  3337,    61,   77000000,   28749710,        0,  -48250290,          0
  3337,    62,   77000000,   28083972,        0,  -48916028,          0
  3337,    63,   77000000,   26170088,        0,  -50829912,          0
  3337,    64,   77000000,   27035263,        0,  -49964737,          0
  3337,    65,   77000000,   32275309,        0,  -44724691,          0
  3337,    66,   77000000,   31834642,        0,  -45165358,          0
  3337,    67,   77000000,   27186642,        0,  -49813358,          0
  3337,    68,   77000000,   28663545,        0,  -48336455,          0
  3337,    69,   77000000,   28214930,        0,  -48785070,          0
  3337,    70,   77000000,   30817559,        0,  -46182441,          0
  3337,    71,   77000000,   26723022,        0,  -50276978,          0
  3337,    72,   77000000,   26747817,        0,  -50252183,          0
  3337,    73,   77000000,   29318594,        0,  -47681406,          0
  3337,    74,   77000000,   28252802,        0,  -48747198,          0
  3337,    75,   77000000,   28017243,        0,  -48982757,          0
  3337,    76,   77000000,   26141069,        0,  -50858931,          0
  3337,    77,   77000000,   28801923,        0,  -48198077,          0
  3337,    78,   77000000,   31141550,        0,  -45858450,          0
  3337,    79,   77000000,   29861332,        0,  -47138668,          0
  3337,    80,   77000000,   30571376,        0,  -46428624,          0
  3337,    81,   77000000,   31679800,        0,  -45320200,          0
  3337,    82,   77000000,   28204916,        0,  -48795084,          0
  3337,    83,   77000000,   27693642,        0,  -49306358,          0
  3337,    84,   77000000,   26153521,        0,  -50846479,          0
  3337,    85,   77000000,   29590270,        0,  -47409730,          0
  3337,    86,   77000000,   30664924,        0,  -46335076,          0
  3337,    87,   77000000,   26785899,        0,  -50214101,          0
  3337,    88,   77000000,   28675350,        0,  -48324650,          0
  3337,    89,   77000000,   31699629,        0,  -45300371,          0
  3337,    90,   77000000,   30649880,        0,  -46350120,          0
  3337,    91,   77000000,   26959963,        0,  -50040037,          0
  3337,    92,   77000000,   26531395,        0,  -50468605,          0
  3337,    93,   77000000,   32143881,        0,  -44856119,          0
  3337,    94,   77000000,   30632967,        0,  -46367033,          0
  3337,    95,   77000000,   30087698,        0,  -46912302,          0
  3337,    96,   77000000,   28692501,        0,  -48307499,          0
  3337,    97,   77000000,   32133885,        0,  -44866115,          0
  3337,    98,   77000000,   29042009,        0,  -47957991,          0
  3337,    99,   77000000,   27534703,        0,  -49465297,          0
  3337,   100,   77000000,   26646546,        0,  -50353454,          0
  3337,   101,   77000000,   28808676,        0,  -48191324,          0
  3337,   102,   77000000,   28680058,        0,  -48319942,          0
  3337,   103,   77000000,   27138197,        0,  -49861803,          0
  3337,   104,   77000000,   26255321,        0,  -50744679,          0
  3337,   105,   77000000,   28680777,        0,  -48319223,          0
  3337,   106,   77000000,   30698731,        0,  -46301269,          0
  3337,   107,   77000000,   27208828,        0,  -49791172,          0
  3337,   108,   77000000,   26621037,        0,  -50378963,          0
  3337,   109,   77000000,   29401172,        0,  -47598828,          0
  3337,   110,   77000000,   31116230,        0,  -45883770,          0
  3337,   111,   77000000,   29746176,        0,  -47253824,          0
  3337,   112,   77000000,   26649525,        0,  -50350475,          0
  3337,   113,   77000000,   28706360,        0,  -48293640,          0
  3337,   114,   77000000,   28241379,        0,  -48758621,          0
  3337,   115,   77000000,   27126744,        0,  -49873256,          0
  3337,   116,   77000000,   28595494,        0,  -48404506,          0
  3337,   117,   77000000,   29271543,        0,  -47728457,          0
  3337,   118,   77000000,   31560719,        0,  -45439281,          0
  3337,   119,   77000000,   26717723,        0,  -50282277,          0
  3337,   120,   77000000,   28626053,        0,  -48373947,          0
  3337,   121,   77000000,   31677088,        0,  -45322912,          0
  3337,   122,   77000000,   30802331,        0,  -46197669,          0
  3337,   123,   77000000,   27985216,        0,  -49014784,          0
  3337,   124,   77000000,   28170802,        0,  -48829198,          0
  3337,   125,   77000000,   34677463,        0,  -42322537,          0
  3337,   126,   77000000,   28756894,        0,  -48243106,          0
  3337,   127,   77000000,   30195110,        0,  -46804890,          0
  3337,   128,   77000000,   26336735,        0,  -50663265,          0
  3337,   129,   77000000,   31851576,        0,  -45148424,          0
  3337,   130,   77000000,   28200247,        0,  -48799753,          0
  3337,   131,   77000000,   28339319,        0,  -48660681,          0
  3337,   132,   77000000,   29057224,        0,  -47942776,          0
  3337,   133,   77000000,   28907340,        0,  -48092660,          0
# task NAME=myapp PID=3342 COST=13596000 PERIOD=73000000 CPU=0
  3342,     2,   73000000,      18709,        0,  -72981291,          0
  3342,     3,   73000000,      97428,        0,  -72902572,          0
  3342,     4,   73000000,   20669671,        0,  -52330329,          0
  3342,     5,   73000000,   21602038,        0,  -51397962,          0
  3342,     6,   73000000,   23291584,        0,  -49708416,          0
  3342,     7,   73000000,   22199172,        0,  -50800828,          0
  3342,     8,   73000000,   21205281,        0,  -51794719,          0
  3342,     9,   73000000,   24578355,        0,  -48421645,          0
  3342,    10,   73000000,   20644057,        0,  -52355943,          0
  3342,    11,   73000000,   20035956,        0,  -52964044,          0
  3342,    12,   73000000,   21126521,        0,  -51873479,          0
  3342,    13,   73000000,   21417593,        0,  -51582407,          0
  3342,    14,   73000000,   23408455,        0,  -49591545,          0
  3342,    15,   73000000,   22126550,        0,  -50873450,          0
  3342,    16,   73000000,   25063566,        0,  -47936434,          0
  3342,    17,   73000000,   23629836,        0,  -49370164,          0
  3342,    18,   73000000,   20219512,        0,  -52780488,          0
  3342,    19,   73000000,   21678991,        0,  -51321009,          0
  3342,    20,   73000000,   22510422,        0,  -50489578,          0
  3342,    21,   73000000,   22061913,        0,  -50938087,          0
  3342,    22,   73000000,   19726284,        0,  -53273716,          0
  3342,    23,   73000000,   19606416,        0,  -53393584,          0
  3342,    24,   73000000,   18531706,        0,  -54468294,          0
  3342,    25,   73000000,   20128685,        0,  -52871315,          0
  3342,    26,   73000000,   23522496,        0,  -49477504,          0
  3342,    27,   73000000,   22095881,        0,  -50904119,          0
  3342,    28,   73000000,   18133816,        0,  -54866184,          0
  3342,    29,   73000000,   21955615,        0,  -51044385,          0
  3342,    30,   73000000,   19624425,        0,  -53375575,          0
  3342,    31,   73000000,   19490417,        0,  -53509583,          0
  3342,    32,   73000000,   18452066,        0,  -54547934,          0
  3342,    33,   73000000,   20506045,        0,  -52493955,          0
  3342,    34,   73000000,   20148030,        0,  -52851970,          0
  3342,    35,   73000000,   22362557,        0,  -50637443,          0
  3342,    36,   73000000,   21038046,        0,  -51961954,          0
  3342,    37,   73000000,   21525868,        0,  -51474132,          0
  3342,    38,   73000000,   20182799,        0,  -52817201,          0
  3342,    39,   73000000,   21587320,        0,  -51412680,          0
  3342,    40,   73000000,   18767161,        0,  -54232839,          0
  3342,    41,   73000000,   20021274,        0,  -52978726,          0
  3342,    42,   73000000,   22912182,        0,  -50087818,          0
  3342,    43,   73000000,   19116734,        0,  -53883266,          0
  3342,    44,   73000000,   18513058,        0,  -54486942,          0
  3342,    45,   73000000,   21359188,        0,  -51640812,          0
  3342,    46,   73000000,   20111148,        0,  -52888852,          0
  3342,    47,   73000000,   19334564,        0,  -53665436,          0
  3342,    48,   73000000,   21066227,        0,  -51933773,          0
  3342,    49,   73000000,   20621085,        0,  -52378915,          0
  3342,    50,   73000000,   20824796,        0,  -52175204,          0
  3342,    51,   73000000,   18991305,        0,  -54008695,          0
  3342,    52,   73000000,   18103339,        0,  -54896661,          0
  3342,    53,   73000000,   21316583,        0,  -51683417,          0
  3342,    54,   73000000,   23398833,        0,  -49601167,          0
  3342,    55,   73000000,   20040803,        0,  -52959197,          0
  3342,    56,   73000000,   20975766,        0,  -52024234,          0
  3342,    57,   73000000,   21442257,        0,  -51557743,          0
  3342,    58,   73000000,   20522914,        0,  -52477086,          0
  3342,    59,   73000000,   18687827,        0,  -54312173,          0
  3342,    60,   73000000,   18532005,        0,  -54467995,          0
  3342,    61,   73000000,   21178039,        0,  -51821961,          0
  3342,    62,   73000000,   19979840,        0,  -53020160,          0
  3342,    63,   73000000,   19803593,        0,  -53196407,          0
  3342,    64,   73000000,   19035482,        0,  -53964518,          0
  3342,    65,   73000000,   21519475,        0,  -51480525,          0
  3342,    66,   73000000,   23102940,        0,  -49897060,          0
  3342,    67,   73000000,   19584404,        0,  -53415596,          0
  3342,    68,   73000000,   18118377,        0,  -54881623,          0
  3342,    69,   73000000,   21245163,        0,  -51754837,          0
  3342,    70,   73000000,   20292213,        0,  -52707787,          0
  3342,    71,   73000000,   18555208,        0,  -54444792,          0
  3342,    72,   73000000,   21073013,        0,  -51926987,          0
  3342,    73,   73000000,   21488358,        0,  -51511642,          0
  3342,    74,   73000000,   19524712,        0,  -53475288,          0
  3342,    75,   73000000,   19502163,        0,  -53497837,          0
  3342,    76,   73000000,   21353722,        0,  -51646278,          0
  3342,    77,   73000000,   20704453,        0,  -52295547,          0
  3342,    78,   73000000,   22846098,        0,  -50153902,          0
  3342,    79,   73000000,   18559947,        0,  -54440053,          0
  3342,    80,   73000000,   18614985,        0,  -54385015,          0
  3342,    81,   73000000,   24530270,        0,  -48469730,          0
  3342,    82,   73000000,   20077656,        0,  -52922344,          0
  3342,    83,   73000000,   21786111,        0,  -51213889,          0
  3342,    84,   73000000,   18632182,        0,  -54367818,          0
  3342,    85,   73000000,   21607192,        0,  -51392808,          0
  3342,    86,   73000000,   20317031,        0,  -52682969,          0
  3342,    87,   73000000,   19102760,        0,  -53897240,          0
  3342,    88,   73000000,   18633579,        0,  -54366421,          0
  3342,    89,   73000000,   21516293,        0,  -51483707,          0
  3342,    90,   73000000,   23273273,        0,  -49726727,          0
  3342,    91,   73000000,   21617015,        0,  -51382985,          0
  3342,    92,   73000000,   21230753,        0,  -51769247,          0
  3342,    93,   73000000,   21141173,        0,  -51858827,          0
  3342,    94,   73000000,   19729254,        0,  -53270746,          0
  3342,    95,   73000000,   19844714,        0,  -53155286,          0
  3342,    96,   73000000,   18660366,        0,  -54339634,          0
  3342,    97,   73000000,   21731181,        0,  -51268819,          0
  3342,    98,   73000000,   20150877,        0,  -52849123,          0
  3342,    99,   73000000,   22446810,        0,  -50553190,          0
  3342,   100,   73000000,   18981700,        0,  -54018300,          0
  3342,   101,   73000000,   20193767,        0,  -52806233,          0
  3342,   102,   73000000,   20558220,        0,  -52441780,          0
  3342,   103,   73000000,   19576204,        0,  -53423796,          0
  3342,   104,   73000000,   18493002,        0,  -54506998,          0
  3342,   105,   73000000,   23625829,        0,  -49374171,          0
  3342,   106,   73000000,   22612834,        0,  -50387166,          0
  3342,   107,   73000000,   22177057,        0,  -50822943,          0
  3342,   108,   73000000,   21095555,        0,  -51904445,          0
  3342,   109,   73000000,   20657741,        0,  -52342259,          0
  3342,   110,   73000000,   20552593,        0,  -52447407,          0
  3342,   111,   73000000,   19170065,        0,  -53829935,          0
  3342,   112,   73000000,   18211288,        0,  -54788712,          0
  3342,   113,   73000000,   21547636,        0,  -51452364,          0
  3342,   114,   73000000,   20978611,        0,  -52021389,          0
  3342,   115,   73000000,   22530814,        0,  -50469186,          0
  3342,   116,   73000000,   18662837,        0,  -54337163,          0
  3342,   117,   73000000,   21161780,        0,  -51838220,          0
  3342,   118,   73000000,   20948928,        0,  -52051072,          0
  3342,   119,   73000000,   19062923,        0,  -53937077,          0
  3342,   120,   73000000,   18605699,        0,  -54394301,          0
  3342,   121,   73000000,   21201487,        0,  -51798513,          0
  3342,   122,   73000000,   20909498,        0,  -52090502,          0
  3342,   123,   73000000,   18609039,        0,  -54390961,          0
  3342,   124,   73000000,   18717394,        0,  -54282606,          0
  3342,   125,   73000000,   21144890,        0,  -51855110,          0
  3342,   126,   73000000,   20796020,        0,  -52203980,          0
  3342,   127,   73000000,   21774405,        0,  -51225595,          0
  3342,   128,   73000000,   20706319,        0,  -52293681,          0
  3342,   129,   73000000,   21618746,        0,  -51381254,          0
  3342,   130,   73000000,   22981740,        0,  -50018260,          0
  3342,   131,   73000000,   18387744,        0,  -54612256,          0
  3342,   132,   73000000,   18498744,        0,  -54501256,          0
  3342,   133,   73000000,   23606803,        0,  -49393197,          0
  3342,   134,   73000000,   23527717,        0,  -49472283,          0
  3342,   135,   73000000,   18960896,        0,  -54039104,          0
  3342,   136,   73000000,   21531574,        0,  -51468426,          0
  3342,   137,   73000000,   20574306,        0,  -52425694,          0
  3342,   138,   73000000,   22827247,        0,  -50172753,          0
  3342,   139,   73000000,   18880947,        0,  -54119053,          0
  3342,   140,   73000000,   20625554,        0,  -52374446,          0
