# Task,   Job,     Period,   Response, DL Miss?,   Lateness,  Tardiness
# task NAME=myapp PID=2706 COST=480000 PERIOD=97000000 CPU=0
  2706,     2,   97000000,       5467,        0,  -96994533,          0
  2706,     3,   97000000,     102470,        0,  -96897530,          0
  2706,     4,   97000000,    1213787,        0,  -95786213,          0
  2706,     5,   97000000,    5554596,        0,  -91445404,          0
  2706,     6,   97000000,   17260743,        0,  -79739257,          0
  2706,     7,   97000000,     520122,        0,  -96479878,          0
  2706,     8,   97000000,     531825,        0,  -96468175,          0
  2706,     9,   97000000,     571486,        0,  -96428514,          0
  2706,    10,   97000000,     529380,        0,  -96470620,          0
  2706,    11,   97000000,     555925,        0,  -96444075,          0
  2706,    12,   97000000,     518581,        0,  -96481419,          0
  2706,    13,   97000000,     521855,        0,  -96478145,          0
  2706,    14,   97000000,     522980,        0,  -96477020,          0
  2706,    15,   97000000,     504088,        0,  -96495912,          0
  2706,    16,   97000000,    1378526,        0,  -95621474,          0
  2706,    17,   97000000,     512182,        0,  -96487818,          0
  2706,    18,   97000000,    4346632,        0,  -92653368,          0
  2706,    19,   97000000,     536927,        0,  -96463073,          0
  2706,    20,   97000000,     533894,        0,  -96466106,          0
  2706,    21,   97000000,     545994,        0,  -96454006,          0
  2706,    22,   97000000,     545998,        0,  -96454002,          0
  2706,    23,   97000000,   18417562,        0,  -78582438,          0
  2706,    24,   97000000,     548072,        0,  -96451928,          0
  2706,    25,   97000000,     519642,        0,  -96480358,          0
  2706,    26,   97000000,     707502,        0,  -96292498,          0
  2706,    27,   97000000,     525098,        0,  -96474902,          0
  2706,    28,   97000000,     525004,        0,  -96474996,          0
  2706,    29,   97000000,     506819,        0,  -96493181,          0
  2706,    30,   97000000,   29578328,        0,  -67421672,          0
  2706,    31,   97000000,     511415,        0,  -96488585,          0
  2706,    32,   97000000,     813949,        0,  -96186051,          0
  2706,    33,   97000000,     503083,        0,  -96496917,          0
  2706,    34,   97000000,     517596,        0,  -96482404,          0
  2706,    35,   97000000,     814749,        0,  -96185251,          0
  2706,    36,   97000000,     522279,        0,  -96477721,          0
  2706,    37,   97000000,     521604,        0,  -96478396,          0
  2706,    38,   97000000,     508327,        0,  -96491673,          0
  2706,    39,   97000000,     530372,        0,  -96469628,          0
  2706,    40,   97000000,     534927,        0,  -96465073,          0
  2706,    41,   97000000,     516273,        0,  -96483727,          0
  2706,    42,   97000000,     539412,        0,  -96460588,          0
  2706,    43,   97000000,     533797,        0,  -96466203,          0
  2706,    44,   97000000,     568869,        0,  -96431131,          0
  2706,    45,   97000000,    5575158,        0,  -91424842,          0
  2706,    46,   97000000,     542992,        0,  -96457008,          0
  2706,    47,   97000000,     509212,        0,  -96490788,          0
  2706,    48,   97000000,     497045,        0,  -96502955,          0
  2706,    49,   97000000,     547181,        0,  -96452819,          0
  2706,    50,   97000000,     517497,        0,  -96482503,          0
  2706,    51,   97000000,     539915,        0,  -96460085,          0
  2706,    52,   97000000,     555334,        0,  -96444666,          0
  2706,    53,   97000000,     525509,        0,  -96474491,          0
  2706,    54,   97000000,     515688,        0,  -96484312,          0
  2706,    55,   97000000,     525829,        0,  -96474171,          0
  2706,    56,   97000000,    1501239,        0,  -95498761,          0
  2706,    57,   97000000,    5598227,        0,  -91401773,          0
  2706,    58,   97000000,     511702,        0,  -96488298,          0
  2706,    59,   97000000,     498729,        0,  -96501271,          0
  2706,    60,   97000000,     543245,        0,  -96456755,          0
  2706,    61,   97000000,     546929,        0,  -96453071,          0
  2706,    62,   97000000,    2033789,        0,  -94966211,          0
  2706,    63,   97000000,     521844,        0,  -96478156,          0
  2706,    64,   97000000,     535707,        0,  -96464293,          0
  2706,    65,   97000000,    1015536,        0,  -95984464,          0
  2706,    66,   97000000,     545568,        0,  -96454432,          0
  2706,    67,   97000000,     570681,        0,  -96429319,          0
  2706,    68,   97000000,     514186,        0,  -96485814,          0
  2706,    69,   97000000,     519157,        0,  -96480843,          0
  2706,    70,   97000000,     511332,        0,  -96488668,          0
  2706,    71,   97000000,     534223,        0,  -96465777,          0
  2706,    72,   97000000,     559303,        0,  -96440697,          0
  2706,    73,   97000000,     611873,        0,  -96388127,          0
  2706,    74,   97000000,     515277,        0,  -96484723,          0
  2706,    75,   97000000,     524510,        0,  -96475490,          0
  2706,    76,   97000000,     530622,        0,  -96469378,          0
  2706,    77,   97000000,     549056,        0,  -96450944,          0
  2706,    78,   97000000,     504330,        0,  -96495670,          0
  2706,    79,   97000000,     524947,        0,  -96475053,          0
  2706,    80,   97000000,     546822,        0,  -96453178,          0
  2706,    81,   97000000,     510397,        0,  -96489603,          0
  2706,    82,   97000000,     528781,        0,  -96471219,          0
  2706,    83,   97000000,     533449,        0,  -96466551,          0
  2706,    84,   97000000,     499507,        0,  -96500493,          0
  2706,    85,   97000000,     541469,        0,  -96458531,          0
  2706,    86,   97000000,    1066159,        0,  -95933841,          0
  2706,    87,   97000000,     531735,        0,  -96468265,          0
  2706,    88,   97000000,     530781,        0,  -96469219,          0
  2706,    89,   97000000,     564902,        0,  -96435098,          0
  2706,    90,   97000000,     504505,        0,  -96495495,          0
  2706,    91,   97000000,     573002,        0,  -96426998,          0
  2706,    92,   97000000,     536622,        0,  -96463378,          0
  2706,    93,   97000000,     812682,        0,  -96187318,          0
  2706,    94,   97000000,    2297007,        0,  -94702993,          0
  2706,    95,   97000000,   24877249,        0,  -72122751,          0
  2706,    96,   97000000,    1494148,        0,  -95505852,          0
  2706,    97,   97000000,     521980,        0,  -96478020,          0
  2706,    98,   97000000,     503715,        0,  -96496285,          0
  2706,    99,   97000000,     535198,        0,  -96464802,          0
  2706,   100,   97000000,     524301,        0,  -96475699,          0
  2706,   101,   97000000,     507130,        0,  -96492870,          0
  2706,   102,   97000000,     545967,        0,  -96454033,          0
  2706,   103,   97000000,     520539,        0,  -96479461,          0
  2706,   104,   97000000,    6177005,        0,  -90822995,          0
  2706,   105,   97000000,     525389,        0,  -96474611,          0
  2706,   106,   97000000,     527124,        0,  -96472876,          0
  2706,   107,   97000000,     519620,        0,  -96480380,          0
# task NAME=myapp PID=2709 COST=6151000 PERIOD=89000000 CPU=0
  2709,     2,   89000000,       5731,        0,  -88994269,          0
  2709,     3,   89000000,     154614,        0,  -88845386,          0
  2709,     4,   89000000,   10084214,        0,  -78915786,          0
  2709,     5,   89000000,    6048473,        0,  -82951527,          0
  2709,     6,   89000000,    6061126,        0,  -82938874,          0
  2709,     7,   89000000,    6036339,        0,  -82963661,          0
  2709,     8,   89000000,    6084262,        0,  -82915738,          0
  2709,     9,   89000000,   19854082,        0,  -69145918,          0
  2709,    10,   89000000,    6067151,        0,  -82932849,          0
  2709,    11,   89000000,    6084635,        0,  -82915365,          0
  2709,    12,   89000000,    6057500,        0,  -82942500,          0
  2709,    13,   89000000,    6069922,        0,  -82930078,          0
  2709,    14,   89000000,    6346265,        0,  -82653735,          0
  2709,    15,   89000000,    6059966,        0,  -82940034,          0
  2709,    16,   89000000,    6090979,        0,  -82909021,          0
  2709,    17,   89000000,    6094135,        0,  -82905865,          0
  2709,    18,   89000000,    6082698,        0,  -82917302,          0
  2709,    19,   89000000,    6076328,        0,  -82923672,          0
  2709,    20,   89000000,    6068017,        0,  -82931983,          0
  2709,    21,   89000000,    6359670,        0,  -82640330,          0
  2709,    22,   89000000,    6094371,        0,  -82905629,          0
  2709,    23,   89000000,    6068575,        0,  -82931425,          0
  2709,    24,   89000000,    6098384,        0,  -82901616,          0
  2709,    25,   89000000,    6570445,        0,  -82429555,          0
  2709,    26,   89000000,    6058174,        0,  -82941826,          0
  2709,    27,   89000000,    6059686,        0,  -82940314,          0
  2709,    28,   89000000,    6341306,        0,  -82658694,          0
  2709,    29,   89000000,    6065642,        0,  -82934358,          0
  2709,    30,   89000000,    6042822,        0,  -82957178,          0
  2709,    31,   89000000,    6037382,        0,  -82962618,          0
  2709,    32,   89000000,    6069660,        0,  -82930340,          0
  2709,    33,   89000000,    6036788,        0,  -82963212,          0
  2709,    34,   89000000,    6074651,        0,  -82925349,          0
  2709,    35,   89000000,    6058648,        0,  -82941352,          0
  2709,    36,   89000000,    6045044,        0,  -82954956,          0
  2709,    37,   89000000,    6037535,        0,  -82962465,          0
  2709,    38,   89000000,    6071811,        0,  -82928189,          0
  2709,    39,   89000000,    6037171,        0,  -82962829,          0
  2709,    40,   89000000,    6091798,        0,  -82908202,          0
  2709,    41,   89000000,    6101937,        0,  -82898063,          0
  2709,    42,   89000000,    6071158,        0,  -82928842,          0
  2709,    43,   89000000,    6068276,        0,  -82931724,          0
  2709,    44,   89000000,   12284443,        0,  -76715557,          0
  2709,    45,   89000000,   26181772,        0,  -62818228,          0
  2709,    46,   89000000,    6055937,        0,  -82944063,          0
  2709,    47,   89000000,    6059819,        0,  -82940181,          0
  2709,    48,   89000000,    6061654,        0,  -82938346,          0
  2709,    49,   89000000,    6173874,        0,  -82826126,          0
  2709,    50,   89000000,    6074632,        0,  -82925368,          0
  2709,    51,   89000000,    6067769,        0,  -82932231,          0
  2709,    52,   89000000,    6069243,        0,  -82930757,          0
  2709,    53,   89000000,    6058512,        0,  -82941488,          0
  2709,    54,   89000000,    6048471,        0,  -82951529,          0
  2709,    55,   89000000,    6058049,        0,  -82941951,          0
  2709,    56,   89000000,    6093662,        0,  -82906338,          0
  2709,    57,   89000000,    6105361,        0,  -82894639,          0
  2709,    58,   89000000,    6063454,        0,  -82936546,          0
  2709,    59,   89000000,    6076075,        0,  -82923925,          0
  2709,    60,   89000000,    6051465,        0,  -82948535,          0
  2709,    61,   89000000,    6096354,        0,  -82903646,          0
  2709,    62,   89000000,    6396893,        0,  -82603107,          0
  2709,    63,   89000000,    6074981,        0,  -82925019,          0
  2709,    64,   89000000,    6043876,        0,  -82956124,          0
  2709,    65,   89000000,    6040452,        0,  -82959548,          0
  2709,    66,   89000000,    6071471,        0,  -82928529,          0
  2709,    67,   89000000,    6043685,        0,  -82956315,          0
  2709,    68,   89000000,    6071170,        0,  -82928830,          0
  2709,    69,   89000000,    6042646,        0,  -82957354,          0
  2709,    70,   89000000,   21758997,        0,  -67241003,          0
  2709,    71,   89000000,    6055184,        0,  -82944816,          0
  2709,    72,   89000000,    6058111,        0,  -82941889,          0
  2709,    73,   89000000,    6335003,        0,  -82664997,          0
  2709,    74,   89000000,    6080333,        0,  -82919667,          0
  2709,    75,   89000000,    6047871,        0,  -82952129,          0
  2709,    76,   89000000,    6051494,        0,  -82948506,          0
  2709,    77,   89000000,    6085476,        0,  -82914524,          0
  2709,    78,   89000000,    6072788,        0,  -82927212,          0
  2709,    79,   89000000,    6048978,        0,  -82951022,          0
  2709,    80,   89000000,    6333118,        0,  -82666882,          0
  2709,    81,   89000000,    6049886,        0,  -82950114,          0
  2709,    82,   89000000,    6049089,        0,  -82950911,          0
  2709,    83,   89000000,   14216018,        0,  -74783982,          0
  2709,    84,   89000000,   35611203,        0,  -53388797,          0
  2709,    85,   89000000,    6056624,        0,  -82943376,          0
  2709,    86,   89000000,    6054504,        0,  -82945496,          0
  2709,    87,   89000000,    6362111,        0,  -82637889,          0
  2709,    88,   89000000,    6076827,        0,  -82923173,          0
  2709,    89,   89000000,    6087238,        0,  -82912762,          0
  2709,    90,   89000000,    6036833,        0,  -82963167,          0
  2709,    91,   89000000,    6058626,        0,  -82941374,          0
  2709,    92,   89000000,    6110877,        0,  -82889123,          0
  2709,    93,   89000000,    6040995,        0,  -82959005,          0
  2709,    94,   89000000,    6132982,        0,  -82867018,          0
  2709,    95,   89000000,    6044714,        0,  -82955286,          0
  2709,    96,   89000000,   17786793,        0,  -71213207,          0
  2709,    97,   89000000,    6066167,        0,  -82933833,          0
  2709,    98,   89000000,    6067583,        0,  -82932417,          0
  2709,    99,   89000000,    6046502,        0,  -82953498,          0
  2709,   100,   89000000,    6064920,        0,  -82935080,          0
  2709,   101,   89000000,    6063395,        0,  -82936605,          0
  2709,   102,   89000000,   23856277,        0,  -65143723,          0
  2709,   103,   89000000,    6047962,        0,  -82952038,          0
  2709,   104,   89000000,    6063540,        0,  -82936460,          0
  2709,   105,   89000000,    6104737,        0,  -82895263,          0
  2709,   106,   89000000,    6048467,        0,  -82951533,          0
  2709,   107,   89000000,    6056412,        0,  -82943588,          0
  2709,   108,   89000000,    6054938,        0,  -82945062,          0
  2709,   109,   89000000,    6051911,        0,  -82948089,          0
  2709,   110,   89000000,    6109756,        0,  -82890244,          0
  2709,   111,   89000000,    6042552,        0,  -82957448,          0
  2709,   112,   89000000,    6068451,        0,  -82931549,          0
  2709,   113,   89000000,    6077706,        0,  -82922294,          0
  2709,   114,   89000000,    6106734,        0,  -82893266,          0
  2709,   115,   89000000,    6074349,        0,  -82925651,          0
  2709,   116,   89000000,    6129092,        0,  -82870908,          0
# task NAME=myapp PID=2713 COST=1741000 PERIOD=37000000 CPU=0
  2713,     2,   37000000,       6082,        0,  -36993918,          0
  2713,     3,   37000000,      75269,        0,  -36924731,          0
  2713,     4,   37000000,    1770019,        0,  -35229981,          0
  2713,     5,   37000000,   19520621,        0,  -17479379,          0
  2713,     6,   37000000,    1876530,        0,  -35123470,          0
  2713,     7,   37000000,    1753836,        0,  -35246164,          0
  2713,     8,   37000000,    1756323,        0,  -35243677,          0
  2713,     9,   37000000,    1769506,        0,  -35230494,          0
  2713,    10,   37000000,    1761383,        0,  -35238617,          0
  2713,    11,   37000000,   13494932,        0,  -23505068,          0
  2713,    12,   37000000,    1727742,        0,  -35272258,          0
  2713,    13,   37000000,    1751194,        0,  -35248806,          0
  2713,    14,   37000000,    1725455,        0,  -35274545,          0
  2713,    15,   37000000,    1753669,        0,  -35246331,          0
  2713,    16,   37000000,    1730352,        0,  -35269648,          0
  2713,    17,   37000000,   30330517,        0,   -6669483,          0
  2713,    18,   37000000,    1761715,        0,  -35238285,          0
  2713,    19,   37000000,    1757153,        0,  -35242847,          0
  2713,    20,   37000000,    1777720,        0,  -35222280,          0
  2713,    21,   37000000,    1748543,        0,  -35251457,          0
  2713,    22,   37000000,    1730713,        0,  -35269287,          0
  2713,    23,   37000000,    1752415,        0,  -35247585,          0
  2713,    24,   37000000,    1732723,        0,  -35267277,          0
  2713,    25,   37000000,    1732529,        0,  -35267471,          0
  2713,    26,   37000000,    1744959,        0,  -35255041,          0
  2713,    27,   37000000,    1740075,        0,  -35259925,          0
  2713,    28,   37000000,    1752624,        0,  -35247376,          0
  2713,    29,   37000000,    1759500,        0,  -35240500,          0
  2713,    30,   37000000,   21019507,        0,  -15980493,          0
  2713,    31,   37000000,    1770656,        0,  -35229344,          0
  2713,    32,   37000000,    1733652,        0,  -35266348,          0
  2713,    33,   37000000,    9539536,        0,  -27460464,          0
  2713,    34,   37000000,    1737671,        0,  -35262329,          0
  2713,    35,   37000000,    1738693,        0,  -35261307,          0
  2713,    36,   37000000,   18580052,        0,  -18419948,          0
  2713,    37,   37000000,    1746226,        0,  -35253774,          0
  2713,    38,   37000000,    1766064,        0,  -35233936,          0
  2713,    39,   37000000,    1784851,        0,  -35215149,          0
  2713,    40,   37000000,    1730576,        0,  -35269424,          0
  2713,    41,   37000000,    1741777,        0,  -35258223,          0
  2713,    42,   37000000,    1746585,        0,  -35253415,          0
  2713,    43,   37000000,    2049049,        0,  -34950951,          0
  2713,    44,   37000000,    1757504,        0,  -35242496,          0
  2713,    45,   37000000,    1752127,        0,  -35247873,          0
  2713,    46,   37000000,    1727619,        0,  -35272381,          0
  2713,    47,   37000000,    1727062,        0,  -35272938,          0
  2713,    48,   37000000,    1745769,        0,  -35254231,          0
  2713,    49,   37000000,    1775226,        0,  -35224774,          0
  2713,    50,   37000000,    1732198,        0,  -35267802,          0
  2713,    51,   37000000,    1728243,        0,  -35271757,          0
  2713,    52,   37000000,    1752583,        0,  -35247417,          0
  2713,    53,   37000000,    1751314,        0,  -35248686,          0
  2713,    54,   37000000,    1747151,        0,  -35252849,          0
  2713,    55,   37000000,    1769043,        0,  -35230957,          0
  2713,    56,   37000000,    1738038,        0,  -35261962,          0
  2713,    57,   37000000,    1773856,        0,  -35226144,          0
  2713,    58,   37000000,    1796077,        0,  -35203923,          0
  2713,    59,   37000000,    1747686,        0,  -35252314,          0
  2713,    60,   37000000,    1738705,        0,  -35261295,          0
  2713,    61,   37000000,    1728878,        0,  -35271122,          0
  2713,    62,   37000000,    1790972,        0,  -35209028,          0
  2713,    63,   37000000,    1722399,        0,  -35277601,          0
  2713,    64,   37000000,    1746367,        0,  -35253633,          0
  2713,    65,   37000000,    1761327,        0,  -35238673,          0
  2713,    66,   37000000,    1829159,        0,  -35170841,          0
  2713,    67,   37000000,    1748310,        0,  -35251690,          0
  2713,    68,   37000000,    1776293,        0,  -35223707,          0
  2713,    69,   37000000,    1744009,        0,  -35255991,          0
  2713,    70,   37000000,    2075092,        0,  -34924908,          0
  2713,    71,   37000000,    1742243,        0,  -35257757,          0
  2713,    72,   37000000,    1749339,        0,  -35250661,          0
  2713,    73,   37000000,    1752340,        0,  -35247660,          0
  2713,    74,   37000000,   22716043,        0,  -14283957,          0
  2713,    75,   37000000,    1733320,        0,  -35266680,          0
  2713,    76,   37000000,    1787449,        0,  -35212551,          0
  2713,    77,   37000000,    1724638,        0,  -35275362,          0
  2713,    78,   37000000,    1738295,        0,  -35261705,          0
  2713,    79,   37000000,    1805862,        0,  -35194138,          0
  2713,    80,   37000000,    1732249,        0,  -35267751,          0
  2713,    81,   37000000,    1740072,        0,  -35259928,          0
  2713,    82,   37000000,    1727874,        0,  -35272126,          0
  2713,    83,   37000000,    1727978,        0,  -35272022,          0
  2713,    84,   37000000,    1745695,        0,  -35254305,          0
  2713,    85,   37000000,    1756930,        0,  -35243070,          0
  2713,    86,   37000000,    1857534,        0,  -35142466,          0
  2713,    87,   37000000,    1805068,        0,  -35194932,          0
  2713,    88,   37000000,    1747143,        0,  -35252857,          0
  2713,    89,   37000000,    1735718,        0,  -35264282,          0
  2713,    90,   37000000,    1761189,        0,  -35238811,          0
  2713,    91,   37000000,    1736138,        0,  -35263862,          0
  2713,    92,   37000000,    1764540,        0,  -35235460,          0
  2713,    93,   37000000,    1797845,        0,  -35202155,          0
  2713,    94,   37000000,    1728904,        0,  -35271096,          0
  2713,    95,   37000000,    1741103,        0,  -35258897,          0
  2713,    96,   37000000,   14132536,        0,  -22867464,          0
  2713,    97,   37000000,    1759407,        0,  -35240593,          0
  2713,    98,   37000000,    1726696,        0,  -35273304,          0
  2713,    99,   37000000,    1741638,        0,  -35258362,          0
  2713,   100,   37000000,    1769855,        0,  -35230145,          0
  2713,   101,   37000000,    1731731,        0,  -35268269,          0
  2713,   102,   37000000,    1723873,        0,  -35276127,          0
  2713,   103,   37000000,    1749628,        0,  -35250372,          0
  2713,   104,   37000000,   20334479,        0,  -16665521,          0
  2713,   105,   37000000,    1741790,        0,  -35258210,          0
  2713,   106,   37000000,    1739050,        0,  -35260950,          0
  2713,   107,   37000000,    1760554,        0,  -35239446,          0
  2713,   108,   37000000,    1755629,        0,  -35244371,          0
  2713,   109,   37000000,    1853558,        0,  -35146442,          0
  2713,   110,   37000000,    1784153,        0,  -35215847,          0
  2713,   111,   37000000,    1732016,        0,  -35267984,          0
  2713,   112,   37000000,    1757857,        0,  -35242143,          0
  2713,   113,   37000000,    1778585,        0,  -35221415,          0
  2713,   114,   37000000,    1756130,        0,  -35243870,          0
  2713,   115,   37000000,    1745417,        0,  -35254583,          0
  2713,   116,   37000000,    1742115,        0,  -35257885,          0
  2713,   117,   37000000,    1730294,        0,  -35269706,          0
  2713,   118,   37000000,    1754301,        0,  -35245699,          0
  2713,   119,   37000000,    1740487,        0,  -35259513,          0
  2713,   120,   37000000,    1747803,        0,  -35252197,          0
  2713,   121,   37000000,    1815683,        0,  -35184317,          0
  2713,   122,   37000000,    1792973,        0,  -35207027,          0
  2713,   123,   37000000,    1732459,        0,  -35267541,          0
  2713,   124,   37000000,    1728486,        0,  -35271514,          0
  2713,   125,   37000000,    1758933,        0,  -35241067,          0
  2713,   126,   37000000,    1766914,        0,  -35233086,          0
  2713,   127,   37000000,    1761510,        0,  -35238490,          0
  2713,   128,   37000000,    1739502,        0,  -35260498,          0
  2713,   129,   37000000,    1744224,        0,  -35255776,          0
  2713,   130,   37000000,    1770619,        0,  -35229381,          0
  2713,   131,   37000000,    1750275,        0,  -35249725,          0
  2713,   132,   37000000,    1737254,        0,  -35262746,          0
  2713,   133,   37000000,    1740631,        0,  -35259369,          0
  2713,   134,   37000000,    1746882,        0,  -35253118,          0
  2713,   135,   37000000,    1742736,        0,  -35257264,          0
  2713,   136,   37000000,    1743669,        0,  -35256331,          0
  2713,   137,   37000000,    1745562,        0,  -35254438,          0
  2713,   138,   37000000,   25029951,        0,  -11970049,          0
  2713,   139,   37000000,    1755398,        0,  -35244602,          0
  2713,   140,   37000000,    1742446,        0,  -35257554,          0
  2713,   141,   37000000,    1753618,        0,  -35246382,          0
  2713,   142,   37000000,    5398476,        0,  -31601524,          0
  2713,   143,   37000000,    1726386,        0,  -35273614,          0
  2713,   144,   37000000,    1729738,        0,  -35270262,          0
  2713,   145,   37000000,    1777889,        0,  -35222111,          0
  2713,   146,   37000000,    1822492,        0,  -35177508,          0
  2713,   147,   37000000,    1736167,        0,  -35263833,          0
  2713,   148,   37000000,    1739214,        0,  -35260786,          0
  2713,   149,   37000000,    1729792,        0,  -35270208,          0
  2713,   150,   37000000,    1743640,        0,  -35256360,          0
  2713,   151,   37000000,   18306674,        0,  -18693326,          0
  2713,   152,   37000000,    1750379,        0,  -35249621,          0
  2713,   153,   37000000,    1748757,        0,  -35251243,          0
  2713,   154,   37000000,    1723040,        0,  -35276960,          0
  2713,   155,   37000000,    1741052,        0,  -35258948,          0
  2713,   156,   37000000,    1753295,        0,  -35246705,          0
  2713,   157,   37000000,    1759286,        0,  -35240714,          0
  2713,   158,   37000000,    1745205,        0,  -35254795,          0
  2713,   159,   37000000,    1748948,        0,  -35251052,          0
  2713,   160,   37000000,    1748313,        0,  -35251687,          0
  2713,   161,   37000000,   14087329,        0,  -22912671,          0
  2713,   162,   37000000,    1754635,        0,  -35245365,          0
  2713,   163,   37000000,    1723834,        0,  -35276166,          0
  2713,   164,   37000000,   23120684,        0,  -13879316,          0
  2713,   165,   37000000,    1769694,        0,  -35230306,          0
  2713,   166,   37000000,    1727215,        0,  -35272785,          0
  2713,   167,   37000000,    1752030,        0,  -35247970,          0
  2713,   168,   37000000,    2068383,        0,  -34931617,          0
  2713,   169,   37000000,    1781845,        0,  -35218155,          0
  2713,   170,   37000000,   11193401,        0,  -25806599,          0
  2713,   171,   37000000,    1749814,        0,  -35250186,          0
  2713,   172,   37000000,    1741504,        0,  -35258496,          0
  2713,   173,   37000000,    1774852,        0,  -35225148,          0
  2713,   174,   37000000,    1745691,        0,  -35254309,          0
  2713,   175,   37000000,    1788479,        0,  -35211521,          0
  2713,   176,   37000000,    1735644,        0,  -35264356,          0
  2713,   177,   37000000,    1729702,        0,  -35270298,          0
  2713,   178,   37000000,    1734711,        0,  -35265289,          0
  2713,   179,   37000000,    1741096,        0,  -35258904,          0
  2713,   180,   37000000,   23859495,        0,  -13140505,          0
  2713,   181,   37000000,    1743392,        0,  -35256608,          0
  2713,   182,   37000000,    1745289,        0,  -35254711,          0
  2713,   183,   37000000,    1787113,        0,  -35212887,          0
  2713,   184,   37000000,    1761180,        0,  -35238820,          0
  2713,   185,   37000000,    1778973,        0,  -35221027,          0
  2713,   186,   37000000,    1724778,        0,  -35275222,          0
  2713,   187,   37000000,    1739971,        0,  -35260029,          0
  2713,   188,   37000000,    1736204,        0,  -35263796,          0
  2713,   189,   37000000,    1750224,        0,  -35249776,          0
  2713,   190,   37000000,    1786968,        0,  -35213032,          0
  2713,   191,   37000000,    1740987,        0,  -35259013,          0
  2713,   192,   37000000,    1758860,        0,  -35241140,          0
  2713,   193,   37000000,    1758016,        0,  -35241984,          0
  2713,   194,   37000000,    1740934,        0,  -35259066,          0
  2713,   195,   37000000,    2039127,        0,  -34960873,          0
  2713,   196,   37000000,    1757557,        0,  -35242443,          0
  2713,   197,   37000000,    1764801,        0,  -35235199,          0
  2713,   198,   37000000,   25289196,        0,  -11710804,          0
  2713,   199,   37000000,    1734447,        0,  -35265553,          0
  2713,   200,   37000000,    1742677,        0,  -35257323,          0
  2713,   201,   37000000,    1729362,        0,  -35270638,          0
  2713,   202,   37000000,    1743490,        0,  -35256510,          0
  2713,   203,   37000000,    1758063,        0,  -35241937,          0
  2713,   204,   37000000,    1731841,        0,  -35268159,          0
  2713,   205,   37000000,    1736166,        0,  -35263834,          0
  2713,   206,   37000000,    1735603,        0,  -35264397,          0
  2713,   207,   37000000,    1809597,        0,  -35190403,          0
  2713,   208,   37000000,    1732240,        0,  -35267760,          0
  2713,   209,   37000000,    1748593,        0,  -35251407,          0
  2713,   210,   37000000,    1779992,        0,  -35220008,          0
  2713,   211,   37000000,    1741142,        0,  -35258858,          0
  2713,   212,   37000000,    1742486,        0,  -35257514,          0
  2713,   213,   37000000,    1739340,        0,  -35260660,          0
  2713,   214,   37000000,    1753136,        0,  -35246864,          0
  2713,   215,   37000000,    1737627,        0,  -35262373,          0
  2713,   216,   37000000,    1760267,        0,  -35239733,          0
  2713,   217,   37000000,    1736443,        0,  -35263557,          0
  2713,   218,   37000000,    1741947,        0,  -35258053,          0
  2713,   219,   37000000,    1777035,        0,  -35222965,          0
  2713,   220,   37000000,    1778037,        0,  -35221963,          0
  2713,   221,   37000000,    1751497,        0,  -35248503,          0
  2713,   222,   37000000,    1737921,        0,  -35262079,          0
  2713,   223,   37000000,    1776453,        0,  -35223547,          0
  2713,   224,   37000000,    1742029,        0,  -35257971,          0
  2713,   225,   37000000,    1751107,        0,  -35248893,          0
  2713,   226,   37000000,    1767571,        0,  -35232429,          0
  2713,   227,   37000000,    2499452,        0,  -34500548,          0
  2713,   228,   37000000,    1722224,        0,  -35277776,          0
  2713,   229,   37000000,    1730995,        0,  -35269005,          0
  2713,   230,   37000000,    1745757,        0,  -35254243,          0
  2713,   231,   37000000,    1758465,        0,  -35241535,          0
  2713,   232,   37000000,   26422430,        0,  -10577570,          0
  2713,   233,   37000000,    1767193,        0,  -35232807,          0
  2713,   234,   37000000,    1746821,        0,  -35253179,          0
  2713,   235,   37000000,    1768553,        0,  -35231447,          0
  2713,   236,   37000000,    1731822,        0,  -35268178,          0
  2713,   237,   37000000,    1742371,        0,  -35257629,          0
  2713,   238,   37000000,    1726556,        0,  -35273444,          0
  2713,   239,   37000000,    1733074,        0,  -35266926,          0
  2713,   240,   37000000,    1740715,        0,  -35259285,          0
  2713,   241,   37000000,   24541137,        0,  -12458863,          0
  2713,   242,   37000000,    1734577,        0,  -35265423,          0
  2713,   243,   37000000,    1747354,        0,  -35252646,          0
  2713,   244,   37000000,    1758081,        0,  -35241919,          0
  2713,   245,   37000000,    1730604,        0,  -35269396,          0
  2713,   246,   37000000,    1738939,        0,  -35261061,          0
  2713,   247,   37000000,    2358214,        0,  -34641786,          0
  2713,   248,   37000000,    2717830,        0,  -34282170,          0
  2713,   249,   37000000,    1730098,        0,  -35269902,          0
  2713,   250,   37000000,    1764741,        0,  -35235259,          0
  2713,   251,   37000000,    1733976,        0,  -35266024,          0
  2713,   252,   37000000,    1729782,        0,  -35270218,          0
  2713,   253,   37000000,    1729756,        0,  -35270244,          0
  2713,   254,   37000000,    1797695,        0,  -35202305,          0
  2713,   255,   37000000,    1733480,        0,  -35266520,          0
  2713,   256,   37000000,    1832003,        0,  -35167997,          0
  2713,   257,   37000000,    1761965,        0,  -35238035,          0
  2713,   258,   37000000,    6819017,        0,  -30180983,          0
  2713,   259,   37000000,    1730946,        0,  -35269054,          0
  2713,   260,   37000000,    1762437,        0,  -35237563,          0
  2713,   261,   37000000,    1803648,        0,  -35196352,          0
  2713,   262,   37000000,    1749044,        0,  -35250956,          0
  2713,   263,   37000000,    1784228,        0,  -35215772,          0
  2713,   264,   37000000,    1779513,        0,  -35220487,          0
  2713,   265,   37000000,    1743071,        0,  -35256929,          0
  2713,   266,   37000000,    1741325,        0,  -35258675,          0
  2713,   267,   37000000,    1741007,        0,  -35258993,          0
  2713,   268,   37000000,    1775656,        0,  -35224344,          0
  2713,   269,   37000000,    1740446,        0,  -35259554,          0
  2713,   270,   37000000,    1782178,        0,  -35217822,          0
  2713,   271,   37000000,    1728356,        0,  -35271644,          0
  2713,   272,   37000000,   11014142,        0,  -25985858,          0
  2713,   273,   37000000,    1735472,        0,  -35264528,          0
  2713,   274,   37000000,    1730087,        0,  -35269913,          0
# task NAME=myapp PID=2717 COST=1537000 PERIOD=59000000 CPU=0
  2717,     2,   59000000,       9166,        0,  -58990834,          0
  2717,     3,   59000000,     127562,        0,  -58872438,          0
  2717,     4,   59000000,    1537213,        0,  -57462787,          0
  2717,     5,   59000000,    1561286,        0,  -57438714,          0
  2717,     6,   59000000,    1553338,        0,  -57446662,          0
  2717,     7,   59000000,    1560892,        0,  -57439108,          0
  2717,     8,   59000000,   14329121,        0,  -44670879,          0
  2717,     9,   59000000,    1826164,        0,  -57173836,          0
  2717,    10,   59000000,    1563028,        0,  -57436972,          0
  2717,    11,   59000000,    1541702,        0,  -57458298,          0
  2717,    12,   59000000,   18305948,        0,  -40694052,          0
  2717,    13,   59000000,    1531295,        0,  -57468705,          0
  2717,    14,   59000000,    1573738,        0,  -57426262,          0
  2717,    15,   59000000,    1560764,        0,  -57439236,          0
  2717,    16,   59000000,    1556365,        0,  -57443635,          0
  2717,    17,   59000000,    1531989,        0,  -57468011,          0
  2717,    18,   59000000,    1540490,        0,  -57459510,          0
  2717,    19,   59000000,    1523481,        0,  -57476519,          0
  2717,    20,   59000000,   17049915,        0,  -41950085,          0
  2717,    21,   59000000,    1546954,        0,  -57453046,          0
  2717,    22,   59000000,    1554287,        0,  -57445713,          0
  2717,    23,   59000000,    1565264,        0,  -57434736,          0
  2717,    24,   59000000,    1527875,        0,  -57472125,          0
  2717,    25,   59000000,    1545151,        0,  -57454849,          0
  2717,    26,   59000000,    1602815,        0,  -57397185,          0
  2717,    27,   59000000,    1525570,        0,  -57474430,          0
  2717,    28,   59000000,    1535972,        0,  -57464028,          0
  2717,    29,   59000000,    1573678,        0,  -57426322,          0
  2717,    30,   59000000,    1581542,        0,  -57418458,          0
  2717,    31,   59000000,    1570542,        0,  -57429458,          0
  2717,    32,   59000000,    1526885,        0,  -57473115,          0
  2717,    33,   59000000,    1584172,        0,  -57415828,          0
  2717,    34,   59000000,    1546363,        0,  -57453637,          0
  2717,    35,   59000000,    1553104,        0,  -57446896,          0
  2717,    36,   59000000,   12438824,        0,  -46561176,          0
  2717,    37,   59000000,    1524540,        0,  -57475460,          0
  2717,    38,   59000000,    1537241,        0,  -57462759,          0
  2717,    39,   59000000,    1530208,        0,  -57469792,          0
  2717,    40,   59000000,    1623816,        0,  -57376184,          0
  2717,    41,   59000000,    1553096,        0,  -57446904,          0
  2717,    42,   59000000,    1572756,        0,  -57427244,          0
  2717,    43,   59000000,    1576315,        0,  -57423685,          0
  2717,    44,   59000000,    1583120,        0,  -57416880,          0
  2717,    45,   59000000,    1536735,        0,  -57463265,          0
  2717,    46,   59000000,    1556819,        0,  -57443181,          0
  2717,    47,   59000000,    1567100,        0,  -57432900,          0
  2717,    48,   59000000,    1532509,        0,  -57467491,          0
  2717,    49,   59000000,    1536345,        0,  -57463655,          0
  2717,    50,   59000000,    1560541,        0,  -57439459,          0
  2717,    51,   59000000,    1546302,        0,  -57453698,          0
  2717,    52,   59000000,    1556918,        0,  -57443082,          0
  2717,    53,   59000000,    1552398,        0,  -57447602,          0
  2717,    54,   59000000,    1553590,        0,  -57446410,          0
  2717,    55,   59000000,    1524754,        0,  -57475246,          0
  2717,    56,   59000000,    1531732,        0,  -57468268,          0
  2717,    57,   59000000,    1527026,        0,  -57472974,          0
  2717,    58,   59000000,    1551765,        0,  -57448235,          0
  2717,    59,   59000000,    1563298,        0,  -57436702,          0
  2717,    60,   59000000,    1559161,        0,  -57440839,          0
  2717,    61,   59000000,    1529156,        0,  -57470844,          0
  2717,    62,   59000000,    1538369,        0,  -57461631,          0
  2717,    63,   59000000,    1540765,        0,  -57459235,          0
  2717,    64,   59000000,    1536680,        0,  -57463320,          0
  2717,    65,   59000000,    1529305,        0,  -57470695,          0
  2717,    66,   59000000,    1530252,        0,  -57469748,          0
  2717,    67,   59000000,    1529812,        0,  -57470188,          0
  2717,    68,   59000000,    1556390,        0,  -57443610,          0
  2717,    69,   59000000,    1540692,        0,  -57459308,          0
  2717,    70,   59000000,    1594090,        0,  -57405910,          0
  2717,    71,   59000000,    1557998,        0,  -57442002,          0
  2717,    72,   59000000,    2408164,        0,  -56591836,          0
  2717,    73,   59000000,    1552854,        0,  -57447146,          0
  2717,    74,   59000000,    1534252,        0,  -57465748,          0
  2717,    75,   59000000,    1556698,        0,  -57443302,          0
  2717,    76,   59000000,    1530956,        0,  -57469044,          0
  2717,    77,   59000000,    1557861,        0,  -57442139,          0
  2717,    78,   59000000,    1554550,        0,  -57445450,          0
  2717,    79,   59000000,    1566685,        0,  -57433315,          0
  2717,    80,   59000000,    1569623,        0,  -57430377,          0
  2717,    81,   59000000,    1533528,        0,  -57466472,          0
  2717,    82,   59000000,    1581294,        0,  -57418706,          0
  2717,    83,   59000000,    1555540,        0,  -57444460,          0
  2717,    84,   59000000,    1535942,        0,  -57464058,          0
  2717,    85,   59000000,    1561291,        0,  -57438709,          0
  2717,    86,   59000000,    1542880,        0,  -57457120,          0
  2717,    87,   59000000,    1528074,        0,  -57471926,          0
  2717,    88,   59000000,    4878113,        0,  -54121887,          0
  2717,    89,   59000000,    1529094,        0,  -57470906,          0
  2717,    90,   59000000,    1599604,        0,  -57400396,          0
  2717,    91,   59000000,    1549387,        0,  -57450613,          0
  2717,    92,   59000000,    1573585,        0,  -57426415,          0
  2717,    93,   59000000,    1585849,        0,  -57414151,          0
  2717,    94,   59000000,    1564537,        0,  -57435463,          0
  2717,    95,   59000000,    1521417,        0,  -57478583,          0
  2717,    96,   59000000,   12852065,        0,  -46147935,          0
  2717,    97,   59000000,    1545474,        0,  -57454526,          0
  2717,    98,   59000000,    1834391,        0,  -57165609,          0
  2717,    99,   59000000,    1551472,        0,  -57448528,          0
  2717,   100,   59000000,    1534384,        0,  -57465616,          0
  2717,   101,   59000000,    1527144,        0,  -57472856,          0
  2717,   102,   59000000,   18944106,        0,  -40055894,          0
  2717,   103,   59000000,    1533021,        0,  -57466979,          0
  2717,   104,   59000000,   20961455,        0,  -38038545,          0
  2717,   105,   59000000,    1552828,        0,  -57447172,          0
  2717,   106,   59000000,    1559376,        0,  -57440624,          0
  2717,   107,   59000000,    1565435,        0,  -57434565,          0
  2717,   108,   59000000,    1571017,        0,  -57428983,          0
  2717,   109,   59000000,    1561196,        0,  -57438804,          0
  2717,   110,   59000000,    1545690,        0,  -57454310,          0
  2717,   111,   59000000,    1534121,        0,  -57465879,          0
  2717,   112,   59000000,    1553340,        0,  -57446660,          0
  2717,   113,   59000000,    1545189,        0,  -57454811,          0
  2717,   114,   59000000,   24712725,        0,  -34287275,          0
  2717,   115,   59000000,    1533575,        0,  -57466425,          0
  2717,   116,   59000000,    1537856,        0,  -57462144,          0
  2717,   117,   59000000,    1573779,        0,  -57426221,          0
  2717,   118,   59000000,    1539969,        0,  -57460031,          0
  2717,   119,   59000000,    1539390,        0,  -57460610,          0
  2717,   120,   59000000,    1532050,        0,  -57467950,          0
  2717,   121,   59000000,    1547397,        0,  -57452603,          0
  2717,   122,   59000000,    1621795,        0,  -57378205,          0
  2717,   123,   59000000,    1527732,        0,  -57472268,          0
  2717,   124,   59000000,    1554295,        0,  -57445705,          0
  2717,   125,   59000000,    1539372,        0,  -57460628,          0
  2717,   126,   59000000,    1536149,        0,  -57463851,          0
  2717,   127,   59000000,    1529697,        0,  -57470303,          0
  2717,   128,   59000000,    1526598,        0,  -57473402,          0
  2717,   129,   59000000,    1554934,        0,  -57445066,          0
  2717,   130,   59000000,    1527752,        0,  -57472248,          0
  2717,   131,   59000000,    1524443,        0,  -57475557,          0
  2717,   132,   59000000,    1652691,        0,  -57347309,          0
  2717,   133,   59000000,    1549883,        0,  -57450117,          0
  2717,   134,   59000000,    1807020,        0,  -57192980,          0
  2717,   135,   59000000,    1564810,        0,  -57435190,          0
  2717,   136,   59000000,    1528699,        0,  -57471301,          0
  2717,   137,   59000000,    1562501,        0,  -57437499,          0
  2717,   138,   59000000,    1544458,        0,  -57455542,          0
  2717,   139,   59000000,    1538768,        0,  -57461232,          0
  2717,   140,   59000000,    1585173,        0,  -57414827,          0
  2717,   141,   59000000,    1542065,        0,  -57457935,          0
  2717,   142,   59000000,    1525721,        0,  -57474279,          0
  2717,   143,   59000000,   30272378,        0,  -28727622,          0
  2717,   144,   59000000,    1535167,        0,  -57464833,          0
  2717,   145,   59000000,    1530822,        0,  -57469178,          0
  2717,   146,   59000000,    1538647,        0,  -57461353,          0
  2717,   147,   59000000,    4288181,        0,  -54711819,          0
  2717,   148,   59000000,    1530680,        0,  -57469320,          0
  2717,   149,   59000000,    1537763,        0,  -57462237,          0
  2717,   150,   59000000,    1550134,        0,  -57449866,          0
  2717,   151,   59000000,    1548424,        0,  -57451576,          0
  2717,   152,   59000000,    1561917,        0,  -57438083,          0
  2717,   153,   59000000,    1560637,        0,  -57439363,          0
  2717,   154,   59000000,    1541236,        0,  -57458764,          0
  2717,   155,   59000000,    1556643,        0,  -57443357,          0
  2717,   156,   59000000,    1573781,        0,  -57426219,          0
  2717,   157,   59000000,    1563834,        0,  -57436166,          0
  2717,   158,   59000000,    1542990,        0,  -57457010,          0
  2717,   159,   59000000,    1524914,        0,  -57475086,          0
  2717,   160,   59000000,    1546512,        0,  -57453488,          0
  2717,   161,   59000000,    1559377,        0,  -57440623,          0
  2717,   162,   59000000,    1584534,        0,  -57415466,          0
  2717,   163,   59000000,    3428273,        0,  -55571727,          0
  2717,   164,   59000000,    1543742,        0,  -57456258,          0
  2717,   165,   59000000,    1585721,        0,  -57414279,          0
  2717,   166,   59000000,    1558052,        0,  -57441948,          0
  2717,   167,   59000000,    1592360,        0,  -57407640,          0
  2717,   168,   59000000,    1542110,        0,  -57457890,          0
  2717,   169,   59000000,    3637744,        0,  -55362256,          0
  2717,   170,   59000000,    1538787,        0,  -57461213,          0
  2717,   171,   59000000,    1553667,        0,  -57446333,          0
  2717,   172,   59000000,    1557201,        0,  -57442799,          0
  2717,   173,   59000000,    5568690,        0,  -53431310,          0
# task NAME=myapp PID=2721 COST=5124000 PERIOD=97000000 CPU=0
  2721,     2,   97000000,      15172,        0,  -96984828,          0
  2721,     3,   97000000,     175105,        0,  -96824895,          0
  2721,     4,   97000000,    5863425,        0,  -91136575,          0
  2721,     5,   97000000,    5046320,        0,  -91953680,          0
  2721,     6,   97000000,   21814647,        0,  -75185353,          0
  2721,     7,   97000000,    5070558,        0,  -91929442,          0
  2721,     8,   97000000,    5074510,        0,  -91925490,          0
  2721,     9,   97000000,    5113435,        0,  -91886565,          0
  2721,    10,   97000000,    5064695,        0,  -91935305,          0
  2721,    11,   97000000,    5093703,        0,  -91906297,          0
  2721,    12,   97000000,    5048900,        0,  -91951100,          0
  2721,    13,   97000000,    5073543,        0,  -91926457,          0
  2721,    14,   97000000,    5069247,        0,  -91930753,          0
  2721,    15,   97000000,    5040995,        0,  -91959005,          0
  2721,    16,   97000000,    5039024,        0,  -91960976,          0
  2721,    17,   97000000,    5043760,        0,  -91956240,          0
  2721,    18,   97000000,    5080063,        0,  -91919937,          0
  2721,    19,   97000000,    5059955,        0,  -91940045,          0
  2721,    20,   97000000,    5077040,        0,  -91922960,          0
  2721,    21,   97000000,    5065223,        0,  -91934777,          0
  2721,    22,   97000000,    5073511,        0,  -91926489,          0
  2721,    23,   97000000,   22891562,        0,  -74108438,          0
  2721,    24,   97000000,    5038612,        0,  -91961388,          0
  2721,    25,   97000000,    5058726,        0,  -91941274,          0
  2721,    26,   97000000,    5040796,        0,  -91959204,          0
  2721,    27,   97000000,    5047723,        0,  -91952277,          0
  2721,    28,   97000000,    5060782,        0,  -91939218,          0
  2721,    29,   97000000,    5063221,        0,  -91936779,          0
  2721,    30,   97000000,   34054625,        0,  -62945375,          0
  2721,    31,   97000000,    5043847,        0,  -91956153,          0
  2721,    32,   97000000,    5107439,        0,  -91892561,          0
  2721,    33,   97000000,    5048754,        0,  -91951246,          0
  2721,    34,   97000000,    5073549,        0,  -91926451,          0
  2721,    35,   97000000,    5323694,        0,  -91676306,          0
  2721,    36,   97000000,    5062751,        0,  -91937249,          0
  2721,    37,   97000000,    5034442,        0,  -91965558,          0
  2721,    38,   97000000,    5056603,        0,  -91943397,          0
  2721,    39,   97000000,    5078261,        0,  -91921739,          0
  2721,    40,   97000000,    5094797,        0,  -91905203,          0
  2721,    41,   97000000,    5050640,        0,  -91949360,          0
  2721,    42,   97000000,    5066011,        0,  -91933989,          0
  2721,    43,   97000000,    5074083,        0,  -91925917,          0
  2721,    44,   97000000,    5371503,        0,  -91628497,          0
  2721,    45,   97000000,    5038565,        0,  -91961435,          0
  2721,    46,   97000000,    5658451,        0,  -91341549,          0
  2721,    47,   97000000,    5041853,        0,  -91958147,          0
  2721,    48,   97000000,    5460563,        0,  -91539437,          0
  2721,    49,   97000000,    5045058,        0,  -91954942,          0
  2721,    50,   97000000,    5073139,        0,  -91926861,          0
  2721,    51,   97000000,    5048825,        0,  -91951175,          0
  2721,    52,   97000000,    5079493,        0,  -91920507,          0
  2721,    53,   97000000,    5078286,        0,  -91921714,          0
  2721,    54,   97000000,    5040430,        0,  -91959570,          0
  2721,    55,   97000000,    5055583,        0,  -91944417,          0
  2721,    56,   97000000,    5630199,        0,  -91369801,          0
  2721,    57,   97000000,    5087964,        0,  -91912036,          0
  2721,    58,   97000000,    5137023,        0,  -91862977,          0
  2721,    59,   97000000,    5072352,        0,  -91927648,          0
  2721,    60,   97000000,    5039195,        0,  -91960805,          0
  2721,    61,   97000000,    5066086,        0,  -91933914,          0
  2721,    62,   97000000,    7110247,        0,  -89889753,          0
  2721,    63,   97000000,    5071714,        0,  -91928286,          0
  2721,    64,   97000000,    5077372,        0,  -91922628,          0
  2721,    65,   97000000,    5069291,        0,  -91930709,          0
  2721,    66,   97000000,    5097672,        0,  -91902328,          0
  2721,    67,   97000000,    5112253,        0,  -91887747,          0
  2721,    68,   97000000,    5066875,        0,  -91933125,          0
  2721,    69,   97000000,    5057014,        0,  -91942986,          0
  2721,    70,   97000000,    5109411,        0,  -91890589,          0
  2721,    71,   97000000,    5065407,        0,  -91934593,          0
  2721,    72,   97000000,    5068310,        0,  -91931690,          0
  2721,    73,   97000000,    5098988,        0,  -91901012,          0
  2721,    74,   97000000,    5061451,        0,  -91938549,          0
  2721,    75,   97000000,    5063853,        0,  -91936147,          0
  2721,    76,   97000000,    5063953,        0,  -91936047,          0
  2721,    77,   97000000,    5084895,        0,  -91915105,          0
  2721,    78,   97000000,    5039533,        0,  -91960467,          0
  2721,    79,   97000000,    5066063,        0,  -91933937,          0
  2721,    80,   97000000,    5065668,        0,  -91934332,          0
  2721,    81,   97000000,    5061238,        0,  -91938762,          0
  2721,    82,   97000000,    5052900,        0,  -91947100,          0
  2721,    83,   97000000,    5041133,        0,  -91958867,          0
  2721,    84,   97000000,    5033717,        0,  -91966283,          0
  2721,    85,   97000000,    5072673,        0,  -91927327,          0
  2721,    86,   97000000,    5055129,        0,  -91944871,          0
  2721,    87,   97000000,    5039561,        0,  -91960439,          0
  2721,    88,   97000000,    5065078,        0,  -91934922,          0
  2721,    89,   97000000,    5079031,        0,  -91920969,          0
  2721,    90,   97000000,    5039500,        0,  -91960500,          0
  2721,    91,   97000000,    5092711,        0,  -91907289,          0
  2721,    92,   97000000,    5054256,        0,  -91945744,          0
  2721,    93,   97000000,    5345461,        0,  -91654539,          0
  2721,    94,   97000000,    6897397,        0,  -90102603,          0
  2721,    95,   97000000,   29271619,        0,  -67728381,          0
  2721,    96,   97000000,    5637392,        0,  -91362608,          0
  2721,    97,   97000000,    5057665,        0,  -91942335,          0
  2721,    98,   97000000,    5039596,        0,  -91960404,          0
  2721,    99,   97000000,    5071232,        0,  -91928768,          0
  2721,   100,   97000000,    5052578,        0,  -91947422,          0
  2721,   101,   97000000,    5043851,        0,  -91956149,          0
  2721,   102,   97000000,    5364697,        0,  -91635303,          0
  2721,   103,   97000000,    5055788,        0,  -91944212,          0
  2721,   104,   97000000,    5669781,        0,  -91330219,          0
  2721,   105,   97000000,    5078676,        0,  -91921324,          0
  2721,   106,   97000000,    5066890,        0,  -91933110,          0
  2721,   107,   97000000,    5078239,        0,  -91921761,          0
