# Task,   Job,     Period,   Response, DL Miss?,   Lateness,  Tardiness
# task NAME=myapp PID=32512 COST=9842000 PERIOD=81000000 CPU=0
 32512,     2,   81000000,      14242,        0,  -80985758,          0
 32512,     3,   81000000,     132674,        0,  -80867326,          0
 32512,     4,   81000000,    9811229,        0,  -71188771,          0
 32512,     5,   81000000,    9821319,        0,  -71178681,          0
 32512,     6,   81000000,    9815074,        0,  -71184926,          0
 32512,     7,   81000000,   13728577,        0,  -67271423,          0
 32512,     8,   81000000,    9852219,        0,  -71147781,          0
 32512,     9,   81000000,   10154059,        0,  -70845941,          0
 32512,    10,   81000000,    9824040,        0,  -71175960,          0
 32512,    11,   81000000,    9809442,        0,  -71190558,          0
 32512,    12,   81000000,   11675705,        0,  -69324295,          0
 32512,    13,   81000000,    9835200,        0,  -71164800,          0
 32512,    14,   81000000,    9808144,        0,  -71191856,          0
 32512,    15,   81000000,    9843447,        0,  -71156553,          0
 32512,    16,   81000000,    9820792,        0,  -71179208,          0
 32512,    17,   81000000,    9836307,        0,  -71163693,          0
 32512,    18,   81000000,   10063816,        0,  -70936184,          0
 32512,    19,   81000000,    9834158,        0,  -71165842,          0
 32512,    20,   81000000,    9822258,        0,  -71177742,          0
 32512,    21,   81000000,    9798569,        0,  -71201431,          0
 32512,    22,   81000000,    9837478,        0,  -71162522,          0
 32512,    23,   81000000,    9914967,        0,  -71085033,          0
 32512,    24,   81000000,    9839960,        0,  -71160040,          0
 32512,    25,   81000000,    9816992,        0,  -71183008,          0
 32512,    26,   81000000,    9879698,        0,  -71120302,          0
 32512,    27,   81000000,    9866706,        0,  -71133294,          0
 32512,    28,   81000000,    9859564,        0,  -71140436,          0
 32512,    29,   81000000,   10162786,        0,  -70837214,          0
 32512,    30,   81000000,    9897491,        0,  -71102509,          0
 32512,    31,   81000000,    9799451,        0,  -71200549,          0
 32512,    32,   81000000,    9897501,        0,  -71102499,          0
 32512,    33,   81000000,    9839158,        0,  -71160842,          0
 32512,    34,   81000000,    9892100,        0,  -71107900,          0
 32512,    35,   81000000,    9825436,        0,  -71174564,          0
 32512,    36,   81000000,    9826239,        0,  -71173761,          0
 32512,    37,   81000000,    9825725,        0,  -71174275,          0
 32512,    38,   81000000,   13690765,        0,  -67309235,          0
 32512,    39,   81000000,    9796506,        0,  -71203494,          0
 32512,    40,   81000000,    9798675,        0,  -71201325,          0
 32512,    41,   81000000,    9812145,        0,  -71187855,          0
 32512,    42,   81000000,    9782393,        0,  -71217607,          0
 32512,    43,   81000000,    9857153,        0,  -71142847,          0
 32512,    44,   81000000,    9797532,        0,  -71202468,          0
 32512,    45,   81000000,    9815284,        0,  -71184716,          0
 32512,    46,   81000000,   10116403,        0,  -70883597,          0
 32512,    47,   81000000,    9814944,        0,  -71185056,          0
 32512,    48,   81000000,    9858744,        0,  -71141256,          0
 32512,    49,   81000000,    9819740,        0,  -71180260,          0
 32512,    50,   81000000,    9824527,        0,  -71175473,          0
 32512,    51,   81000000,    9843254,        0,  -71156746,          0
 32512,    52,   81000000,    9805451,        0,  -71194549,          0
 32512,    53,   81000000,    9784526,        0,  -71215474,          0
 32512,    54,   81000000,    9793076,        0,  -71206924,          0
 32512,    55,   81000000,    9896015,        0,  -71103985,          0
 32512,    56,   81000000,    9923156,        0,  -71076844,          0
 32512,    57,   81000000,    9794907,        0,  -71205093,          0
 32512,    58,   81000000,   11734740,        0,  -69265260,          0
 32512,    59,   81000000,    9835198,        0,  -71164802,          0
 32512,    60,   81000000,    9829386,        0,  -71170614,          0
 32512,    61,   81000000,    9879928,        0,  -71120072,          0
 32512,    62,   81000000,    9823290,        0,  -71176710,          0
 32512,    63,   81000000,   10111247,        0,  -70888753,          0
 32512,    64,   81000000,   12390584,        0,  -68609416,          0
 32512,    65,   81000000,    9855875,        0,  -71144125,          0
 32512,    66,   81000000,   10176170,        0,  -70823830,          0
 32512,    67,   81000000,    9875295,        0,  -71124705,          0
 32512,    68,   81000000,    9816289,        0,  -71183711,          0
 32512,    69,   81000000,    9828931,        0,  -71171069,          0
 32512,    70,   81000000,   13801306,        0,  -67198694,          0
 32512,    71,   81000000,    9815788,        0,  -71184212,          0
 32512,    72,   81000000,    9812875,        0,  -71187125,          0
 32512,    73,   81000000,    9950045,        0,  -71049955,          0
 32512,    74,   81000000,    9837422,        0,  -71162578,          0
 32512,    75,   81000000,    9839486,        0,  -71160514,          0
 32512,    76,   81000000,    9866012,        0,  -71133988,          0
 32512,    77,   81000000,    9794386,        0,  -71205614,          0
 32512,    78,   81000000,    9820811,        0,  -71179189,          0
 32512,    79,   81000000,    9849023,        0,  -71150977,          0
 32512,    80,   81000000,    9832823,        0,  -71167177,          0
 32512,    81,   81000000,    9817304,        0,  -71182696,          0
 32512,    82,   81000000,    9792953,        0,  -71207047,          0
 32512,    83,   81000000,   10122515,        0,  -70877485,          0
 32512,    84,   81000000,   10108712,        0,  -70891288,          0
 32512,    85,   81000000,    9829485,        0,  -71170515,          0
 32512,    86,   81000000,    9790984,        0,  -71209016,          0
 32512,    87,   81000000,    9820090,        0,  -71179910,          0
 32512,    88,   81000000,    9800208,        0,  -71199792,          0
 32512,    89,   81000000,    9815649,        0,  -71184351,          0
 32512,    90,   81000000,    9829733,        0,  -71170267,          0
 32512,    91,   81000000,    9863943,        0,  -71136057,          0
 32512,    92,   81000000,    9829587,        0,  -71170413,          0
 32512,    93,   81000000,    9810079,        0,  -71189921,          0
 32512,    94,   81000000,    9825929,        0,  -71174071,          0
 32512,    95,   81000000,    9784595,        0,  -71215405,          0
 32512,    96,   81000000,    9781835,        0,  -71218165,          0
 32512,    97,   81000000,    9835945,        0,  -71164055,          0
 32512,    98,   81000000,    9837231,        0,  -71162769,          0
 32512,    99,   81000000,    9874459,        0,  -71125541,          0
 32512,   100,   81000000,   10200796,        0,  -70799204,          0
 32512,   101,   81000000,    9843102,        0,  -71156898,          0
 32512,   102,   81000000,    9825353,        0,  -71174647,          0
 32512,   103,   81000000,    9832319,        0,  -71167681,          0
 32512,   104,   81000000,    9795920,        0,  -71204080,          0
 32512,   105,   81000000,    9816336,        0,  -71183664,          0
 32512,   106,   81000000,    9820316,        0,  -71179684,          0
 32512,   107,   81000000,    9838073,        0,  -71161927,          0
 32512,   108,   81000000,    9787580,        0,  -71212420,          0
 32512,   109,   81000000,    9816404,        0,  -71183596,          0
 32512,   110,   81000000,   11757631,        0,  -69242369,          0
 32512,   111,   81000000,    9795712,        0,  -71204288,          0
 32512,   112,   81000000,    9902296,        0,  -71097704,          0
 32512,   113,   81000000,    9800802,        0,  -71199198,          0
 32512,   114,   81000000,    9791456,        0,  -71208544,          0
 32512,   115,   81000000,    9897091,        0,  -71102909,          0
 32512,   116,   81000000,   10566848,        0,  -70433152,          0
 32512,   117,   81000000,   10069569,        0,  -70930431,          0
 32512,   118,   81000000,    9830334,        0,  -71169666,          0
 32512,   119,   81000000,    9865733,        0,  -71134267,          0
 32512,   120,   81000000,   10118173,        0,  -70881827,          0
 32512,   121,   81000000,    9840486,        0,  -71159514,          0
 32512,   122,   81000000,    9827764,        0,  -71172236,          0
 32512,   123,   81000000,    9837457,        0,  -71162543,          0
 32512,   124,   81000000,    9809030,        0,  -71190970,          0
 32512,   125,   81000000,    9831887,        0,  -71168113,          0
 32512,   126,   81000000,    9859562,        0,  -71140438,          0
 32512,   127,   81000000,    9857512,        0,  -71142488,          0
# task NAME=myapp PID=32515 COST=17140000 PERIOD=82000000 CPU=0
 32515,     2,   82000000,      15381,        0,  -81984619,          0
 32515,     3,   82000000,     128465,        0,  -81871535,          0
 32515,     4,   82000000,   17054956,        0,  -64945044,          0
 32515,     5,   82000000,   17032486,        0,  -64967514,          0
 32515,     6,   82000000,   17077900,        0,  -64922100,          0
 32515,     7,   82000000,   17160699,        0,  -64839301,          0
 32515,     8,   82000000,   17130540,        0,  -64869460,          0
 32515,     9,   82000000,   17065788,        0,  -64934212,          0
 32515,    10,   82000000,   19707937,        0,  -62292063,          0
 32515,    11,   82000000,   17024314,        0,  -64975686,          0
 32515,    12,   82000000,   17081566,        0,  -64918434,          0
 32515,    13,   82000000,   17022393,        0,  -64977607,          0
 32515,    14,   82000000,   17051061,        0,  -64948939,          0
 32515,    15,   82000000,   19620295,        0,  -62379705,          0
 32515,    16,   82000000,   18043123,        0,  -63956877,          0
 32515,    17,   82000000,   17078669,        0,  -64921331,          0
 32515,    18,   82000000,   17337774,        0,  -64662226,          0
 32515,    19,   82000000,   19768822,        0,  -62231178,          0
 32515,    20,   82000000,   17042894,        0,  -64957106,          0
 32515,    21,   82000000,   17357646,        0,  -64642354,          0
 32515,    22,   82000000,   17055142,        0,  -64944858,          0
 32515,    23,   82000000,   17043265,        0,  -64956735,          0
 32515,    24,   82000000,   17316353,        0,  -64683647,          0
 32515,    25,   82000000,   17036906,        0,  -64963094,          0
 32515,    26,   82000000,   17061973,        0,  -64938027,          0
 32515,    27,   82000000,   17047932,        0,  -64952068,          0
 32515,    28,   82000000,   17058938,        0,  -64941062,          0
 32515,    29,   82000000,   17075835,        0,  -64924165,          0
 32515,    30,   82000000,   17350154,        0,  -64649846,          0
 32515,    31,   82000000,   17092172,        0,  -64907828,          0
 32515,    32,   82000000,   17088950,        0,  -64911050,          0
 32515,    33,   82000000,   17104556,        0,  -64895444,          0
 32515,    34,   82000000,   17090478,        0,  -64909522,          0
 32515,    35,   82000000,   17088874,        0,  -64911126,          0
 32515,    36,   82000000,   17095931,        0,  -64904069,          0
 32515,    37,   82000000,   17053205,        0,  -64946795,          0
 32515,    38,   82000000,   17076291,        0,  -64923709,          0
 32515,    39,   82000000,   17072435,        0,  -64927565,          0
 32515,    40,   82000000,   17052488,        0,  -64947512,          0
 32515,    41,   82000000,   17031703,        0,  -64968297,          0
 32515,    42,   82000000,   17060119,        0,  -64939881,          0
 32515,    43,   82000000,   17088511,        0,  -64911489,          0
 32515,    44,   82000000,   17078862,        0,  -64921138,          0
 32515,    45,   82000000,   17083145,        0,  -64916855,          0
 32515,    46,   82000000,   17070997,        0,  -64929003,          0
 32515,    47,   82000000,   17388537,        0,  -64611463,          0
 32515,    48,   82000000,   17045460,        0,  -64954540,          0
 32515,    49,   82000000,   17064776,        0,  -64935224,          0
 32515,    50,   82000000,   17355732,        0,  -64644268,          0
 32515,    51,   82000000,   17060670,        0,  -64939330,          0
 32515,    52,   82000000,   17056446,        0,  -64943554,          0
 32515,    53,   82000000,   17361017,        0,  -64638983,          0
 32515,    54,   82000000,   17052500,        0,  -64947500,          0
 32515,    55,   82000000,   17089870,        0,  -64910130,          0
 32515,    56,   82000000,   17332625,        0,  -64667375,          0
 32515,    57,   82000000,   17087752,        0,  -64912248,          0
 32515,    58,   82000000,   17057412,        0,  -64942588,          0
 32515,    59,   82000000,   17049306,        0,  -64950694,          0
 32515,    60,   82000000,   17066492,        0,  -64933508,          0
 32515,    61,   82000000,   17055501,        0,  -64944499,          0
 32515,    62,   82000000,   17070366,        0,  -64929634,          0
 32515,    63,   82000000,   17024811,        0,  -64975189,          0
 32515,    64,   82000000,   17305740,        0,  -64694260,          0
 32515,    65,   82000000,   17065232,        0,  -64934768,          0
 32515,    66,   82000000,   17097051,        0,  -64902949,          0
 32515,    67,   82000000,   17049300,        0,  -64950700,          0
 32515,    68,   82000000,   17069584,        0,  -64930416,          0
 32515,    69,   82000000,   17091376,        0,  -64908624,          0
 32515,    70,   82000000,   17643731,        0,  -64356269,          0
 32515,    71,   82000000,   17094171,        0,  -64905829,          0
 32515,    72,   82000000,   17052683,        0,  -64947317,          0
 32515,    73,   82000000,   17159048,        0,  -64840952,          0
 32515,    74,   82000000,   17050824,        0,  -64949176,          0
 32515,    75,   82000000,   17076691,        0,  -64923309,          0
 32515,    76,   82000000,   17364230,        0,  -64635770,          0
 32515,    77,   82000000,   17067154,        0,  -64932846,          0
 32515,    78,   82000000,   17775388,        0,  -64224612,          0
 32515,    79,   82000000,   17338237,        0,  -64661763,          0
 32515,    80,   82000000,   17083223,        0,  -64916777,          0
 32515,    81,   82000000,   17062857,        0,  -64937143,          0
 32515,    82,   82000000,   17332984,        0,  -64667016,          0
 32515,    83,   82000000,   17011748,        0,  -64988252,          0
 32515,    84,   82000000,   17057504,        0,  -64942496,          0
 32515,    85,   82000000,   17372272,        0,  -64627728,          0
 32515,    86,   82000000,   20149996,        0,  -61850004,          0
 32515,    87,   82000000,   17074206,        0,  -64925794,          0
 32515,    88,   82000000,   17349134,        0,  -64650866,          0
 32515,    89,   82000000,   17075546,        0,  -64924454,          0
 32515,    90,   82000000,   17057168,        0,  -64942832,          0
 32515,    91,   82000000,   17178228,        0,  -64821772,          0
 32515,    92,   82000000,   17097631,        0,  -64902369,          0
 32515,    93,   82000000,   17068803,        0,  -64931197,          0
 32515,    94,   82000000,   17086713,        0,  -64913287,          0
 32515,    95,   82000000,   17064142,        0,  -64935858,          0
 32515,    96,   82000000,   17023467,        0,  -64976533,          0
 32515,    97,   82000000,   17098678,        0,  -64901322,          0
 32515,    98,   82000000,   17025031,        0,  -64974969,          0
 32515,    99,   82000000,   17075130,        0,  -64924870,          0
 32515,   100,   82000000,   17062336,        0,  -64937664,          0
 32515,   101,   82000000,   17049208,        0,  -64950792,          0
 32515,   102,   82000000,   17088102,        0,  -64911898,          0
 32515,   103,   82000000,   17114419,        0,  -64885581,          0
 32515,   104,   82000000,   17075311,        0,  -64924689,          0
 32515,   105,   82000000,   17021649,        0,  -64978351,          0
 32515,   106,   82000000,   17041858,        0,  -64958142,          0
 32515,   107,   82000000,   18952447,        0,  -63047553,          0
 32515,   108,   82000000,   17375080,        0,  -64624920,          0
 32515,   109,   82000000,   17054519,        0,  -64945481,          0
 32515,   110,   82000000,   17039317,        0,  -64960683,          0
 32515,   111,   82000000,   17357378,        0,  -64642622,          0
 32515,   112,   82000000,   17069714,        0,  -64930286,          0
 32515,   113,   82000000,   17078846,        0,  -64921154,          0
 32515,   114,   82000000,   17344500,        0,  -64655500,          0
 32515,   115,   82000000,   17047653,        0,  -64952347,          0
 32515,   116,   82000000,   17124740,        0,  -64875260,          0
 32515,   117,   82000000,   17323071,        0,  -64676929,          0
 32515,   118,   82000000,   17048468,        0,  -64951532,          0
 32515,   119,   82000000,   17120745,        0,  -64879255,          0
 32515,   120,   82000000,   17043419,        0,  -64956581,          0
 32515,   121,   82000000,   17087719,        0,  -64912281,          0
 32515,   122,   82000000,   17088508,        0,  -64911492,          0
 32515,   123,   82000000,   17070976,        0,  -64929024,          0
 32515,   124,   82000000,   17035396,        0,  -64964604,          0
 32515,   125,   82000000,   17053272,        0,  -64946728,          0
# task NAME=myapp PID=32519 COST=7438000 PERIOD=29000000 CPU=0
 32519,     2,   29000000,       3793,        0,  -28996207,          0
 32519,     3,   29000000,     142903,        0,  -28857097,          0
 32519,     4,   29000000,    9428949,        0,  -19571051,          0
 32519,     5,   29000000,    7412541,        0,  -21587459,          0
 32519,     6,   29000000,    8526951,        0,  -20473049,          0
 32519,     7,   29000000,    7469546,        0,  -21530454,          0
 32519,     8,   29000000,    7400181,        0,  -21599819,          0
 32519,     9,   29000000,    8027629,        0,  -20972371,          0
 32519,    10,   29000000,    7510172,        0,  -21489828,          0
 32519,    11,   29000000,    7704044,        0,  -21295956,          0
 32519,    12,   29000000,    7656701,        0,  -21343299,          0
 32519,    13,   29000000,    7493643,        0,  -21506357,          0
 32519,    14,   29000000,    7458506,        0,  -21541494,          0
 32519,    15,   29000000,    7474885,        0,  -21525115,          0
 32519,    16,   29000000,    7438761,        0,  -21561239,          0
 32519,    17,   29000000,    7432070,        0,  -21567930,          0
 32519,    18,   29000000,    7485246,        0,  -21514754,          0
 32519,    19,   29000000,    7457929,        0,  -21542071,          0
 32519,    20,   29000000,    7463568,        0,  -21536432,          0
 32519,    21,   29000000,    7400654,        0,  -21599346,          0
 32519,    22,   29000000,    7452197,        0,  -21547803,          0
 32519,    23,   29000000,    7462599,        0,  -21537401,          0
 32519,    24,   29000000,    7697325,        0,  -21302675,          0
 32519,    25,   29000000,    7430353,        0,  -21569647,          0
 32519,    26,   29000000,    7471432,        0,  -21528568,          0
 32519,    27,   29000000,    7416177,        0,  -21583823,          0
 32519,    28,   29000000,    7422163,        0,  -21577837,          0
 32519,    29,   29000000,    7445752,        0,  -21554248,          0
 32519,    30,   29000000,    7434984,        0,  -21565016,          0
 32519,    31,   29000000,    7469841,        0,  -21530159,          0
 32519,    32,   29000000,    7430182,        0,  -21569818,          0
 32519,    33,   29000000,    7546047,        0,  -21453953,          0
 32519,    34,   29000000,    7464843,        0,  -21535157,          0
 32519,    35,   29000000,    7461308,        0,  -21538692,          0
 32519,    36,   29000000,    7463604,        0,  -21536396,          0
 32519,    37,   29000000,    8502988,        0,  -20497012,          0
 32519,    38,   29000000,    7604027,        0,  -21395973,          0
 32519,    39,   29000000,    7410258,        0,  -21589742,          0
 32519,    40,   29000000,    7423721,        0,  -21576279,          0
 32519,    41,   29000000,    7442778,        0,  -21557222,          0
 32519,    42,   29000000,    7515097,        0,  -21484903,          0
 32519,    43,   29000000,    7442864,        0,  -21557136,          0
 32519,    44,   29000000,    7409906,        0,  -21590094,          0
 32519,    45,   29000000,    7437037,        0,  -21562963,          0
 32519,    46,   29000000,    7437897,        0,  -21562103,          0
 32519,    47,   29000000,    7428066,        0,  -21571934,          0
 32519,    48,   29000000,    7457397,        0,  -21542603,          0
 32519,    49,   29000000,    7411336,        0,  -21588664,          0
 32519,    50,   29000000,    7478255,        0,  -21521745,          0
 32519,    51,   29000000,    7486828,        0,  -21513172,          0
 32519,    52,   29000000,    7422055,        0,  -21577945,          0
 32519,    53,   29000000,    7473070,        0,  -21526930,          0
 32519,    54,   29000000,    7725531,        0,  -21274469,          0
 32519,    55,   29000000,    7456967,        0,  -21543033,          0
 32519,    56,   29000000,    7445640,        0,  -21554360,          0
 32519,    57,   29000000,    7464130,        0,  -21535870,          0
 32519,    58,   29000000,    7482634,        0,  -21517366,          0
 32519,    59,   29000000,    7493916,        0,  -21506084,          0
 32519,    60,   29000000,    7446018,        0,  -21553982,          0
 32519,    61,   29000000,    7437650,        0,  -21562350,          0
 32519,    62,   29000000,    7469606,        0,  -21530394,          0
 32519,    63,   29000000,    7433144,        0,  -21566856,          0
 32519,    64,   29000000,    7463618,        0,  -21536382,          0
 32519,    65,   29000000,    8537218,        0,  -20462782,          0
 32519,    66,   29000000,    7532352,        0,  -21467648,          0
 32519,    67,   29000000,    7698728,        0,  -21301272,          0
 32519,    68,   29000000,    7434808,        0,  -21565192,          0
 32519,    69,   29000000,    7462035,        0,  -21537965,          0
 32519,    70,   29000000,    7492992,        0,  -21507008,          0
 32519,    71,   29000000,    9514770,        0,  -19485230,          0
 32519,    72,   29000000,    7461151,        0,  -21538849,          0
 32519,    73,   29000000,    7466453,        0,  -21533547,          0
 32519,    74,   29000000,    7466879,        0,  -21533121,          0
 32519,    75,   29000000,    7462839,        0,  -21537161,          0
 32519,    76,   29000000,    7463347,        0,  -21536653,          0
 32519,    77,   29000000,    7415405,        0,  -21584595,          0
 32519,    78,   29000000,    7428749,        0,  -21571251,          0
 32519,    79,   29000000,    7602491,        0,  -21397509,          0
 32519,    80,   29000000,    7754164,        0,  -21245836,          0
 32519,    81,   29000000,    7443353,        0,  -21556647,          0
 32519,    82,   29000000,    7403941,        0,  -21596059,          0
 32519,    83,   29000000,    7449529,        0,  -21550471,          0
 32519,    84,   29000000,    7520069,        0,  -21479931,          0
 32519,    85,   29000000,    7489103,        0,  -21510897,          0
 32519,    86,   29000000,    7440631,        0,  -21559369,          0
 32519,    87,   29000000,    7485404,        0,  -21514596,          0
 32519,    88,   29000000,    7420580,        0,  -21579420,          0
 32519,    89,   29000000,    7439925,        0,  -21560075,          0
 32519,    90,   29000000,   10625044,        0,  -18374956,          0
 32519,    91,   29000000,    7440124,        0,  -21559876,          0
 32519,    92,   29000000,    7456591,        0,  -21543409,          0
 32519,    93,   29000000,    7720483,        0,  -21279517,          0
 32519,    94,   29000000,    7412595,        0,  -21587405,          0
 32519,    95,   29000000,    7482835,        0,  -21517165,          0
 32519,    96,   29000000,    7426993,        0,  -21573007,          0
 32519,    97,   29000000,    7445722,        0,  -21554278,          0
 32519,    98,   29000000,    7414063,        0,  -21585937,          0
 32519,    99,   29000000,    7432909,        0,  -21567091,          0
 32519,   100,   29000000,    7439314,        0,  -21560686,          0
 32519,   101,   29000000,   11325663,        0,  -17674337,          0
 32519,   102,   29000000,    7422007,        0,  -21577993,          0
 32519,   103,   29000000,    7452772,        0,  -21547228,          0
 32519,   104,   29000000,    9412605,        0,  -19587395,          0
 32519,   105,   29000000,    7459358,        0,  -21540642,          0
 32519,   106,   29000000,    7439672,        0,  -21560328,          0
 32519,   107,   29000000,    7454603,        0,  -21545397,          0
 32519,   108,   29000000,    7436804,        0,  -21563196,          0
 32519,   109,   29000000,    7507419,        0,  -21492581,          0
 32519,   110,   29000000,    7476623,        0,  -21523377,          0
 32519,   111,   29000000,    7455848,        0,  -21544152,          0
 32519,   112,   29000000,    7445541,        0,  -21554459,          0
 32519,   113,   29000000,    7439859,        0,  -21560141,          0
 32519,   114,   29000000,    7467051,        0,  -21532949,          0
 32519,   115,   29000000,    7482095,        0,  -21517905,          0
 32519,   116,   29000000,    7750137,        0,  -21249863,          0
 32519,   117,   29000000,    7435328,        0,  -21564672,          0
 32519,   118,   29000000,    7420568,        0,  -21579432,          0
 32519,   119,   29000000,    9419132,        0,  -19580868,          0
 32519,   120,   29000000,    7417703,        0,  -21582297,          0
 32519,   121,   29000000,    7483119,        0,  -21516881,          0
 32519,   122,   29000000,    7441196,        0,  -21558804,          0
 32519,   123,   29000000,    7755088,        0,  -21244912,          0
 32519,   124,   29000000,    7484435,        0,  -21515565,          0
 32519,   125,   29000000,   10218359,        0,  -18781641,          0
 32519,   126,   29000000,    7482041,        0,  -21517959,          0
 32519,   127,   29000000,    7429651,        0,  -21570349,          0
 32519,   128,   29000000,    7495987,        0,  -21504013,          0
 32519,   129,   29000000,    7439226,        0,  -21560774,          0
 32519,   130,   29000000,    7446387,        0,  -21553613,          0
 32519,   131,   29000000,    8034039,        0,  -20965961,          0
 32519,   132,   29000000,    7444440,        0,  -21555560,          0
 32519,   133,   29000000,    7410957,        0,  -21589043,          0
 32519,   134,   29000000,    7531028,        0,  -21468972,          0
 32519,   135,   29000000,    7450596,        0,  -21549404,          0
 32519,   136,   29000000,    7697740,        0,  -21302260,          0
 32519,   137,   29000000,    7492390,        0,  -21507610,          0
 32519,   138,   29000000,    7497894,        0,  -21502106,          0
 32519,   139,   29000000,    7421435,        0,  -21578565,          0
 32519,   140,   29000000,    7583172,        0,  -21416828,          0
 32519,   141,   29000000,    7447278,        0,  -21552722,          0
 32519,   142,   29000000,    7439243,        0,  -21560757,          0
 32519,   143,   29000000,    7442959,        0,  -21557041,          0
 32519,   144,   29000000,    7482287,        0,  -21517713,          0
 32519,   145,   29000000,    7437878,        0,  -21562122,          0
 32519,   146,   29000000,    7434471,        0,  -21565529,          0
 32519,   147,   29000000,    7463086,        0,  -21536914,          0
 32519,   148,   29000000,    7456701,        0,  -21543299,          0
 32519,   149,   29000000,    7767109,        0,  -21232891,          0
 32519,   150,   29000000,    7444150,        0,  -21555850,          0
 32519,   151,   29000000,    9327271,        0,  -19672729,          0
 32519,   152,   29000000,    7472611,        0,  -21527389,          0
 32519,   153,   29000000,    7468316,        0,  -21531684,          0
 32519,   154,   29000000,    7433039,        0,  -21566961,          0
 32519,   155,   29000000,    7473436,        0,  -21526564,          0
 32519,   156,   29000000,    7482051,        0,  -21517949,          0
 32519,   157,   29000000,    7428079,        0,  -21571921,          0
 32519,   158,   29000000,    7481908,        0,  -21518092,          0
 32519,   159,   29000000,    7537299,        0,  -21462701,          0
 32519,   160,   29000000,    8508265,        0,  -20491735,          0
 32519,   161,   29000000,    7439225,        0,  -21560775,          0
 32519,   162,   29000000,    7784434,        0,  -21215566,          0
 32519,   163,   29000000,    7494658,        0,  -21505342,          0
 32519,   164,   29000000,    7409202,        0,  -21590798,          0
 32519,   165,   29000000,    7508545,        0,  -21491455,          0
 32519,   166,   29000000,    7454522,        0,  -21545478,          0
 32519,   167,   29000000,    7457315,        0,  -21542685,          0
 32519,   168,   29000000,    7470915,        0,  -21529085,          0
 32519,   169,   29000000,    7457744,        0,  -21542256,          0
 32519,   170,   29000000,    7437712,        0,  -21562288,          0
 32519,   171,   29000000,    7478883,        0,  -21521117,          0
 32519,   172,   29000000,    7429495,        0,  -21570505,          0
 32519,   173,   29000000,    7525586,        0,  -21474414,          0
 32519,   174,   29000000,    7462541,        0,  -21537459,          0
 32519,   175,   29000000,    7410492,        0,  -21589508,          0
 32519,   176,   29000000,    7453766,        0,  -21546234,          0
 32519,   177,   29000000,    7473145,        0,  -21526855,          0
 32519,   178,   29000000,    7451393,        0,  -21548607,          0
 32519,   179,   29000000,    7711461,        0,  -21288539,          0
 32519,   180,   29000000,    7431546,        0,  -21568454,          0
 32519,   181,   29000000,    7503707,        0,  -21496293,          0
 32519,   182,   29000000,    7487462,        0,  -21512538,          0
 32519,   183,   29000000,    7464942,        0,  -21535058,          0
 32519,   184,   29000000,    7420057,        0,  -21579943,          0
 32519,   185,   29000000,    7478915,        0,  -21521085,          0
 32519,   186,   29000000,    7471936,        0,  -21528064,          0
 32519,   187,   29000000,    7440340,        0,  -21559660,          0
 32519,   188,   29000000,    7455420,        0,  -21544580,          0
 32519,   189,   29000000,    7439949,        0,  -21560051,          0
 32519,   190,   29000000,    7469907,        0,  -21530093,          0
 32519,   191,   29000000,    7444882,        0,  -21555118,          0
 32519,   192,   29000000,    7750399,        0,  -21249601,          0
 32519,   193,   29000000,    7462605,        0,  -21537395,          0
 32519,   194,   29000000,    7417011,        0,  -21582989,          0
 32519,   195,   29000000,    7417504,        0,  -21582496,          0
 32519,   196,   29000000,    7422870,        0,  -21577130,          0
 32519,   197,   29000000,    7435727,        0,  -21564273,          0
 32519,   198,   29000000,    7472562,        0,  -21527438,          0
 32519,   199,   29000000,    7414878,        0,  -21585122,          0
 32519,   200,   29000000,    7473851,        0,  -21526149,          0
 32519,   201,   29000000,    9821171,        0,  -19178829,          0
 32519,   202,   29000000,    7447046,        0,  -21552954,          0
 32519,   203,   29000000,    7438752,        0,  -21561248,          0
 32519,   204,   29000000,    7490204,        0,  -21509796,          0
 32519,   205,   29000000,    7725802,        0,  -21274198,          0
 32519,   206,   29000000,    7504347,        0,  -21495653,          0
 32519,   207,   29000000,    7436155,        0,  -21563845,          0
 32519,   208,   29000000,    7445806,        0,  -21554194,          0
 32519,   209,   29000000,    7465320,        0,  -21534680,          0
 32519,   210,   29000000,    7482318,        0,  -21517682,          0
 32519,   211,   29000000,    7435551,        0,  -21564449,          0
 32519,   212,   29000000,    7485179,        0,  -21514821,          0
 32519,   213,   29000000,    7667003,        0,  -21332997,          0
 32519,   214,   29000000,    7444049,        0,  -21555951,          0
 32519,   215,   29000000,    7438692,        0,  -21561308,          0
 32519,   216,   29000000,    7544673,        0,  -21455327,          0
 32519,   217,   29000000,    7441987,        0,  -21558013,          0
 32519,   218,   29000000,    7706832,        0,  -21293168,          0
 32519,   219,   29000000,    7484792,        0,  -21515208,          0
 32519,   220,   29000000,    7716274,        0,  -21283726,          0
 32519,   221,   29000000,    7443446,        0,  -21556554,          0
 32519,   222,   29000000,    7478541,        0,  -21521459,          0
 32519,   223,   29000000,    7465196,        0,  -21534804,          0
 32519,   224,   29000000,    7477078,        0,  -21522922,          0
 32519,   225,   29000000,    7450820,        0,  -21549180,          0
 32519,   226,   29000000,    7455168,        0,  -21544832,          0
 32519,   227,   29000000,    7410525,        0,  -21589475,          0
 32519,   228,   29000000,    7652853,        0,  -21347147,          0
 32519,   229,   29000000,    7520180,        0,  -21479820,          0
 32519,   230,   29000000,    7454173,        0,  -21545827,          0
 32519,   231,   29000000,    7413620,        0,  -21586380,          0
 32519,   232,   29000000,    7435833,        0,  -21564167,          0
 32519,   233,   29000000,    7475795,        0,  -21524205,          0
 32519,   234,   29000000,    7436713,        0,  -21563287,          0
 32519,   235,   29000000,    7447198,        0,  -21552802,          0
 32519,   236,   29000000,    7470145,        0,  -21529855,          0
 32519,   237,   29000000,    7490671,        0,  -21509329,          0
 32519,   238,   29000000,    7502677,        0,  -21497323,          0
 32519,   239,   29000000,    7437340,        0,  -21562660,          0
 32519,   240,   29000000,    7445506,        0,  -21554494,          0
 32519,   241,   29000000,    8318699,        0,  -20681301,          0
 32519,   242,   29000000,    7490858,        0,  -21509142,          0
 32519,   243,   29000000,    7457772,        0,  -21542228,          0
 32519,   244,   29000000,    7461419,        0,  -21538581,          0
 32519,   245,   29000000,    7455031,        0,  -21544969,          0
 32519,   246,   29000000,    7424442,        0,  -21575558,          0
 32519,   247,   29000000,    7458379,        0,  -21541621,          0
 32519,   248,   29000000,    7759595,        0,  -21240405,          0
 32519,   249,   29000000,    7451912,        0,  -21548088,          0
 32519,   250,   29000000,    7625728,        0,  -21374272,          0
 32519,   251,   29000000,    7499943,        0,  -21500057,          0
 32519,   252,   29000000,    7427173,        0,  -21572827,          0
 32519,   253,   29000000,    7448760,        0,  -21551240,          0
 32519,   254,   29000000,    7485529,        0,  -21514471,          0
 32519,   255,   29000000,    7494133,        0,  -21505867,          0
 32519,   256,   29000000,    7506538,        0,  -21493462,          0
 32519,   257,   29000000,    7457814,        0,  -21542186,          0
 32519,   258,   29000000,    7419727,        0,  -21580273,          0
 32519,   259,   29000000,    7462184,        0,  -21537816,          0
 32519,   260,   29000000,    7437286,        0,  -21562714,          0
 32519,   261,   29000000,    7719701,        0,  -21280299,          0
 32519,   262,   29000000,    7431295,        0,  -21568705,          0
 32519,   263,   29000000,    7733159,        0,  -21266841,          0
 32519,   264,   29000000,    7437414,        0,  -21562586,          0
 32519,   265,   29000000,    7477011,        0,  -21522989,          0
 32519,   266,   29000000,    7488935,        0,  -21511065,          0
 32519,   267,   29000000,    7499563,        0,  -21500437,          0
 32519,   268,   29000000,    7409477,        0,  -21590523,          0
 32519,   269,   29000000,    8405133,        0,  -20594867,          0
 32519,   270,   29000000,    7414434,        0,  -21585566,          0
 32519,   271,   29000000,    7441132,        0,  -21558868,          0
 32519,   272,   29000000,    8435290,        0,  -20564710,          0
 32519,   273,   29000000,    7501290,        0,  -21498710,          0
 32519,   274,   29000000,   12468811,        0,  -16531189,          0
 32519,   275,   29000000,    7567423,        0,  -21432577,          0
 32519,   276,   29000000,    7722791,        0,  -21277209,          0
 32519,   277,   29000000,    7436712,        0,  -21563288,          0
 32519,   278,   29000000,    7497220,        0,  -21502780,          0
 32519,   279,   29000000,    7409435,        0,  -21590565,          0
 32519,   280,   29000000,    7442167,        0,  -21557833,          0
 32519,   281,   29000000,    7418647,        0,  -21581353,          0
 32519,   282,   29000000,    7443228,        0,  -21556772,          0
 32519,   283,   29000000,    7455119,        0,  -21544881,          0
 32519,   284,   29000000,    7456852,        0,  -21543148,          0
 32519,   285,   29000000,    7429782,        0,  -21570218,          0
 32519,   286,   29000000,    7464198,        0,  -21535802,          0
 32519,   287,   29000000,    7766442,        0,  -21233558,          0
 32519,   288,   29000000,    7483012,        0,  -21516988,          0
 32519,   289,   29000000,    7437026,        0,  -21562974,          0
 32519,   290,   29000000,    7470562,        0,  -21529438,          0
 32519,   291,   29000000,    7421780,        0,  -21578220,          0
 32519,   292,   29000000,    7456321,        0,  -21543679,          0
 32519,   293,   29000000,    7498094,        0,  -21501906,          0
 32519,   294,   29000000,    7409536,        0,  -21590464,          0
 32519,   295,   29000000,    7455449,        0,  -21544551,          0
 32519,   296,   29000000,    8466382,        0,  -20533618,          0
 32519,   297,   29000000,    7440602,        0,  -21559398,          0
 32519,   298,   29000000,    7454176,        0,  -21545824,          0
 32519,   299,   29000000,    7446307,        0,  -21553693,          0
 32519,   300,   29000000,    7477254,        0,  -21522746,          0
 32519,   301,   29000000,    7441896,        0,  -21558104,          0
 32519,   302,   29000000,    7443877,        0,  -21556123,          0
 32519,   303,   29000000,    7469225,        0,  -21530775,          0
 32519,   304,   29000000,    7716964,        0,  -21283036,          0
 32519,   305,   29000000,    7441015,        0,  -21558985,          0
 32519,   306,   29000000,    7465577,        0,  -21534423,          0
 32519,   307,   29000000,    7470698,        0,  -21529302,          0
 32519,   308,   29000000,    8528754,        0,  -20471246,          0
 32519,   309,   29000000,    7487079,        0,  -21512921,          0
 32519,   310,   29000000,    7436982,        0,  -21563018,          0
 32519,   311,   29000000,    7456342,        0,  -21543658,          0
 32519,   312,   29000000,    7404094,        0,  -21595906,          0
 32519,   313,   29000000,    7415858,        0,  -21584142,          0
 32519,   314,   29000000,    7446604,        0,  -21553396,          0
 32519,   315,   29000000,    7488341,        0,  -21511659,          0
 32519,   316,   29000000,    8096034,        0,  -20903966,          0
 32519,   317,   29000000,    7801021,        0,  -21198979,          0
 32519,   318,   29000000,    7420012,        0,  -21579988,          0
 32519,   319,   29000000,    7463613,        0,  -21536387,          0
 32519,   320,   29000000,    7442640,        0,  -21557360,          0
 32519,   321,   29000000,    7466170,        0,  -21533830,          0
 32519,   322,   29000000,    7428069,        0,  -21571931,          0
 32519,   323,   29000000,    7537987,        0,  -21462013,          0
 32519,   324,   29000000,    7421743,        0,  -21578257,          0
 32519,   325,   29000000,    7488274,        0,  -21511726,          0
 32519,   326,   29000000,    7469454,        0,  -21530546,          0
 32519,   327,   29000000,    7448913,        0,  -21551087,          0
 32519,   328,   29000000,    7494189,        0,  -21505811,          0
 32519,   329,   29000000,    7475199,        0,  -21524801,          0
 32519,   330,   29000000,    7711643,        0,  -21288357,          0
 32519,   331,   29000000,    7497964,        0,  -21502036,          0
 32519,   332,   29000000,    7431346,        0,  -21568654,          0
 32519,   333,   29000000,    7432931,        0,  -21567069,          0
 32519,   334,   29000000,    7408067,        0,  -21591933,          0
 32519,   335,   29000000,    7430635,        0,  -21569365,          0
 32519,   336,   29000000,    7468797,        0,  -21531203,          0
 32519,   337,   29000000,    9842946,        0,  -19157054,          0
 32519,   338,   29000000,    7450750,        0,  -21549250,          0
 32519,   339,   29000000,    7523164,        0,  -21476836,          0
 32519,   340,   29000000,    7475422,        0,  -21524578,          0
 32519,   341,   29000000,    7491916,        0,  -21508084,          0
 32519,   342,   29000000,    7445572,        0,  -21554428,          0
 32519,   343,   29000000,    7829441,        0,  -21170559,          0
 32519,   344,   29000000,    7441348,        0,  -21558652,          0
 32519,   345,   29000000,    7452725,        0,  -21547275,          0
 32519,   346,   29000000,    7536828,        0,  -21463172,          0
 32519,   347,   29000000,    7509858,        0,  -21490142,          0
 32519,   348,   29000000,    7420642,        0,  -21579358,          0
# task NAME=myapp PID=32523 COST=1090000 PERIOD=84000000 CPU=0
 32523,     2,   84000000,      24727,        0,  -83975273,          0
 32523,     3,   84000000,     137100,        0,  -83862900,          0
 32523,     4,   84000000,    9247592,        0,  -74752408,          0
 32523,     5,   84000000,    1162152,        0,  -82837848,          0
 32523,     6,   84000000,    1180759,        0,  -82819241,          0
 32523,     7,   84000000,    1179754,        0,  -82820246,          0
 32523,     8,   84000000,    1201387,        0,  -82798613,          0
 32523,     9,   84000000,    1134687,        0,  -82865313,          0
 32523,    10,   84000000,    1199613,        0,  -82800387,          0
 32523,    11,   84000000,    1167663,        0,  -82832337,          0
 32523,    12,   84000000,    6560182,        0,  -77439818,          0
 32523,    13,   84000000,    2137002,        0,  -81862998,          0
 32523,    14,   84000000,    1302390,        0,  -82697610,          0
 32523,    15,   84000000,    1153334,        0,  -82846666,          0
 32523,    16,   84000000,    1174617,        0,  -82825383,          0
 32523,    17,   84000000,    1159072,        0,  -82840928,          0
 32523,    18,   84000000,    2242964,        0,  -81757036,          0
 32523,    19,   84000000,    1183748,        0,  -82816252,          0
 32523,    20,   84000000,    1196340,        0,  -82803660,          0
 32523,    21,   84000000,    1180864,        0,  -82819136,          0
 32523,    22,   84000000,    1161777,        0,  -82838223,          0
 32523,    23,   84000000,    1204507,        0,  -82795493,          0
 32523,    24,   84000000,    1250457,        0,  -82749543,          0
 32523,    25,   84000000,    1197588,        0,  -82802412,          0
 32523,    26,   84000000,    1198222,        0,  -82801778,          0
 32523,    27,   84000000,    1154054,        0,  -82845946,          0
 32523,    28,   84000000,    1203304,        0,  -82796696,          0
 32523,    29,   84000000,    1189165,        0,  -82810835,          0
 32523,    30,   84000000,    1150942,        0,  -82849058,          0
 32523,    31,   84000000,    1172541,        0,  -82827459,          0
 32523,    32,   84000000,    1199040,        0,  -82800960,          0
 32523,    33,   84000000,    1195870,        0,  -82804130,          0
 32523,    34,   84000000,    1141315,        0,  -82858685,          0
 32523,    35,   84000000,    1155531,        0,  -82844469,          0
 32523,    36,   84000000,    1157812,        0,  -82842188,          0
 32523,    37,   84000000,    1160194,        0,  -82839806,          0
 32523,    38,   84000000,    1178944,        0,  -82821056,          0
 32523,    39,   84000000,    1168824,        0,  -82831176,          0
 32523,    40,   84000000,    1147986,        0,  -82852014,          0
 32523,    41,   84000000,    1170797,        0,  -82829203,          0
 32523,    42,   84000000,    1174215,        0,  -82825785,          0
 32523,    43,   84000000,    1167300,        0,  -82832700,          0
 32523,    44,   84000000,    1175324,        0,  -82824676,          0
 32523,    45,   84000000,    1198294,        0,  -82801706,          0
 32523,    46,   84000000,    1160964,        0,  -82839036,          0
 32523,    47,   84000000,    1187085,        0,  -82812915,          0
 32523,    48,   84000000,    1174556,        0,  -82825444,          0
 32523,    49,   84000000,    1198078,        0,  -82801922,          0
 32523,    50,   84000000,    1197681,        0,  -82802319,          0
 32523,    51,   84000000,    1119989,        0,  -82880011,          0
 32523,    52,   84000000,    1166844,        0,  -82833156,          0
 32523,    53,   84000000,    1129490,        0,  -82870510,          0
 32523,    54,   84000000,    1196357,        0,  -82803643,          0
 32523,    55,   84000000,    1186453,        0,  -82813547,          0
 32523,    56,   84000000,    3220236,        0,  -80779764,          0
 32523,    57,   84000000,    6246131,        0,  -77753869,          0
 32523,    58,   84000000,    1147001,        0,  -82852999,          0
 32523,    59,   84000000,    1170092,        0,  -82829908,          0
 32523,    60,   84000000,    1123403,        0,  -82876597,          0
 32523,    61,   84000000,    1217099,        0,  -82782901,          0
 32523,    62,   84000000,    1205025,        0,  -82794975,          0
 32523,    63,   84000000,    1176889,        0,  -82823111,          0
 32523,    64,   84000000,    1135964,        0,  -82864036,          0
 32523,    65,   84000000,    1201958,        0,  -82798042,          0
 32523,    66,   84000000,    1179112,        0,  -82820888,          0
 32523,    67,   84000000,    1253428,        0,  -82746572,          0
 32523,    68,   84000000,    1155719,        0,  -82844281,          0
 32523,    69,   84000000,    1213261,        0,  -82786739,          0
 32523,    70,   84000000,    1182395,        0,  -82817605,          0
 32523,    71,   84000000,    1169756,        0,  -82830244,          0
 32523,    72,   84000000,    1192029,        0,  -82807971,          0
 32523,    73,   84000000,    1180208,        0,  -82819792,          0
 32523,    74,   84000000,    1208328,        0,  -82791672,          0
 32523,    75,   84000000,    1176375,        0,  -82823625,          0
 32523,    76,   84000000,    1119092,        0,  -82880908,          0
 32523,    77,   84000000,    1129763,        0,  -82870237,          0
 32523,    78,   84000000,    1156477,        0,  -82843523,          0
 32523,    79,   84000000,    1140290,        0,  -82859710,          0
 32523,    80,   84000000,    1172372,        0,  -82827628,          0
 32523,    81,   84000000,    1208941,        0,  -82791059,          0
 32523,    82,   84000000,    1157625,        0,  -82842375,          0
 32523,    83,   84000000,    1181292,        0,  -82818708,          0
 32523,    84,   84000000,    1146276,        0,  -82853724,          0
 32523,    85,   84000000,    1196912,        0,  -82803088,          0
 32523,    86,   84000000,    1154916,        0,  -82845084,          0
 32523,    87,   84000000,    1159943,        0,  -82840057,          0
 32523,    88,   84000000,    1156275,        0,  -82843725,          0
 32523,    89,   84000000,    1173360,        0,  -82826640,          0
 32523,    90,   84000000,    1191258,        0,  -82808742,          0
 32523,    91,   84000000,    1167932,        0,  -82832068,          0
 32523,    92,   84000000,    1146051,        0,  -82853949,          0
 32523,    93,   84000000,    1190915,        0,  -82809085,          0
 32523,    94,   84000000,    1176765,        0,  -82823235,          0
 32523,    95,   84000000,    1215429,        0,  -82784571,          0
 32523,    96,   84000000,    1917638,        0,  -82082362,          0
 32523,    97,   84000000,    1161677,        0,  -82838323,          0
 32523,    98,   84000000,    1156981,        0,  -82843019,          0
 32523,    99,   84000000,    1332261,        0,  -82667739,          0
 32523,   100,   84000000,    1199554,        0,  -82800446,          0
 32523,   101,   84000000,    1187335,        0,  -82812665,          0
 32523,   102,   84000000,    1165695,        0,  -82834305,          0
 32523,   103,   84000000,    1194708,        0,  -82805292,          0
 32523,   104,   84000000,    1155297,        0,  -82844703,          0
 32523,   105,   84000000,    1147010,        0,  -82852990,          0
 32523,   106,   84000000,    1174726,        0,  -82825274,          0
 32523,   107,   84000000,    1442576,        0,  -82557424,          0
 32523,   108,   84000000,    1130398,        0,  -82869602,          0
 32523,   109,   84000000,    1192481,        0,  -82807519,          0
 32523,   110,   84000000,    1230585,        0,  -82769415,          0
 32523,   111,   84000000,    1234519,        0,  -82765481,          0
 32523,   112,   84000000,    1170302,        0,  -82829698,          0
 32523,   113,   84000000,    1158018,        0,  -82841982,          0
 32523,   114,   84000000,    1207709,        0,  -82792291,          0
 32523,   115,   84000000,    1149120,        0,  -82850880,          0
 32523,   116,   84000000,    1197372,        0,  -82802628,          0
 32523,   117,   84000000,    1173656,        0,  -82826344,          0
 32523,   118,   84000000,    1161072,        0,  -82838928,          0
 32523,   119,   84000000,    1219601,        0,  -82780399,          0
 32523,   120,   84000000,    1186474,        0,  -82813526,          0
 32523,   121,   84000000,    1186732,        0,  -82813268,          0
 32523,   122,   84000000,    1140826,        0,  -82859174,          0
 32523,   123,   84000000,    1212059,        0,  -82787941,          0
