178 178 0
121 121 0
163 163 0
211 211 0
315 315 0
204 204 0
112 112 0
130 130 0
220 220 0
328 328 0
160 160 0
131 131 0
103 103 0
669 669 0
326 326 0
104 104 0
111 111 0
161 161 0
139 139 0
289 289 0
915 915 0
591 591 0
111 111 0
284 284 0
181 181 0
147 147 0
132 132 0
139 139 0
837 837 0
201 201 0
235 235 0
211 211 0
115 115 0
111 111 0
203 203 0
203 203 0
559 559 0
1004 1004 0
672 672 0
112 112 0
316 316 0
628 628 0
123 123 0
106 106 0
127 127 0
176 176 0
116 116 0
166 166 0
144 144 0
178 178 0
628 628 0
114 114 0
437 437 0
122 122 0
