115 115 0
105 105 0
217 216 1
120 120 0
912 833 79
299 293 6
338 324 14
226 224 2
179 179 0
212 211 1
164 164 0
125 125 0
1004 922 82
156 156 0
198 197 1
136 136 0
504 478 26
114 114 0
109 109 0
116 116 0
104 104 0
109 109 0
115 115 0
111 111 0
388 376 12
137 137 0
316 313 3
174 174 0
139 139 0
390 381 9
204 203 1
669 612 57
123 123 0
837 761 76
297 292 5
558 527 31
135 135 0
139 139 0
177 177 0
559 524 35
135 135 0
140 140 0
153 152 1
111 111 0
117 117 0
670 617 53
156 156 0
127 127 0
669 610 59
593 563 30
459 441 18
632 597 35
133 133 0
374 365 9
226 224 2
104 104 0
221 219 2
140 140 0
912 836 76
165 165 0
