118 57 61
99 19 80
114 37 77
268 94 174
502 234 268
163 75 88
142 26 116
268 94 174
120 23 97
236 80 156
569 267 302
223 91 132
210 84 126
536 262 274
157 58 99
199 96 103
306 108 198
340 145 195
176 69 107
151 46 105
123 23 100
127 48 79
128 29 99
205 83 122
200 99 101
93 16 77
299 130 169
110 46 64
228 97 131
135 43 92
94 29 65
366 163 203
217 66 151
98 15 83
194 57 137
608 286 322
105 8 97
96 46 50
129 46 83
187 42 145
94 14 80
136 59 77
169 33 136
100 10 90
114 55 59
112 38 74
127 46 81
95 27 68
195 65 130
147 32 115
237 99 138
255 89 166
102 14 88
112 12 100
760 319 441
107 21 86
119 42 77
296 115 181
177 85 92
139 25 114
173 70 103
297 111 186
317 136 181
207 74 133
104 31 73
304 109 195
143 37 106
117 20 97
153 36 117
438 202 236
116 22 94
126 20 106
97 18 79
106 24 82
240 71 169
104 18 86
568 234 334
189 88 101
323 107 216
95 12 83
93 22 71
