718 718 0
108 108 0
169 169 0
186 186 0
208 208 0
237 237 0
337 337 0
120 120 0
122 122 0
166 166 0
111 111 0
114 114 0
205 205 0
124 124 0
720 720 0
361 361 0
140 140 0
673 673 0
126 126 0
721 721 0
166 166 0
149 149 0
190 190 0
118 118 0
191 191 0
316 316 0
121 121 0
234 234 0
133 133 0
130 130 0
507 507 0
116 116 0
130 130 0
112 112 0
129 129 0
195 195 0
205 205 0
484 484 0
255 255 0
123 123 0
110 110 0
249 249 0
174 174 0
205 205 0
840 840 0
506 506 0
146 146 0
221 221 0
142 142 0
260 260 0
170 170 0
670 670 0
142 142 0
113 113 0
261 261 0
281 281 0
231 231 0
505 505 0
282 282 0
168 168 0
241 241 0
362 362 0
284 284 0
215 215 0
254 254 0
118 118 0
