629 627 2
203 203 0
246 246 0
185 185 0
147 147 0
247 247 0
591 589 2
481 481 0
176 176 0
196 196 0
232 232 0
155 155 0
179 179 0
128 128 0
325 325 0
209 209 0
632 628 4
260 260 0
117 117 0
913 905 8
267 267 0
142 142 0
208 208 0
168 168 0
159 159 0
594 591 3
912 896 16
117 117 0
139 139 0
236 236 0
327 327 0
165 165 0
204 204 0
114 114 0
670 669 1
629 624 5
200 200 0
176 176 0
480 479 1
104 104 0
241 241 0
113 113 0
325 324 1
161 161 0
242 242 0
107 107 0
125 125 0
192 192 0
404 404 0
837 830 7
165 165 0
