# Task,   Job,     Period,   Response, DL Miss?,   Lateness,  Tardiness
# task NAME=myapp PID=14108 COST=28528000 PERIOD=88000000 CPU=0
 14108,     2,   88000000,       3496,        0,  -87996504,          0
 14108,     3,   88000000,     222961,        0,  -87777039,          0
 14108,     4,   88000000,   28395324,        0,  -59604676,          0
 14108,     5,   88000000,   28360686,        0,  -59639314,          0
 14108,     6,   88000000,   28722385,        0,  -59277615,          0
 14108,     7,   88000000,   28318382,        0,  -59681618,          0
 14108,     8,   88000000,   28611605,        0,  -59388395,          0
 14108,     9,   88000000,   28358655,        0,  -59641345,          0
 14108,    10,   88000000,   28304592,        0,  -59695408,          0
 14108,    11,   88000000,   28610744,        0,  -59389256,          0
 14108,    12,   88000000,   35467323,        0,  -52532677,          0
 14108,    13,   88000000,   28387473,        0,  -59612527,          0
 14108,    14,   88000000,   28363680,        0,  -59636320,          0
 14108,    15,   88000000,   45503836,        0,  -42496164,          0
 14108,    16,   88000000,   28365481,        0,  -59634519,          0
 14108,    17,   88000000,   28348977,        0,  -59651023,          0
 14108,    18,   88000000,   28637523,        0,  -59362477,          0
 14108,    19,   88000000,   28910198,        0,  -59089802,          0
 14108,    20,   88000000,   28987426,        0,  -59012574,          0
 14108,    21,   88000000,   29401686,        0,  -58598314,          0
 14108,    22,   88000000,   32231986,        0,  -55768014,          0
 14108,    23,   88000000,   28378134,        0,  -59621866,          0
 14108,    24,   88000000,   29026733,        0,  -58973267,          0
 14108,    25,   88000000,   29568351,        0,  -58431649,          0
 14108,    26,   88000000,   37130452,        0,  -50869548,          0
 14108,    27,   88000000,   28554687,        0,  -59445313,          0
 14108,    28,   88000000,   28601130,        0,  -59398870,          0
 14108,    29,   88000000,   29412378,        0,  -58587622,          0
 14108,    30,   88000000,   28361340,        0,  -59638660,          0
 14108,    31,   88000000,   28382539,        0,  -59617461,          0
 14108,    32,   88000000,   31709964,        0,  -56290036,          0
 14108,    33,   88000000,   28340571,        0,  -59659429,          0
 14108,    34,   88000000,   28368822,        0,  -59631178,          0
 14108,    35,   88000000,   28636846,        0,  -59363154,          0
 14108,    36,   88000000,   28378527,        0,  -59621473,          0
 14108,    37,   88000000,   28316908,        0,  -59683092,          0
 14108,    38,   88000000,   28645024,        0,  -59354976,          0
 14108,    39,   88000000,   40690524,        0,  -47309476,          0
 14108,    40,   88000000,   28381533,        0,  -59618467,          0
 14108,    41,   88000000,   33358909,        0,  -54641091,          0
 14108,    42,   88000000,   32486604,        0,  -55513396,          0
 14108,    43,   88000000,   29227155,        0,  -58772845,          0
 14108,    44,   88000000,   28335874,        0,  -59664126,          0
 14108,    45,   88000000,   28795979,        0,  -59204021,          0
 14108,    46,   88000000,   28372348,        0,  -59627652,          0
 14108,    47,   88000000,   28339850,        0,  -59660150,          0
 14108,    48,   88000000,   28405398,        0,  -59594602,          0
 14108,    49,   88000000,   28341240,        0,  -59658760,          0
 14108,    50,   88000000,   28297864,        0,  -59702136,          0
 14108,    51,   88000000,   28363301,        0,  -59636699,          0
 14108,    52,   88000000,   28690234,        0,  -59309766,          0
 14108,    53,   88000000,   28364242,        0,  -59635758,          0
 14108,    54,   88000000,   28324856,        0,  -59675144,          0
 14108,    55,   88000000,   28591513,        0,  -59408487,          0
 14108,    56,   88000000,   32673716,        0,  -55326284,          0
 14108,    57,   88000000,   28441174,        0,  -59558826,          0
 14108,    58,   88000000,   43079989,        0,  -44920011,          0
 14108,    59,   88000000,   28341158,        0,  -59658842,          0
 14108,    60,   88000000,   28344704,        0,  -59655296,          0
 14108,    61,   88000000,   33839799,        0,  -54160201,          0
 14108,    62,   88000000,   28650847,        0,  -59349153,          0
 14108,    63,   88000000,   28328526,        0,  -59671474,          0
 14108,    64,   88000000,   31394502,        0,  -56605498,          0
 14108,    65,   88000000,   28675486,        0,  -59324514,          0
 14108,    66,   88000000,   28506604,        0,  -59493396,          0
 14108,    67,   88000000,   28317061,        0,  -59682939,          0
 14108,    68,   88000000,   28348404,        0,  -59651596,          0
 14108,    69,   88000000,   28660080,        0,  -59339920,          0
 14108,    70,   88000000,   28448911,        0,  -59551089,          0
 14108,    71,   88000000,   28765017,        0,  -59234983,          0
 14108,    72,   88000000,   28658736,        0,  -59341264,          0
 14108,    73,   88000000,   28409458,        0,  -59590542,          0
 14108,    74,   88000000,   28318081,        0,  -59681919,          0
 14108,    75,   88000000,   28345275,        0,  -59654725,          0
 14108,    76,   88000000,   28349558,        0,  -59650442,          0
 14108,    77,   88000000,   28336300,        0,  -59663700,          0
 14108,    78,   88000000,   28354500,        0,  -59645500,          0
 14108,    79,   88000000,   28621660,        0,  -59378340,          0
 14108,    80,   88000000,   28351505,        0,  -59648495,          0
 14108,    81,   88000000,   28404610,        0,  -59595390,          0
 14108,    82,   88000000,   30816925,        0,  -57183075,          0
 14108,    83,   88000000,   28361079,        0,  -59638921,          0
 14108,    84,   88000000,   34274098,        0,  -53725902,          0
 14108,    85,   88000000,   28403494,        0,  -59596506,          0
 14108,    86,   88000000,   28652475,        0,  -59347525,          0
 14108,    87,   88000000,   29401576,        0,  -58598424,          0
 14108,    88,   88000000,   32283583,        0,  -55716417,          0
 14108,    89,   88000000,   30042576,        0,  -57957424,          0
 14108,    90,   88000000,   36495388,        0,  -51504612,          0
 14108,    91,   88000000,   28344195,        0,  -59655805,          0
 14108,    92,   88000000,   35257786,        0,  -52742214,          0
 14108,    93,   88000000,   28341946,        0,  -59658054,          0
 14108,    94,   88000000,   28338924,        0,  -59661076,          0
 14108,    95,   88000000,   28366542,        0,  -59633458,          0
 14108,    96,   88000000,   28673708,        0,  -59326292,          0
 14108,    97,   88000000,   29959148,        0,  -58040852,          0
 14108,    98,   88000000,   28502565,        0,  -59497435,          0
 14108,    99,   88000000,   28620924,        0,  -59379076,          0
 14108,   100,   88000000,   28347910,        0,  -59652090,          0
 14108,   101,   88000000,   28348255,        0,  -59651745,          0
 14108,   102,   88000000,   28359098,        0,  -59640902,          0
 14108,   103,   88000000,   29232473,        0,  -58767527,          0
 14108,   104,   88000000,   28444439,        0,  -59555561,          0
 14108,   105,   88000000,   40397406,        0,  -47602594,          0
 14108,   106,   88000000,   30803966,        0,  -57196034,          0
 14108,   107,   88000000,   28376759,        0,  -59623241,          0
 14108,   108,   88000000,   28359766,        0,  -59640234,          0
 14108,   109,   88000000,   28634492,        0,  -59365508,          0
 14108,   110,   88000000,   28318022,        0,  -59681978,          0
 14108,   111,   88000000,   28380061,        0,  -59619939,          0
 14108,   112,   88000000,   30360197,        0,  -57639803,          0
 14108,   113,   88000000,   28671131,        0,  -59328869,          0
 14108,   114,   88000000,   29415998,        0,  -58584002,          0
 14108,   115,   88000000,   33000035,        0,  -54999965,          0
 14108,   116,   88000000,   28628262,        0,  -59371738,          0
 14108,   117,   88000000,   28388013,        0,  -59611987,          0
# task NAME=myapp PID=14112 COST=11281000 PERIOD=87000000 CPU=0
 14112,     2,   87000000,      13743,        0,  -86986257,          0
 14112,     3,   87000000,     218031,        0,  -86781969,          0
 14112,     4,   87000000,   11275028,        0,  -75724972,          0
 14112,     5,   87000000,   11247194,        0,  -75752806,          0
 14112,     6,   87000000,   11322098,        0,  -75677902,          0
 14112,     7,   87000000,   11295178,        0,  -75704822,          0
 14112,     8,   87000000,   11313146,        0,  -75686854,          0
 14112,     9,   87000000,   12369359,        0,  -74630641,          0
 14112,    10,   87000000,   11244496,        0,  -75755504,          0
 14112,    11,   87000000,   11560534,        0,  -75439466,          0
 14112,    12,   87000000,   11282605,        0,  -75717395,          0
 14112,    13,   87000000,   11290024,        0,  -75709976,          0
 14112,    14,   87000000,   11578886,        0,  -75421114,          0
 14112,    15,   87000000,   14002041,        0,  -72997959,          0
 14112,    16,   87000000,   14907471,        0,  -72092529,          0
 14112,    17,   87000000,   11271533,        0,  -75728467,          0
 14112,    18,   87000000,   14326463,        0,  -72673537,          0
 14112,    19,   87000000,   11262501,        0,  -75737499,          0
 14112,    20,   87000000,   11275427,        0,  -75724573,          0
 14112,    21,   87000000,   11266031,        0,  -75733969,          0
 14112,    22,   87000000,   11233923,        0,  -75766077,          0
 14112,    23,   87000000,   16237125,        0,  -70762875,          0
 14112,    24,   87000000,   11658660,        0,  -75341340,          0
 14112,    25,   87000000,   11269141,        0,  -75730859,          0
 14112,    26,   87000000,   11312969,        0,  -75687031,          0
 14112,    27,   87000000,   11318641,        0,  -75681359,          0
 14112,    28,   87000000,   11313548,        0,  -75686452,          0
 14112,    29,   87000000,   11363249,        0,  -75636751,          0
 14112,    30,   87000000,   11257013,        0,  -75742987,          0
 14112,    31,   87000000,   11279246,        0,  -75720754,          0
 14112,    32,   87000000,   11301187,        0,  -75698813,          0
 14112,    33,   87000000,   11284520,        0,  -75715480,          0
 14112,    34,   87000000,   11553073,        0,  -75446927,          0
 14112,    35,   87000000,   18482914,        0,  -68517086,          0
 14112,    36,   87000000,   14709780,        0,  -72290220,          0
 14112,    37,   87000000,   11317336,        0,  -75682664,          0
 14112,    38,   87000000,   11264175,        0,  -75735825,          0
 14112,    39,   87000000,   12173090,        0,  -74826910,          0
 14112,    40,   87000000,   13366387,        0,  -73633613,          0
 14112,    41,   87000000,   13345047,        0,  -73654953,          0
 14112,    42,   87000000,   11270674,        0,  -75729326,          0
 14112,    43,   87000000,   16252626,        0,  -70747374,          0
 14112,    44,   87000000,   16977273,        0,  -70022727,          0
 14112,    45,   87000000,   15307085,        0,  -71692915,          0
 14112,    46,   87000000,   11288500,        0,  -75711500,          0
 14112,    47,   87000000,   13239778,        0,  -73760222,          0
 14112,    48,   87000000,   17313464,        0,  -69686536,          0
 14112,    49,   87000000,   11281890,        0,  -75718110,          0
 14112,    50,   87000000,   11296549,        0,  -75703451,          0
 14112,    51,   87000000,   11285753,        0,  -75714247,          0
 14112,    52,   87000000,   11333023,        0,  -75666977,          0
 14112,    53,   87000000,   11274763,        0,  -75725237,          0
 14112,    54,   87000000,   11297314,        0,  -75702686,          0
 14112,    55,   87000000,   20113815,        0,  -66886185,          0
 14112,    56,   87000000,   11307728,        0,  -75692272,          0
 14112,    57,   87000000,   11588659,        0,  -75411341,          0
 14112,    58,   87000000,   11279707,        0,  -75720293,          0
 14112,    59,   87000000,   14334204,        0,  -72665796,          0
 14112,    60,   87000000,   13366314,        0,  -73633686,          0
 14112,    61,   87000000,   14158207,        0,  -72841793,          0
 14112,    62,   87000000,   11298806,        0,  -75701194,          0
 14112,    63,   87000000,   11283702,        0,  -75716298,          0
 14112,    64,   87000000,   11298349,        0,  -75701651,          0
 14112,    65,   87000000,   12901368,        0,  -74098632,          0
 14112,    66,   87000000,   11275390,        0,  -75724610,          0
 14112,    67,   87000000,   16588911,        0,  -70411089,          0
 14112,    68,   87000000,   18223819,        0,  -68776181,          0
 14112,    69,   87000000,   16797749,        0,  -70202251,          0
 14112,    70,   87000000,   22312746,        0,  -64687254,          0
 14112,    71,   87000000,   11266727,        0,  -75733273,          0
 14112,    72,   87000000,   11328264,        0,  -75671736,          0
 14112,    73,   87000000,   13387130,        0,  -73612870,          0
 14112,    74,   87000000,   11277835,        0,  -75722165,          0
 14112,    75,   87000000,   11256795,        0,  -75743205,          0
 14112,    76,   87000000,   16774583,        0,  -70225417,          0
 14112,    77,   87000000,   15602732,        0,  -71397268,          0
 14112,    78,   87000000,   15362748,        0,  -71637252,          0
 14112,    79,   87000000,   11305747,        0,  -75694253,          0
 14112,    80,   87000000,   11578829,        0,  -75421171,          0
 14112,    81,   87000000,   11291600,        0,  -75708400,          0
 14112,    82,   87000000,   11489357,        0,  -75510643,          0
 14112,    83,   87000000,   12347966,        0,  -74652034,          0
 14112,    84,   87000000,   11331114,        0,  -75668886,          0
 14112,    85,   87000000,   11304529,        0,  -75695471,          0
 14112,    86,   87000000,   13386586,        0,  -73613414,          0
 14112,    87,   87000000,   11278691,        0,  -75721309,          0
 14112,    88,   87000000,   11268800,        0,  -75731200,          0
 14112,    89,   87000000,   15335093,        0,  -71664907,          0
 14112,    90,   87000000,   11260052,        0,  -75739948,          0
 14112,    91,   87000000,   11235994,        0,  -75764006,          0
 14112,    92,   87000000,   11294952,        0,  -75705048,          0
 14112,    93,   87000000,   14350574,        0,  -72649426,          0
 14112,    94,   87000000,   11284614,        0,  -75715386,          0
 14112,    95,   87000000,   11247245,        0,  -75752755,          0
 14112,    96,   87000000,   11310677,        0,  -75689323,          0
 14112,    97,   87000000,   11280089,        0,  -75719911,          0
 14112,    98,   87000000,   11311591,        0,  -75688409,          0
 14112,    99,   87000000,   11301037,        0,  -75698963,          0
 14112,   100,   87000000,   11233918,        0,  -75766082,          0
 14112,   101,   87000000,   11309512,        0,  -75690488,          0
 14112,   102,   87000000,   11257357,        0,  -75742643,          0
 14112,   103,   87000000,   11565319,        0,  -75434681,          0
 14112,   104,   87000000,   11274539,        0,  -75725461,          0
 14112,   105,   87000000,   11290349,        0,  -75709651,          0
 14112,   106,   87000000,   11337507,        0,  -75662493,          0
 14112,   107,   87000000,   19420310,        0,  -67579690,          0
 14112,   108,   87000000,   11271833,        0,  -75728167,          0
 14112,   109,   87000000,   18391530,        0,  -68608470,          0
 14112,   110,   87000000,   11267450,        0,  -75732550,          0
 14112,   111,   87000000,   11340803,        0,  -75659197,          0
 14112,   112,   87000000,   11284176,        0,  -75715824,          0
 14112,   113,   87000000,   11292563,        0,  -75707437,          0
 14112,   114,   87000000,   11286740,        0,  -75713260,          0
 14112,   115,   87000000,   11280716,        0,  -75719284,          0
 14112,   116,   87000000,   15463909,        0,  -71536091,          0
 14112,   117,   87000000,   11355913,        0,  -75644087,          0
 14112,   118,   87000000,   11294700,        0,  -75705300,          0
# task NAME=myapp PID=14115 COST=25730000 PERIOD=91000000 CPU=0
 14115,     2,   91000000,      13655,        0,  -90986345,          0
 14115,     3,   91000000,     240458,        0,  -90759542,          0
 14115,     4,   91000000,   25592954,        0,  -65407046,          0
 14115,     5,   91000000,   25833272,        0,  -65166728,          0
 14115,     6,   91000000,   25559582,        0,  -65440418,          0
 14115,     7,   91000000,   25553401,        0,  -65446599,          0
 14115,     8,   91000000,   25846299,        0,  -65153701,          0
 14115,     9,   91000000,   25632569,        0,  -65367431,          0
 14115,    10,   91000000,   25542479,        0,  -65457521,          0
 14115,    11,   91000000,   29173331,        0,  -61826669,          0
 14115,    12,   91000000,   25809396,        0,  -65190604,          0
 14115,    13,   91000000,   25538415,        0,  -65461585,          0
 14115,    14,   91000000,   27588590,        0,  -63411410,          0
 14115,    15,   91000000,   26209221,        0,  -64790779,          0
 14115,    16,   91000000,   25818940,        0,  -65181060,          0
 14115,    17,   91000000,   29579912,        0,  -61420088,          0
 14115,    18,   91000000,   25567933,        0,  -65432067,          0
 14115,    19,   91000000,   25850871,        0,  -65149129,          0
 14115,    20,   91000000,   25559379,        0,  -65440621,          0
 14115,    21,   91000000,   25549718,        0,  -65450282,          0
 14115,    22,   91000000,   25580351,        0,  -65419649,          0
 14115,    23,   91000000,   25910375,        0,  -65089625,          0
 14115,    24,   91000000,   25599087,        0,  -65400913,          0
 14115,    25,   91000000,   25544834,        0,  -65455166,          0
 14115,    26,   91000000,   25610264,        0,  -65389736,          0
 14115,    27,   91000000,   27161290,        0,  -63838710,          0
 14115,    28,   91000000,   25638815,        0,  -65361185,          0
 14115,    29,   91000000,   25553856,        0,  -65446144,          0
 14115,    30,   91000000,   25836003,        0,  -65163997,          0
 14115,    31,   91000000,   25544336,        0,  -65455664,          0
 14115,    32,   91000000,   25656443,        0,  -65343557,          0
 14115,    33,   91000000,   25593115,        0,  -65406885,          0
 14115,    34,   91000000,   25827877,        0,  -65172123,          0
 14115,    35,   91000000,   25571581,        0,  -65428419,          0
 14115,    36,   91000000,   25994564,        0,  -65005436,          0
 14115,    37,   91000000,   25594653,        0,  -65405347,          0
 14115,    38,   91000000,   25852611,        0,  -65147389,          0
 14115,    39,   91000000,   26030046,        0,  -64969954,          0
 14115,    40,   91000000,   29237927,        0,  -61762073,          0
 14115,    41,   91000000,   25529835,        0,  -65470165,          0
 14115,    42,   91000000,   25583334,        0,  -65416666,          0
 14115,    43,   91000000,   25561331,        0,  -65438669,          0
 14115,    44,   91000000,   25564745,        0,  -65435255,          0
 14115,    45,   91000000,   29766468,        0,  -61233532,          0
 14115,    46,   91000000,   25529107,        0,  -65470893,          0
 14115,    47,   91000000,   25555735,        0,  -65444265,          0
 14115,    48,   91000000,   28935803,        0,  -62064197,          0
 14115,    49,   91000000,   25820085,        0,  -65179915,          0
 14115,    50,   91000000,   25548152,        0,  -65451848,          0
 14115,    51,   91000000,   25678881,        0,  -65321119,          0
 14115,    52,   91000000,   40664919,        0,  -50335081,          0
 14115,    53,   91000000,   25578067,        0,  -65421933,          0
 14115,    54,   91000000,   25555184,        0,  -65444816,          0
 14115,    55,   91000000,   26641427,        0,  -64358573,          0
 14115,    56,   91000000,   25841661,        0,  -65158339,          0
 14115,    57,   91000000,   25570687,        0,  -65429313,          0
 14115,    58,   91000000,   25744127,        0,  -65255873,          0
 14115,    59,   91000000,   25596562,        0,  -65403438,          0
 14115,    60,   91000000,   25863923,        0,  -65136077,          0
 14115,    61,   91000000,   26736453,        0,  -64263547,          0
 14115,    62,   91000000,   26664251,        0,  -64335749,          0
 14115,    63,   91000000,   28557733,        0,  -62442267,          0
 14115,    64,   91000000,   28498351,        0,  -62501649,          0
 14115,    65,   91000000,   25662156,        0,  -65337844,          0
 14115,    66,   91000000,   25624048,        0,  -65375952,          0
 14115,    67,   91000000,   45953999,        0,  -45046001,          0
 14115,    68,   91000000,   25604661,        0,  -65395339,          0
 14115,    69,   91000000,   27329402,        0,  -63670598,          0
 14115,    70,   91000000,   25556440,        0,  -65443560,          0
 14115,    71,   91000000,   25891083,        0,  -65108917,          0
 14115,    72,   91000000,   25573526,        0,  -65426474,          0
 14115,    73,   91000000,   26810615,        0,  -64189385,          0
 14115,    74,   91000000,   26667062,        0,  -64332938,          0
 14115,    75,   91000000,   25581075,        0,  -65418925,          0
 14115,    76,   91000000,   36027188,        0,  -54972812,          0
 14115,    77,   91000000,   28669533,        0,  -62330467,          0
 14115,    78,   91000000,   38414822,        0,  -52585178,          0
 14115,    79,   91000000,   29462688,        0,  -61537312,          0
 14115,    80,   91000000,   25594098,        0,  -65405902,          0
 14115,    81,   91000000,   25573465,        0,  -65426535,          0
 14115,    82,   91000000,   25909214,        0,  -65090786,          0
 14115,    83,   91000000,   25550703,        0,  -65449297,          0
 14115,    84,   91000000,   25579792,        0,  -65420208,          0
 14115,    85,   91000000,   29487540,        0,  -61512460,          0
 14115,    86,   91000000,   25580466,        0,  -65419534,          0
 14115,    87,   91000000,   26475297,        0,  -64524703,          0
 14115,    88,   91000000,   25576493,        0,  -65423507,          0
 14115,    89,   91000000,   25863338,        0,  -65136662,          0
 14115,    90,   91000000,   25618407,        0,  -65381593,          0
 14115,    91,   91000000,   25605392,        0,  -65394608,          0
 14115,    92,   91000000,   25564650,        0,  -65435350,          0
 14115,    93,   91000000,   25818095,        0,  -65181905,          0
 14115,    94,   91000000,   25585244,        0,  -65414756,          0
 14115,    95,   91000000,   26069168,        0,  -64930832,          0
 14115,    96,   91000000,   25617578,        0,  -65382422,          0
 14115,    97,   91000000,   35810240,        0,  -55189760,          0
 14115,    98,   91000000,   29703154,        0,  -61296846,          0
 14115,    99,   91000000,   25596676,        0,  -65403324,          0
 14115,   100,   91000000,   25862481,        0,  -65137519,          0
 14115,   101,   91000000,   25560735,        0,  -65439265,          0
 14115,   102,   91000000,   25594281,        0,  -65405719,          0
 14115,   103,   91000000,   26401628,        0,  -64598372,          0
 14115,   104,   91000000,   27915101,        0,  -63084899,          0
 14115,   105,   91000000,   25549186,        0,  -65450814,          0
 14115,   106,   91000000,   25552761,        0,  -65447239,          0
 14115,   107,   91000000,   25698292,        0,  -65301708,          0
 14115,   108,   91000000,   25634947,        0,  -65365053,          0
 14115,   109,   91000000,   25543289,        0,  -65456711,          0
 14115,   110,   91000000,   25577973,        0,  -65422027,          0
 14115,   111,   91000000,   29703623,        0,  -61296377,          0
 14115,   112,   91000000,   26972982,        0,  -64027018,          0
 14115,   113,   91000000,   26627965,        0,  -64372035,          0
# task NAME=myapp PID=14119 COST=7114000 PERIOD=29000000 CPU=0
 14119,     2,   29000000,       3466,        0,  -28996534,          0
 14119,     3,   29000000,     236723,        0,  -28763277,          0
 14119,     4,   29000000,    7130907,        0,  -21869093,          0
 14119,     5,   29000000,    7088980,        0,  -21911020,          0
 14119,     6,   29000000,    7136847,        0,  -21863153,          0
 14119,     7,   29000000,    7243015,        0,  -21756985,          0
 14119,     8,   29000000,    7155071,        0,  -21844929,          0
 14119,     9,   29000000,   10188222,        0,  -18811778,          0
 14119,    10,   29000000,   12655805,        0,  -16344195,          0
 14119,    11,   29000000,    7110588,        0,  -21889412,          0
 14119,    12,   29000000,    7211625,        0,  -21788375,          0
 14119,    13,   29000000,    8119326,        0,  -20880674,          0
 14119,    14,   29000000,    7097128,        0,  -21902872,          0
 14119,    15,   29000000,    7178861,        0,  -21821139,          0
 14119,    16,   29000000,    7973806,        0,  -21026194,          0
 14119,    17,   29000000,   10591793,        0,  -18408207,          0
 14119,    18,   29000000,    7190952,        0,  -21809048,          0
 14119,    19,   29000000,    7159065,        0,  -21840935,          0
 14119,    20,   29000000,    8046663,        0,  -20953337,          0
 14119,    21,   29000000,   10358771,        0,  -18641229,          0
 14119,    22,   29000000,   10187826,        0,  -18812174,          0
 14119,    23,   29000000,    7441878,        0,  -21558122,          0
 14119,    24,   29000000,    7112202,        0,  -21887798,          0
 14119,    25,   29000000,    7167260,        0,  -21832740,          0
 14119,    26,   29000000,    7151258,        0,  -21848742,          0
 14119,    27,   29000000,    7168951,        0,  -21831049,          0
 14119,    28,   29000000,    7119468,        0,  -21880532,          0
 14119,    29,   29000000,    7150879,        0,  -21849121,          0
 14119,    30,   29000000,    7146689,        0,  -21853311,          0
 14119,    31,   29000000,    7647748,        0,  -21352252,          0
 14119,    32,   29000000,    9533463,        0,  -19466537,          0
 14119,    33,   29000000,   11029135,        0,  -17970865,          0
 14119,    34,   29000000,    7085497,        0,  -21914503,          0
 14119,    35,   29000000,    7151695,        0,  -21848305,          0
 14119,    36,   29000000,    7425923,        0,  -21574077,          0
 14119,    37,   29000000,    7099291,        0,  -21900709,          0
 14119,    38,   29000000,    8427573,        0,  -20572427,          0
 14119,    39,   29000000,    7134928,        0,  -21865072,          0
 14119,    40,   29000000,   11964124,        0,  -17035876,          0
 14119,    41,   29000000,    7234064,        0,  -21765936,          0
 14119,    42,   29000000,    7090964,        0,  -21909036,          0
 14119,    43,   29000000,    7095572,        0,  -21904428,          0
 14119,    44,   29000000,   10362031,        0,  -18637969,          0
 14119,    45,   29000000,    7099517,        0,  -21900483,          0
 14119,    46,   29000000,   10988638,        0,  -18011362,          0
 14119,    47,   29000000,   13787000,        0,  -15213000,          0
 14119,    48,   29000000,    9974460,        0,  -19025540,          0
 14119,    49,   29000000,   10179822,        0,  -18820178,          0
 14119,    50,   29000000,    7121408,        0,  -21878592,          0
 14119,    51,   29000000,    7132172,        0,  -21867828,          0
 14119,    52,   29000000,    7143523,        0,  -21856477,          0
 14119,    53,   29000000,    7116113,        0,  -21883887,          0
 14119,    54,   29000000,    7139774,        0,  -21860226,          0
 14119,    55,   29000000,   12683173,        0,  -16316827,          0
 14119,    56,   29000000,    7128077,        0,  -21871923,          0
 14119,    57,   29000000,    7105223,        0,  -21894777,          0
 14119,    58,   29000000,    9257149,        0,  -19742851,          0
 14119,    59,   29000000,    7516598,        0,  -21483402,          0
 14119,    60,   29000000,    7158331,        0,  -21841669,          0
 14119,    61,   29000000,    8769469,        0,  -20230531,          0
 14119,    62,   29000000,    7087405,        0,  -21912595,          0
 14119,    63,   29000000,    9631270,        0,  -19368730,          0
 14119,    64,   29000000,    7215963,        0,  -21784037,          0
 14119,    65,   29000000,    7140516,        0,  -21859484,          0
 14119,    66,   29000000,   10097751,        0,  -18902249,          0
 14119,    67,   29000000,    7136808,        0,  -21863192,          0
 14119,    68,   29000000,    9335374,        0,  -19664626,          0
 14119,    69,   29000000,    7143561,        0,  -21856439,          0
 14119,    70,   29000000,    7154935,        0,  -21845065,          0
 14119,    71,   29000000,    7109924,        0,  -21890076,          0
 14119,    72,   29000000,    7183684,        0,  -21816316,          0
 14119,    73,   29000000,    7538856,        0,  -21461144,          0
 14119,    74,   29000000,    7152937,        0,  -21847063,          0
 14119,    75,   29000000,    9484406,        0,  -19515594,          0
 14119,    76,   29000000,    7166375,        0,  -21833625,          0
 14119,    77,   29000000,    7257792,        0,  -21742208,          0
 14119,    78,   29000000,    7097939,        0,  -21902061,          0
 14119,    79,   29000000,    7501212,        0,  -21498788,          0
 14119,    80,   29000000,    7114281,        0,  -21885719,          0
 14119,    81,   29000000,    7130882,        0,  -21869118,          0
 14119,    82,   29000000,    7129368,        0,  -21870632,          0
 14119,    83,   29000000,    7169673,        0,  -21830327,          0
 14119,    84,   29000000,    7132880,        0,  -21867120,          0
 14119,    85,   29000000,    7113682,        0,  -21886318,          0
 14119,    86,   29000000,    9203718,        0,  -19796282,          0
 14119,    87,   29000000,    7168520,        0,  -21831480,          0
 14119,    88,   29000000,    7175783,        0,  -21824217,          0
 14119,    89,   29000000,    7160177,        0,  -21839823,          0
 14119,    90,   29000000,    7187664,        0,  -21812336,          0
 14119,    91,   29000000,    7164574,        0,  -21835426,          0
 14119,    92,   29000000,    7391016,        0,  -21608984,          0
 14119,    93,   29000000,    7226601,        0,  -21773399,          0
 14119,    94,   29000000,    7236946,        0,  -21763054,          0
 14119,    95,   29000000,    7194660,        0,  -21805340,          0
 14119,    96,   29000000,    7151894,        0,  -21848106,          0
 14119,    97,   29000000,    7116329,        0,  -21883671,          0
 14119,    98,   29000000,    8252213,        0,  -20747787,          0
 14119,    99,   29000000,   11253683,        0,  -17746317,          0
 14119,   100,   29000000,    7214547,        0,  -21785453,          0
 14119,   101,   29000000,    7097949,        0,  -21902051,          0
 14119,   102,   29000000,    7248684,        0,  -21751316,          0
 14119,   103,   29000000,    7181635,        0,  -21818365,          0
 14119,   104,   29000000,    7097767,        0,  -21902233,          0
 14119,   105,   29000000,    7198114,        0,  -21801886,          0
 14119,   106,   29000000,   11363255,        0,  -17636745,          0
 14119,   107,   29000000,    7149078,        0,  -21850922,          0
 14119,   108,   29000000,    7132873,        0,  -21867127,          0
 14119,   109,   29000000,    7104807,        0,  -21895193,          0
 14119,   110,   29000000,    7188557,        0,  -21811443,          0
 14119,   111,   29000000,    7123167,        0,  -21876833,          0
 14119,   112,   29000000,    7132494,        0,  -21867506,          0
 14119,   113,   29000000,    7130563,        0,  -21869437,          0
 14119,   114,   29000000,    9258059,        0,  -19741941,          0
 14119,   115,   29000000,    7130998,        0,  -21869002,          0
 14119,   116,   29000000,    7124987,        0,  -21875013,          0
 14119,   117,   29000000,    9212036,        0,  -19787964,          0
 14119,   118,   29000000,    7134941,        0,  -21865059,          0
 14119,   119,   29000000,    7113785,        0,  -21886215,          0
 14119,   120,   29000000,    7144092,        0,  -21855908,          0
 14119,   121,   29000000,    7120147,        0,  -21879853,          0
 14119,   122,   29000000,    7437680,        0,  -21562320,          0
 14119,   123,   29000000,    7144656,        0,  -21855344,          0
 14119,   124,   29000000,    7142556,        0,  -21857444,          0
 14119,   125,   29000000,    9956115,        0,  -19043885,          0
 14119,   126,   29000000,   12227325,        0,  -16772675,          0
 14119,   127,   29000000,    7125503,        0,  -21874497,          0
 14119,   128,   29000000,    7175132,        0,  -21824868,          0
 14119,   129,   29000000,    7113764,        0,  -21886236,          0
 14119,   130,   29000000,    9188841,        0,  -19811159,          0
 14119,   131,   29000000,    7591673,        0,  -21408327,          0
 14119,   132,   29000000,    7157349,        0,  -21842651,          0
 14119,   133,   29000000,    7155893,        0,  -21844107,          0
 14119,   134,   29000000,    9043312,        0,  -19956688,          0
 14119,   135,   29000000,    7385845,        0,  -21614155,          0
 14119,   136,   29000000,    7737611,        0,  -21262389,          0
 14119,   137,   29000000,    7158861,        0,  -21841139,          0
 14119,   138,   29000000,   15883833,        0,  -13116167,          0
 14119,   139,   29000000,    7860963,        0,  -21139037,          0
 14119,   140,   29000000,    7148149,        0,  -21851851,          0
 14119,   141,   29000000,    7191637,        0,  -21808363,          0
 14119,   142,   29000000,    7219908,        0,  -21780092,          0
 14119,   143,   29000000,    9812006,        0,  -19187994,          0
 14119,   144,   29000000,    7140939,        0,  -21859061,          0
 14119,   145,   29000000,    9040542,        0,  -19959458,          0
 14119,   146,   29000000,    7158967,        0,  -21841033,          0
 14119,   147,   29000000,    7153754,        0,  -21846246,          0
 14119,   148,   29000000,    7423902,        0,  -21576098,          0
 14119,   149,   29000000,    7153262,        0,  -21846738,          0
 14119,   150,   29000000,    7208766,        0,  -21791234,          0
 14119,   151,   29000000,    7165852,        0,  -21834148,          0
 14119,   152,   29000000,    7142215,        0,  -21857785,          0
 14119,   153,   29000000,   12772546,        0,  -16227454,          0
 14119,   154,   29000000,    7149276,        0,  -21850724,          0
 14119,   155,   29000000,    7956879,        0,  -21043121,          0
 14119,   156,   29000000,    7187497,        0,  -21812503,          0
 14119,   157,   29000000,   13180451,        0,  -15819549,          0
 14119,   158,   29000000,    7166824,        0,  -21833176,          0
 14119,   159,   29000000,   12172439,        0,  -16827561,          0
 14119,   160,   29000000,    7141027,        0,  -21858973,          0
 14119,   161,   29000000,    9420298,        0,  -19579702,          0
 14119,   162,   29000000,    7184269,        0,  -21815731,          0
 14119,   163,   29000000,    7126019,        0,  -21873981,          0
 14119,   164,   29000000,    7156883,        0,  -21843117,          0
 14119,   165,   29000000,    7181932,        0,  -21818068,          0
 14119,   166,   29000000,    9115808,        0,  -19884192,          0
 14119,   167,   29000000,    7121373,        0,  -21878627,          0
 14119,   168,   29000000,    7153522,        0,  -21846478,          0
 14119,   169,   29000000,    7156858,        0,  -21843142,          0
 14119,   170,   29000000,    9321867,        0,  -19678133,          0
 14119,   171,   29000000,   10197947,        0,  -18802053,          0
 14119,   172,   29000000,   10502105,        0,  -18497895,          0
 14119,   173,   29000000,    7443001,        0,  -21556999,          0
 14119,   174,   29000000,    9203300,        0,  -19796700,          0
 14119,   175,   29000000,    7180135,        0,  -21819865,          0
 14119,   176,   29000000,    7223508,        0,  -21776492,          0
 14119,   177,   29000000,   11131674,        0,  -17868326,          0
 14119,   178,   29000000,    7547600,        0,  -21452400,          0
 14119,   179,   29000000,    7693260,        0,  -21306740,          0
 14119,   180,   29000000,   10141699,        0,  -18858301,          0
 14119,   181,   29000000,   10529077,        0,  -18470923,          0
 14119,   182,   29000000,    7179308,        0,  -21820692,          0
 14119,   183,   29000000,    7167052,        0,  -21832948,          0
 14119,   184,   29000000,    7137363,        0,  -21862637,          0
 14119,   185,   29000000,    7148949,        0,  -21851051,          0
 14119,   186,   29000000,    7196702,        0,  -21803298,          0
 14119,   187,   29000000,    7098714,        0,  -21901286,          0
 14119,   188,   29000000,   10241550,        0,  -18758450,          0
 14119,   189,   29000000,    8224175,        0,  -20775825,          0
 14119,   190,   29000000,    7149155,        0,  -21850845,          0
 14119,   191,   29000000,    7374978,        0,  -21625022,          0
 14119,   192,   29000000,    7152717,        0,  -21847283,          0
 14119,   193,   29000000,    7144273,        0,  -21855727,          0
 14119,   194,   29000000,    7134052,        0,  -21865948,          0
 14119,   195,   29000000,   13666666,        0,  -15333334,          0
 14119,   196,   29000000,    7117617,        0,  -21882383,          0
 14119,   197,   29000000,    7112446,        0,  -21887554,          0
 14119,   198,   29000000,   16119073,        0,  -12880927,          0
 14119,   199,   29000000,    7092399,        0,  -21907601,          0
 14119,   200,   29000000,    7150789,        0,  -21849211,          0
 14119,   201,   29000000,   18194290,        0,  -10805710,          0
 14119,   202,   29000000,    7128581,        0,  -21871419,          0
 14119,   203,   29000000,    7105520,        0,  -21894480,          0
 14119,   204,   29000000,   16185851,        0,  -12814149,          0
 14119,   205,   29000000,   11184725,        0,  -17815275,          0
 14119,   206,   29000000,    7105251,        0,  -21894749,          0
 14119,   207,   29000000,    7117716,        0,  -21882284,          0
 14119,   208,   29000000,    7170404,        0,  -21829596,          0
 14119,   209,   29000000,    8242961,        0,  -20757039,          0
 14119,   210,   29000000,    7132853,        0,  -21867147,          0
 14119,   211,   29000000,    7231554,        0,  -21768446,          0
 14119,   212,   29000000,    9453663,        0,  -19546337,          0
 14119,   213,   29000000,    9118549,        0,  -19881451,          0
 14119,   214,   29000000,   11017015,        0,  -17982985,          0
 14119,   215,   29000000,    7132109,        0,  -21867891,          0
 14119,   216,   29000000,    7141212,        0,  -21858788,          0
 14119,   217,   29000000,    7378419,        0,  -21621581,          0
 14119,   218,   29000000,    7153344,        0,  -21846656,          0
 14119,   219,   29000000,    7316596,        0,  -21683404,          0
 14119,   220,   29000000,   11442386,        0,  -17557614,          0
 14119,   221,   29000000,    8022736,        0,  -20977264,          0
 14119,   222,   29000000,    7364537,        0,  -21635463,          0
 14119,   223,   29000000,    7112885,        0,  -21887115,          0
 14119,   224,   29000000,    7164067,        0,  -21835933,          0
 14119,   225,   29000000,   12472057,        0,  -16527943,          0
 14119,   226,   29000000,    7150685,        0,  -21849315,          0
 14119,   227,   29000000,    7127987,        0,  -21872013,          0
 14119,   228,   29000000,   12735891,        0,  -16264109,          0
 14119,   229,   29000000,    7123086,        0,  -21876914,          0
 14119,   230,   29000000,    7106688,        0,  -21893312,          0
 14119,   231,   29000000,    7189842,        0,  -21810158,          0
 14119,   232,   29000000,    7135085,        0,  -21864915,          0
 14119,   233,   29000000,    7121511,        0,  -21878489,          0
 14119,   234,   29000000,    7173011,        0,  -21826989,          0
 14119,   235,   29000000,    7105831,        0,  -21894169,          0
 14119,   236,   29000000,    7134372,        0,  -21865628,          0
 14119,   237,   29000000,    7173775,        0,  -21826225,          0
 14119,   238,   29000000,    7092182,        0,  -21907818,          0
 14119,   239,   29000000,   10105158,        0,  -18894842,          0
 14119,   240,   29000000,    7161762,        0,  -21838238,          0
 14119,   241,   29000000,   11026799,        0,  -17973201,          0
 14119,   242,   29000000,    7126949,        0,  -21873051,          0
 14119,   243,   29000000,    7176667,        0,  -21823333,          0
 14119,   244,   29000000,    7150652,        0,  -21849348,          0
 14119,   245,   29000000,    7294151,        0,  -21705849,          0
 14119,   246,   29000000,    7997033,        0,  -21002967,          0
 14119,   247,   29000000,    7794001,        0,  -21205999,          0
 14119,   248,   29000000,    7093672,        0,  -21906328,          0
 14119,   249,   29000000,    7154365,        0,  -21845635,          0
 14119,   250,   29000000,    7148982,        0,  -21851018,          0
 14119,   251,   29000000,    7155066,        0,  -21844934,          0
 14119,   252,   29000000,    9229201,        0,  -19770799,          0
 14119,   253,   29000000,    7120035,        0,  -21879965,          0
 14119,   254,   29000000,    7166372,        0,  -21833628,          0
 14119,   255,   29000000,    7136014,        0,  -21863986,          0
 14119,   256,   29000000,   17934984,        0,  -11065016,          0
 14119,   257,   29000000,    7113571,        0,  -21886429,          0
 14119,   258,   29000000,    7942577,        0,  -21057423,          0
 14119,   259,   29000000,    7152734,        0,  -21847266,          0
 14119,   260,   29000000,    7382918,        0,  -21617082,          0
 14119,   261,   29000000,    7133676,        0,  -21866324,          0
 14119,   262,   29000000,    7140353,        0,  -21859647,          0
 14119,   263,   29000000,    7141273,        0,  -21858727,          0
 14119,   264,   29000000,    7120503,        0,  -21879497,          0
 14119,   265,   29000000,    9061599,        0,  -19938401,          0
 14119,   266,   29000000,    7126035,        0,  -21873965,          0
 14119,   267,   29000000,    7124891,        0,  -21875109,          0
 14119,   268,   29000000,    7123394,        0,  -21876606,          0
 14119,   269,   29000000,    7203202,        0,  -21796798,          0
 14119,   270,   29000000,    7151909,        0,  -21848091,          0
 14119,   271,   29000000,    7096593,        0,  -21903407,          0
 14119,   272,   29000000,    7122136,        0,  -21877864,          0
 14119,   273,   29000000,    7423017,        0,  -21576983,          0
 14119,   274,   29000000,    8248662,        0,  -20751338,          0
 14119,   275,   29000000,    7098960,        0,  -21901040,          0
 14119,   276,   29000000,    7164029,        0,  -21835971,          0
 14119,   277,   29000000,    7126225,        0,  -21873775,          0
 14119,   278,   29000000,    7177889,        0,  -21822111,          0
 14119,   279,   29000000,    7160027,        0,  -21839973,          0
 14119,   280,   29000000,    7181480,        0,  -21818520,          0
 14119,   281,   29000000,    8425246,        0,  -20574754,          0
 14119,   282,   29000000,    7159623,        0,  -21840377,          0
 14119,   283,   29000000,    7127424,        0,  -21872576,          0
 14119,   284,   29000000,    7118345,        0,  -21881655,          0
 14119,   285,   29000000,    7149382,        0,  -21850618,          0
 14119,   286,   29000000,    7545946,        0,  -21454054,          0
 14119,   287,   29000000,    8553390,        0,  -20446610,          0
 14119,   288,   29000000,    7173990,        0,  -21826010,          0
 14119,   289,   29000000,   10203493,        0,  -18796507,          0
 14119,   290,   29000000,    7153717,        0,  -21846283,          0
 14119,   291,   29000000,    7159353,        0,  -21840647,          0
 14119,   292,   29000000,    7119287,        0,  -21880713,          0
 14119,   293,   29000000,    7145423,        0,  -21854577,          0
 14119,   294,   29000000,    7115338,        0,  -21884662,          0
 14119,   295,   29000000,    7104437,        0,  -21895563,          0
 14119,   296,   29000000,    7130354,        0,  -21869646,          0
 14119,   297,   29000000,    7190296,        0,  -21809704,          0
 14119,   298,   29000000,   11070129,        0,  -17929871,          0
 14119,   299,   29000000,    9929693,        0,  -19070307,          0
 14119,   300,   29000000,    7150811,        0,  -21849189,          0
 14119,   301,   29000000,    7127448,        0,  -21872552,          0
 14119,   302,   29000000,    7137624,        0,  -21862376,          0
 14119,   303,   29000000,    7181440,        0,  -21818560,          0
 14119,   304,   29000000,    7115494,        0,  -21884506,          0
 14119,   305,   29000000,    7202821,        0,  -21797179,          0
 14119,   306,   29000000,    7133234,        0,  -21866766,          0
 14119,   307,   29000000,   10638216,        0,  -18361784,          0
 14119,   308,   29000000,    7123357,        0,  -21876643,          0
 14119,   309,   29000000,    7108852,        0,  -21891148,          0
 14119,   310,   29000000,   10996721,        0,  -18003279,          0
 14119,   311,   29000000,   12384822,        0,  -16615178,          0
 14119,   312,   29000000,    7152344,        0,  -21847656,          0
 14119,   313,   29000000,    7153736,        0,  -21846264,          0
 14119,   314,   29000000,   10223487,        0,  -18776513,          0
 14119,   315,   29000000,    8368971,        0,  -20631029,          0
 14119,   316,   29000000,    7405581,        0,  -21594419,          0
 14119,   317,   29000000,    7192703,        0,  -21807297,          0
 14119,   318,   29000000,    7184908,        0,  -21815092,          0
 14119,   319,   29000000,    7146559,        0,  -21853441,          0
 14119,   320,   29000000,    7134569,        0,  -21865431,          0
 14119,   321,   29000000,    8404564,        0,  -20595436,          0
 14119,   322,   29000000,    7123774,        0,  -21876226,          0
 14119,   323,   29000000,    8184410,        0,  -20815590,          0
 14119,   324,   29000000,    7136399,        0,  -21863601,          0
 14119,   325,   29000000,    7095395,        0,  -21904605,          0
 14119,   326,   29000000,   11851531,        0,  -17148469,          0
 14119,   327,   29000000,    7232287,        0,  -21767713,          0
 14119,   328,   29000000,   11199184,        0,  -17800816,          0
 14119,   329,   29000000,    8388106,        0,  -20611894,          0
 14119,   330,   29000000,    7165321,        0,  -21834679,          0
 14119,   331,   29000000,    7112139,        0,  -21887861,          0
 14119,   332,   29000000,    7126252,        0,  -21873748,          0
 14119,   333,   29000000,    7181203,        0,  -21818797,          0
 14119,   334,   29000000,    7134541,        0,  -21865459,          0
 14119,   335,   29000000,    7127588,        0,  -21872412,          0
 14119,   336,   29000000,    7125017,        0,  -21874983,          0
 14119,   337,   29000000,    7350829,        0,  -21649171,          0
 14119,   338,   29000000,    7116904,        0,  -21883096,          0
 14119,   339,   29000000,    7153268,        0,  -21846732,          0
 14119,   340,   29000000,    7174478,        0,  -21825522,          0
 14119,   341,   29000000,    9238463,        0,  -19761537,          0
 14119,   342,   29000000,   11169804,        0,  -17830196,          0
 14119,   343,   29000000,    7336529,        0,  -21663471,          0
 14119,   344,   29000000,    7143948,        0,  -21856052,          0
 14119,   345,   29000000,    7147934,        0,  -21852066,          0
 14119,   346,   29000000,    7137009,        0,  -21862991,          0
 14119,   347,   29000000,    7145944,        0,  -21854056,          0
 14119,   348,   29000000,    7193278,        0,  -21806722,          0
# task NAME=myapp PID=14123 COST=17339000 PERIOD=99000000 CPU=0
 14123,     2,   99000000,      13738,        0,  -98986262,          0
 14123,     3,   99000000,     243230,        0,  -98756770,          0
 14123,     4,   99000000,   17584967,        0,  -81415033,          0
 14123,     5,   99000000,   21072596,        0,  -77927404,          0
 14123,     6,   99000000,   18066314,        0,  -80933686,          0
 14123,     7,   99000000,   17298550,        0,  -81701450,          0
 14123,     8,   99000000,   17237199,        0,  -81762801,          0
 14123,     9,   99000000,   17310482,        0,  -81689518,          0
 14123,    10,   99000000,   17513694,        0,  -81486306,          0
 14123,    11,   99000000,   17261995,        0,  -81738005,          0
 14123,    12,   99000000,   17251177,        0,  -81748823,          0
 14123,    13,   99000000,   26511237,        0,  -72488763,          0
 14123,    14,   99000000,   17309577,        0,  -81690423,          0
 14123,    15,   99000000,   17252235,        0,  -81747765,          0
 14123,    16,   99000000,   17236236,        0,  -81763764,          0
 14123,    17,   99000000,   17231399,        0,  -81768601,          0
 14123,    18,   99000000,   17240017,        0,  -81759983,          0
 14123,    19,   99000000,   17288895,        0,  -81711105,          0
 14123,    20,   99000000,   18337273,        0,  -80662727,          0
 14123,    21,   99000000,   17287079,        0,  -81712921,          0
 14123,    22,   99000000,   21455207,        0,  -77544793,          0
 14123,    23,   99000000,   17664644,        0,  -81335356,          0
 14123,    24,   99000000,   17509890,        0,  -81490110,          0
 14123,    25,   99000000,   17254769,        0,  -81745231,          0
 14123,    26,   99000000,   17249233,        0,  -81750767,          0
 14123,    27,   99000000,   17286666,        0,  -81713334,          0
 14123,    28,   99000000,   17339147,        0,  -81660853,          0
 14123,    29,   99000000,   17565387,        0,  -81434613,          0
 14123,    30,   99000000,   19403973,        0,  -79596027,          0
 14123,    31,   99000000,   17315217,        0,  -81684783,          0
 14123,    32,   99000000,   19041376,        0,  -79958624,          0
 14123,    33,   99000000,   22628770,        0,  -76371230,          0
 14123,    34,   99000000,   17547274,        0,  -81452726,          0
 14123,    35,   99000000,   18313985,        0,  -80686015,          0
 14123,    36,   99000000,   17282986,        0,  -81717014,          0
 14123,    37,   99000000,   24274275,        0,  -74725725,          0
 14123,    38,   99000000,   17250303,        0,  -81749697,          0
 14123,    39,   99000000,   17292728,        0,  -81707272,          0
 14123,    40,   99000000,   22660311,        0,  -76339689,          0
 14123,    41,   99000000,   20345098,        0,  -78654902,          0
 14123,    42,   99000000,   17297374,        0,  -81702626,          0
 14123,    43,   99000000,   17314522,        0,  -81685478,          0
 14123,    44,   99000000,   17262416,        0,  -81737584,          0
 14123,    45,   99000000,   17259087,        0,  -81740913,          0
 14123,    46,   99000000,   19333837,        0,  -79666163,          0
 14123,    47,   99000000,   20032879,        0,  -78967121,          0
 14123,    48,   99000000,   17523377,        0,  -81476623,          0
 14123,    49,   99000000,   17247518,        0,  -81752482,          0
 14123,    50,   99000000,   17255353,        0,  -81744647,          0
 14123,    51,   99000000,   17287618,        0,  -81712382,          0
 14123,    52,   99000000,   28891514,        0,  -70108486,          0
 14123,    53,   99000000,   17700107,        0,  -81299893,          0
 14123,    54,   99000000,   21179118,        0,  -77820882,          0
 14123,    55,   99000000,   18055396,        0,  -80944604,          0
 14123,    56,   99000000,   17279789,        0,  -81720211,          0
 14123,    57,   99000000,   17249385,        0,  -81750615,          0
 14123,    58,   99000000,   17542103,        0,  -81457897,          0
 14123,    59,   99000000,   19235362,        0,  -79764638,          0
 14123,    60,   99000000,   26307593,        0,  -72692407,          0
 14123,    61,   99000000,   27142978,        0,  -71857022,          0
 14123,    62,   99000000,   25250323,        0,  -73749677,          0
 14123,    63,   99000000,   17542519,        0,  -81457481,          0
 14123,    64,   99000000,   17460234,        0,  -81539766,          0
 14123,    65,   99000000,   17277947,        0,  -81722053,          0
 14123,    66,   99000000,   17286108,        0,  -81713892,          0
 14123,    67,   99000000,   17290460,        0,  -81709540,          0
 14123,    68,   99000000,   17253188,        0,  -81746812,          0
 14123,    69,   99000000,   19638908,        0,  -79361092,          0
 14123,    70,   99000000,   25182894,        0,  -73817106,          0
 14123,    71,   99000000,   17845019,        0,  -81154981,          0
 14123,    72,   99000000,   19337091,        0,  -79662909,          0
 14123,    73,   99000000,   17288972,        0,  -81711028,          0
 14123,    74,   99000000,   17279355,        0,  -81720645,          0
 14123,    75,   99000000,   21358988,        0,  -77641012,          0
 14123,    76,   99000000,   17297924,        0,  -81702076,          0
 14123,    77,   99000000,   17804841,        0,  -81195159,          0
 14123,    78,   99000000,   18966303,        0,  -80033697,          0
 14123,    79,   99000000,   21253594,        0,  -77746406,          0
 14123,    80,   99000000,   17231617,        0,  -81768383,          0
 14123,    81,   99000000,   17246209,        0,  -81753791,          0
 14123,    82,   99000000,   17561040,        0,  -81438960,          0
 14123,    83,   99000000,   17282355,        0,  -81717645,          0
 14123,    84,   99000000,   17391333,        0,  -81608667,          0
 14123,    85,   99000000,   18371852,        0,  -80628148,          0
 14123,    86,   99000000,   17271498,        0,  -81728502,          0
 14123,    87,   99000000,   18438788,        0,  -80561212,          0
 14123,    88,   99000000,   17229670,        0,  -81770330,          0
 14123,    89,   99000000,   17353843,        0,  -81646157,          0
 14123,    90,   99000000,   17286600,        0,  -81713400,          0
 14123,    91,   99000000,   17272063,        0,  -81727937,          0
 14123,    92,   99000000,   24134203,        0,  -74865797,          0
 14123,    93,   99000000,   17253592,        0,  -81746408,          0
 14123,    94,   99000000,   17279942,        0,  -81720058,          0
 14123,    95,   99000000,   17268345,        0,  -81731655,          0
 14123,    96,   99000000,   19438254,        0,  -79561746,          0
 14123,    97,   99000000,   17274625,        0,  -81725375,          0
 14123,    98,   99000000,   20316545,        0,  -78683455,          0
 14123,    99,   99000000,   17324091,        0,  -81675909,          0
 14123,   100,   99000000,   17270850,        0,  -81729150,          0
 14123,   101,   99000000,   18533372,        0,  -80466628,          0
 14123,   102,   99000000,   17253872,        0,  -81746128,          0
 14123,   103,   99000000,   17285249,        0,  -81714751,          0
 14123,   104,   99000000,   17222094,        0,  -81777906,          0
 14123,   105,   99000000,   17285030,        0,  -81714970,          0
# task NAME=myapp PID=14128 COST=14747000 PERIOD=48000000 CPU=0
 14128,     2,   48000000,      15013,        0,  -47984987,          0
 14128,     3,   48000000,     253359,        0,  -47746641,          0
 14128,     4,   48000000,   14687287,        0,  -33312713,          0
 14128,     5,   48000000,   20095155,        0,  -27904845,          0
 14128,     6,   48000000,   14676481,        0,  -33323519,          0
 14128,     7,   48000000,   19562501,        0,  -28437499,          0
 14128,     8,   48000000,   15076481,        0,  -32923519,          0
 14128,     9,   48000000,   17653515,        0,  -30346485,          0
 14128,    10,   48000000,   14705265,        0,  -33294735,          0
 14128,    11,   48000000,   14722853,        0,  -33277147,          0
 14128,    12,   48000000,   14696861,        0,  -33303139,          0
 14128,    13,   48000000,   15757953,        0,  -32242047,          0
 14128,    14,   48000000,   15690738,        0,  -32309262,          0
 14128,    15,   48000000,   14918280,        0,  -33081720,          0
 14128,    16,   48000000,   15529339,        0,  -32470661,          0
 14128,    17,   48000000,   14677529,        0,  -33322471,          0
 14128,    18,   48000000,   21459219,        0,  -26540781,          0
 14128,    19,   48000000,   14704284,        0,  -33295716,          0
 14128,    20,   48000000,   14704771,        0,  -33295229,          0
 14128,    21,   48000000,   14693608,        0,  -33306392,          0
 14128,    22,   48000000,   14976659,        0,  -33023341,          0
 14128,    23,   48000000,   14678416,        0,  -33321584,          0
 14128,    24,   48000000,   14678924,        0,  -33321076,          0
 14128,    25,   48000000,   28474661,        0,  -19525339,          0
 14128,    26,   48000000,   15320337,        0,  -32679663,          0
 14128,    27,   48000000,   14676898,        0,  -33323102,          0
 14128,    28,   48000000,   16064675,        0,  -31935325,          0
 14128,    29,   48000000,   20562650,        0,  -27437350,          0
 14128,    30,   48000000,   14684747,        0,  -33315253,          0
 14128,    31,   48000000,   14674215,        0,  -33325785,          0
 14128,    32,   48000000,   14713249,        0,  -33286751,          0
 14128,    33,   48000000,   14697868,        0,  -33302132,          0
 14128,    34,   48000000,   15753323,        0,  -32246677,          0
 14128,    35,   48000000,   14827379,        0,  -33172621,          0
 14128,    36,   48000000,   14738399,        0,  -33261601,          0
 14128,    37,   48000000,   14682388,        0,  -33317612,          0
 14128,    38,   48000000,   14687558,        0,  -33312442,          0
 14128,    39,   48000000,   14684740,        0,  -33315260,          0
 14128,    40,   48000000,   14653890,        0,  -33346110,          0
 14128,    41,   48000000,   16054291,        0,  -31945709,          0
 14128,    42,   48000000,   14800822,        0,  -33199178,          0
 14128,    43,   48000000,   16991854,        0,  -31008146,          0
 14128,    44,   48000000,   14717258,        0,  -33282742,          0
 14128,    45,   48000000,   18843911,        0,  -29156089,          0
 14128,    46,   48000000,   14678606,        0,  -33321394,          0
 14128,    47,   48000000,   15729102,        0,  -32270898,          0
 14128,    48,   48000000,   14669085,        0,  -33330915,          0
 14128,    49,   48000000,   15380586,        0,  -32619414,          0
 14128,    50,   48000000,   14672895,        0,  -33327105,          0
 14128,    51,   48000000,   14719026,        0,  -33280974,          0
 14128,    52,   48000000,   22975049,        0,  -25024951,          0
 14128,    53,   48000000,   15555092,        0,  -32444908,          0
 14128,    54,   48000000,   15150213,        0,  -32849787,          0
 14128,    55,   48000000,   15836291,        0,  -32163709,          0
 14128,    56,   48000000,   14674367,        0,  -33325633,          0
 14128,    57,   48000000,   14651746,        0,  -33348254,          0
 14128,    58,   48000000,   14685426,        0,  -33314574,          0
 14128,    59,   48000000,   15776970,        0,  -32223030,          0
 14128,    60,   48000000,   15153648,        0,  -32846352,          0
 14128,    61,   48000000,   18316744,        0,  -29683256,          0
 14128,    62,   48000000,   14946954,        0,  -33053046,          0
 14128,    63,   48000000,   14682266,        0,  -33317734,          0
 14128,    64,   48000000,   15744149,        0,  -32255851,          0
 14128,    65,   48000000,   14756420,        0,  -33243580,          0
 14128,    66,   48000000,   14669850,        0,  -33330150,          0
 14128,    67,   48000000,   14961081,        0,  -33038919,          0
 14128,    68,   48000000,   14721638,        0,  -33278362,          0
 14128,    69,   48000000,   14755526,        0,  -33244474,          0
 14128,    70,   48000000,   15826610,        0,  -32173390,          0
 14128,    71,   48000000,   14692164,        0,  -33307836,          0
 14128,    72,   48000000,   14670600,        0,  -33329400,          0
 14128,    73,   48000000,   15718379,        0,  -32281621,          0
 14128,    74,   48000000,   14693738,        0,  -33306262,          0
 14128,    75,   48000000,   14956275,        0,  -33043725,          0
 14128,    76,   48000000,   14683463,        0,  -33316537,          0
 14128,    77,   48000000,   14690305,        0,  -33309695,          0
 14128,    78,   48000000,   14703596,        0,  -33296404,          0
 14128,    79,   48000000,   15764454,        0,  -32235546,          0
 14128,    80,   48000000,   14959139,        0,  -33040861,          0
 14128,    81,   48000000,   14657492,        0,  -33342508,          0
 14128,    82,   48000000,   14678712,        0,  -33321288,          0
 14128,    83,   48000000,   14687071,        0,  -33312929,          0
 14128,    84,   48000000,   14655861,        0,  -33344139,          0
 14128,    85,   48000000,   14791784,        0,  -33208216,          0
 14128,    86,   48000000,   18455197,        0,  -29544803,          0
 14128,    87,   48000000,   14695479,        0,  -33304521,          0
 14128,    88,   48000000,   14963193,        0,  -33036807,          0
 14128,    89,   48000000,   14747510,        0,  -33252490,          0
 14128,    90,   48000000,   14697056,        0,  -33302944,          0
 14128,    91,   48000000,   14663632,        0,  -33336368,          0
 14128,    92,   48000000,   16602148,        0,  -31397852,          0
 14128,    93,   48000000,   15007496,        0,  -32992504,          0
 14128,    94,   48000000,   15543327,        0,  -32456673,          0
 14128,    95,   48000000,   14678143,        0,  -33321857,          0
 14128,    96,   48000000,   19754320,        0,  -28245680,          0
 14128,    97,   48000000,   14683452,        0,  -33316548,          0
 14128,    98,   48000000,   14662474,        0,  -33337526,          0
 14128,    99,   48000000,   14680823,        0,  -33319177,          0
 14128,   100,   48000000,   18607933,        0,  -29392067,          0
 14128,   101,   48000000,   14981942,        0,  -33018058,          0
 14128,   102,   48000000,   14719420,        0,  -33280580,          0
 14128,   103,   48000000,   14727246,        0,  -33272754,          0
 14128,   104,   48000000,   24813878,        0,  -23186122,          0
 14128,   105,   48000000,   14671736,        0,  -33328264,          0
 14128,   106,   48000000,   19532095,        0,  -28467905,          0
 14128,   107,   48000000,   14717274,        0,  -33282726,          0
 14128,   108,   48000000,   14725868,        0,  -33274132,          0
 14128,   109,   48000000,   18659837,        0,  -29340163,          0
 14128,   110,   48000000,   20633360,        0,  -27366640,          0
 14128,   111,   48000000,   14724398,        0,  -33275602,          0
 14128,   112,   48000000,   15744519,        0,  -32255481,          0
 14128,   113,   48000000,   14712657,        0,  -33287343,          0
 14128,   114,   48000000,   14972252,        0,  -33027748,          0
 14128,   115,   48000000,   14744903,        0,  -33255097,          0
 14128,   116,   48000000,   14673669,        0,  -33326331,          0
 14128,   117,   48000000,   14746777,        0,  -33253223,          0
 14128,   118,   48000000,   14698238,        0,  -33301762,          0
 14128,   119,   48000000,   16462273,        0,  -31537727,          0
 14128,   120,   48000000,   14678399,        0,  -33321601,          0
 14128,   121,   48000000,   14651731,        0,  -33348269,          0
 14128,   122,   48000000,   14680140,        0,  -33319860,          0
 14128,   123,   48000000,   14770522,        0,  -33229478,          0
 14128,   124,   48000000,   14701695,        0,  -33298305,          0
 14128,   125,   48000000,   19673872,        0,  -28326128,          0
 14128,   126,   48000000,   14691366,        0,  -33308634,          0
 14128,   127,   48000000,   14986909,        0,  -33013091,          0
 14128,   128,   48000000,   14702603,        0,  -33297397,          0
 14128,   129,   48000000,   16732970,        0,  -31267030,          0
 14128,   130,   48000000,   14678660,        0,  -33321340,          0
 14128,   131,   48000000,   14712841,        0,  -33287159,          0
 14128,   132,   48000000,   15027004,        0,  -32972996,          0
 14128,   133,   48000000,   14726008,        0,  -33273992,          0
 14128,   134,   48000000,   22080236,        0,  -25919764,          0
 14128,   135,   48000000,   14714239,        0,  -33285761,          0
 14128,   136,   48000000,   14706059,        0,  -33293941,          0
 14128,   137,   48000000,   24151790,        0,  -23848210,          0
 14128,   138,   48000000,   14666521,        0,  -33333479,          0
 14128,   139,   48000000,   15833305,        0,  -32166695,          0
 14128,   140,   48000000,   14938429,        0,  -33061571,          0
 14128,   141,   48000000,   14756116,        0,  -33243884,          0
 14128,   142,   48000000,   14661190,        0,  -33338810,          0
 14128,   143,   48000000,   14694342,        0,  -33305658,          0
 14128,   144,   48000000,   14659652,        0,  -33340348,          0
 14128,   145,   48000000,   14644736,        0,  -33355264,          0
 14128,   146,   48000000,   14727301,        0,  -33272699,          0
 14128,   147,   48000000,   14662211,        0,  -33337789,          0
 14128,   148,   48000000,   14745271,        0,  -33254729,          0
 14128,   149,   48000000,   14667779,        0,  -33332221,          0
 14128,   150,   48000000,   15047339,        0,  -32952661,          0
 14128,   151,   48000000,   14673457,        0,  -33326543,          0
 14128,   152,   48000000,   14774938,        0,  -33225062,          0
 14128,   153,   48000000,   14996055,        0,  -33003945,          0
 14128,   154,   48000000,   14726715,        0,  -33273285,          0
 14128,   155,   48000000,   14730374,        0,  -33269626,          0
 14128,   156,   48000000,   14638119,        0,  -33361881,          0
 14128,   157,   48000000,   14690285,        0,  -33309715,          0
 14128,   158,   48000000,   14688765,        0,  -33311235,          0
 14128,   159,   48000000,   15758939,        0,  -32241061,          0
 14128,   160,   48000000,   14682138,        0,  -33317862,          0
 14128,   161,   48000000,   14840598,        0,  -33159402,          0
 14128,   162,   48000000,   14703300,        0,  -33296700,          0
 14128,   163,   48000000,   14676895,        0,  -33323105,          0
 14128,   164,   48000000,   15243741,        0,  -32756259,          0
 14128,   165,   48000000,   15014989,        0,  -32985011,          0
 14128,   166,   48000000,   14951582,        0,  -33048418,          0
 14128,   167,   48000000,   14689176,        0,  -33310824,          0
 14128,   168,   48000000,   14724695,        0,  -33275305,          0
 14128,   169,   48000000,   18415822,        0,  -29584178,          0
 14128,   170,   48000000,   14678641,        0,  -33321359,          0
 14128,   171,   48000000,   15798004,        0,  -32201996,          0
 14128,   172,   48000000,   14694220,        0,  -33305780,          0
 14128,   173,   48000000,   14699833,        0,  -33300167,          0
 14128,   174,   48000000,   15811211,        0,  -32188789,          0
 14128,   175,   48000000,   14671872,        0,  -33328128,          0
 14128,   176,   48000000,   14633919,        0,  -33366081,          0
 14128,   177,   48000000,   14743017,        0,  -33256983,          0
 14128,   178,   48000000,   15246066,        0,  -32753934,          0
 14128,   179,   48000000,   14972887,        0,  -33027113,          0
 14128,   180,   48000000,   14672848,        0,  -33327152,          0
 14128,   181,   48000000,   14669056,        0,  -33330944,          0
 14128,   182,   48000000,   14888407,        0,  -33111593,          0
 14128,   183,   48000000,   15049382,        0,  -32950618,          0
 14128,   184,   48000000,   14657630,        0,  -33342370,          0
 14128,   185,   48000000,   14745744,        0,  -33254256,          0
 14128,   186,   48000000,   14731705,        0,  -33268295,          0
 14128,   187,   48000000,   15745984,        0,  -32254016,          0
 14128,   188,   48000000,   14741938,        0,  -33258062,          0
 14128,   189,   48000000,   14706118,        0,  -33293882,          0
 14128,   190,   48000000,   17565207,        0,  -30434793,          0
 14128,   191,   48000000,   14659077,        0,  -33340923,          0
 14128,   192,   48000000,   14982372,        0,  -33017628,          0
 14128,   193,   48000000,   15775397,        0,  -32224603,          0
 14128,   194,   48000000,   14705690,        0,  -33294310,          0
 14128,   195,   48000000,   14678863,        0,  -33321137,          0
 14128,   196,   48000000,   14683975,        0,  -33316025,          0
 14128,   197,   48000000,   19650192,        0,  -28349808,          0
 14128,   198,   48000000,   14669133,        0,  -33330867,          0
 14128,   199,   48000000,   16745511,        0,  -31254489,          0
 14128,   200,   48000000,   14948717,        0,  -33051283,          0
 14128,   201,   48000000,   14746764,        0,  -33253236,          0
 14128,   202,   48000000,   14700888,        0,  -33299112,          0
 14128,   203,   48000000,   14701695,        0,  -33298305,          0
 14128,   204,   48000000,   14961620,        0,  -33038380,          0
 14128,   205,   48000000,   15319612,        0,  -32680388,          0
 14128,   206,   48000000,   14697996,        0,  -33302004,          0
 14128,   207,   48000000,   14664628,        0,  -33335372,          0
 14128,   208,   48000000,   16827225,        0,  -31172775,          0
 14128,   209,   48000000,   14726496,        0,  -33273504,          0
 14128,   210,   48000000,   14818259,        0,  -33181741,          0
 14128,   211,   48000000,   14645726,        0,  -33354274,          0
 14128,   212,   48000000,   14724556,        0,  -33275444,          0
# task NAME=myapp PID=14132 COST=8414000 PERIOD=62000000 CPU=0
 14132,     2,   62000000,      23306,        0,  -61976694,          0
 14132,     3,   62000000,     214452,        0,  -61785548,          0
 14132,     4,   62000000,    8445917,        0,  -53554083,          0
 14132,     5,   62000000,    8422642,        0,  -53577358,          0
 14132,     6,   62000000,   12111495,        0,  -49888505,          0
 14132,     7,   62000000,   10465001,        0,  -51534999,          0
 14132,     8,   62000000,    8902844,        0,  -53097156,          0
 14132,     9,   62000000,    8439036,        0,  -53560964,          0
 14132,    10,   62000000,    8391373,        0,  -53608627,          0
 14132,    11,   62000000,    8398393,        0,  -53601607,          0
 14132,    12,   62000000,    8391948,        0,  -53608052,          0
 14132,    13,   62000000,    8417297,        0,  -53582703,          0
 14132,    14,   62000000,   10783040,        0,  -51216960,          0
 14132,    15,   62000000,    8697199,        0,  -53302801,          0
 14132,    16,   62000000,   12272946,        0,  -49727054,          0
 14132,    17,   62000000,    8552345,        0,  -53447655,          0
 14132,    18,   62000000,    8458831,        0,  -53541169,          0
 14132,    19,   62000000,   14471095,        0,  -47528905,          0
 14132,    20,   62000000,   20461801,        0,  -41538199,          0
 14132,    21,   62000000,    8416933,        0,  -53583067,          0
 14132,    22,   62000000,   10856314,        0,  -51143686,          0
 14132,    23,   62000000,    8420307,        0,  -53579693,          0
 14132,    24,   62000000,    8427352,        0,  -53572648,          0
 14132,    25,   62000000,    8406761,        0,  -53593239,          0
 14132,    26,   62000000,    8387598,        0,  -53612402,          0
 14132,    27,   62000000,    8529564,        0,  -53470436,          0
 14132,    28,   62000000,    8410834,        0,  -53589166,          0
 14132,    29,   62000000,    8463675,        0,  -53536325,          0
 14132,    30,   62000000,   10312020,        0,  -51687980,          0
 14132,    31,   62000000,    8446626,        0,  -53553374,          0
 14132,    32,   62000000,   12113309,        0,  -49886691,          0
 14132,    33,   62000000,    8411752,        0,  -53588248,          0
 14132,    34,   62000000,    8835794,        0,  -53164206,          0
 14132,    35,   62000000,    8411550,        0,  -53588450,          0
 14132,    36,   62000000,    8388603,        0,  -53611397,          0
 14132,    37,   62000000,    8400124,        0,  -53599876,          0
 14132,    38,   62000000,    9405754,        0,  -52594246,          0
 14132,    39,   62000000,    8449288,        0,  -53550712,          0
 14132,    40,   62000000,    8777930,        0,  -53222070,          0
 14132,    41,   62000000,   11631384,        0,  -50368616,          0
 14132,    42,   62000000,    8503043,        0,  -53496957,          0
 14132,    43,   62000000,   12878090,        0,  -49121910,          0
 14132,    44,   62000000,    8417368,        0,  -53582632,          0
 14132,    45,   62000000,    8506123,        0,  -53493877,          0
 14132,    46,   62000000,   13553237,        0,  -48446763,          0
 14132,    47,   62000000,    8426283,        0,  -53573717,          0
 14132,    48,   62000000,   13454888,        0,  -48545112,          0
 14132,    49,   62000000,    8393472,        0,  -53606528,          0
 14132,    50,   62000000,   16138768,        0,  -45861232,          0
 14132,    51,   62000000,   15329809,        0,  -46670191,          0
 14132,    52,   62000000,    8453083,        0,  -53546917,          0
 14132,    53,   62000000,    8495875,        0,  -53504125,          0
 14132,    54,   62000000,   11106006,        0,  -50893994,          0
 14132,    55,   62000000,    8435173,        0,  -53564827,          0
 14132,    56,   62000000,   11435829,        0,  -50564171,          0
 14132,    57,   62000000,    8387350,        0,  -53612650,          0
 14132,    58,   62000000,    8492902,        0,  -53507098,          0
 14132,    59,   62000000,   12383194,        0,  -49616806,          0
 14132,    60,   62000000,    9073942,        0,  -52926058,          0
 14132,    61,   62000000,    8433842,        0,  -53566158,          0
 14132,    62,   62000000,    8459875,        0,  -53540125,          0
 14132,    63,   62000000,    8384709,        0,  -53615291,          0
 14132,    64,   62000000,    8404825,        0,  -53595175,          0
 14132,    65,   62000000,   12498298,        0,  -49501702,          0
 14132,    66,   62000000,    8413621,        0,  -53586379,          0
 14132,    67,   62000000,    8442169,        0,  -53557831,          0
 14132,    68,   62000000,    8420716,        0,  -53579284,          0
 14132,    69,   62000000,   11526688,        0,  -50473312,          0
 14132,    70,   62000000,    8408206,        0,  -53591794,          0
 14132,    71,   62000000,    8394730,        0,  -53605270,          0
 14132,    72,   62000000,    8474333,        0,  -53525667,          0
 14132,    73,   62000000,    8435994,        0,  -53564006,          0
 14132,    74,   62000000,    9254053,        0,  -52745947,          0
 14132,    75,   62000000,    8490319,        0,  -53509681,          0
 14132,    76,   62000000,    8373835,        0,  -53626165,          0
 14132,    77,   62000000,   13046146,        0,  -48953854,          0
 14132,    78,   62000000,    8415951,        0,  -53584049,          0
 14132,    79,   62000000,    8486487,        0,  -53513513,          0
 14132,    80,   62000000,    8525064,        0,  -53474936,          0
 14132,    81,   62000000,    8394686,        0,  -53605314,          0
 14132,    82,   62000000,    8406184,        0,  -53593816,          0
 14132,    83,   62000000,    8411671,        0,  -53588329,          0
 14132,    84,   62000000,    9624956,        0,  -52375044,          0
 14132,    85,   62000000,    8422223,        0,  -53577777,          0
 14132,    86,   62000000,   11754732,        0,  -50245268,          0
 14132,    87,   62000000,   12124245,        0,  -49875755,          0
 14132,    88,   62000000,    8430657,        0,  -53569343,          0
 14132,    89,   62000000,    8754761,        0,  -53245239,          0
 14132,    90,   62000000,   12355708,        0,  -49644292,          0
 14132,    91,   62000000,    8741171,        0,  -53258829,          0
 14132,    92,   62000000,    8434369,        0,  -53565631,          0
 14132,    93,   62000000,    8943329,        0,  -53056671,          0
 14132,    94,   62000000,    8468376,        0,  -53531624,          0
 14132,    95,   62000000,    8694049,        0,  -53305951,          0
 14132,    96,   62000000,    8407365,        0,  -53592635,          0
 14132,    97,   62000000,   16519187,        0,  -45480813,          0
 14132,    98,   62000000,    9943902,        0,  -52056098,          0
 14132,    99,   62000000,    8708945,        0,  -53291055,          0
 14132,   100,   62000000,    9926000,        0,  -52074000,          0
 14132,   101,   62000000,    8763668,        0,  -53236332,          0
 14132,   102,   62000000,    8448699,        0,  -53551301,          0
 14132,   103,   62000000,    8733018,        0,  -53266982,          0
 14132,   104,   62000000,    8411298,        0,  -53588702,          0
 14132,   105,   62000000,    8751682,        0,  -53248318,          0
 14132,   106,   62000000,    8398728,        0,  -53601272,          0
 14132,   107,   62000000,   10386722,        0,  -51613278,          0
 14132,   108,   62000000,    8465048,        0,  -53534952,          0
 14132,   109,   62000000,   11297742,        0,  -50702258,          0
 14132,   110,   62000000,   17276914,        0,  -44723086,          0
 14132,   111,   62000000,    8387987,        0,  -53612013,          0
 14132,   112,   62000000,   10373737,        0,  -51626263,          0
 14132,   113,   62000000,   17500537,        0,  -44499463,          0
 14132,   114,   62000000,    8459768,        0,  -53540232,          0
 14132,   115,   62000000,    8451068,        0,  -53548932,          0
 14132,   116,   62000000,    8418818,        0,  -53581182,          0
 14132,   117,   62000000,    8394049,        0,  -53605951,          0
 14132,   118,   62000000,    8416950,        0,  -53583050,          0
 14132,   119,   62000000,    8421824,        0,  -53578176,          0
 14132,   120,   62000000,   11468659,        0,  -50531341,          0
 14132,   121,   62000000,   10078970,        0,  -51921030,          0
 14132,   122,   62000000,    8388903,        0,  -53611097,          0
 14132,   123,   62000000,    8436058,        0,  -53563942,          0
 14132,   124,   62000000,   11662867,        0,  -50337133,          0
 14132,   125,   62000000,    8432134,        0,  -53567866,          0
 14132,   126,   62000000,    8417741,        0,  -53582259,          0
 14132,   127,   62000000,   11374000,        0,  -50626000,          0
 14132,   128,   62000000,   16326233,        0,  -45673767,          0
 14132,   129,   62000000,    9118823,        0,  -52881177,          0
 14132,   130,   62000000,    8417896,        0,  -53582104,          0
 14132,   131,   62000000,   10622114,        0,  -51377886,          0
 14132,   132,   62000000,    8442606,        0,  -53557394,          0
 14132,   133,   62000000,    8405635,        0,  -53594365,          0
 14132,   134,   62000000,    8411895,        0,  -53588105,          0
 14132,   135,   62000000,   12970903,        0,  -49029097,          0
 14132,   136,   62000000,   11479262,        0,  -50520738,          0
 14132,   137,   62000000,    8417641,        0,  -53582359,          0
 14132,   138,   62000000,    8398127,        0,  -53601873,          0
 14132,   139,   62000000,    8417905,        0,  -53582095,          0
 14132,   140,   62000000,    8411132,        0,  -53588868,          0
 14132,   141,   62000000,    9558047,        0,  -52441953,          0
 14132,   142,   62000000,    8437657,        0,  -53562343,          0
 14132,   143,   62000000,    9525713,        0,  -52474287,          0
 14132,   144,   62000000,    8600685,        0,  -53399315,          0
 14132,   145,   62000000,    9392995,        0,  -52607005,          0
 14132,   146,   62000000,    8451957,        0,  -53548043,          0
 14132,   147,   62000000,    8432359,        0,  -53567641,          0
 14132,   148,   62000000,    8432224,        0,  -53567776,          0
 14132,   149,   62000000,   13962939,        0,  -48037061,          0
 14132,   150,   62000000,    8422502,        0,  -53577498,          0
 14132,   151,   62000000,    8470142,        0,  -53529858,          0
 14132,   152,   62000000,    8421687,        0,  -53578313,          0
 14132,   153,   62000000,    9147716,        0,  -52852284,          0
 14132,   154,   62000000,    8444623,        0,  -53555377,          0
 14132,   155,   62000000,    9840475,        0,  -52159525,          0
 14132,   156,   62000000,    8387290,        0,  -53612710,          0
 14132,   157,   62000000,    8436069,        0,  -53563931,          0
 14132,   158,   62000000,   11169174,        0,  -50830826,          0
 14132,   159,   62000000,    8421970,        0,  -53578030,          0
 14132,   160,   62000000,    8463124,        0,  -53536876,          0
 14132,   161,   62000000,    8455063,        0,  -53544937,          0
 14132,   162,   62000000,    8414322,        0,  -53585678,          0
 14132,   163,   62000000,    8480086,        0,  -53519914,          0
 14132,   164,   62000000,   11601522,        0,  -50398478,          0
 14132,   165,   62000000,    8459076,        0,  -53540924,          0
