# Task,   Job,     Period,   Response, DL Miss?,   Lateness,  Tardiness
# task NAME=myapp PID=16574 COST=23537000 PERIOD=73000000 CPU=0
 16574,     2,   73000000,       6187,        0,  -72993813,          0
 16574,     3,   73000000,      78291,        0,  -72921709,          0
 16574,     4,   73000000,   41745748,        0,  -31254252,          0
 16574,     5,   73000000,   43227765,        0,  -29772235,          0
 16574,     6,   73000000,   38977620,        0,  -34022380,          0
 16574,     7,   73000000,   38122710,        0,  -34877290,          0
 16574,     8,   73000000,   41051053,        0,  -31948947,          0
 16574,     9,   73000000,   40180075,        0,  -32819925,          0
 16574,    10,   73000000,   38757456,        0,  -34242544,          0
 16574,    11,   73000000,   37509075,        0,  -35490925,          0
 16574,    12,   73000000,   41297100,        0,  -31702900,          0
 16574,    13,   73000000,   40336043,        0,  -32663957,          0
 16574,    14,   73000000,   38887455,        0,  -34112545,          0
 16574,    15,   73000000,   36954568,        0,  -36045432,          0
 16574,    16,   73000000,   40296827,        0,  -32703173,          0
 16574,    17,   73000000,   39135124,        0,  -33864876,          0
 16574,    18,   73000000,   38447669,        0,  -34552331,          0
 16574,    19,   73000000,   38640266,        0,  -34359734,          0
 16574,    20,   73000000,   41060718,        0,  -31939282,          0
 16574,    21,   73000000,   39829788,        0,  -33170212,          0
 16574,    22,   73000000,   42324404,        0,  -30675596,          0
 16574,    23,   73000000,   38020542,        0,  -34979458,          0
 16574,    24,   73000000,   40302156,        0,  -32697844,          0
 16574,    25,   73000000,   40042195,        0,  -32957805,          0
 16574,    26,   73000000,   38840145,        0,  -34159855,          0
 16574,    27,   73000000,   38358887,        0,  -34641113,          0
 16574,    28,   73000000,   41070175,        0,  -31929825,          0
 16574,    29,   73000000,   42704662,        0,  -30295338,          0
 16574,    30,   73000000,   41491844,        0,  -31508156,          0
 16574,    31,   73000000,   38336982,        0,  -34663018,          0
 16574,    32,   73000000,   40518129,        0,  -32481871,          0
 16574,    33,   73000000,   40615774,        0,  -32384226,          0
 16574,    34,   73000000,   38597523,        0,  -34402477,          0
 16574,    35,   73000000,   40420173,        0,  -32579827,          0
 16574,    36,   73000000,   41831537,        0,  -31168463,          0
 16574,    37,   73000000,   39238629,        0,  -33761371,          0
 16574,    38,   73000000,   39463393,        0,  -33536607,          0
 16574,    39,   73000000,   39925183,        0,  -33074817,          0
 16574,    40,   73000000,   41807890,        0,  -31192110,          0
 16574,    41,   73000000,   40144095,        0,  -32855905,          0
 16574,    42,   73000000,   39057128,        0,  -33942872,          0
 16574,    43,   73000000,   40360978,        0,  -32639022,          0
 16574,    44,   73000000,   40534829,        0,  -32465171,          0
 16574,    45,   73000000,   39192115,        0,  -33807885,          0
 16574,    46,   73000000,   39621338,        0,  -33378662,          0
 16574,    47,   73000000,   37956063,        0,  -35043937,          0
 16574,    48,   73000000,   41390278,        0,  -31609722,          0
 16574,    49,   73000000,   38942393,        0,  -34057607,          0
 16574,    50,   73000000,   41331847,        0,  -31668153,          0
 16574,    51,   73000000,   38614924,        0,  -34385076,          0
 16574,    52,   73000000,   40033647,        0,  -32966353,          0
 16574,    53,   73000000,   43069477,        0,  -29930523,          0
 16574,    54,   73000000,   38577654,        0,  -34422346,          0
 16574,    55,   73000000,   37569756,        0,  -35430244,          0
 16574,    56,   73000000,   41863477,        0,  -31136523,          0
 16574,    57,   73000000,   42718955,        0,  -30281045,          0
 16574,    58,   73000000,   38723611,        0,  -34276389,          0
 16574,    59,   73000000,   37315323,        0,  -35684677,          0
 16574,    60,   73000000,   41066037,        0,  -31933963,          0
 16574,    61,   73000000,   40430838,        0,  -32569162,          0
 16574,    62,   73000000,   39893386,        0,  -33106614,          0
 16574,    63,   73000000,   38811339,        0,  -34188661,          0
 16574,    64,   73000000,   40246703,        0,  -32753297,          0
 16574,    65,   73000000,   38991850,        0,  -34008150,          0
 16574,    66,   73000000,   40043217,        0,  -32956783,          0
 16574,    67,   73000000,   37592295,        0,  -35407705,          0
 16574,    68,   73000000,   40425556,        0,  -32574444,          0
 16574,    69,   73000000,   39599248,        0,  -33400752,          0
 16574,    70,   73000000,   38601181,        0,  -34398819,          0
 16574,    71,   73000000,   38701833,        0,  -34298167,          0
 16574,    72,   73000000,   43396369,        0,  -29603631,          0
 16574,    73,   73000000,   40600396,        0,  -32399604,          0
 16574,    74,   73000000,   39998491,        0,  -33001509,          0
 16574,    75,   73000000,   37494449,        0,  -35505551,          0
 16574,    76,   73000000,   41825966,        0,  -31174034,          0
 16574,    77,   73000000,   38978278,        0,  -34021722,          0
 16574,    78,   73000000,   41419846,        0,  -31580154,          0
 16574,    79,   73000000,   37227458,        0,  -35772542,          0
 16574,    80,   73000000,   44104517,        0,  -28895483,          0
 16574,    81,   73000000,   39646777,        0,  -33353223,          0
 16574,    82,   73000000,   39204851,        0,  -33795149,          0
 16574,    83,   73000000,   37923179,        0,  -35076821,          0
 16574,    84,   73000000,   40523978,        0,  -32476022,          0
 16574,    85,   73000000,   40311879,        0,  -32688121,          0
 16574,    86,   73000000,   39393225,        0,  -33606775,          0
 16574,    87,   73000000,   37937348,        0,  -35062652,          0
 16574,    88,   73000000,   39990743,        0,  -33009257,          0
 16574,    89,   73000000,   38419972,        0,  -34580028,          0
 16574,    90,   73000000,   39738751,        0,  -33261249,          0
 16574,    91,   73000000,   40543115,        0,  -32456885,          0
 16574,    92,   73000000,   40516055,        0,  -32483945,          0
 16574,    93,   73000000,   40259003,        0,  -32740997,          0
 16574,    94,   73000000,   39885482,        0,  -33114518,          0
 16574,    95,   73000000,   37124723,        0,  -35875277,          0
 16574,    96,   73000000,   43849394,        0,  -29150606,          0
 16574,    97,   73000000,   42390750,        0,  -30609250,          0
 16574,    98,   73000000,   46009826,        0,  -26990174,          0
 16574,    99,   73000000,   38250042,        0,  -34749958,          0
 16574,   100,   73000000,   40979691,        0,  -32020309,          0
 16574,   101,   73000000,   40072460,        0,  -32927540,          0
 16574,   102,   73000000,   39152824,        0,  -33847176,          0
 16574,   103,   73000000,   40374045,        0,  -32625955,          0
 16574,   104,   73000000,   40220091,        0,  -32779909,          0
 16574,   105,   73000000,   39023950,        0,  -33976050,          0
 16574,   106,   73000000,   38183731,        0,  -34816269,          0
 16574,   107,   73000000,   41205342,        0,  -31794658,          0
 16574,   108,   73000000,   40467683,        0,  -32532317,          0
 16574,   109,   73000000,   40262778,        0,  -32737222,          0
 16574,   110,   73000000,   40176595,        0,  -32823405,          0
 16574,   111,   73000000,   40407519,        0,  -32592481,          0
 16574,   112,   73000000,   40665165,        0,  -32334835,          0
 16574,   113,   73000000,   40632997,        0,  -32367003,          0
 16574,   114,   73000000,   39133584,        0,  -33866416,          0
 16574,   115,   73000000,   38802850,        0,  -34197150,          0
 16574,   116,   73000000,   39908530,        0,  -33091470,          0
 16574,   117,   73000000,   42732250,        0,  -30267750,          0
 16574,   118,   73000000,   38717408,        0,  -34282592,          0
 16574,   119,   73000000,   40416806,        0,  -32583194,          0
 16574,   120,   73000000,   39320904,        0,  -33679096,          0
 16574,   121,   73000000,   40566631,        0,  -32433369,          0
 16574,   122,   73000000,   39315994,        0,  -33684006,          0
 16574,   123,   73000000,   41208587,        0,  -31791413,          0
 16574,   124,   73000000,   43739459,        0,  -29260541,          0
 16574,   125,   73000000,   43610384,        0,  -29389616,          0
 16574,   126,   73000000,   38939834,        0,  -34060166,          0
 16574,   127,   73000000,   37598081,        0,  -35401919,          0
 16574,   128,   73000000,   41165809,        0,  -31834191,          0
 16574,   129,   73000000,   39861302,        0,  -33138698,          0
 16574,   130,   73000000,   38189982,        0,  -34810018,          0
 16574,   131,   73000000,   37685180,        0,  -35314820,          0
 16574,   132,   73000000,   39645960,        0,  -33354040,          0
 16574,   133,   73000000,   40771608,        0,  -32228392,          0
 16574,   134,   73000000,   41875547,        0,  -31124453,          0
 16574,   135,   73000000,   37526996,        0,  -35473004,          0
 16574,   136,   73000000,   40731896,        0,  -32268104,          0
 16574,   137,   73000000,   39793429,        0,  -33206571,          0
 16574,   138,   73000000,   39129915,        0,  -33870085,          0
 16574,   139,   73000000,   37784480,        0,  -35215520,          0
 16574,   140,   73000000,   40142632,        0,  -32857368,          0
# task NAME=myapp PID=16577 COST=5190000 PERIOD=42000000 CPU=0
 16577,     2,   42000000,       8571,        0,  -41991429,          0
 16577,     3,   42000000,      59285,        0,  -41940715,          0
 16577,     4,   42000000,    8018634,        0,  -33981366,          0
 16577,     5,   42000000,    5216829,        0,  -36783171,          0
 16577,     6,   42000000,    7248840,        0,  -34751160,          0
 16577,     7,   42000000,    5246067,        0,  -36753933,          0
 16577,     8,   42000000,    8028545,        0,  -33971455,          0
 16577,     9,   42000000,    5896180,        0,  -36103820,          0
 16577,    10,   42000000,    6769164,        0,  -35230836,          0
 16577,    11,   42000000,    5152078,        0,  -36847922,          0
 16577,    12,   42000000,    7866154,        0,  -34133846,          0
 16577,    13,   42000000,    5975891,        0,  -36024109,          0
 16577,    14,   42000000,    8030836,        0,  -33969164,          0
 16577,    15,   42000000,    5442944,        0,  -36557056,          0
 16577,    16,   42000000,    6865159,        0,  -35134841,          0
 16577,    17,   42000000,    5196772,        0,  -36803228,          0
 16577,    18,   42000000,    6786275,        0,  -35213725,          0
 16577,    19,   42000000,    5992293,        0,  -36007707,          0
 16577,    20,   42000000,    6839591,        0,  -35160409,          0
 16577,    21,   42000000,    6036130,        0,  -35963870,          0
 16577,    22,   42000000,    6661020,        0,  -35338980,          0
 16577,    23,   42000000,    5578701,        0,  -36421299,          0
 16577,    24,   42000000,    7382888,        0,  -34617112,          0
 16577,    25,   42000000,    5163619,        0,  -36836381,          0
 16577,    26,   42000000,    7687797,        0,  -34312203,          0
 16577,    27,   42000000,    5252100,        0,  -36747900,          0
 16577,    28,   42000000,    7142416,        0,  -34857584,          0
 16577,    29,   42000000,    6185683,        0,  -35814317,          0
 16577,    30,   42000000,    7723307,        0,  -34276693,          0
 16577,    31,   42000000,    6046478,        0,  -35953522,          0
 16577,    32,   42000000,    7620494,        0,  -34379506,          0
 16577,    33,   42000000,    6024797,        0,  -35975203,          0
 16577,    34,   42000000,    7184569,        0,  -34815431,          0
 16577,    35,   42000000,    5754941,        0,  -36245059,          0
 16577,    36,   42000000,    6845692,        0,  -35154308,          0
 16577,    37,   42000000,    5188528,        0,  -36811472,          0
 16577,    38,   42000000,    7631779,        0,  -34368221,          0
 16577,    39,   42000000,    5216205,        0,  -36783795,          0
 16577,    40,   42000000,    7032386,        0,  -34967614,          0
 16577,    41,   42000000,    5212885,        0,  -36787115,          0
 16577,    42,   42000000,    7101988,        0,  -34898012,          0
 16577,    43,   42000000,    5221246,        0,  -36778754,          0
 16577,    44,   42000000,    6841608,        0,  -35158392,          0
 16577,    45,   42000000,    6015249,        0,  -35984751,          0
 16577,    46,   42000000,    6902273,        0,  -35097727,          0
 16577,    47,   42000000,    5993699,        0,  -36006301,          0
 16577,    48,   42000000,    7186096,        0,  -34813904,          0
 16577,    49,   42000000,    5179768,        0,  -36820232,          0
 16577,    50,   42000000,    8034126,        0,  -33965874,          0
 16577,    51,   42000000,    5172081,        0,  -36827919,          0
 16577,    52,   42000000,    6819738,        0,  -35180262,          0
 16577,    53,   42000000,    5223147,        0,  -36776853,          0
 16577,    54,   42000000,    6833229,        0,  -35166771,          0
 16577,    55,   42000000,    6021686,        0,  -35978314,          0
 16577,    56,   42000000,    8032448,        0,  -33967552,          0
 16577,    57,   42000000,    5623353,        0,  -36376647,          0
 16577,    58,   42000000,    7461096,        0,  -34538904,          0
 16577,    59,   42000000,    5995556,        0,  -36004444,          0
 16577,    60,   42000000,    7476645,        0,  -34523355,          0
 16577,    61,   42000000,    5769803,        0,  -36230197,          0
 16577,    62,   42000000,    8050679,        0,  -33949321,          0
 16577,    63,   42000000,    5220596,        0,  -36779404,          0
 16577,    64,   42000000,    7352848,        0,  -34647152,          0
 16577,    65,   42000000,    5294218,        0,  -36705782,          0
 16577,    66,   42000000,    7371380,        0,  -34628620,          0
 16577,    67,   42000000,    5188851,        0,  -36811149,          0
 16577,    68,   42000000,    8055564,        0,  -33944436,          0
 16577,    69,   42000000,    5184405,        0,  -36815595,          0
 16577,    70,   42000000,    7238068,        0,  -34761932,          0
 16577,    71,   42000000,    5589705,        0,  -36410295,          0
 16577,    72,   42000000,    7235204,        0,  -34764796,          0
 16577,    73,   42000000,    5693753,        0,  -36306247,          0
 16577,    74,   42000000,    7057232,        0,  -34942768,          0
 16577,    75,   42000000,    5167250,        0,  -36832750,          0
 16577,    76,   42000000,    7497129,        0,  -34502871,          0
 16577,    77,   42000000,    5212731,        0,  -36787269,          0
 16577,    78,   42000000,    8164527,        0,  -33835473,          0
 16577,    79,   42000000,    5780824,        0,  -36219176,          0
 16577,    80,   42000000,    7772091,        0,  -34227909,          0
 16577,    81,   42000000,    5135947,        0,  -36864053,          0
 16577,    82,   42000000,    7264344,        0,  -34735656,          0
 16577,    83,   42000000,    5202143,        0,  -36797857,          0
 16577,    84,   42000000,    6895644,        0,  -35104356,          0
 16577,    85,   42000000,    5741482,        0,  -36258518,          0
 16577,    86,   42000000,    7146843,        0,  -34853157,          0
 16577,    87,   42000000,    5837901,        0,  -36162099,          0
 16577,    88,   42000000,    6995878,        0,  -35004122,          0
 16577,    89,   42000000,    5741728,        0,  -36258272,          0
 16577,    90,   42000000,    7231071,        0,  -34768929,          0
 16577,    91,   42000000,    6288669,        0,  -35711331,          0
 16577,    92,   42000000,    8038562,        0,  -33961438,          0
 16577,    93,   42000000,    5511284,        0,  -36488716,          0
 16577,    94,   42000000,    8069240,        0,  -33930760,          0
 16577,    95,   42000000,    5163881,        0,  -36836119,          0
 16577,    96,   42000000,    7713740,        0,  -34286260,          0
 16577,    97,   42000000,    5192420,        0,  -36807580,          0
 16577,    98,   42000000,    7218316,        0,  -34781684,          0
 16577,    99,   42000000,    9370127,        0,  -32629873,          0
 16577,   100,   42000000,    7168625,        0,  -34831375,          0
 16577,   101,   42000000,    5256095,        0,  -36743905,          0
 16577,   102,   42000000,    7098274,        0,  -34901726,          0
 16577,   103,   42000000,    5284068,        0,  -36715932,          0
 16577,   104,   42000000,    8075053,        0,  -33924947,          0
 16577,   105,   42000000,    5838014,        0,  -36161986,          0
 16577,   106,   42000000,    7207667,        0,  -34792333,          0
 16577,   107,   42000000,    5891935,        0,  -36108065,          0
 16577,   108,   42000000,    7963432,        0,  -34036568,          0
 16577,   109,   42000000,    5416284,        0,  -36583716,          0
 16577,   110,   42000000,    7988320,        0,  -34011680,          0
 16577,   111,   42000000,    5190144,        0,  -36809856,          0
 16577,   112,   42000000,    7273401,        0,  -34726599,          0
 16577,   113,   42000000,    5831947,        0,  -36168053,          0
 16577,   114,   42000000,    7286204,        0,  -34713796,          0
 16577,   115,   42000000,    5218288,        0,  -36781712,          0
 16577,   116,   42000000,    6803591,        0,  -35196409,          0
 16577,   117,   42000000,    5222338,        0,  -36777662,          0
 16577,   118,   42000000,    7570455,        0,  -34429545,          0
 16577,   119,   42000000,    5277388,        0,  -36722612,          0
 16577,   120,   42000000,    7229333,        0,  -34770667,          0
 16577,   121,   42000000,    5211668,        0,  -36788332,          0
 16577,   122,   42000000,    7956168,        0,  -34043832,          0
 16577,   123,   42000000,    5951687,        0,  -36048313,          0
 16577,   124,   42000000,    7532278,        0,  -34467722,          0
 16577,   125,   42000000,   10064615,        0,  -31935385,          0
 16577,   126,   42000000,    7414708,        0,  -34585292,          0
 16577,   127,   42000000,    5222841,        0,  -36777159,          0
 16577,   128,   42000000,    6804201,        0,  -35195799,          0
 16577,   129,   42000000,    5262672,        0,  -36737328,          0
 16577,   130,   42000000,    7243351,        0,  -34756649,          0
 16577,   131,   42000000,    5200884,        0,  -36799116,          0
 16577,   132,   42000000,    7109988,        0,  -34890012,          0
 16577,   133,   42000000,    5224374,        0,  -36775626,          0
 16577,   134,   42000000,    7722042,        0,  -34277958,          0
 16577,   135,   42000000,    5247129,        0,  -36752871,          0
 16577,   136,   42000000,    8219293,        0,  -33780707,          0
 16577,   137,   42000000,    9508241,        0,  -32491759,          0
 16577,   138,   42000000,    7266651,        0,  -34733349,          0
 16577,   139,   42000000,    5973312,        0,  -36026688,          0
 16577,   140,   42000000,    6872278,        0,  -35127722,          0
 16577,   141,   42000000,    5977659,        0,  -36022341,          0
 16577,   142,   42000000,    7241652,        0,  -34758348,          0
 16577,   143,   42000000,    5213635,        0,  -36786365,          0
 16577,   144,   42000000,    8157214,        0,  -33842786,          0
 16577,   145,   42000000,    5219139,        0,  -36780861,          0
 16577,   146,   42000000,    7997115,        0,  -34002885,          0
 16577,   147,   42000000,    5240364,        0,  -36759636,          0
 16577,   148,   42000000,    6868924,        0,  -35131076,          0
 16577,   149,   42000000,    6027488,        0,  -35972512,          0
 16577,   150,   42000000,    6850587,        0,  -35149413,          0
 16577,   151,   42000000,    6022376,        0,  -35977624,          0
 16577,   152,   42000000,    8050157,        0,  -33949843,          0
 16577,   153,   42000000,    6004081,        0,  -35995919,          0
 16577,   154,   42000000,    7227801,        0,  -34772199,          0
 16577,   155,   42000000,    6718150,        0,  -35281850,          0
 16577,   156,   42000000,    7248565,        0,  -34751435,          0
 16577,   157,   42000000,    5201799,        0,  -36798201,          0
 16577,   158,   42000000,    7639527,        0,  -34360473,          0
 16577,   159,   42000000,    5191714,        0,  -36808286,          0
 16577,   160,   42000000,    7309263,        0,  -34690737,          0
 16577,   161,   42000000,    5160855,        0,  -36839145,          0
 16577,   162,   42000000,    7186238,        0,  -34813762,          0
 16577,   163,   42000000,    5206714,        0,  -36793286,          0
 16577,   164,   42000000,    7374848,        0,  -34625152,          0
 16577,   165,   42000000,    5847020,        0,  -36152980,          0
 16577,   166,   42000000,    6908726,        0,  -35091274,          0
 16577,   167,   42000000,    5189693,        0,  -36810307,          0
 16577,   168,   42000000,    7224212,        0,  -34775788,          0
 16577,   169,   42000000,    5210529,        0,  -36789471,          0
 16577,   170,   42000000,    7954007,        0,  -34045993,          0
 16577,   171,   42000000,    5150422,        0,  -36849578,          0
 16577,   172,   42000000,    6795900,        0,  -35204100,          0
 16577,   173,   42000000,    5252984,        0,  -36747016,          0
 16577,   174,   42000000,    6713333,        0,  -35286667,          0
 16577,   175,   42000000,    6023014,        0,  -35976986,          0
 16577,   176,   42000000,    7194165,        0,  -34805835,          0
 16577,   177,   42000000,    5160134,        0,  -36839866,          0
 16577,   178,   42000000,    7681773,        0,  -34318227,          0
 16577,   179,   42000000,    5204470,        0,  -36795530,          0
 16577,   180,   42000000,    6827722,        0,  -35172278,          0
 16577,   181,   42000000,    5189659,        0,  -36810341,          0
 16577,   182,   42000000,    8134378,        0,  -33865622,          0
 16577,   183,   42000000,    5144053,        0,  -36855947,          0
 16577,   184,   42000000,    7983610,        0,  -34016390,          0
 16577,   185,   42000000,    5303119,        0,  -36696881,          0
 16577,   186,   42000000,    7337942,        0,  -34662058,          0
 16577,   187,   42000000,    5176520,        0,  -36823480,          0
 16577,   188,   42000000,    8049211,        0,  -33950789,          0
 16577,   189,   42000000,    5549392,        0,  -36450608,          0
 16577,   190,   42000000,    8153450,        0,  -33846550,          0
 16577,   191,   42000000,    6077883,        0,  -35922117,          0
 16577,   192,   42000000,    7222583,        0,  -34777417,          0
 16577,   193,   42000000,    5249551,        0,  -36750449,          0
 16577,   194,   42000000,    6837853,        0,  -35162147,          0
 16577,   195,   42000000,    5956698,        0,  -36043302,          0
 16577,   196,   42000000,    7089329,        0,  -34910671,          0
 16577,   197,   42000000,    5227610,        0,  -36772390,          0
 16577,   198,   42000000,    5618039,        0,  -36381961,          0
 16577,   199,   42000000,    6047283,        0,  -35952717,          0
 16577,   200,   42000000,    7528889,        0,  -34471111,          0
 16577,   201,   42000000,    5824713,        0,  -36175287,          0
 16577,   202,   42000000,    7207580,        0,  -34792420,          0
 16577,   203,   42000000,    5967329,        0,  -36032671,          0
 16577,   204,   42000000,    7178379,        0,  -34821621,          0
 16577,   205,   42000000,    6178240,        0,  -35821760,          0
 16577,   206,   42000000,    7517373,        0,  -34482627,          0
 16577,   207,   42000000,    5210103,        0,  -36789897,          0
 16577,   208,   42000000,    7753851,        0,  -34246149,          0
 16577,   209,   42000000,    6255730,        0,  -35744270,          0
 16577,   210,   42000000,    7187763,        0,  -34812237,          0
 16577,   211,   42000000,    5394621,        0,  -36605379,          0
 16577,   212,   42000000,    8423262,        0,  -33576738,          0
 16577,   213,   42000000,    5149522,        0,  -36850478,          0
 16577,   214,   42000000,    7163368,        0,  -34836632,          0
 16577,   215,   42000000,    5452825,        0,  -36547175,          0
 16577,   216,   42000000,    7171470,        0,  -34828530,          0
 16577,   217,   42000000,    5685520,        0,  -36314480,          0
 16577,   218,   42000000,    7439557,        0,  -34560443,          0
 16577,   219,   42000000,    6065379,        0,  -35934621,          0
 16577,   220,   42000000,    7171909,        0,  -34828091,          0
 16577,   221,   42000000,    6490505,        0,  -35509495,          0
 16577,   222,   42000000,    7678317,        0,  -34321683,          0
 16577,   223,   42000000,    5177909,        0,  -36822091,          0
 16577,   224,   42000000,    7051272,        0,  -34948728,          0
 16577,   225,   42000000,    5196364,        0,  -36803636,          0
 16577,   226,   42000000,    7098987,        0,  -34901013,          0
 16577,   227,   42000000,    6246734,        0,  -35753266,          0
 16577,   228,   42000000,    6309421,        0,  -35690579,          0
 16577,   229,   42000000,    5171405,        0,  -36828595,          0
 16577,   230,   42000000,    7517791,        0,  -34482209,          0
 16577,   231,   42000000,    5414298,        0,  -36585702,          0
 16577,   232,   42000000,    7218334,        0,  -34781666,          0
 16577,   233,   42000000,    5195494,        0,  -36804506,          0
 16577,   234,   42000000,    7677846,        0,  -34322154,          0
 16577,   235,   42000000,    5216194,        0,  -36783806,          0
 16577,   236,   42000000,    7939357,        0,  -34060643,          0
 16577,   237,   42000000,    5440801,        0,  -36559199,          0
 16577,   238,   42000000,    8106884,        0,  -33893116,          0
 16577,   239,   42000000,    5175470,        0,  -36824530,          0
 16577,   240,   42000000,    7884580,        0,  -34115420,          0
 16577,   241,   42000000,    5192509,        0,  -36807491,          0
 16577,   242,   42000000,   10634724,        0,  -31365276,          0
# task NAME=myapp PID=16582 COST=6096000 PERIOD=19000000 CPU=0
 16582,     2,   19000000,      10886,        0,  -18989114,          0
 16582,     3,   19000000,      63277,        0,  -18936723,          0
 16582,     4,   19000000,    7073313,        0,  -11926687,          0
 16582,     5,   19000000,    8174571,        0,  -10825429,          0
 16582,     6,   19000000,    9173719,        0,   -9826281,          0
 16582,     7,   19000000,    6873070,        0,  -12126930,          0
 16582,     8,   19000000,    7920474,        0,  -11079526,          0
 16582,     9,   19000000,    8024359,        0,  -10975641,          0
 16582,    10,   19000000,    9116453,        0,   -9883547,          0
 16582,    11,   19000000,    7044848,        0,  -11955152,          0
 16582,    12,   19000000,    7018410,        0,  -11981590,          0
 16582,    13,   19000000,    8171523,        0,  -10828477,          0
 16582,    14,   19000000,    9812495,        0,   -9187505,          0
 16582,    15,   19000000,    6927318,        0,  -12072682,          0
 16582,    16,   19000000,    7059644,        0,  -11940356,          0
 16582,    17,   19000000,    8121402,        0,  -10878598,          0
 16582,    18,   19000000,    9594090,        0,   -9405910,          0
 16582,    19,   19000000,    6882414,        0,  -12117586,          0
 16582,    20,   19000000,    7523272,        0,  -11476728,          0
 16582,    21,   19000000,    8031650,        0,  -10968350,          0
 16582,    22,   19000000,    9823994,        0,   -9176006,          0
 16582,    23,   19000000,    6849402,        0,  -12150598,          0
 16582,    24,   19000000,    7125432,        0,  -11874568,          0
 16582,    25,   19000000,    8490667,        0,  -10509333,          0
 16582,    26,   19000000,    8698394,        0,  -10301606,          0
 16582,    27,   19000000,    6027915,        0,  -12972085,          0
 16582,    28,   19000000,    7040377,        0,  -11959623,          0
 16582,    29,   19000000,    8294644,        0,  -10705356,          0
 16582,    30,   19000000,    8561189,        0,  -10438811,          0
 16582,    31,   19000000,    6287407,        0,  -12712593,          0
 16582,    32,   19000000,    7771098,        0,  -11228902,          0
 16582,    33,   19000000,    8907461,        0,  -10092539,          0
 16582,    34,   19000000,    9147716,        0,   -9852284,          0
 16582,    35,   19000000,    6687189,        0,  -12312811,          0
 16582,    36,   19000000,    7574643,        0,  -11425357,          0
 16582,    37,   19000000,    8138257,        0,  -10861743,          0
 16582,    38,   19000000,    8941409,        0,  -10058591,          0
 16582,    39,   19000000,    6500698,        0,  -12499302,          0
 16582,    40,   19000000,    7151704,        0,  -11848296,          0
 16582,    41,   19000000,    8082197,        0,  -10917803,          0
 16582,    42,   19000000,    8971526,        0,  -10028474,          0
 16582,    43,   19000000,    6815438,        0,  -12184562,          0
 16582,    44,   19000000,    9596838,        0,   -9403162,          0
 16582,    45,   19000000,    7375780,        0,  -11624220,          0
 16582,    46,   19000000,    9150302,        0,   -9849698,          0
 16582,    47,   19000000,    6041538,        0,  -12958462,          0
 16582,    48,   19000000,    7078788,        0,  -11921212,          0
 16582,    49,   19000000,    7989115,        0,  -11010885,          0
 16582,    50,   19000000,    9132912,        0,   -9867088,          0
 16582,    51,   19000000,    6094803,        0,  -12905197,          0
 16582,    52,   19000000,    7085359,        0,  -11914641,          0
 16582,    53,   19000000,    7673896,        0,  -11326104,          0
 16582,    54,   19000000,    8973448,        0,  -10026552,          0
 16582,    55,   19000000,    6030556,        0,  -12969444,          0
 16582,    56,   19000000,    6531097,        0,  -12468903,          0
 16582,    57,   19000000,    7983688,        0,  -11016312,          0
 16582,    58,   19000000,    8752121,        0,  -10247879,          0
 16582,    59,   19000000,    6037187,        0,  -12962813,          0
 16582,    60,   19000000,    7619909,        0,  -11380091,          0
 16582,    61,   19000000,    8905572,        0,  -10094428,          0
 16582,    62,   19000000,    9076518,        0,   -9923482,          0
 16582,    63,   19000000,    6022623,        0,  -12977377,          0
 16582,    64,   19000000,    6810346,        0,  -12189654,          0
 16582,    65,   19000000,    8058330,        0,  -10941670,          0
 16582,    66,   19000000,   10315695,        0,   -8684305,          0
 16582,    67,   19000000,    6023874,        0,  -12976126,          0
 16582,    68,   19000000,    7032114,        0,  -11967886,          0
 16582,    69,   19000000,    9523467,        0,   -9476533,          0
 16582,    70,   19000000,    9100346,        0,   -9899654,          0
 16582,    71,   19000000,    6775113,        0,  -12224887,          0
 16582,    72,   19000000,    7104358,        0,  -11895642,          0
 16582,    73,   19000000,    8737347,        0,  -10262653,          0
 16582,    74,   19000000,    9100342,        0,   -9899658,          0
 16582,    75,   19000000,    6869245,        0,  -12130755,          0
 16582,    76,   19000000,    7084266,        0,  -11915734,          0
 16582,    77,   19000000,   10653763,        0,   -8346237,          0
 16582,    78,   19000000,    9092642,        0,   -9907358,          0
 16582,    79,   19000000,    6133777,        0,  -12866223,          0
 16582,    80,   19000000,    7085413,        0,  -11914587,          0
 16582,    81,   19000000,    8209561,        0,  -10790439,          0
 16582,    82,   19000000,    8650498,        0,  -10349502,          0
 16582,    83,   19000000,    6899266,        0,  -12100734,          0
 16582,    84,   19000000,    7109981,        0,  -11890019,          0
 16582,    85,   19000000,    7659196,        0,  -11340804,          0
 16582,    86,   19000000,    9998643,        0,   -9001357,          0
 16582,    87,   19000000,    6064484,        0,  -12935516,          0
 16582,    88,   19000000,    7838666,        0,  -11161334,          0
 16582,    89,   19000000,    8117119,        0,  -10882881,          0
 16582,    90,   19000000,    9632984,        0,   -9367016,          0
 16582,    91,   19000000,    6045292,        0,  -12954708,          0
 16582,    92,   19000000,    7073981,        0,  -11926019,          0
 16582,    93,   19000000,    8396947,        0,  -10603053,          0
 16582,    94,   19000000,   10211392,        0,   -8788608,          0
 16582,    95,   19000000,    5992197,        0,  -13007803,          0
 16582,    96,   19000000,    7332548,        0,  -11667452,          0
 16582,    97,   19000000,    8130255,        0,  -10869745,          0
 16582,    98,   19000000,    9128029,        0,   -9871971,          0
 16582,    99,   19000000,    6120621,        0,  -12879379,          0
 16582,   100,   19000000,    7874327,        0,  -11125673,          0
 16582,   101,   19000000,    8060802,        0,  -10939198,          0
 16582,   102,   19000000,    9041410,        0,   -9958590,          0
 16582,   103,   19000000,    6212529,        0,  -12787471,          0
 16582,   104,   19000000,    7857284,        0,  -11142716,          0
 16582,   105,   19000000,    8229511,        0,  -10770489,          0
 16582,   106,   19000000,    9928990,        0,   -9071010,          0
 16582,   107,   19000000,    6915065,        0,  -12084935,          0
 16582,   108,   19000000,    6623182,        0,  -12376818,          0
 16582,   109,   19000000,    8032083,        0,  -10967917,          0
 16582,   110,   19000000,    9106389,        0,   -9893611,          0
 16582,   111,   19000000,    6682290,        0,  -12317710,          0
 16582,   112,   19000000,    7333113,        0,  -11666887,          0
 16582,   113,   19000000,    8049072,        0,  -10950928,          0
 16582,   114,   19000000,   10205393,        0,   -8794607,          0
 16582,   115,   19000000,    6076323,        0,  -12923677,          0
 16582,   116,   19000000,    7028421,        0,  -11971579,          0
 16582,   117,   19000000,    8293878,        0,  -10706122,          0
 16582,   118,   19000000,    9066277,        0,   -9933723,          0
 16582,   119,   19000000,    6135233,        0,  -12864767,          0
 16582,   120,   19000000,    8736496,        0,  -10263504,          0
 16582,   121,   19000000,    7698426,        0,  -11301574,          0
 16582,   122,   19000000,    9364832,        0,   -9635168,          0
 16582,   123,   19000000,    7222923,        0,  -11777077,          0
 16582,   124,   19000000,    7421792,        0,  -11578208,          0
 16582,   125,   19000000,    8846332,        0,  -10153668,          0
 16582,   126,   19000000,    9060940,        0,   -9939060,          0
 16582,   127,   19000000,    6831124,        0,  -12168876,          0
 16582,   128,   19000000,    7140833,        0,  -11859167,          0
 16582,   129,   19000000,    8270875,        0,  -10729125,          0
 16582,   130,   19000000,    8706452,        0,  -10293548,          0
 16582,   131,   19000000,    6099323,        0,  -12900677,          0
 16582,   132,   19000000,    7068873,        0,  -11931127,          0
 16582,   133,   19000000,    8206925,        0,  -10793075,          0
 16582,   134,   19000000,    9802255,        0,   -9197745,          0
 16582,   135,   19000000,    6037373,        0,  -12962627,          0
 16582,   136,   19000000,    7314871,        0,  -11685129,          0
 16582,   137,   19000000,    8038573,        0,  -10961427,          0
 16582,   138,   19000000,    8667504,        0,  -10332496,          0
 16582,   139,   19000000,    6068998,        0,  -12931002,          0
 16582,   140,   19000000,    7086028,        0,  -11913972,          0
 16582,   141,   19000000,    7756694,        0,  -11243306,          0
 16582,   142,   19000000,    9521675,        0,   -9478325,          0
 16582,   143,   19000000,    7891495,        0,  -11108505,          0
 16582,   144,   19000000,    7035826,        0,  -11964174,          0
 16582,   145,   19000000,    8020009,        0,  -10979991,          0
 16582,   146,   19000000,    9615043,        0,   -9384957,          0
 16582,   147,   19000000,    6831348,        0,  -12168652,          0
 16582,   148,   19000000,    7068880,        0,  -11931120,          0
 16582,   149,   19000000,   10483879,        0,   -8516121,          0
 16582,   150,   19000000,    9549621,        0,   -9450379,          0
 16582,   151,   19000000,    6139983,        0,  -12860017,          0
 16582,   152,   19000000,    7081773,        0,  -11918227,          0
 16582,   153,   19000000,    8826818,        0,  -10173182,          0
 16582,   154,   19000000,    8743130,        0,  -10256870,          0
 16582,   155,   19000000,    6063939,        0,  -12936061,          0
 16582,   156,   19000000,   10243131,        0,   -8756869,          0
 16582,   157,   19000000,    8488546,        0,  -10511454,          0
 16582,   158,   19000000,    9950395,        0,   -9049605,          0
 16582,   159,   19000000,    6080280,        0,  -12919720,          0
 16582,   160,   19000000,    6897712,        0,  -12102288,          0
 16582,   161,   19000000,    7718929,        0,  -11281071,          0
 16582,   162,   19000000,    9072965,        0,   -9927035,          0
 16582,   163,   19000000,    6021771,        0,  -12978229,          0
 16582,   164,   19000000,    7831332,        0,  -11168668,          0
 16582,   165,   19000000,    8119303,        0,  -10880697,          0
 16582,   166,   19000000,    8739771,        0,  -10260229,          0
 16582,   167,   19000000,    6066164,        0,  -12933836,          0
 16582,   168,   19000000,    7518759,        0,  -11481241,          0
 16582,   169,   19000000,    8199096,        0,  -10800904,          0
 16582,   170,   19000000,    8661848,        0,  -10338152,          0
 16582,   171,   19000000,    6533774,        0,  -12466226,          0
 16582,   172,   19000000,    7040873,        0,  -11959127,          0
 16582,   173,   19000000,    8059756,        0,  -10940244,          0
 16582,   174,   19000000,    8962333,        0,  -10037667,          0
 16582,   175,   19000000,    5988459,        0,  -13011541,          0
 16582,   176,   19000000,    7094649,        0,  -11905351,          0
 16582,   177,   19000000,    7943824,        0,  -11056176,          0
 16582,   178,   19000000,    9240229,        0,   -9759771,          0
 16582,   179,   19000000,    6858631,        0,  -12141369,          0
 16582,   180,   19000000,    7065152,        0,  -11934848,          0
 16582,   181,   19000000,    8115667,        0,  -10884333,          0
 16582,   182,   19000000,    8695321,        0,  -10304679,          0
 16582,   183,   19000000,    6055486,        0,  -12944514,          0
 16582,   184,   19000000,    7865721,        0,  -11134279,          0
 16582,   185,   19000000,    8104549,        0,  -10895451,          0
 16582,   186,   19000000,    9918484,        0,   -9081516,          0
 16582,   187,   19000000,    6157872,        0,  -12842128,          0
 16582,   188,   19000000,    7062327,        0,  -11937673,          0
 16582,   189,   19000000,    8212233,        0,  -10787767,          0
 16582,   190,   19000000,    9175711,        0,   -9824289,          0
 16582,   191,   19000000,    6078270,        0,  -12921730,          0
 16582,   192,   19000000,    7359248,        0,  -11640752,          0
 16582,   193,   19000000,    8011418,        0,  -10988582,          0
 16582,   194,   19000000,   10072494,        0,   -8927506,          0
 16582,   195,   19000000,    6077921,        0,  -12922079,          0
 16582,   196,   19000000,    6547458,        0,  -12452542,          0
 16582,   197,   19000000,    8854256,        0,  -10145744,          0
 16582,   198,   19000000,    9047096,        0,   -9952904,          0
 16582,   199,   19000000,    6066319,        0,  -12933681,          0
 16582,   200,   19000000,   11895204,        0,   -7104796,          0
 16582,   201,   19000000,    8871851,        0,  -10128149,          0
 16582,   202,   19000000,    9001365,        0,   -9998635,          0
 16582,   203,   19000000,    6167714,        0,  -12832286,          0
 16582,   204,   19000000,    7095459,        0,  -11904541,          0
 16582,   205,   19000000,    8662793,        0,  -10337207,          0
 16582,   206,   19000000,    9058828,        0,   -9941172,          0
 16582,   207,   19000000,    6054116,        0,  -12945884,          0
 16582,   208,   19000000,    7507392,        0,  -11492608,          0
 16582,   209,   19000000,    8060041,        0,  -10939959,          0
 16582,   210,   19000000,    9050421,        0,   -9949579,          0
 16582,   211,   19000000,    6834244,        0,  -12165756,          0
 16582,   212,   19000000,    7049553,        0,  -11950447,          0
 16582,   213,   19000000,    8031349,        0,  -10968651,          0
 16582,   214,   19000000,    8792717,        0,  -10207283,          0
 16582,   215,   19000000,    6891746,        0,  -12108254,          0
 16582,   216,   19000000,    7335887,        0,  -11664113,          0
 16582,   217,   19000000,    7669421,        0,  -11330579,          0
 16582,   218,   19000000,    9595509,        0,   -9404491,          0
 16582,   219,   19000000,    6644513,        0,  -12355487,          0
 16582,   220,   19000000,    7036887,        0,  -11963113,          0
 16582,   221,   19000000,    8600420,        0,  -10399580,          0
 16582,   222,   19000000,    9309999,        0,   -9690001,          0
 16582,   223,   19000000,    6045184,        0,  -12954816,          0
 16582,   224,   19000000,    7016474,        0,  -11983526,          0
 16582,   225,   19000000,    8123023,        0,  -10876977,          0
 16582,   226,   19000000,    9894922,        0,   -9105078,          0
 16582,   227,   19000000,    6556407,        0,  -12443593,          0
 16582,   228,   19000000,    7065761,        0,  -11934239,          0
 16582,   229,   19000000,    8044616,        0,  -10955384,          0
 16582,   230,   19000000,    8646388,        0,  -10353612,          0
 16582,   231,   19000000,    6024430,        0,  -12975570,          0
 16582,   232,   19000000,    7928049,        0,  -11071951,          0
 16582,   233,   19000000,    7942224,        0,  -11057776,          0
 16582,   234,   19000000,    8539672,        0,  -10460328,          0
 16582,   235,   19000000,    6177787,        0,  -12822213,          0
 16582,   236,   19000000,    7609773,        0,  -11390227,          0
 16582,   237,   19000000,    8153775,        0,  -10846225,          0
 16582,   238,   19000000,    9499724,        0,   -9500276,          0
 16582,   239,   19000000,    6040452,        0,  -12959548,          0
 16582,   240,   19000000,    7035411,        0,  -11964589,          0
 16582,   241,   19000000,    8114829,        0,  -10885171,          0
 16582,   242,   19000000,    8664687,        0,  -10335313,          0
 16582,   243,   19000000,    6032443,        0,  -12967557,          0
 16582,   244,   19000000,    7107326,        0,  -11892674,          0
 16582,   245,   19000000,    7677026,        0,  -11322974,          0
 16582,   246,   19000000,    9603441,        0,   -9396559,          0
 16582,   247,   19000000,    6062450,        0,  -12937550,          0
 16582,   248,   19000000,   10138014,        0,   -8861986,          0
 16582,   249,   19000000,    7696343,        0,  -11303657,          0
 16582,   250,   19000000,    8687349,        0,  -10312651,          0
 16582,   251,   19000000,    6988572,        0,  -12011428,          0
 16582,   252,   19000000,    7890557,        0,  -11109443,          0
 16582,   253,   19000000,    7771937,        0,  -11228063,          0
 16582,   254,   19000000,    9409336,        0,   -9590664,          0
 16582,   255,   19000000,    6008401,        0,  -12991599,          0
 16582,   256,   19000000,    7339478,        0,  -11660522,          0
 16582,   257,   19000000,    8823756,        0,  -10176244,          0
 16582,   258,   19000000,    9054168,        0,   -9945832,          0
 16582,   259,   19000000,    6027803,        0,  -12972197,          0
 16582,   260,   19000000,    7385502,        0,  -11614498,          0
 16582,   261,   19000000,    8197202,        0,  -10802798,          0
 16582,   262,   19000000,    9921418,        0,   -9078582,          0
 16582,   263,   19000000,    6442645,        0,  -12557355,          0
 16582,   264,   19000000,    6598405,        0,  -12401595,          0
 16582,   265,   19000000,    8204732,        0,  -10795268,          0
 16582,   266,   19000000,    9310611,        0,   -9689389,          0
 16582,   267,   19000000,    6156587,        0,  -12843413,          0
 16582,   268,   19000000,    7864015,        0,  -11135985,          0
 16582,   269,   19000000,    7660557,        0,  -11339443,          0
 16582,   270,   19000000,    8468408,        0,  -10531592,          0
 16582,   271,   19000000,    6058805,        0,  -12941195,          0
 16582,   272,   19000000,    7050863,        0,  -11949137,          0
 16582,   273,   19000000,    8079469,        0,  -10920531,          0
 16582,   274,   19000000,    9954891,        0,   -9045109,          0
 16582,   275,   19000000,    6394372,        0,  -12605628,          0
 16582,   276,   19000000,    7077546,        0,  -11922454,          0
 16582,   277,   19000000,    7659226,        0,  -11340774,          0
 16582,   278,   19000000,    8957606,        0,  -10042394,          0
 16582,   279,   19000000,    6915118,        0,  -12084882,          0
 16582,   280,   19000000,    7047480,        0,  -11952520,          0
 16582,   281,   19000000,    7930308,        0,  -11069692,          0
 16582,   282,   19000000,    9124672,        0,   -9875328,          0
 16582,   283,   19000000,    6088940,        0,  -12911060,          0
 16582,   284,   19000000,    7038813,        0,  -11961187,          0
 16582,   285,   19000000,    8984611,        0,  -10015389,          0
 16582,   286,   19000000,    9874688,        0,   -9125312,          0
 16582,   287,   19000000,    6032002,        0,  -12967998,          0
 16582,   288,   19000000,    7072928,        0,  -11927072,          0
 16582,   289,   19000000,    8156550,        0,  -10843450,          0
 16582,   290,   19000000,    8679928,        0,  -10320072,          0
 16582,   291,   19000000,    6093298,        0,  -12906702,          0
 16582,   292,   19000000,    7100999,        0,  -11899001,          0
 16582,   293,   19000000,    8080038,        0,  -10919962,          0
 16582,   294,   19000000,    9077607,        0,   -9922393,          0
 16582,   295,   19000000,    6013602,        0,  -12986398,          0
 16582,   296,   19000000,    7149955,        0,  -11850045,          0
 16582,   297,   19000000,    8081644,        0,  -10918356,          0
 16582,   298,   19000000,    9150859,        0,   -9849141,          0
 16582,   299,   19000000,    5989238,        0,  -13010762,          0
 16582,   300,   19000000,   11584654,        0,   -7415346,          0
 16582,   301,   19000000,    8198981,        0,  -10801019,          0
 16582,   302,   19000000,    9076344,        0,   -9923656,          0
 16582,   303,   19000000,    6182039,        0,  -12817961,          0
 16582,   304,   19000000,    7939004,        0,  -11060996,          0
 16582,   305,   19000000,    8521272,        0,  -10478728,          0
 16582,   306,   19000000,    8786268,        0,  -10213732,          0
 16582,   307,   19000000,    7183057,        0,  -11816943,          0
 16582,   308,   19000000,    7852374,        0,  -11147626,          0
 16582,   309,   19000000,    8928604,        0,  -10071396,          0
 16582,   310,   19000000,    9042380,        0,   -9957620,          0
 16582,   311,   19000000,    6073390,        0,  -12926610,          0
 16582,   312,   19000000,    7936201,        0,  -11063799,          0
 16582,   313,   19000000,    7701993,        0,  -11298007,          0
 16582,   314,   19000000,    9126097,        0,   -9873903,          0
 16582,   315,   19000000,    6832888,        0,  -12167112,          0
 16582,   316,   19000000,    7130456,        0,  -11869544,          0
 16582,   317,   19000000,    7681199,        0,  -11318801,          0
 16582,   318,   19000000,    8752050,        0,  -10247950,          0
 16582,   319,   19000000,    6812377,        0,  -12187623,          0
 16582,   320,   19000000,    7400086,        0,  -11599914,          0
 16582,   321,   19000000,    8440217,        0,  -10559783,          0
 16582,   322,   19000000,    9862283,        0,   -9137717,          0
 16582,   323,   19000000,    6879124,        0,  -12120876,          0
 16582,   324,   19000000,    7070241,        0,  -11929759,          0
 16582,   325,   19000000,    8795599,        0,  -10204401,          0
 16582,   326,   19000000,    9360987,        0,   -9639013,          0
 16582,   327,   19000000,    6322472,        0,  -12677528,          0
 16582,   328,   19000000,    7031027,        0,  -11968973,          0
 16582,   329,   19000000,    8137339,        0,  -10862661,          0
 16582,   330,   19000000,    9073822,        0,   -9926178,          0
 16582,   331,   19000000,    6380829,        0,  -12619171,          0
 16582,   332,   19000000,    7122300,        0,  -11877700,          0
 16582,   333,   19000000,    8640483,        0,  -10359517,          0
 16582,   334,   19000000,    8659343,        0,  -10340657,          0
 16582,   335,   19000000,    6018735,        0,  -12981265,          0
 16582,   336,   19000000,    7098984,        0,  -11901016,          0
 16582,   337,   19000000,    7479297,        0,  -11520703,          0
 16582,   338,   19000000,    9312853,        0,   -9687147,          0
 16582,   339,   19000000,    6695839,        0,  -12304161,          0
 16582,   340,   19000000,    7928231,        0,  -11071769,          0
 16582,   341,   19000000,    8103566,        0,  -10896434,          0
 16582,   342,   19000000,    9650307,        0,   -9349693,          0
 16582,   343,   19000000,    6087805,        0,  -12912195,          0
 16582,   344,   19000000,    6999523,        0,  -12000477,          0
 16582,   345,   19000000,    7729437,        0,  -11270563,          0
 16582,   346,   19000000,    8738924,        0,  -10261076,          0
 16582,   347,   19000000,    6898231,        0,  -12101769,          0
 16582,   348,   19000000,    7057451,        0,  -11942549,          0
 16582,   349,   19000000,    8375987,        0,  -10624013,          0
 16582,   350,   19000000,    9148552,        0,   -9851448,          0
 16582,   351,   19000000,    6070293,        0,  -12929707,          0
 16582,   352,   19000000,    7068459,        0,  -11931541,          0
 16582,   353,   19000000,   10820972,        0,   -8179028,          0
 16582,   354,   19000000,    9224769,        0,   -9775231,          0
 16582,   355,   19000000,    7421647,        0,  -11578353,          0
 16582,   356,   19000000,    7138113,        0,  -11861887,          0
 16582,   357,   19000000,    8136622,        0,  -10863378,          0
 16582,   358,   19000000,    9121202,        0,   -9878798,          0
 16582,   359,   19000000,    6891687,        0,  -12108313,          0
 16582,   360,   19000000,    7105996,        0,  -11894004,          0
 16582,   361,   19000000,    8908089,        0,  -10091911,          0
 16582,   362,   19000000,    9214500,        0,   -9785500,          0
 16582,   363,   19000000,    6029729,        0,  -12970271,          0
 16582,   364,   19000000,    6644976,        0,  -12355024,          0
 16582,   365,   19000000,    8032444,        0,  -10967556,          0
 16582,   366,   19000000,    8621650,        0,  -10378350,          0
 16582,   367,   19000000,    6083810,        0,  -12916190,          0
 16582,   368,   19000000,   11541970,        0,   -7458030,          0
 16582,   369,   19000000,    8075053,        0,  -10924947,          0
 16582,   370,   19000000,    9285156,        0,   -9714844,          0
 16582,   371,   19000000,    6866366,        0,  -12133634,          0
 16582,   372,   19000000,    8842893,        0,  -10157107,          0
 16582,   373,   19000000,    9294489,        0,   -9705511,          0
 16582,   374,   19000000,    8779616,        0,  -10220384,          0
 16582,   375,   19000000,    6358342,        0,  -12641658,          0
 16582,   376,   19000000,    7901765,        0,  -11098235,          0
 16582,   377,   19000000,    7791389,        0,  -11208611,          0
 16582,   378,   19000000,    8930508,        0,  -10069492,          0
 16582,   379,   19000000,    6020367,        0,  -12979633,          0
 16582,   380,   19000000,    7003572,        0,  -11996428,          0
 16582,   381,   19000000,    7644140,        0,  -11355860,          0
 16582,   382,   19000000,    9123900,        0,   -9876100,          0
 16582,   383,   19000000,    6874712,        0,  -12125288,          0
 16582,   384,   19000000,   11536552,        0,   -7463448,          0
 16582,   385,   19000000,    8043852,        0,  -10956148,          0
 16582,   386,   19000000,   10151050,        0,   -8848950,          0
 16582,   387,   19000000,    6030266,        0,  -12969734,          0
 16582,   388,   19000000,    7093333,        0,  -11906667,          0
 16582,   389,   19000000,    8525584,        0,  -10474416,          0
 16582,   390,   19000000,    9113559,        0,   -9886441,          0
 16582,   391,   19000000,    6123145,        0,  -12876855,          0
 16582,   392,   19000000,    7112022,        0,  -11887978,          0
 16582,   393,   19000000,    7818457,        0,  -11181543,          0
 16582,   394,   19000000,    9110233,        0,   -9889767,          0
 16582,   395,   19000000,    6065899,        0,  -12934101,          0
 16582,   396,   19000000,    7038873,        0,  -11961127,          0
 16582,   397,   19000000,    7689223,        0,  -11310777,          0
 16582,   398,   19000000,    8742669,        0,  -10257331,          0
 16582,   399,   19000000,    6866834,        0,  -12133166,          0
 16582,   400,   19000000,    7859010,        0,  -11140990,          0
 16582,   401,   19000000,    8420657,        0,  -10579343,          0
 16582,   402,   19000000,    8715550,        0,  -10284450,          0
 16582,   403,   19000000,    6870892,        0,  -12129108,          0
 16582,   404,   19000000,    7083511,        0,  -11916489,          0
 16582,   405,   19000000,    8044319,        0,  -10955681,          0
 16582,   406,   19000000,    8404554,        0,  -10595446,          0
 16582,   407,   19000000,    6041693,        0,  -12958307,          0
 16582,   408,   19000000,    7857761,        0,  -11142239,          0
 16582,   409,   19000000,    8068977,        0,  -10931023,          0
 16582,   410,   19000000,    9520395,        0,   -9479605,          0
 16582,   411,   19000000,    6181393,        0,  -12818607,          0
 16582,   412,   19000000,    7831328,        0,  -11168672,          0
 16582,   413,   19000000,    9103092,        0,   -9896908,          0
 16582,   414,   19000000,    9093183,        0,   -9906817,          0
 16582,   415,   19000000,    6119500,        0,  -12880500,          0
 16582,   416,   19000000,    7085056,        0,  -11914944,          0
 16582,   417,   19000000,    7689106,        0,  -11310894,          0
 16582,   418,   19000000,    8750345,        0,  -10249655,          0
 16582,   419,   19000000,    8350902,        0,  -10649098,          0
 16582,   420,   19000000,    7376883,        0,  -11623117,          0
 16582,   421,   19000000,    8050555,        0,  -10949445,          0
 16582,   422,   19000000,    9945112,        0,   -9054888,          0
 16582,   423,   19000000,    6179306,        0,  -12820694,          0
 16582,   424,   19000000,    7936512,        0,  -11063488,          0
 16582,   425,   19000000,    8084014,        0,  -10915986,          0
 16582,   426,   19000000,    8589058,        0,  -10410942,          0
 16582,   427,   19000000,    6025425,        0,  -12974575,          0
 16582,   428,   19000000,    7518658,        0,  -11481342,          0
 16582,   429,   19000000,    8182266,        0,  -10817734,          0
 16582,   430,   19000000,    9331843,        0,   -9668157,          0
 16582,   431,   19000000,    6929181,        0,  -12070819,          0
 16582,   432,   19000000,    7805682,        0,  -11194318,          0
 16582,   433,   19000000,    8139644,        0,  -10860356,          0
 16582,   434,   19000000,    8753636,        0,  -10246364,          0
 16582,   435,   19000000,    7255979,        0,  -11744021,          0
 16582,   436,   19000000,    7038099,        0,  -11961901,          0
 16582,   437,   19000000,    8099791,        0,  -10900209,          0
 16582,   438,   19000000,    9124226,        0,   -9875774,          0
 16582,   439,   19000000,    6019233,        0,  -12980767,          0
 16582,   440,   19000000,    7895427,        0,  -11104573,          0
 16582,   441,   19000000,    8476965,        0,  -10523035,          0
 16582,   442,   19000000,    8710990,        0,  -10289010,          0
 16582,   443,   19000000,    6004761,        0,  -12995239,          0
 16582,   444,   19000000,    7122023,        0,  -11877977,          0
 16582,   445,   19000000,    8860603,        0,  -10139397,          0
 16582,   446,   19000000,    9343558,        0,   -9656442,          0
 16582,   447,   19000000,    5989368,        0,  -13010632,          0
 16582,   448,   19000000,    6993396,        0,  -12006604,          0
 16582,   449,   19000000,    8184164,        0,  -10815836,          0
 16582,   450,   19000000,    9876349,        0,   -9123651,          0
 16582,   451,   19000000,    6179517,        0,  -12820483,          0
 16582,   452,   19000000,    9336768,        0,   -9663232,          0
 16582,   453,   19000000,    8071180,        0,  -10928820,          0
 16582,   454,   19000000,    8740624,        0,  -10259376,          0
 16582,   455,   19000000,    6001519,        0,  -12998481,          0
 16582,   456,   19000000,    7043555,        0,  -11956445,          0
 16582,   457,   19000000,    8178115,        0,  -10821885,          0
 16582,   458,   19000000,    9592076,        0,   -9407924,          0
 16582,   459,   19000000,    6077618,        0,  -12922382,          0
 16582,   460,   19000000,    7044628,        0,  -11955372,          0
 16582,   461,   19000000,    8158961,        0,  -10841039,          0
 16582,   462,   19000000,    9092969,        0,   -9907031,          0
 16582,   463,   19000000,    6578691,        0,  -12421309,          0
 16582,   464,   19000000,    7790851,        0,  -11209149,          0
 16582,   465,   19000000,    9684913,        0,   -9315087,          0
 16582,   466,   19000000,    8687557,        0,  -10312443,          0
 16582,   467,   19000000,    7835625,        0,  -11164375,          0
 16582,   468,   19000000,    7072604,        0,  -11927396,          0
 16582,   469,   19000000,    8986165,        0,  -10013835,          0
 16582,   470,   19000000,    8755460,        0,  -10244540,          0
 16582,   471,   19000000,    6066256,        0,  -12933744,          0
 16582,   472,   19000000,    7165910,        0,  -11834090,          0
 16582,   473,   19000000,    7846749,        0,  -11153251,          0
 16582,   474,   19000000,    9094333,        0,   -9905667,          0
 16582,   475,   19000000,    6177796,        0,  -12822204,          0
 16582,   476,   19000000,    7343405,        0,  -11656595,          0
 16582,   477,   19000000,    7846109,        0,  -11153891,          0
 16582,   478,   19000000,    9305973,        0,   -9694027,          0
 16582,   479,   19000000,    6122446,        0,  -12877554,          0
 16582,   480,   19000000,    7085023,        0,  -11914977,          0
 16582,   481,   19000000,    7728694,        0,  -11271306,          0
 16582,   482,   19000000,    9176894,        0,   -9823106,          0
 16582,   483,   19000000,    6947772,        0,  -12052228,          0
 16582,   484,   19000000,    8334784,        0,  -10665216,          0
 16582,   485,   19000000,    8095105,        0,  -10904895,          0
 16582,   486,   19000000,    9090416,        0,   -9909584,          0
 16582,   487,   19000000,    6914460,        0,  -12085540,          0
 16582,   488,   19000000,    7092626,        0,  -11907374,          0
 16582,   489,   19000000,    8566736,        0,  -10433264,          0
 16582,   490,   19000000,    9148893,        0,   -9851107,          0
 16582,   491,   19000000,    6046477,        0,  -12953523,          0
 16582,   492,   19000000,    6123487,        0,  -12876513,          0
 16582,   493,   19000000,    8899308,        0,  -10100692,          0
 16582,   494,   19000000,    9042079,        0,   -9957921,          0
 16582,   495,   19000000,    6078563,        0,  -12921437,          0
 16582,   496,   19000000,    7061196,        0,  -11938804,          0
 16582,   497,   19000000,    8076474,        0,  -10923526,          0
 16582,   498,   19000000,    9138005,        0,   -9861995,          0
 16582,   499,   19000000,    6072304,        0,  -12927696,          0
 16582,   500,   19000000,    7010317,        0,  -11989683,          0
 16582,   501,   19000000,    8334380,        0,  -10665620,          0
 16582,   502,   19000000,    9920186,        0,   -9079814,          0
 16582,   503,   19000000,    6864561,        0,  -12135439,          0
 16582,   504,   19000000,    7848612,        0,  -11151388,          0
 16582,   505,   19000000,    8076999,        0,  -10923001,          0
 16582,   506,   19000000,   10941368,        0,   -8058632,          0
 16582,   507,   19000000,    6038752,        0,  -12961248,          0
 16582,   508,   19000000,    6990006,        0,  -12009994,          0
 16582,   509,   19000000,    8662685,        0,  -10337315,          0
 16582,   510,   19000000,    8881509,        0,  -10118491,          0
 16582,   511,   19000000,    8388755,        0,  -10611245,          0
 16582,   512,   19000000,    7062304,        0,  -11937696,          0
 16582,   513,   19000000,    7854779,        0,  -11145221,          0
 16582,   514,   19000000,    9141956,        0,   -9858044,          0
 16582,   515,   19000000,    6445823,        0,  -12554177,          0
 16582,   516,   19000000,    7144039,        0,  -11855961,          0
 16582,   517,   19000000,    8092256,        0,  -10907744,          0
 16582,   518,   19000000,    9198997,        0,   -9801003,          0
 16582,   519,   19000000,    6070992,        0,  -12929008,          0
 16582,   520,   19000000,    7101140,        0,  -11898860,          0
 16582,   521,   19000000,    8098836,        0,  -10901164,          0
 16582,   522,   19000000,    9044621,        0,   -9955379,          0
 16582,   523,   19000000,    6865673,        0,  -12134327,          0
 16582,   524,   19000000,    7029875,        0,  -11970125,          0
 16582,   525,   19000000,    8055011,        0,  -10944989,          0
 16582,   526,   19000000,    8878640,        0,  -10121360,          0
 16582,   527,   19000000,    6840945,        0,  -12159055,          0
 16582,   528,   19000000,    7574105,        0,  -11425895,          0
 16582,   529,   19000000,    8203214,        0,  -10796786,          0
 16582,   530,   19000000,    8998958,        0,  -10001042,          0
# task NAME=myapp PID=16586 COST=1094000 PERIOD=33000000 CPU=0
 16586,     2,   33000000,      11458,        0,  -32988542,          0
 16586,     3,   33000000,      55619,        0,  -32944381,          0
 16586,     4,   33000000,    1121662,        0,  -31878338,          0
 16586,     5,   33000000,    1098105,        0,  -31901895,          0
 16586,     6,   33000000,    1115403,        0,  -31884597,          0
 16586,     7,   33000000,    1123455,        0,  -31876545,          0
 16586,     8,   33000000,    1074405,        0,  -31925595,          0
 16586,     9,   33000000,    1134194,        0,  -31865806,          0
 16586,    10,   33000000,    1111336,        0,  -31888664,          0
 16586,    11,   33000000,    1097247,        0,  -31902753,          0
 16586,    12,   33000000,    1128100,        0,  -31871900,          0
 16586,    13,   33000000,    1084102,        0,  -31915898,          0
 16586,    14,   33000000,    1142562,        0,  -31857438,          0
 16586,    15,   33000000,    1082816,        0,  -31917184,          0
 16586,    16,   33000000,    1128483,        0,  -31871517,          0
 16586,    17,   33000000,    1081256,        0,  -31918744,          0
 16586,    18,   33000000,    1177137,        0,  -31822863,          0
 16586,    19,   33000000,    1074379,        0,  -31925621,          0
 16586,    20,   33000000,    1122191,        0,  -31877809,          0
 16586,    21,   33000000,    1338810,        0,  -31661190,          0
 16586,    22,   33000000,    1133612,        0,  -31866388,          0
 16586,    23,   33000000,    1107462,        0,  -31892538,          0
 16586,    24,   33000000,    1119263,        0,  -31880737,          0
 16586,    25,   33000000,    1135737,        0,  -31864263,          0
 16586,    26,   33000000,    1093746,        0,  -31906254,          0
 16586,    27,   33000000,    1111234,        0,  -31888766,          0
 16586,    28,   33000000,    1124218,        0,  -31875782,          0
 16586,    29,   33000000,    1120253,        0,  -31879747,          0
 16586,    30,   33000000,    1114304,        0,  -31885696,          0
 16586,    31,   33000000,    1072479,        0,  -31927521,          0
 16586,    32,   33000000,    1093692,        0,  -31906308,          0
 16586,    33,   33000000,    1090445,        0,  -31909555,          0
 16586,    34,   33000000,    1103643,        0,  -31896357,          0
 16586,    35,   33000000,    1340037,        0,  -31659963,          0
 16586,    36,   33000000,    1091502,        0,  -31908498,          0
 16586,    37,   33000000,    1105947,        0,  -31894053,          0
 16586,    38,   33000000,    1087642,        0,  -31912358,          0
 16586,    39,   33000000,    1128568,        0,  -31871432,          0
 16586,    40,   33000000,    1151949,        0,  -31848051,          0
 16586,    41,   33000000,    1109296,        0,  -31890704,          0
 16586,    42,   33000000,    1101959,        0,  -31898041,          0
 16586,    43,   33000000,    1109454,        0,  -31890546,          0
 16586,    44,   33000000,    1080652,        0,  -31919348,          0
 16586,    45,   33000000,    1172371,        0,  -31827629,          0
 16586,    46,   33000000,    1088584,        0,  -31911416,          0
 16586,    47,   33000000,    1105148,        0,  -31894852,          0
 16586,    48,   33000000,    1142099,        0,  -31857901,          0
 16586,    49,   33000000,    1098005,        0,  -31901995,          0
 16586,    50,   33000000,    1177904,        0,  -31822096,          0
 16586,    51,   33000000,    1089478,        0,  -31910522,          0
 16586,    52,   33000000,    1126218,        0,  -31873782,          0
 16586,    53,   33000000,    1110331,        0,  -31889669,          0
 16586,    54,   33000000,    1103638,        0,  -31896362,          0
 16586,    55,   33000000,    2132750,        0,  -30867250,          0
 16586,    56,   33000000,    1620380,        0,  -31379620,          0
 16586,    57,   33000000,    1355556,        0,  -31644444,          0
 16586,    58,   33000000,    1117892,        0,  -31882108,          0
 16586,    59,   33000000,    1096117,        0,  -31903883,          0
 16586,    60,   33000000,    1126164,        0,  -31873836,          0
 16586,    61,   33000000,    1115593,        0,  -31884407,          0
 16586,    62,   33000000,    1076298,        0,  -31923702,          0
 16586,    63,   33000000,    1076493,        0,  -31923507,          0
 16586,    64,   33000000,    1101233,        0,  -31898767,          0
 16586,    65,   33000000,    1087671,        0,  -31912329,          0
 16586,    66,   33000000,    1111329,        0,  -31888671,          0
 16586,    67,   33000000,    1117963,        0,  -31882037,          0
 16586,    68,   33000000,    1143116,        0,  -31856884,          0
 16586,    69,   33000000,    1109120,        0,  -31890880,          0
 16586,    70,   33000000,    1108252,        0,  -31891748,          0
 16586,    71,   33000000,    1086565,        0,  -31913435,          0
 16586,    72,   33000000,    1103823,        0,  -31896177,          0
 16586,    73,   33000000,    1126945,        0,  -31873055,          0
 16586,    74,   33000000,    1095996,        0,  -31904004,          0
 16586,    75,   33000000,    1116315,        0,  -31883685,          0
 16586,    76,   33000000,    1104461,        0,  -31895539,          0
 16586,    77,   33000000,    1079457,        0,  -31920543,          0
 16586,    78,   33000000,    1071234,        0,  -31928766,          0
 16586,    79,   33000000,    1093383,        0,  -31906617,          0
 16586,    80,   33000000,    1154890,        0,  -31845110,          0
 16586,    81,   33000000,    1583636,        0,  -31416364,          0
 16586,    82,   33000000,    1082461,        0,  -31917539,          0
 16586,    83,   33000000,    1153193,        0,  -31846807,          0
 16586,    84,   33000000,    1091113,        0,  -31908887,          0
 16586,    85,   33000000,    1083486,        0,  -31916514,          0
 16586,    86,   33000000,    1071179,        0,  -31928821,          0
 16586,    87,   33000000,    1132919,        0,  -31867081,          0
 16586,    88,   33000000,    1140885,        0,  -31859115,          0
 16586,    89,   33000000,    1135625,        0,  -31864375,          0
 16586,    90,   33000000,    1092008,        0,  -31907992,          0
 16586,    91,   33000000,    1146067,        0,  -31853933,          0
 16586,    92,   33000000,    1139811,        0,  -31860189,          0
 16586,    93,   33000000,    1068512,        0,  -31931488,          0
 16586,    94,   33000000,    1075423,        0,  -31924577,          0
 16586,    95,   33000000,    1177952,        0,  -31822048,          0
 16586,    96,   33000000,    1120510,        0,  -31879490,          0
 16586,    97,   33000000,    1102285,        0,  -31897715,          0
 16586,    98,   33000000,    1190233,        0,  -31809767,          0
 16586,    99,   33000000,    1112615,        0,  -31887385,          0
 16586,   100,   33000000,    1250019,        0,  -31749981,          0
 16586,   101,   33000000,    1095440,        0,  -31904560,          0
 16586,   102,   33000000,    1101226,        0,  -31898774,          0
 16586,   103,   33000000,    1092538,        0,  -31907462,          0
 16586,   104,   33000000,    1106240,        0,  -31893760,          0
 16586,   105,   33000000,    1074455,        0,  -31925545,          0
 16586,   106,   33000000,    1113402,        0,  -31886598,          0
 16586,   107,   33000000,    1093028,        0,  -31906972,          0
 16586,   108,   33000000,    1107907,        0,  -31892093,          0
 16586,   109,   33000000,    1167050,        0,  -31832950,          0
 16586,   110,   33000000,    1097750,        0,  -31902250,          0
 16586,   111,   33000000,    1105563,        0,  -31894437,          0
 16586,   112,   33000000,    1356413,        0,  -31643587,          0
 16586,   113,   33000000,    1108002,        0,  -31891998,          0
 16586,   114,   33000000,    1094154,        0,  -31905846,          0
 16586,   115,   33000000,    1075392,        0,  -31924608,          0
 16586,   116,   33000000,    1104438,        0,  -31895562,          0
 16586,   117,   33000000,    1137407,        0,  -31862593,          0
 16586,   118,   33000000,    1132915,        0,  -31867085,          0
 16586,   119,   33000000,    2159331,        0,  -30840669,          0
 16586,   120,   33000000,    1103246,        0,  -31896754,          0
 16586,   121,   33000000,    1077878,        0,  -31922122,          0
 16586,   122,   33000000,    1080858,        0,  -31919142,          0
 16586,   123,   33000000,    1075053,        0,  -31924947,          0
 16586,   124,   33000000,    1083289,        0,  -31916711,          0
 16586,   125,   33000000,    1065028,        0,  -31934972,          0
 16586,   126,   33000000,    1160196,        0,  -31839804,          0
 16586,   127,   33000000,    1077454,        0,  -31922546,          0
 16586,   128,   33000000,    1120789,        0,  -31879211,          0
 16586,   129,   33000000,    1136528,        0,  -31863472,          0
 16586,   130,   33000000,    1109616,        0,  -31890384,          0
 16586,   131,   33000000,    1116648,        0,  -31883352,          0
 16586,   132,   33000000,    1104935,        0,  -31895065,          0
 16586,   133,   33000000,    1082011,        0,  -31917989,          0
 16586,   134,   33000000,    1119258,        0,  -31880742,          0
 16586,   135,   33000000,    1087804,        0,  -31912196,          0
 16586,   136,   33000000,    1103207,        0,  -31896793,          0
 16586,   137,   33000000,    1130010,        0,  -31869990,          0
 16586,   138,   33000000,    1275439,        0,  -31724561,          0
 16586,   139,   33000000,    1114577,        0,  -31885423,          0
 16586,   140,   33000000,    1105480,        0,  -31894520,          0
 16586,   141,   33000000,    1513929,        0,  -31486071,          0
 16586,   142,   33000000,    1297502,        0,  -31702498,          0
 16586,   143,   33000000,    1076982,        0,  -31923018,          0
 16586,   144,   33000000,    1118389,        0,  -31881611,          0
 16586,   145,   33000000,    1158884,        0,  -31841116,          0
 16586,   146,   33000000,    1087990,        0,  -31912010,          0
 16586,   147,   33000000,    1134800,        0,  -31865200,          0
 16586,   148,   33000000,    1111333,        0,  -31888667,          0
 16586,   149,   33000000,    1142260,        0,  -31857740,          0
 16586,   150,   33000000,    1122776,        0,  -31877224,          0
 16586,   151,   33000000,    1089339,        0,  -31910661,          0
 16586,   152,   33000000,    1122463,        0,  -31877537,          0
 16586,   153,   33000000,    1161861,        0,  -31838139,          0
 16586,   154,   33000000,    1088848,        0,  -31911152,          0
 16586,   155,   33000000,    1129630,        0,  -31870370,          0
 16586,   156,   33000000,    1204076,        0,  -31795924,          0
 16586,   157,   33000000,    1073520,        0,  -31926480,          0
 16586,   158,   33000000,    1115567,        0,  -31884433,          0
 16586,   159,   33000000,    1099112,        0,  -31900888,          0
 16586,   160,   33000000,    1186990,        0,  -31813010,          0
 16586,   161,   33000000,    2319174,        0,  -30680826,          0
 16586,   162,   33000000,    1070272,        0,  -31929728,          0
 16586,   163,   33000000,    1098169,        0,  -31901831,          0
 16586,   164,   33000000,    1150466,        0,  -31849534,          0
 16586,   165,   33000000,    1105855,        0,  -31894145,          0
 16586,   166,   33000000,    1092604,        0,  -31907396,          0
 16586,   167,   33000000,    1366399,        0,  -31633601,          0
 16586,   168,   33000000,    1123647,        0,  -31876353,          0
 16586,   169,   33000000,    1090880,        0,  -31909120,          0
 16586,   170,   33000000,    1092715,        0,  -31907285,          0
 16586,   171,   33000000,    1115945,        0,  -31884055,          0
 16586,   172,   33000000,    1130200,        0,  -31869800,          0
 16586,   173,   33000000,    1139453,        0,  -31860547,          0
 16586,   174,   33000000,    2337816,        0,  -30662184,          0
 16586,   175,   33000000,    1385522,        0,  -31614478,          0
 16586,   176,   33000000,    1101117,        0,  -31898883,          0
 16586,   177,   33000000,    1147783,        0,  -31852217,          0
 16586,   178,   33000000,    2346800,        0,  -30653200,          0
 16586,   179,   33000000,    1108295,        0,  -31891705,          0
 16586,   180,   33000000,    1133303,        0,  -31866697,          0
 16586,   181,   33000000,    1166140,        0,  -31833860,          0
 16586,   182,   33000000,    1385355,        0,  -31614645,          0
 16586,   183,   33000000,    1100102,        0,  -31899898,          0
 16586,   184,   33000000,    1164239,        0,  -31835761,          0
 16586,   185,   33000000,    1084875,        0,  -31915125,          0
 16586,   186,   33000000,    1113895,        0,  -31886105,          0
 16586,   187,   33000000,    1093617,        0,  -31906383,          0
 16586,   188,   33000000,    1095852,        0,  -31904148,          0
 16586,   189,   33000000,    1112951,        0,  -31887049,          0
 16586,   190,   33000000,    1101931,        0,  -31898069,          0
 16586,   191,   33000000,    1107329,        0,  -31892671,          0
 16586,   192,   33000000,    1136235,        0,  -31863765,          0
 16586,   193,   33000000,    1159058,        0,  -31840942,          0
 16586,   194,   33000000,    1101710,        0,  -31898290,          0
 16586,   195,   33000000,    1073493,        0,  -31926507,          0
 16586,   196,   33000000,    1146061,        0,  -31853939,          0
 16586,   197,   33000000,    1111353,        0,  -31888647,          0
 16586,   198,   33000000,    1301723,        0,  -31698277,          0
 16586,   199,   33000000,    1126691,        0,  -31873309,          0
 16586,   200,   33000000,    1100028,        0,  -31899972,          0
 16586,   201,   33000000,    1577857,        0,  -31422143,          0
 16586,   202,   33000000,    1159383,        0,  -31840617,          0
 16586,   203,   33000000,    2468684,        0,  -30531316,          0
 16586,   204,   33000000,    1113463,        0,  -31886537,          0
 16586,   205,   33000000,    1096259,        0,  -31903741,          0
 16586,   206,   33000000,    1128137,        0,  -31871863,          0
 16586,   207,   33000000,    1133026,        0,  -31866974,          0
 16586,   208,   33000000,    1120094,        0,  -31879906,          0
 16586,   209,   33000000,    1096759,        0,  -31903241,          0
 16586,   210,   33000000,    1081954,        0,  -31918046,          0
 16586,   211,   33000000,    1092823,        0,  -31907177,          0
 16586,   212,   33000000,    1106352,        0,  -31893648,          0
 16586,   213,   33000000,    1104161,        0,  -31895839,          0
 16586,   214,   33000000,    3205860,        0,  -29794140,          0
 16586,   215,   33000000,    1074975,        0,  -31925025,          0
 16586,   216,   33000000,    1586177,        0,  -31413823,          0
 16586,   217,   33000000,    1127063,        0,  -31872937,          0
 16586,   218,   33000000,    1078562,        0,  -31921438,          0
 16586,   219,   33000000,    1130511,        0,  -31869489,          0
 16586,   220,   33000000,    1150537,        0,  -31849463,          0
 16586,   221,   33000000,    1077889,        0,  -31922111,          0
 16586,   222,   33000000,    1100243,        0,  -31899757,          0
 16586,   223,   33000000,    1086936,        0,  -31913064,          0
 16586,   224,   33000000,    1130344,        0,  -31869656,          0
 16586,   225,   33000000,    1082585,        0,  -31917415,          0
 16586,   226,   33000000,    1122074,        0,  -31877926,          0
 16586,   227,   33000000,    1083230,        0,  -31916770,          0
 16586,   228,   33000000,    1155962,        0,  -31844038,          0
 16586,   229,   33000000,    1134054,        0,  -31865946,          0
 16586,   230,   33000000,    1075772,        0,  -31924228,          0
 16586,   231,   33000000,    1089083,        0,  -31910917,          0
 16586,   232,   33000000,    1149535,        0,  -31850465,          0
 16586,   233,   33000000,    1093511,        0,  -31906489,          0
 16586,   234,   33000000,    1075569,        0,  -31924431,          0
 16586,   235,   33000000,    1106990,        0,  -31893010,          0
 16586,   236,   33000000,    1135300,        0,  -31864700,          0
 16586,   237,   33000000,    1092357,        0,  -31907643,          0
 16586,   238,   33000000,    1077119,        0,  -31922881,          0
 16586,   239,   33000000,    1136026,        0,  -31863974,          0
 16586,   240,   33000000,    1140868,        0,  -31859132,          0
 16586,   241,   33000000,    1141264,        0,  -31858736,          0
 16586,   242,   33000000,    1071100,        0,  -31928900,          0
 16586,   243,   33000000,    1091200,        0,  -31908800,          0
 16586,   244,   33000000,    1114328,        0,  -31885672,          0
 16586,   245,   33000000,    1108673,        0,  -31891327,          0
 16586,   246,   33000000,    1077087,        0,  -31922913,          0
 16586,   247,   33000000,    1066171,        0,  -31933829,          0
 16586,   248,   33000000,    1072926,        0,  -31927074,          0
 16586,   249,   33000000,    1125348,        0,  -31874652,          0
 16586,   250,   33000000,    1085983,        0,  -31914017,          0
 16586,   251,   33000000,    1090336,        0,  -31909664,          0
 16586,   252,   33000000,    1163585,        0,  -31836415,          0
 16586,   253,   33000000,    1130403,        0,  -31869597,          0
 16586,   254,   33000000,    1203956,        0,  -31796044,          0
 16586,   255,   33000000,    1123367,        0,  -31876633,          0
 16586,   256,   33000000,    1070065,        0,  -31929935,          0
 16586,   257,   33000000,    1081328,        0,  -31918672,          0
 16586,   258,   33000000,    2339380,        0,  -30660620,          0
 16586,   259,   33000000,    1321119,        0,  -31678881,          0
 16586,   260,   33000000,    1113628,        0,  -31886372,          0
 16586,   261,   33000000,    1090874,        0,  -31909126,          0
 16586,   262,   33000000,    1164203,        0,  -31835797,          0
 16586,   263,   33000000,    1099085,        0,  -31900915,          0
 16586,   264,   33000000,    1153281,        0,  -31846719,          0
 16586,   265,   33000000,    1189931,        0,  -31810069,          0
 16586,   266,   33000000,    1104528,        0,  -31895472,          0
 16586,   267,   33000000,    1104455,        0,  -31895545,          0
 16586,   268,   33000000,    1133948,        0,  -31866052,          0
 16586,   269,   33000000,    1151749,        0,  -31848251,          0
 16586,   270,   33000000,    1104182,        0,  -31895818,          0
 16586,   271,   33000000,    1096150,        0,  -31903850,          0
 16586,   272,   33000000,    1098614,        0,  -31901386,          0
 16586,   273,   33000000,    1146150,        0,  -31853850,          0
 16586,   274,   33000000,    1091150,        0,  -31908850,          0
 16586,   275,   33000000,    1074359,        0,  -31925641,          0
 16586,   276,   33000000,    1144925,        0,  -31855075,          0
 16586,   277,   33000000,    1096960,        0,  -31903040,          0
 16586,   278,   33000000,    1094882,        0,  -31905118,          0
 16586,   279,   33000000,    1119464,        0,  -31880536,          0
 16586,   280,   33000000,    1092382,        0,  -31907618,          0
 16586,   281,   33000000,    1064865,        0,  -31935135,          0
 16586,   282,   33000000,    1113024,        0,  -31886976,          0
 16586,   283,   33000000,    1119727,        0,  -31880273,          0
 16586,   284,   33000000,    1130409,        0,  -31869591,          0
 16586,   285,   33000000,    1109434,        0,  -31890566,          0
 16586,   286,   33000000,    1118557,        0,  -31881443,          0
 16586,   287,   33000000,    1112048,        0,  -31887952,          0
 16586,   288,   33000000,    1126443,        0,  -31873557,          0
 16586,   289,   33000000,    1077836,        0,  -31922164,          0
 16586,   290,   33000000,    1091585,        0,  -31908415,          0
 16586,   291,   33000000,    1084353,        0,  -31915647,          0
 16586,   292,   33000000,    1140204,        0,  -31859796,          0
 16586,   293,   33000000,    1152795,        0,  -31847205,          0
 16586,   294,   33000000,    1095239,        0,  -31904761,          0
 16586,   295,   33000000,    1120453,        0,  -31879547,          0
 16586,   296,   33000000,    1143613,        0,  -31856387,          0
 16586,   297,   33000000,    1126662,        0,  -31873338,          0
 16586,   298,   33000000,    3135886,        0,  -29864114,          0
 16586,   299,   33000000,    1134089,        0,  -31865911,          0
 16586,   300,   33000000,    1154546,        0,  -31845454,          0
 16586,   301,   33000000,    1105394,        0,  -31894606,          0
 16586,   302,   33000000,    1196477,        0,  -31803523,          0
 16586,   303,   33000000,    1080047,        0,  -31919953,          0
 16586,   304,   33000000,    1083159,        0,  -31916841,          0
 16586,   305,   33000000,    1228372,        0,  -31771628,          0
 16586,   306,   33000000,    1159641,        0,  -31840359,          0
 16586,   307,   33000000,    1945395,        0,  -31054605,          0
