# Task,   Job,     Period,   Response, DL Miss?,   Lateness,  Tardiness
# task NAME=myapp PID=29240 COST=15656000 PERIOD=40000000 CPU=0
 29240,     2,   40000000,      12822,        0,  -39987178,          0
 29240,     3,   40000000,     104221,        0,  -39895779,          0
 29240,     4,   40000000,   26319940,        0,  -13680060,          0
 29240,     5,   40000000,   26332105,        0,  -13667895,          0
 29240,     6,   40000000,   26293157,        0,  -13706843,          0
 29240,     7,   40000000,   26645548,        0,  -13354452,          0
 29240,     8,   40000000,   26397539,        0,  -13602461,          0
 29240,     9,   40000000,   26298409,        0,  -13701591,          0
 29240,    10,   40000000,   26311670,        0,  -13688330,          0
 29240,    11,   40000000,   26504393,        0,  -13495607,          0
 29240,    12,   40000000,   26286339,        0,  -13713661,          0
 29240,    13,   40000000,   26322693,        0,  -13677307,          0
 29240,    14,   40000000,   26236612,        0,  -13763388,          0
 29240,    15,   40000000,   26239879,        0,  -13760121,          0
 29240,    16,   40000000,   26275381,        0,  -13724619,          0
 29240,    17,   40000000,   26279438,        0,  -13720562,          0
 29240,    18,   40000000,   26249914,        0,  -13750086,          0
 29240,    19,   40000000,   28200840,        0,  -11799160,          0
 29240,    20,   40000000,   26502346,        0,  -13497654,          0
 29240,    21,   40000000,   26289845,        0,  -13710155,          0
 29240,    22,   40000000,   26231903,        0,  -13768097,          0
 29240,    23,   40000000,   26350852,        0,  -13649148,          0
 29240,    24,   40000000,   26656802,        0,  -13343198,          0
 29240,    25,   40000000,   26295692,        0,  -13704308,          0
 29240,    26,   40000000,   26327643,        0,  -13672357,          0
 29240,    27,   40000000,   26308662,        0,  -13691338,          0
 29240,    28,   40000000,   26207663,        0,  -13792337,          0
 29240,    29,   40000000,   26214992,        0,  -13785008,          0
 29240,    30,   40000000,   26256478,        0,  -13743522,          0
 29240,    31,   40000000,   26255255,        0,  -13744745,          0
 29240,    32,   40000000,   26307178,        0,  -13692822,          0
 29240,    33,   40000000,   26384895,        0,  -13615105,          0
 29240,    34,   40000000,   26272218,        0,  -13727782,          0
 29240,    35,   40000000,   26355863,        0,  -13644137,          0
 29240,    36,   40000000,   26588180,        0,  -13411820,          0
 29240,    37,   40000000,   26226454,        0,  -13773546,          0
 29240,    38,   40000000,   26305273,        0,  -13694727,          0
 29240,    39,   40000000,   26786391,        0,  -13213609,          0
 29240,    40,   40000000,   26230729,        0,  -13769271,          0
 29240,    41,   40000000,   26345542,        0,  -13654458,          0
 29240,    42,   40000000,   26272367,        0,  -13727633,          0
 29240,    43,   40000000,   26247534,        0,  -13752466,          0
 29240,    44,   40000000,   26211684,        0,  -13788316,          0
 29240,    45,   40000000,   26591604,        0,  -13408396,          0
 29240,    46,   40000000,   28148821,        0,  -11851179,          0
 29240,    47,   40000000,   26266329,        0,  -13733671,          0
 29240,    48,   40000000,   26235694,        0,  -13764306,          0
 29240,    49,   40000000,   26266298,        0,  -13733702,          0
 29240,    50,   40000000,   26182140,        0,  -13817860,          0
 29240,    51,   40000000,   26247443,        0,  -13752557,          0
 29240,    52,   40000000,   26313548,        0,  -13686452,          0
 29240,    53,   40000000,   26293468,        0,  -13706532,          0
 29240,    54,   40000000,   26303403,        0,  -13696597,          0
 29240,    55,   40000000,   26302508,        0,  -13697492,          0
 29240,    56,   40000000,   26275842,        0,  -13724158,          0
 29240,    57,   40000000,   26287127,        0,  -13712873,          0
 29240,    58,   40000000,   28393447,        0,  -11606553,          0
 29240,    59,   40000000,   26302849,        0,  -13697151,          0
 29240,    60,   40000000,   26379630,        0,  -13620370,          0
 29240,    61,   40000000,   26519731,        0,  -13480269,          0
 29240,    62,   40000000,   26198006,        0,  -13801994,          0
 29240,    63,   40000000,   26221488,        0,  -13778512,          0
 29240,    64,   40000000,   26287439,        0,  -13712561,          0
 29240,    65,   40000000,   26188998,        0,  -13811002,          0
 29240,    66,   40000000,   26308418,        0,  -13691582,          0
 29240,    67,   40000000,   26268965,        0,  -13731035,          0
 29240,    68,   40000000,   26293874,        0,  -13706126,          0
 29240,    69,   40000000,   26292164,        0,  -13707836,          0
 29240,    70,   40000000,   26871999,        0,  -13128001,          0
 29240,    71,   40000000,   26300836,        0,  -13699164,          0
 29240,    72,   40000000,   26259669,        0,  -13740331,          0
 29240,    73,   40000000,   26246079,        0,  -13753921,          0
 29240,    74,   40000000,   26341646,        0,  -13658354,          0
 29240,    75,   40000000,   26428609,        0,  -13571391,          0
 29240,    76,   40000000,   26203214,        0,  -13796786,          0
 29240,    77,   40000000,   26277628,        0,  -13722372,          0
 29240,    78,   40000000,   26252817,        0,  -13747183,          0
 29240,    79,   40000000,   26429788,        0,  -13570212,          0
 29240,    80,   40000000,   26262136,        0,  -13737864,          0
 29240,    81,   40000000,   26255592,        0,  -13744408,          0
 29240,    82,   40000000,   26204687,        0,  -13795313,          0
 29240,    83,   40000000,   26430312,        0,  -13569688,          0
 29240,    84,   40000000,   26396801,        0,  -13603199,          0
 29240,    85,   40000000,   26235180,        0,  -13764820,          0
 29240,    86,   40000000,   26544354,        0,  -13455646,          0
 29240,    87,   40000000,   26310202,        0,  -13689798,          0
 29240,    88,   40000000,   26286806,        0,  -13713194,          0
 29240,    89,   40000000,   26583374,        0,  -13416626,          0
 29240,    90,   40000000,   26266350,        0,  -13733650,          0
 29240,    91,   40000000,   26199050,        0,  -13800950,          0
 29240,    92,   40000000,   26263661,        0,  -13736339,          0
 29240,    93,   40000000,   26271908,        0,  -13728092,          0
 29240,    94,   40000000,   26235601,        0,  -13764399,          0
 29240,    95,   40000000,   26549916,        0,  -13450084,          0
 29240,    96,   40000000,   26355193,        0,  -13644807,          0
 29240,    97,   40000000,   26324289,        0,  -13675711,          0
 29240,    98,   40000000,   26308188,        0,  -13691812,          0
 29240,    99,   40000000,   26361268,        0,  -13638732,          0
 29240,   100,   40000000,   26225885,        0,  -13774115,          0
 29240,   101,   40000000,   26327860,        0,  -13672140,          0
 29240,   102,   40000000,   26238088,        0,  -13761912,          0
 29240,   103,   40000000,   26326532,        0,  -13673468,          0
 29240,   104,   40000000,   26331124,        0,  -13668876,          0
 29240,   105,   40000000,   26308163,        0,  -13691837,          0
 29240,   106,   40000000,   26290324,        0,  -13709676,          0
 29240,   107,   40000000,   26319600,        0,  -13680400,          0
 29240,   108,   40000000,   26305714,        0,  -13694286,          0
 29240,   109,   40000000,   26213941,        0,  -13786059,          0
 29240,   110,   40000000,   26302404,        0,  -13697596,          0
 29240,   111,   40000000,   26523806,        0,  -13476194,          0
 29240,   112,   40000000,   26240922,        0,  -13759078,          0
 29240,   113,   40000000,   26384175,        0,  -13615825,          0
 29240,   114,   40000000,   26260219,        0,  -13739781,          0
 29240,   115,   40000000,   26282801,        0,  -13717199,          0
 29240,   116,   40000000,   26325057,        0,  -13674943,          0
 29240,   117,   40000000,   26806495,        0,  -13193505,          0
 29240,   118,   40000000,   26322695,        0,  -13677305,          0
 29240,   119,   40000000,   26278613,        0,  -13721387,          0
 29240,   120,   40000000,   26624162,        0,  -13375838,          0
 29240,   121,   40000000,   26302074,        0,  -13697926,          0
 29240,   122,   40000000,   26540590,        0,  -13459410,          0
 29240,   123,   40000000,   26355846,        0,  -13644154,          0
 29240,   124,   40000000,   26327025,        0,  -13672975,          0
 29240,   125,   40000000,   26267228,        0,  -13732772,          0
 29240,   126,   40000000,   26767114,        0,  -13232886,          0
 29240,   127,   40000000,   26294681,        0,  -13705319,          0
 29240,   128,   40000000,   26282381,        0,  -13717619,          0
 29240,   129,   40000000,   26339162,        0,  -13660838,          0
 29240,   130,   40000000,   26205878,        0,  -13794122,          0
 29240,   131,   40000000,   26270293,        0,  -13729707,          0
 29240,   132,   40000000,   26380036,        0,  -13619964,          0
 29240,   133,   40000000,   28367381,        0,  -11632619,          0
 29240,   134,   40000000,   26387315,        0,  -13612685,          0
 29240,   135,   40000000,   26414749,        0,  -13585251,          0
 29240,   136,   40000000,   26485441,        0,  -13514559,          0
 29240,   137,   40000000,   26326314,        0,  -13673686,          0
 29240,   138,   40000000,   26208529,        0,  -13791471,          0
 29240,   139,   40000000,   26227309,        0,  -13772691,          0
 29240,   140,   40000000,   28235653,        0,  -11764347,          0
 29240,   141,   40000000,   26315817,        0,  -13684183,          0
 29240,   142,   40000000,   26191300,        0,  -13808700,          0
 29240,   143,   40000000,   26745360,        0,  -13254640,          0
 29240,   144,   40000000,   26306945,        0,  -13693055,          0
 29240,   145,   40000000,   26514984,        0,  -13485016,          0
 29240,   146,   40000000,   26257524,        0,  -13742476,          0
 29240,   147,   40000000,   26236364,        0,  -13763636,          0
 29240,   148,   40000000,   26353210,        0,  -13646790,          0
 29240,   149,   40000000,   26247147,        0,  -13752853,          0
 29240,   150,   40000000,   26285845,        0,  -13714155,          0
 29240,   151,   40000000,   26281011,        0,  -13718989,          0
 29240,   152,   40000000,   26278304,        0,  -13721696,          0
 29240,   153,   40000000,   26881095,        0,  -13118905,          0
 29240,   154,   40000000,   26266080,        0,  -13733920,          0
 29240,   155,   40000000,   26202216,        0,  -13797784,          0
 29240,   156,   40000000,   26213057,        0,  -13786943,          0
 29240,   157,   40000000,   26221465,        0,  -13778535,          0
 29240,   158,   40000000,   26362789,        0,  -13637211,          0
 29240,   159,   40000000,   26406970,        0,  -13593030,          0
 29240,   160,   40000000,   28221369,        0,  -11778631,          0
 29240,   161,   40000000,   26588842,        0,  -13411158,          0
 29240,   162,   40000000,   26399292,        0,  -13600708,          0
 29240,   163,   40000000,   26249487,        0,  -13750513,          0
 29240,   164,   40000000,   26313433,        0,  -13686567,          0
 29240,   165,   40000000,   26227460,        0,  -13772540,          0
 29240,   166,   40000000,   26223863,        0,  -13776137,          0
 29240,   167,   40000000,   26367482,        0,  -13632518,          0
 29240,   168,   40000000,   26224387,        0,  -13775613,          0
 29240,   169,   40000000,   26241716,        0,  -13758284,          0
 29240,   170,   40000000,   26592385,        0,  -13407615,          0
 29240,   171,   40000000,   26218109,        0,  -13781891,          0
 29240,   172,   40000000,   26287301,        0,  -13712699,          0
 29240,   173,   40000000,   26268301,        0,  -13731699,          0
 29240,   174,   40000000,   26300371,        0,  -13699629,          0
 29240,   175,   40000000,   26324373,        0,  -13675627,          0
 29240,   176,   40000000,   26239429,        0,  -13760571,          0
 29240,   177,   40000000,   26324842,        0,  -13675158,          0
 29240,   178,   40000000,   26372218,        0,  -13627782,          0
 29240,   179,   40000000,   26282330,        0,  -13717670,          0
 29240,   180,   40000000,   26286776,        0,  -13713224,          0
 29240,   181,   40000000,   26331366,        0,  -13668634,          0
 29240,   182,   40000000,   26273770,        0,  -13726230,          0
 29240,   183,   40000000,   26702902,        0,  -13297098,          0
 29240,   184,   40000000,   26267298,        0,  -13732702,          0
 29240,   185,   40000000,   26294223,        0,  -13705777,          0
 29240,   186,   40000000,   26496044,        0,  -13503956,          0
 29240,   187,   40000000,   26300995,        0,  -13699005,          0
 29240,   188,   40000000,   26226621,        0,  -13773379,          0
 29240,   189,   40000000,   26316936,        0,  -13683064,          0
 29240,   190,   40000000,   26262777,        0,  -13737223,          0
 29240,   191,   40000000,   26242879,        0,  -13757121,          0
 29240,   192,   40000000,   26220543,        0,  -13779457,          0
 29240,   193,   40000000,   26291670,        0,  -13708330,          0
 29240,   194,   40000000,   26325663,        0,  -13674337,          0
 29240,   195,   40000000,   26583270,        0,  -13416730,          0
 29240,   196,   40000000,   26329726,        0,  -13670274,          0
 29240,   197,   40000000,   26224551,        0,  -13775449,          0
 29240,   198,   40000000,   26270472,        0,  -13729528,          0
 29240,   199,   40000000,   26187470,        0,  -13812530,          0
 29240,   200,   40000000,   26397028,        0,  -13602972,          0
 29240,   201,   40000000,   26285984,        0,  -13714016,          0
 29240,   202,   40000000,   26293573,        0,  -13706427,          0
 29240,   203,   40000000,   26322159,        0,  -13677841,          0
 29240,   204,   40000000,   26256492,        0,  -13743508,          0
 29240,   205,   40000000,   26298897,        0,  -13701103,          0
 29240,   206,   40000000,   28202819,        0,  -11797181,          0
 29240,   207,   40000000,   26334116,        0,  -13665884,          0
 29240,   208,   40000000,   26203761,        0,  -13796239,          0
 29240,   209,   40000000,   26771685,        0,  -13228315,          0
 29240,   210,   40000000,   26267416,        0,  -13732584,          0
 29240,   211,   40000000,   26512629,        0,  -13487371,          0
 29240,   212,   40000000,   28219763,        0,  -11780237,          0
 29240,   213,   40000000,   26270165,        0,  -13729835,          0
 29240,   214,   40000000,   26295856,        0,  -13704144,          0
 29240,   215,   40000000,   26342402,        0,  -13657598,          0
 29240,   216,   40000000,   26324024,        0,  -13675976,          0
 29240,   217,   40000000,   26318035,        0,  -13681965,          0
 29240,   218,   40000000,   26292318,        0,  -13707682,          0
 29240,   219,   40000000,   26251139,        0,  -13748861,          0
 29240,   220,   40000000,   26553100,        0,  -13446900,          0
 29240,   221,   40000000,   26222833,        0,  -13777167,          0
 29240,   222,   40000000,   26307328,        0,  -13692672,          0
 29240,   223,   40000000,   26278000,        0,  -13722000,          0
 29240,   224,   40000000,   26255632,        0,  -13744368,          0
 29240,   225,   40000000,   26567358,        0,  -13432642,          0
 29240,   226,   40000000,   26280252,        0,  -13719748,          0
 29240,   227,   40000000,   26274079,        0,  -13725921,          0
 29240,   228,   40000000,   26302085,        0,  -13697915,          0
 29240,   229,   40000000,   26447247,        0,  -13552753,          0
 29240,   230,   40000000,   26265582,        0,  -13734418,          0
 29240,   231,   40000000,   26272506,        0,  -13727494,          0
 29240,   232,   40000000,   26205073,        0,  -13794927,          0
 29240,   233,   40000000,   26266585,        0,  -13733415,          0
 29240,   234,   40000000,   26390024,        0,  -13609976,          0
 29240,   235,   40000000,   26321551,        0,  -13678449,          0
 29240,   236,   40000000,   26492443,        0,  -13507557,          0
 29240,   237,   40000000,   26321013,        0,  -13678987,          0
 29240,   238,   40000000,   26313180,        0,  -13686820,          0
 29240,   239,   40000000,   26311744,        0,  -13688256,          0
 29240,   240,   40000000,   26429602,        0,  -13570398,          0
 29240,   241,   40000000,   26364515,        0,  -13635485,          0
 29240,   242,   40000000,   26265374,        0,  -13734626,          0
 29240,   243,   40000000,   26304379,        0,  -13695621,          0
 29240,   244,   40000000,   26279649,        0,  -13720351,          0
 29240,   245,   40000000,   27712418,        0,  -12287582,          0
 29240,   246,   40000000,   26213339,        0,  -13786661,          0
 29240,   247,   40000000,   26270117,        0,  -13729883,          0
 29240,   248,   40000000,   26323265,        0,  -13676735,          0
 29240,   249,   40000000,   26298765,        0,  -13701235,          0
 29240,   250,   40000000,   26312728,        0,  -13687272,          0
 29240,   251,   40000000,   26364029,        0,  -13635971,          0
 29240,   252,   40000000,   26273521,        0,  -13726479,          0
 29240,   253,   40000000,   26259912,        0,  -13740088,          0
 29240,   254,   40000000,   26230857,        0,  -13769143,          0
# task NAME=myapp PID=29243 COST=14285000 PERIOD=47000000 CPU=0
 29243,     2,   47000000,      12965,        0,  -46987035,          0
 29243,     3,   47000000,     120417,        0,  -46879583,          0
 29243,     4,   47000000,   23973095,        0,  -23026905,          0
 29243,     5,   47000000,   24919921,        0,  -22080079,          0
 29243,     6,   47000000,   21894890,        0,  -25105110,          0
 29243,     7,   47000000,   23237595,        0,  -23762405,          0
 29243,     8,   47000000,   24063466,        0,  -22936534,          0
 29243,     9,   47000000,   24991740,        0,  -22008260,          0
 29243,    10,   47000000,   21944274,        0,  -25055726,          0
 29243,    11,   47000000,   22951850,        0,  -24048150,          0
 29243,    12,   47000000,   23989913,        0,  -23010087,          0
 29243,    13,   47000000,   24986359,        0,  -22013641,          0
 29243,    14,   47000000,   21941922,        0,  -25058078,          0
 29243,    15,   47000000,   22881699,        0,  -24118301,          0
 29243,    16,   47000000,   23916783,        0,  -23083217,          0
 29243,    17,   47000000,   25116589,        0,  -21883411,          0
 29243,    18,   47000000,   21999754,        0,  -25000246,          0
 29243,    19,   47000000,   22994154,        0,  -24005846,          0
 29243,    20,   47000000,   24044847,        0,  -22955153,          0
 29243,    21,   47000000,   24975887,        0,  -22024113,          0
 29243,    22,   47000000,   21985427,        0,  -25014573,          0
 29243,    23,   47000000,   23069728,        0,  -23930272,          0
 29243,    24,   47000000,   23921375,        0,  -23078625,          0
 29243,    25,   47000000,   25002551,        0,  -21997449,          0
 29243,    26,   47000000,   21983278,        0,  -25016722,          0
 29243,    27,   47000000,   22998238,        0,  -24001762,          0
 29243,    28,   47000000,   23974089,        0,  -23025911,          0
 29243,    29,   47000000,   24955362,        0,  -22044638,          0
 29243,    30,   47000000,   22062958,        0,  -24937042,          0
 29243,    31,   47000000,   22966839,        0,  -24033161,          0
 29243,    32,   47000000,   24024493,        0,  -22975507,          0
 29243,    33,   47000000,   24889523,        0,  -22110477,          0
 29243,    34,   47000000,   22035382,        0,  -24964618,          0
 29243,    35,   47000000,   23022539,        0,  -23977461,          0
 29243,    36,   47000000,   23986428,        0,  -23013572,          0
 29243,    37,   47000000,   25013060,        0,  -21986940,          0
 29243,    38,   47000000,   21942178,        0,  -25057822,          0
 29243,    39,   47000000,   23201634,        0,  -23798366,          0
 29243,    40,   47000000,   24995068,        0,  -22004932,          0
 29243,    41,   47000000,   25991452,        0,  -21008548,          0
 29243,    42,   47000000,   21945817,        0,  -25054183,          0
 29243,    43,   47000000,   23252630,        0,  -23747370,          0
 29243,    44,   47000000,   23996342,        0,  -23003658,          0
 29243,    45,   47000000,   24964695,        0,  -22035305,          0
 29243,    46,   47000000,   21947459,        0,  -25052541,          0
 29243,    47,   47000000,   24907101,        0,  -22092899,          0
 29243,    48,   47000000,   24015784,        0,  -22984216,          0
 29243,    49,   47000000,   24907059,        0,  -22092941,          0
 29243,    50,   47000000,   21943848,        0,  -25056152,          0
 29243,    51,   47000000,   22882562,        0,  -24117438,          0
 29243,    52,   47000000,   24336452,        0,  -22663548,          0
 29243,    53,   47000000,   25019968,        0,  -21980032,          0
 29243,    54,   47000000,   21905120,        0,  -25094880,          0
 29243,    55,   47000000,   22957896,        0,  -24042104,          0
 29243,    56,   47000000,   24042614,        0,  -22957386,          0
 29243,    57,   47000000,   25003066,        0,  -21996934,          0
 29243,    58,   47000000,   22536116,        0,  -24463884,          0
 29243,    59,   47000000,   22997061,        0,  -24002939,          0
 29243,    60,   47000000,   24283832,        0,  -22716168,          0
 29243,    61,   47000000,   26989337,        0,  -20010663,          0
 29243,    62,   47000000,   21903109,        0,  -25096891,          0
 29243,    63,   47000000,   23057321,        0,  -23942679,          0
 29243,    64,   47000000,   24043281,        0,  -22956719,          0
 29243,    65,   47000000,   24903140,        0,  -22096860,          0
 29243,    66,   47000000,   21959716,        0,  -25040284,          0
 29243,    67,   47000000,   22995315,        0,  -24004685,          0
 29243,    68,   47000000,   23954524,        0,  -23045476,          0
 29243,    69,   47000000,   24980209,        0,  -22019791,          0
 29243,    70,   47000000,   21899298,        0,  -25100702,          0
 29243,    71,   47000000,   22939806,        0,  -24060194,          0
 29243,    72,   47000000,   23964159,        0,  -23035841,          0
 29243,    73,   47000000,   24995203,        0,  -22004797,          0
 29243,    74,   47000000,   21899865,        0,  -25100135,          0
 29243,    75,   47000000,   22897640,        0,  -24102360,          0
 29243,    76,   47000000,   25932108,        0,  -21067892,          0
 29243,    77,   47000000,   24978457,        0,  -22021543,          0
 29243,    78,   47000000,   21984412,        0,  -25015588,          0
 29243,    79,   47000000,   22949146,        0,  -24050854,          0
 29243,    80,   47000000,   23941076,        0,  -23058924,          0
 29243,    81,   47000000,   24959197,        0,  -22040803,          0
 29243,    82,   47000000,   21955836,        0,  -25044164,          0
 29243,    83,   47000000,   22985974,        0,  -24014026,          0
 29243,    84,   47000000,   24237533,        0,  -22762467,          0
 29243,    85,   47000000,   25017177,        0,  -21982823,          0
 29243,    86,   47000000,   22018254,        0,  -24981746,          0
 29243,    87,   47000000,   25082666,        0,  -21917334,          0
 29243,    88,   47000000,   23979370,        0,  -23020630,          0
 29243,    89,   47000000,   24905266,        0,  -22094734,          0
 29243,    90,   47000000,   21947686,        0,  -25052314,          0
 29243,    91,   47000000,   22937997,        0,  -24062003,          0
 29243,    92,   47000000,   26405386,        0,  -20594614,          0
 29243,    93,   47000000,   24926976,        0,  -22073024,          0
 29243,    94,   47000000,   22047032,        0,  -24952968,          0
 29243,    95,   47000000,   22943027,        0,  -24056973,          0
 29243,    96,   47000000,   23978035,        0,  -23021965,          0
 29243,    97,   47000000,   24914540,        0,  -22085460,          0
 29243,    98,   47000000,   21998108,        0,  -25001892,          0
 29243,    99,   47000000,   22883277,        0,  -24116723,          0
 29243,   100,   47000000,   23955491,        0,  -23044509,          0
 29243,   101,   47000000,   24920055,        0,  -22079945,          0
 29243,   102,   47000000,   21924969,        0,  -25075031,          0
 29243,   103,   47000000,   25019422,        0,  -21980578,          0
 29243,   104,   47000000,   23959512,        0,  -23040488,          0
 29243,   105,   47000000,   26030105,        0,  -20969895,          0
 29243,   106,   47000000,   21870486,        0,  -25129514,          0
 29243,   107,   47000000,   22930694,        0,  -24069306,          0
 29243,   108,   47000000,   23951616,        0,  -23048384,          0
 29243,   109,   47000000,   24969282,        0,  -22030718,          0
 29243,   110,   47000000,   22000029,        0,  -24999971,          0
 29243,   111,   47000000,   23017593,        0,  -23982407,          0
 29243,   112,   47000000,   23941169,        0,  -23058831,          0
 29243,   113,   47000000,   24980563,        0,  -22019437,          0
 29243,   114,   47000000,   23118278,        0,  -23881722,          0
 29243,   115,   47000000,   22910650,        0,  -24089350,          0
 29243,   116,   47000000,   24312563,        0,  -22687437,          0
 29243,   117,   47000000,   24914554,        0,  -22085446,          0
 29243,   118,   47000000,   21973419,        0,  -25026581,          0
 29243,   119,   47000000,   22942157,        0,  -24057843,          0
 29243,   120,   47000000,   24056012,        0,  -22943988,          0
 29243,   121,   47000000,   25016198,        0,  -21983802,          0
 29243,   122,   47000000,   21927010,        0,  -25072990,          0
 29243,   123,   47000000,   23045687,        0,  -23954313,          0
 29243,   124,   47000000,   24044038,        0,  -22955962,          0
 29243,   125,   47000000,   24990813,        0,  -22009187,          0
 29243,   126,   47000000,   21943068,        0,  -25056932,          0
 29243,   127,   47000000,   22938278,        0,  -24061722,          0
 29243,   128,   47000000,   23931889,        0,  -23068111,          0
 29243,   129,   47000000,   25015877,        0,  -21984123,          0
 29243,   130,   47000000,   21867168,        0,  -25132832,          0
 29243,   131,   47000000,   23396493,        0,  -23603507,          0
 29243,   132,   47000000,   23934718,        0,  -23065282,          0
 29243,   133,   47000000,   24928523,        0,  -22071477,          0
 29243,   134,   47000000,   21895499,        0,  -25104501,          0
 29243,   135,   47000000,   22875975,        0,  -24124025,          0
 29243,   136,   47000000,   23883746,        0,  -23116254,          0
 29243,   137,   47000000,   24967181,        0,  -22032819,          0
 29243,   138,   47000000,   21946894,        0,  -25053106,          0
 29243,   139,   47000000,   22995137,        0,  -24004863,          0
 29243,   140,   47000000,   23950990,        0,  -23049010,          0
 29243,   141,   47000000,   25392811,        0,  -21607189,          0
 29243,   142,   47000000,   21941280,        0,  -25058720,          0
 29243,   143,   47000000,   23015487,        0,  -23984513,          0
 29243,   144,   47000000,   24277185,        0,  -22722815,          0
 29243,   145,   47000000,   25126163,        0,  -21873837,          0
 29243,   146,   47000000,   21959349,        0,  -25040651,          0
 29243,   147,   47000000,   22984954,        0,  -24015046,          0
 29243,   148,   47000000,   24248527,        0,  -22751473,          0
 29243,   149,   47000000,   24942810,        0,  -22057190,          0
 29243,   150,   47000000,   21900091,        0,  -25099909,          0
 29243,   151,   47000000,   22955886,        0,  -24044114,          0
 29243,   152,   47000000,   24042715,        0,  -22957285,          0
 29243,   153,   47000000,   24964966,        0,  -22035034,          0
 29243,   154,   47000000,   21938141,        0,  -25061859,          0
 29243,   155,   47000000,   23023395,        0,  -23976605,          0
 29243,   156,   47000000,   23927176,        0,  -23072824,          0
 29243,   157,   47000000,   25036803,        0,  -21963197,          0
 29243,   158,   47000000,   25933239,        0,  -21066761,          0
 29243,   159,   47000000,   23144293,        0,  -23855707,          0
 29243,   160,   47000000,   23979045,        0,  -23020955,          0
 29243,   161,   47000000,   24956907,        0,  -22043093,          0
 29243,   162,   47000000,   21992230,        0,  -25007770,          0
 29243,   163,   47000000,   22966521,        0,  -24033479,          0
 29243,   164,   47000000,   23992389,        0,  -23007611,          0
 29243,   165,   47000000,   24986840,        0,  -22013160,          0
 29243,   166,   47000000,   21908296,        0,  -25091704,          0
 29243,   167,   47000000,   23053498,        0,  -23946502,          0
 29243,   168,   47000000,   23990274,        0,  -23009726,          0
 29243,   169,   47000000,   25011765,        0,  -21988235,          0
 29243,   170,   47000000,   22035842,        0,  -24964158,          0
 29243,   171,   47000000,   23028992,        0,  -23971008,          0
 29243,   172,   47000000,   23980400,        0,  -23019600,          0
 29243,   173,   47000000,   24907134,        0,  -22092866,          0
 29243,   174,   47000000,   22001319,        0,  -24998681,          0
 29243,   175,   47000000,   23072638,        0,  -23927362,          0
 29243,   176,   47000000,   23965064,        0,  -23034936,          0
 29243,   177,   47000000,   25198678,        0,  -21801322,          0
 29243,   178,   47000000,   22040693,        0,  -24959307,          0
 29243,   179,   47000000,   23001638,        0,  -23998362,          0
 29243,   180,   47000000,   24228144,        0,  -22771856,          0
 29243,   181,   47000000,   25010342,        0,  -21989658,          0
 29243,   182,   47000000,   22079744,        0,  -24920256,          0
 29243,   183,   47000000,   22920577,        0,  -24079423,          0
 29243,   184,   47000000,   23947285,        0,  -23052715,          0
 29243,   185,   47000000,   24965256,        0,  -22034744,          0
 29243,   186,   47000000,   21869718,        0,  -25130282,          0
 29243,   187,   47000000,   22915717,        0,  -24084283,          0
 29243,   188,   47000000,   24343094,        0,  -22656906,          0
 29243,   189,   47000000,   24947570,        0,  -22052430,          0
 29243,   190,   47000000,   21963894,        0,  -25036106,          0
 29243,   191,   47000000,   23002579,        0,  -23997421,          0
 29243,   192,   47000000,   23896123,        0,  -23103877,          0
 29243,   193,   47000000,   25085024,        0,  -21914976,          0
 29243,   194,   47000000,   22091416,        0,  -24908584,          0
 29243,   195,   47000000,   23495655,        0,  -23504345,          0
 29243,   196,   47000000,   24323662,        0,  -22676338,          0
 29243,   197,   47000000,   24969200,        0,  -22030800,          0
 29243,   198,   47000000,   22045242,        0,  -24954758,          0
 29243,   199,   47000000,   22885125,        0,  -24114875,          0
 29243,   200,   47000000,   24034545,        0,  -22965455,          0
 29243,   201,   47000000,   25291880,        0,  -21708120,          0
 29243,   202,   47000000,   21974393,        0,  -25025607,          0
 29243,   203,   47000000,   23346520,        0,  -23653480,          0
 29243,   204,   47000000,   24033811,        0,  -22966189,          0
 29243,   205,   47000000,   25014319,        0,  -21985681,          0
 29243,   206,   47000000,   21924801,        0,  -25075199,          0
 29243,   207,   47000000,   22894417,        0,  -24105583,          0
 29243,   208,   47000000,   24066866,        0,  -22933134,          0
 29243,   209,   47000000,   25246839,        0,  -21753161,          0
 29243,   210,   47000000,   22075197,        0,  -24924803,          0
 29243,   211,   47000000,   22994348,        0,  -24005652,          0
 29243,   212,   47000000,   24197767,        0,  -22802233,          0
 29243,   213,   47000000,   24997946,        0,  -22002054,          0
 29243,   214,   47000000,   21863995,        0,  -25136005,          0
 29243,   215,   47000000,   22957390,        0,  -24042610,          0
 29243,   216,   47000000,   24070879,        0,  -22929121,          0
# task NAME=myapp PID=29246 COST=6803000 PERIOD=65000000 CPU=0
 29246,     2,   65000000,      30222,        0,  -64969778,          0
 29246,     3,   65000000,     100033,        0,  -64899967,          0
 29246,     4,   65000000,   10772270,        0,  -54227730,          0
 29246,     5,   65000000,   11848710,        0,  -53151290,          0
 29246,     6,   65000000,   12803413,        0,  -52196587,          0
 29246,     7,   65000000,    9795715,        0,  -55204285,          0
 29246,     8,   65000000,    8930363,        0,  -56069637,          0
 29246,     9,   65000000,   11891582,        0,  -53108418,          0
 29246,    10,   65000000,   10867745,        0,  -54132255,          0
 29246,    11,   65000000,    9804684,        0,  -55195316,          0
 29246,    12,   65000000,    8815588,        0,  -56184412,          0
 29246,    13,   65000000,   11866152,        0,  -53133848,          0
 29246,    14,   65000000,   10853690,        0,  -54146310,          0
 29246,    15,   65000000,    9901096,        0,  -55098904,          0
 29246,    16,   65000000,   10852081,        0,  -54147919,          0
 29246,    17,   65000000,   11854837,        0,  -53145163,          0
 29246,    18,   65000000,   10790227,        0,  -54209773,          0
 29246,    19,   65000000,   11690809,        0,  -53309191,          0
 29246,    20,   65000000,    8835356,        0,  -56164644,          0
 29246,    21,   65000000,   11892802,        0,  -53107198,          0
 29246,    22,   65000000,   10789902,        0,  -54210098,          0
 29246,    23,   65000000,    9855555,        0,  -55144445,          0
 29246,    24,   65000000,    8797831,        0,  -56202169,          0
 29246,    25,   65000000,   11823952,        0,  -53176048,          0
 29246,    26,   65000000,   10841113,        0,  -54158887,          0
 29246,    27,   65000000,   11015498,        0,  -53984502,          0
 29246,    28,   65000000,    8827141,        0,  -56172859,          0
 29246,    29,   65000000,   11843834,        0,  -53156166,          0
 29246,    30,   65000000,   10816294,        0,  -54183706,          0
 29246,    31,   65000000,   10118165,        0,  -54881835,          0
 29246,    32,   65000000,    8890934,        0,  -56109066,          0
 29246,    33,   65000000,   12094297,        0,  -52905703,          0
 29246,    34,   65000000,   10876206,        0,  -54123794,          0
 29246,    35,   65000000,    9836731,        0,  -55163269,          0
 29246,    36,   65000000,    8792799,        0,  -56207201,          0
 29246,    37,   65000000,   11864691,        0,  -53135309,          0
 29246,    38,   65000000,   10870101,        0,  -54129899,          0
 29246,    39,   65000000,    9822428,        0,  -55177572,          0
 29246,    40,   65000000,    8866156,        0,  -56133844,          0
 29246,    41,   65000000,   11941823,        0,  -53058177,          0
 29246,    42,   65000000,   10854294,        0,  -54145706,          0
 29246,    43,   65000000,    9872144,        0,  -55127856,          0
 29246,    44,   65000000,    8820493,        0,  -56179507,          0
 29246,    45,   65000000,   13838088,        0,  -51161912,          0
 29246,    46,   65000000,   10838640,        0,  -54161360,          0
 29246,    47,   65000000,   10269887,        0,  -54730113,          0
 29246,    48,   65000000,    9210190,        0,  -55789810,          0
 29246,    49,   65000000,   11906987,        0,  -53093013,          0
 29246,    50,   65000000,   11981707,        0,  -53018293,          0
 29246,    51,   65000000,    9798709,        0,  -55201291,          0
 29246,    52,   65000000,    8770640,        0,  -56229360,          0
 29246,    53,   65000000,   13823574,        0,  -51176426,          0
 29246,    54,   65000000,   10848546,        0,  -54151454,          0
 29246,    55,   65000000,    9837537,        0,  -55162463,          0
 29246,    56,   65000000,    8845342,        0,  -56154658,          0
 29246,    57,   65000000,   11884562,        0,  -53115438,          0
 29246,    58,   65000000,   13081204,        0,  -51918796,          0
 29246,    59,   65000000,    9828943,        0,  -55171057,          0
 29246,    60,   65000000,   10808839,        0,  -54191161,          0
 29246,    61,   65000000,   11793568,        0,  -53206432,          0
 29246,    62,   65000000,   12833444,        0,  -52166556,          0
 29246,    63,   65000000,   11797268,        0,  -53202732,          0
 29246,    64,   65000000,   10822962,        0,  -54177038,          0
 29246,    65,   65000000,   13848785,        0,  -51151215,          0
 29246,    66,   65000000,   10814921,        0,  -54185079,          0
 29246,    67,   65000000,   10856343,        0,  -54143657,          0
 29246,    68,   65000000,    8985601,        0,  -56014399,          0
 29246,    69,   65000000,   11856346,        0,  -53143654,          0
 29246,    70,   65000000,   10855594,        0,  -54144406,          0
 29246,    71,   65000000,   10169411,        0,  -54830589,          0
 29246,    72,   65000000,    8861170,        0,  -56138830,          0
 29246,    73,   65000000,   11876033,        0,  -53123967,          0
 29246,    74,   65000000,   10833149,        0,  -54166851,          0
 29246,    75,   65000000,    9871271,        0,  -55128729,          0
 29246,    76,   65000000,    8852490,        0,  -56147510,          0
 29246,    77,   65000000,   11880881,        0,  -53119119,          0
 29246,    78,   65000000,   10878616,        0,  -54121384,          0
 29246,    79,   65000000,   11832407,        0,  -53167593,          0
 29246,    80,   65000000,    8813524,        0,  -56186476,          0
 29246,    81,   65000000,   11827731,        0,  -53172269,          0
 29246,    82,   65000000,   11830175,        0,  -53169825,          0
 29246,    83,   65000000,   11944679,        0,  -53055321,          0
 29246,    84,   65000000,    8857357,        0,  -56142643,          0
 29246,    85,   65000000,   11843872,        0,  -53156128,          0
 29246,    86,   65000000,   10861776,        0,  -54138224,          0
 29246,    87,   65000000,    9767696,        0,  -55232304,          0
 29246,    88,   65000000,    8822891,        0,  -56177109,          0
 29246,    89,   65000000,   11875249,        0,  -53124751,          0
 29246,    90,   65000000,   10851965,        0,  -54148035,          0
 29246,    91,   65000000,    9840951,        0,  -55159049,          0
 29246,    92,   65000000,   10772866,        0,  -54227134,          0
 29246,    93,   65000000,   11866419,        0,  -53133581,          0
 29246,    94,   65000000,   10826939,        0,  -54173061,          0
 29246,    95,   65000000,    9803581,        0,  -55196419,          0
 29246,    96,   65000000,    8887524,        0,  -56112476,          0
 29246,    97,   65000000,   11862837,        0,  -53137163,          0
 29246,    98,   65000000,   10851481,        0,  -54148519,          0
 29246,    99,   65000000,    9920008,        0,  -55079992,          0
 29246,   100,   65000000,   12833100,        0,  -52166900,          0
 29246,   101,   65000000,   11808750,        0,  -53191250,          0
 29246,   102,   65000000,   10850674,        0,  -54149326,          0
 29246,   103,   65000000,    9799285,        0,  -55200715,          0
 29246,   104,   65000000,    8791809,        0,  -56208191,          0
 29246,   105,   65000000,   11966516,        0,  -53033484,          0
 29246,   106,   65000000,   11117017,        0,  -53882983,          0
 29246,   107,   65000000,    9857179,        0,  -55142821,          0
 29246,   108,   65000000,    8963407,        0,  -56036593,          0
 29246,   109,   65000000,   11865339,        0,  -53134661,          0
 29246,   110,   65000000,   10829924,        0,  -54170076,          0
 29246,   111,   65000000,    9785344,        0,  -55214656,          0
 29246,   112,   65000000,    8825519,        0,  -56174481,          0
 29246,   113,   65000000,   11812210,        0,  -53187790,          0
 29246,   114,   65000000,   10944920,        0,  -54055080,          0
 29246,   115,   65000000,    9825901,        0,  -55174099,          0
 29246,   116,   65000000,    9023351,        0,  -55976649,          0
 29246,   117,   65000000,   11896662,        0,  -53103338,          0
 29246,   118,   65000000,   10893161,        0,  -54106839,          0
 29246,   119,   65000000,    9774921,        0,  -55225079,          0
 29246,   120,   65000000,    8826268,        0,  -56173732,          0
 29246,   121,   65000000,   13823810,        0,  -51176190,          0
 29246,   122,   65000000,   10825928,        0,  -54174072,          0
 29246,   123,   65000000,    9843207,        0,  -55156793,          0
 29246,   124,   65000000,    8799023,        0,  -56200977,          0
 29246,   125,   65000000,   11836185,        0,  -53163815,          0
 29246,   126,   65000000,   11242164,        0,  -53757836,          0
 29246,   127,   65000000,    9946692,        0,  -55053308,          0
 29246,   128,   65000000,   10778917,        0,  -54221083,          0
 29246,   129,   65000000,   11846758,        0,  -53153242,          0
 29246,   130,   65000000,   10877118,        0,  -54122882,          0
 29246,   131,   65000000,   10115728,        0,  -54884272,          0
 29246,   132,   65000000,    8834190,        0,  -56165810,          0
 29246,   133,   65000000,   11933674,        0,  -53066326,          0
 29246,   134,   65000000,   10880232,        0,  -54119768,          0
 29246,   135,   65000000,    9818000,        0,  -55182000,          0
 29246,   136,   65000000,   10864919,        0,  -54135081,          0
 29246,   137,   65000000,   11848026,        0,  -53151974,          0
 29246,   138,   65000000,   10884282,        0,  -54115718,          0
 29246,   139,   65000000,    9816635,        0,  -55183365,          0
 29246,   140,   65000000,    8793722,        0,  -56206278,          0
 29246,   141,   65000000,   11862100,        0,  -53137900,          0
 29246,   142,   65000000,   10894489,        0,  -54105511,          0
 29246,   143,   65000000,    9815910,        0,  -55184090,          0
 29246,   144,   65000000,    8836835,        0,  -56163165,          0
 29246,   145,   65000000,   11841907,        0,  -53158093,          0
 29246,   146,   65000000,   10875929,        0,  -54124071,          0
 29246,   147,   65000000,    9824747,        0,  -55175253,          0
 29246,   148,   65000000,    9791852,        0,  -55208148,          0
 29246,   149,   65000000,   11878045,        0,  -53121955,          0
 29246,   150,   65000000,   10841600,        0,  -54158400,          0
 29246,   151,   65000000,    9795342,        0,  -55204658,          0
 29246,   152,   65000000,    8794012,        0,  -56205988,          0
 29246,   153,   65000000,   11866496,        0,  -53133504,          0
 29246,   154,   65000000,   10845933,        0,  -54154067,          0
 29246,   155,   65000000,    9847458,        0,  -55152542,          0
 29246,   156,   65000000,    8843420,        0,  -56156580,          0
 29246,   157,   65000000,   11879100,        0,  -53120900,          0
