209 205 4
529 507 22
261 257 4
183 183 0
129 124 5
314 306 8
218 215 3
148 140 8
231 229 2
161 155 6
685 636 49
133 125 8
202 200 2
289 284 5
177 172 5
497 486 11
218 214 4
184 174 10
315 308 7
138 130 8
188 187 1
930 791 139
169 167 2
216 216 0
130 124 6
183 179 4
141 138 3
177 169 8
453 444 9
170 164 6
204 199 5
355 351 4
436 431 5
741 699 42
244 244 0
236 231 5
230 223 7
245 243 2
314 310 4
240 236 4
474 462 12
214 210 4
158 151 7
166 157 9
229 224 5
197 195 2
171 165 6
411 400 11
155 154 1
141 136 5
202 192 10
190 185 5
187 187 0
438 436 2
154 149 5
157 154 3
115 112 3
304 296 8
151 142 9
340 327 13
145 142 3
