# Task,   Job,     Period,   Response, DL Miss?,   Lateness,  Tardiness
# task NAME=myapp PID=30900 COST=7537000 PERIOD=28000000 CPU=0
 30900,     2,   28000000,      10581,        0,  -27989419,          0
 30900,     3,   28000000,     426405,        0,  -27573595,          0
 30900,     4,   28000000,   11514252,        0,  -16485748,          0
 30900,     5,   28000000,   11592139,        0,  -16407861,          0
 30900,     6,   28000000,   11541951,        0,  -16458049,          0
 30900,     7,   28000000,   11552333,        0,  -16447667,          0
 30900,     8,   28000000,   11960996,        0,  -16039004,          0
 30900,     9,   28000000,   11531773,        0,  -16468227,          0
 30900,    10,   28000000,   11533788,        0,  -16466212,          0
 30900,    11,   28000000,   11553426,        0,  -16446574,          0
 30900,    12,   28000000,   11564817,        0,  -16435183,          0
 30900,    13,   28000000,   11583092,        0,  -16416908,          0
 30900,    14,   28000000,   11562604,        0,  -16437396,          0
 30900,    15,   28000000,   11851556,        0,  -16148444,          0
 30900,    16,   28000000,   11530072,        0,  -16469928,          0
 30900,    17,   28000000,   11580626,        0,  -16419374,          0
 30900,    18,   28000000,   11566295,        0,  -16433705,          0
 30900,    19,   28000000,   11548494,        0,  -16451506,          0
 30900,    20,   28000000,   11576725,        0,  -16423275,          0
 30900,    21,   28000000,   11553485,        0,  -16446515,          0
 30900,    22,   28000000,   11600382,        0,  -16399618,          0
 30900,    23,   28000000,   11578311,        0,  -16421689,          0
 30900,    24,   28000000,   11558969,        0,  -16441031,          0
 30900,    25,   28000000,   11588543,        0,  -16411457,          0
 30900,    26,   28000000,   11538698,        0,  -16461302,          0
 30900,    27,   28000000,   11565509,        0,  -16434491,          0
 30900,    28,   28000000,   11552199,        0,  -16447801,          0
 30900,    29,   28000000,   11564870,        0,  -16435130,          0
 30900,    30,   28000000,   11618335,        0,  -16381665,          0
 30900,    31,   28000000,   11541207,        0,  -16458793,          0
 30900,    32,   28000000,   11563079,        0,  -16436921,          0
 30900,    33,   28000000,   11577196,        0,  -16422804,          0
 30900,    34,   28000000,   11505476,        0,  -16494524,          0
 30900,    35,   28000000,   11632276,        0,  -16367724,          0
 30900,    36,   28000000,   11525525,        0,  -16474475,          0
 30900,    37,   28000000,   11512340,        0,  -16487660,          0
 30900,    38,   28000000,   11481020,        0,  -16518980,          0
 30900,    39,   28000000,   11532082,        0,  -16467918,          0
 30900,    40,   28000000,   11618908,        0,  -16381092,          0
 30900,    41,   28000000,   11560250,        0,  -16439750,          0
 30900,    42,   28000000,   11555616,        0,  -16444384,          0
 30900,    43,   28000000,   11521715,        0,  -16478285,          0
 30900,    44,   28000000,   11490797,        0,  -16509203,          0
 30900,    45,   28000000,   11544877,        0,  -16455123,          0
 30900,    46,   28000000,   11881085,        0,  -16118915,          0
 30900,    47,   28000000,   11572831,        0,  -16427169,          0
 30900,    48,   28000000,   11564440,        0,  -16435560,          0
 30900,    49,   28000000,   11583094,        0,  -16416906,          0
 30900,    50,   28000000,   12213481,        0,  -15786519,          0
 30900,    51,   28000000,   11558525,        0,  -16441475,          0
 30900,    52,   28000000,   11531450,        0,  -16468550,          0
 30900,    53,   28000000,   11541672,        0,  -16458328,          0
 30900,    54,   28000000,   11615040,        0,  -16384960,          0
 30900,    55,   28000000,   13586762,        0,  -14413238,          0
 30900,    56,   28000000,   11561437,        0,  -16438563,          0
 30900,    57,   28000000,   11503124,        0,  -16496876,          0
 30900,    58,   28000000,   11553245,        0,  -16446755,          0
 30900,    59,   28000000,   11513379,        0,  -16486621,          0
 30900,    60,   28000000,   13607841,        0,  -14392159,          0
 30900,    61,   28000000,   11536297,        0,  -16463703,          0
 30900,    62,   28000000,   11515842,        0,  -16484158,          0
 30900,    63,   28000000,   13571864,        0,  -14428136,          0
 30900,    64,   28000000,   11817485,        0,  -16182515,          0
 30900,    65,   28000000,   11578981,        0,  -16421019,          0
 30900,    66,   28000000,   11523969,        0,  -16476031,          0
 30900,    67,   28000000,   13499847,        0,  -14500153,          0
 30900,    68,   28000000,   11545554,        0,  -16454446,          0
 30900,    69,   28000000,   11593798,        0,  -16406202,          0
 30900,    70,   28000000,   11570254,        0,  -16429746,          0
 30900,    71,   28000000,   11573298,        0,  -16426702,          0
 30900,    72,   28000000,   11580399,        0,  -16419601,          0
 30900,    73,   28000000,   13351870,        0,  -14648130,          0
 30900,    74,   28000000,   11561707,        0,  -16438293,          0
 30900,    75,   28000000,   11541298,        0,  -16458702,          0
 30900,    76,   28000000,   11679988,        0,  -16320012,          0
 30900,    77,   28000000,   11611372,        0,  -16388628,          0
 30900,    78,   28000000,   13599962,        0,  -14400038,          0
 30900,    79,   28000000,   11586468,        0,  -16413532,          0
 30900,    80,   28000000,   13536257,        0,  -14463743,          0
 30900,    81,   28000000,   11616061,        0,  -16383939,          0
 30900,    82,   28000000,   11595598,        0,  -16404402,          0
 30900,    83,   28000000,   11525443,        0,  -16474557,          0
 30900,    84,   28000000,   11508053,        0,  -16491947,          0
 30900,    85,   28000000,   11528990,        0,  -16471010,          0
 30900,    86,   28000000,   11489016,        0,  -16510984,          0
 30900,    87,   28000000,   11527654,        0,  -16472346,          0
 30900,    88,   28000000,   11609292,        0,  -16390708,          0
 30900,    89,   28000000,   11569106,        0,  -16430894,          0
 30900,    90,   28000000,   11575849,        0,  -16424151,          0
 30900,    91,   28000000,   11596560,        0,  -16403440,          0
 30900,    92,   28000000,   11818953,        0,  -16181047,          0
 30900,    93,   28000000,   11576608,        0,  -16423392,          0
 30900,    94,   28000000,   13566020,        0,  -14433980,          0
 30900,    95,   28000000,   12735016,        0,  -15264984,          0
 30900,    96,   28000000,   11568477,        0,  -16431523,          0
 30900,    97,   28000000,   11538369,        0,  -16461631,          0
 30900,    98,   28000000,   11540449,        0,  -16459551,          0
 30900,    99,   28000000,   11549308,        0,  -16450692,          0
 30900,   100,   28000000,   11635693,        0,  -16364307,          0
 30900,   101,   28000000,   11598488,        0,  -16401512,          0
 30900,   102,   28000000,   11555687,        0,  -16444313,          0
 30900,   103,   28000000,   11528326,        0,  -16471674,          0
 30900,   104,   28000000,   11620850,        0,  -16379150,          0
 30900,   105,   28000000,   11579984,        0,  -16420016,          0
 30900,   106,   28000000,   11531239,        0,  -16468761,          0
 30900,   107,   28000000,   11550642,        0,  -16449358,          0
 30900,   108,   28000000,   11610166,        0,  -16389834,          0
 30900,   109,   28000000,   11535335,        0,  -16464665,          0
 30900,   110,   28000000,   11543518,        0,  -16456482,          0
 30900,   111,   28000000,   11605168,        0,  -16394832,          0
 30900,   112,   28000000,   11525893,        0,  -16474107,          0
 30900,   113,   28000000,   11815490,        0,  -16184510,          0
 30900,   114,   28000000,   11538640,        0,  -16461360,          0
 30900,   115,   28000000,   11619554,        0,  -16380446,          0
 30900,   116,   28000000,   11583077,        0,  -16416923,          0
 30900,   117,   28000000,   11565992,        0,  -16434008,          0
 30900,   118,   28000000,   13496684,        0,  -14503316,          0
 30900,   119,   28000000,   11484126,        0,  -16515874,          0
 30900,   120,   28000000,   11522240,        0,  -16477760,          0
 30900,   121,   28000000,   11522865,        0,  -16477135,          0
 30900,   122,   28000000,   11845096,        0,  -16154904,          0
 30900,   123,   28000000,   11548517,        0,  -16451483,          0
 30900,   124,   28000000,   11527599,        0,  -16472401,          0
 30900,   125,   28000000,   11569378,        0,  -16430622,          0
 30900,   126,   28000000,   11567130,        0,  -16432870,          0
 30900,   127,   28000000,   11571915,        0,  -16428085,          0
 30900,   128,   28000000,   11976915,        0,  -16023085,          0
 30900,   129,   28000000,   12316155,        0,  -15683845,          0
 30900,   130,   28000000,   11556186,        0,  -16443814,          0
 30900,   131,   28000000,   11611792,        0,  -16388208,          0
 30900,   132,   28000000,   11599695,        0,  -16400305,          0
 30900,   133,   28000000,   11589701,        0,  -16410299,          0
 30900,   134,   28000000,   11660699,        0,  -16339301,          0
 30900,   135,   28000000,   13532611,        0,  -14467389,          0
 30900,   136,   28000000,   11526170,        0,  -16473830,          0
 30900,   137,   28000000,   11559394,        0,  -16440606,          0
 30900,   138,   28000000,   11602176,        0,  -16397824,          0
 30900,   139,   28000000,   11605842,        0,  -16394158,          0
 30900,   140,   28000000,   13873202,        0,  -14126798,          0
 30900,   141,   28000000,   11541652,        0,  -16458348,          0
 30900,   142,   28000000,   11500969,        0,  -16499031,          0
 30900,   143,   28000000,   11530992,        0,  -16469008,          0
 30900,   144,   28000000,   11568146,        0,  -16431854,          0
 30900,   145,   28000000,   11597179,        0,  -16402821,          0
 30900,   146,   28000000,   11543266,        0,  -16456734,          0
 30900,   147,   28000000,   11543735,        0,  -16456265,          0
 30900,   148,   28000000,   11520874,        0,  -16479126,          0
 30900,   149,   28000000,   11589387,        0,  -16410613,          0
 30900,   150,   28000000,   11564451,        0,  -16435549,          0
 30900,   151,   28000000,   11532735,        0,  -16467265,          0
 30900,   152,   28000000,   13597753,        0,  -14402247,          0
 30900,   153,   28000000,   11536888,        0,  -16463112,          0
 30900,   154,   28000000,   11472696,        0,  -16527304,          0
 30900,   155,   28000000,   11592088,        0,  -16407912,          0
 30900,   156,   28000000,   11626333,        0,  -16373667,          0
 30900,   157,   28000000,   12577200,        0,  -15422800,          0
 30900,   158,   28000000,   11553180,        0,  -16446820,          0
 30900,   159,   28000000,   11516169,        0,  -16483831,          0
 30900,   160,   28000000,   11522508,        0,  -16477492,          0
 30900,   161,   28000000,   11540031,        0,  -16459969,          0
 30900,   162,   28000000,   11861789,        0,  -16138211,          0
 30900,   163,   28000000,   11556552,        0,  -16443448,          0
 30900,   164,   28000000,   11546028,        0,  -16453972,          0
 30900,   165,   28000000,   11569590,        0,  -16430410,          0
 30900,   166,   28000000,   11583777,        0,  -16416223,          0
 30900,   167,   28000000,   12215854,        0,  -15784146,          0
 30900,   168,   28000000,   11597553,        0,  -16402447,          0
 30900,   169,   28000000,   11585774,        0,  -16414226,          0
 30900,   170,   28000000,   11529041,        0,  -16470959,          0
 30900,   171,   28000000,   11855205,        0,  -16144795,          0
 30900,   172,   28000000,   11565733,        0,  -16434267,          0
 30900,   173,   28000000,   11544320,        0,  -16455680,          0
 30900,   174,   28000000,   11535859,        0,  -16464141,          0
 30900,   175,   28000000,   11528846,        0,  -16471154,          0
 30900,   176,   28000000,   11559252,        0,  -16440748,          0
 30900,   177,   28000000,   11494513,        0,  -16505487,          0
 30900,   178,   28000000,   11496110,        0,  -16503890,          0
 30900,   179,   28000000,   11616707,        0,  -16383293,          0
 30900,   180,   28000000,   12331551,        0,  -15668449,          0
 30900,   181,   28000000,   11523287,        0,  -16476713,          0
 30900,   182,   28000000,   11532894,        0,  -16467106,          0
 30900,   183,   28000000,   11542520,        0,  -16457480,          0
 30900,   184,   28000000,   11602190,        0,  -16397810,          0
 30900,   185,   28000000,   12047484,        0,  -15952516,          0
 30900,   186,   28000000,   11542120,        0,  -16457880,          0
 30900,   187,   28000000,   11530079,        0,  -16469921,          0
 30900,   188,   28000000,   11569007,        0,  -16430993,          0
 30900,   189,   28000000,   11784401,        0,  -16215599,          0
 30900,   190,   28000000,   11542266,        0,  -16457734,          0
 30900,   191,   28000000,   11536344,        0,  -16463656,          0
 30900,   192,   28000000,   11517246,        0,  -16482754,          0
 30900,   193,   28000000,   11552778,        0,  -16447222,          0
 30900,   194,   28000000,   11539474,        0,  -16460526,          0
 30900,   195,   28000000,   11579362,        0,  -16420638,          0
 30900,   196,   28000000,   11586677,        0,  -16413323,          0
 30900,   197,   28000000,   11552309,        0,  -16447691,          0
 30900,   198,   28000000,   13850350,        0,  -14149650,          0
 30900,   199,   28000000,   11601818,        0,  -16398182,          0
 30900,   200,   28000000,   11619650,        0,  -16380350,          0
 30900,   201,   28000000,   11549051,        0,  -16450949,          0
 30900,   202,   28000000,   11606836,        0,  -16393164,          0
 30900,   203,   28000000,   13561487,        0,  -14438513,          0
 30900,   204,   28000000,   11570276,        0,  -16429724,          0
 30900,   205,   28000000,   11573134,        0,  -16426866,          0
 30900,   206,   28000000,   12390525,        0,  -15609475,          0
 30900,   207,   28000000,   11596435,        0,  -16403565,          0
 30900,   208,   28000000,   11552139,        0,  -16447861,          0
 30900,   209,   28000000,   11570322,        0,  -16429678,          0
 30900,   210,   28000000,   11556506,        0,  -16443494,          0
 30900,   211,   28000000,   11608327,        0,  -16391673,          0
 30900,   212,   28000000,   11570769,        0,  -16429231,          0
 30900,   213,   28000000,   11568964,        0,  -16431036,          0
 30900,   214,   28000000,   11508025,        0,  -16491975,          0
 30900,   215,   28000000,   11483500,        0,  -16516500,          0
 30900,   216,   28000000,   11577641,        0,  -16422359,          0
 30900,   217,   28000000,   11579900,        0,  -16420100,          0
 30900,   218,   28000000,   11935725,        0,  -16064275,          0
 30900,   219,   28000000,   11816643,        0,  -16183357,          0
 30900,   220,   28000000,   13477300,        0,  -14522700,          0
 30900,   221,   28000000,   11581725,        0,  -16418275,          0
 30900,   222,   28000000,   11583130,        0,  -16416870,          0
 30900,   223,   28000000,   11519161,        0,  -16480839,          0
 30900,   224,   28000000,   11577599,        0,  -16422401,          0
 30900,   225,   28000000,   11872686,        0,  -16127314,          0
 30900,   226,   28000000,   11568535,        0,  -16431465,          0
 30900,   227,   28000000,   11550363,        0,  -16449637,          0
 30900,   228,   28000000,   11594033,        0,  -16405967,          0
 30900,   229,   28000000,   13809286,        0,  -14190714,          0
 30900,   230,   28000000,   11532315,        0,  -16467685,          0
 30900,   231,   28000000,   11533563,        0,  -16466437,          0
 30900,   232,   28000000,   11537434,        0,  -16462566,          0
 30900,   233,   28000000,   11533211,        0,  -16466789,          0
 30900,   234,   28000000,   11600591,        0,  -16399409,          0
 30900,   235,   28000000,   12370350,        0,  -15629650,          0
 30900,   236,   28000000,   11484135,        0,  -16515865,          0
 30900,   237,   28000000,   11583214,        0,  -16416786,          0
 30900,   238,   28000000,   11819190,        0,  -16180810,          0
 30900,   239,   28000000,   11545014,        0,  -16454986,          0
 30900,   240,   28000000,   13545890,        0,  -14454110,          0
 30900,   241,   28000000,   11550651,        0,  -16449349,          0
 30900,   242,   28000000,   11549484,        0,  -16450516,          0
 30900,   243,   28000000,   12923624,        0,  -15076376,          0
 30900,   244,   28000000,   11471329,        0,  -16528671,          0
 30900,   245,   28000000,   11533081,        0,  -16466919,          0
 30900,   246,   28000000,   11550604,        0,  -16449396,          0
 30900,   247,   28000000,   11544920,        0,  -16455080,          0
 30900,   248,   28000000,   11506073,        0,  -16493927,          0
 30900,   249,   28000000,   11563440,        0,  -16436560,          0
 30900,   250,   28000000,   11590241,        0,  -16409759,          0
 30900,   251,   28000000,   11518688,        0,  -16481312,          0
 30900,   252,   28000000,   12398756,        0,  -15601244,          0
 30900,   253,   28000000,   11556245,        0,  -16443755,          0
 30900,   254,   28000000,   11502659,        0,  -16497341,          0
 30900,   255,   28000000,   11545867,        0,  -16454133,          0
 30900,   256,   28000000,   11806245,        0,  -16193755,          0
 30900,   257,   28000000,   11546604,        0,  -16453396,          0
 30900,   258,   28000000,   13639954,        0,  -14360046,          0
 30900,   259,   28000000,   11577892,        0,  -16422108,          0
 30900,   260,   28000000,   11547874,        0,  -16452126,          0
 30900,   261,   28000000,   11565760,        0,  -16434240,          0
 30900,   262,   28000000,   11538370,        0,  -16461630,          0
 30900,   263,   28000000,   11546397,        0,  -16453603,          0
 30900,   264,   28000000,   13629638,        0,  -14370362,          0
 30900,   265,   28000000,   11869880,        0,  -16130120,          0
 30900,   266,   28000000,   11536604,        0,  -16463396,          0
 30900,   267,   28000000,   11540078,        0,  -16459922,          0
 30900,   268,   28000000,   11531589,        0,  -16468411,          0
 30900,   269,   28000000,   13532176,        0,  -14467824,          0
 30900,   270,   28000000,   11535413,        0,  -16464587,          0
 30900,   271,   28000000,   11522223,        0,  -16477777,          0
 30900,   272,   28000000,   11644468,        0,  -16355532,          0
 30900,   273,   28000000,   11637527,        0,  -16362473,          0
 30900,   274,   28000000,   11532817,        0,  -16467183,          0
 30900,   275,   28000000,   11545763,        0,  -16454237,          0
 30900,   276,   28000000,   13552697,        0,  -14447303,          0
 30900,   277,   28000000,   11577698,        0,  -16422302,          0
 30900,   278,   28000000,   11555537,        0,  -16444463,          0
 30900,   279,   28000000,   11542257,        0,  -16457743,          0
 30900,   280,   28000000,   13566151,        0,  -14433849,          0
 30900,   281,   28000000,   11547164,        0,  -16452836,          0
 30900,   282,   28000000,   11534627,        0,  -16465373,          0
 30900,   283,   28000000,   13498645,        0,  -14501355,          0
 30900,   284,   28000000,   11595644,        0,  -16404356,          0
 30900,   285,   28000000,   11545257,        0,  -16454743,          0
 30900,   286,   28000000,   13534780,        0,  -14465220,          0
 30900,   287,   28000000,   11550028,        0,  -16449972,          0
 30900,   288,   28000000,   11520317,        0,  -16479683,          0
 30900,   289,   28000000,   13578769,        0,  -14421231,          0
 30900,   290,   28000000,   11513704,        0,  -16486296,          0
 30900,   291,   28000000,   11493028,        0,  -16506972,          0
 30900,   292,   28000000,   11594736,        0,  -16405264,          0
 30900,   293,   28000000,   11612506,        0,  -16387494,          0
 30900,   294,   28000000,   11554990,        0,  -16445010,          0
 30900,   295,   28000000,   11545156,        0,  -16454844,          0
 30900,   296,   28000000,   13879921,        0,  -14120079,          0
 30900,   297,   28000000,   11541773,        0,  -16458227,          0
 30900,   298,   28000000,   13611873,        0,  -14388127,          0
 30900,   299,   28000000,   11542793,        0,  -16457207,          0
 30900,   300,   28000000,   11545410,        0,  -16454590,          0
 30900,   301,   28000000,   11540161,        0,  -16459839,          0
 30900,   302,   28000000,   11592630,        0,  -16407370,          0
 30900,   303,   28000000,   13525174,        0,  -14474826,          0
 30900,   304,   28000000,   11513607,        0,  -16486393,          0
 30900,   305,   28000000,   11510481,        0,  -16489519,          0
 30900,   306,   28000000,   11502255,        0,  -16497745,          0
 30900,   307,   28000000,   11514333,        0,  -16485667,          0
 30900,   308,   28000000,   11522552,        0,  -16477448,          0
 30900,   309,   28000000,   11553209,        0,  -16446791,          0
 30900,   310,   28000000,   11536138,        0,  -16463862,          0
 30900,   311,   28000000,   11533022,        0,  -16466978,          0
 30900,   312,   28000000,   11573119,        0,  -16426881,          0
 30900,   313,   28000000,   11548652,        0,  -16451348,          0
 30900,   314,   28000000,   11844783,        0,  -16155217,          0
 30900,   315,   28000000,   13596336,        0,  -14403664,          0
 30900,   316,   28000000,   13512909,        0,  -14487091,          0
 30900,   317,   28000000,   11914379,        0,  -16085621,          0
 30900,   318,   28000000,   12931547,        0,  -15068453,          0
 30900,   319,   28000000,   11564104,        0,  -16435896,          0
 30900,   320,   28000000,   11563386,        0,  -16436614,          0
 30900,   321,   28000000,   11587958,        0,  -16412042,          0
 30900,   322,   28000000,   11555340,        0,  -16444660,          0
 30900,   323,   28000000,   11850124,        0,  -16149876,          0
 30900,   324,   28000000,   11539379,        0,  -16460621,          0
 30900,   325,   28000000,   11589007,        0,  -16410993,          0
 30900,   326,   28000000,   11573083,        0,  -16426917,          0
 30900,   327,   28000000,   11565233,        0,  -16434767,          0
 30900,   328,   28000000,   11533451,        0,  -16466549,          0
 30900,   329,   28000000,   11565397,        0,  -16434603,          0
 30900,   330,   28000000,   11555405,        0,  -16444595,          0
 30900,   331,   28000000,   11626002,        0,  -16373998,          0
 30900,   332,   28000000,   11544774,        0,  -16455226,          0
 30900,   333,   28000000,   11865189,        0,  -16134811,          0
 30900,   334,   28000000,   11535285,        0,  -16464715,          0
 30900,   335,   28000000,   13538784,        0,  -14461216,          0
 30900,   336,   28000000,   11517493,        0,  -16482507,          0
 30900,   337,   28000000,   11510927,        0,  -16489073,          0
 30900,   338,   28000000,   11563622,        0,  -16436378,          0
 30900,   339,   28000000,   13559299,        0,  -14440701,          0
 30900,   340,   28000000,   11610884,        0,  -16389116,          0
 30900,   341,   28000000,   11640903,        0,  -16359097,          0
 30900,   342,   28000000,   11546812,        0,  -16453188,          0
 30900,   343,   28000000,   11532800,        0,  -16467200,          0
 30900,   344,   28000000,   11538335,        0,  -16461665,          0
 30900,   345,   28000000,   12395594,        0,  -15604406,          0
 30900,   346,   28000000,   11553542,        0,  -16446458,          0
 30900,   347,   28000000,   11534448,        0,  -16465552,          0
 30900,   348,   28000000,   11621882,        0,  -16378118,          0
 30900,   349,   28000000,   13604997,        0,  -14395003,          0
 30900,   350,   28000000,   11569444,        0,  -16430556,          0
 30900,   351,   28000000,   11562824,        0,  -16437176,          0
 30900,   352,   28000000,   11586185,        0,  -16413815,          0
 30900,   353,   28000000,   11530576,        0,  -16469424,          0
 30900,   354,   28000000,   11661197,        0,  -16338803,          0
 30900,   355,   28000000,   11565174,        0,  -16434826,          0
 30900,   356,   28000000,   11552937,        0,  -16447063,          0
 30900,   357,   28000000,   11615598,        0,  -16384402,          0
 30900,   358,   28000000,   11569371,        0,  -16430629,          0
 30900,   359,   28000000,   11489523,        0,  -16510477,          0
 30900,   360,   28000000,   11585591,        0,  -16414409,          0
 30900,   361,   28000000,   11562243,        0,  -16437757,          0
# task NAME=myapp PID=30903 COST=25888000 PERIOD=93000000 CPU=0
 30903,     2,   93000000,      38938,        0,  -92961062,          0
 30903,     3,   93000000,     441128,        0,  -92558872,          0
 30903,     4,   93000000,   45961251,        0,  -47038749,          0
 30903,     5,   93000000,   45320145,        0,  -47679855,          0
 30903,     6,   93000000,   47994109,        0,  -45005891,          0
 30903,     7,   93000000,   47087970,        0,  -45912030,          0
 30903,     8,   93000000,   46094819,        0,  -46905181,          0
 30903,     9,   93000000,   45324213,        0,  -47675787,          0
 30903,    10,   93000000,   48059605,        0,  -44940395,          0
 30903,    11,   93000000,   47122899,        0,  -45877101,          0
 30903,    12,   93000000,   45897181,        0,  -47102819,          0
 30903,    13,   93000000,   44949603,        0,  -48050397,          0
 30903,    14,   93000000,   48177054,        0,  -44822946,          0
 30903,    15,   93000000,   47087532,        0,  -45912468,          0
 30903,    16,   93000000,   46309480,        0,  -46690520,          0
 30903,    17,   93000000,   45176257,        0,  -47823743,          0
 30903,    18,   93000000,   48158498,        0,  -44841502,          0
 30903,    19,   93000000,   47013121,        0,  -45986879,          0
 30903,    20,   93000000,   49467372,        0,  -43532628,          0
 30903,    21,   93000000,   45347251,        0,  -47652749,          0
 30903,    22,   93000000,   48180156,        0,  -44819844,          0
 30903,    23,   93000000,   47247285,        0,  -45752715,          0
 30903,    24,   93000000,   46098564,        0,  -46901436,          0
 30903,    25,   93000000,   45434113,        0,  -47565887,          0
 30903,    26,   93000000,   47980697,        0,  -45019303,          0
 30903,    27,   93000000,   46999134,        0,  -46000866,          0
 30903,    28,   93000000,   46029763,        0,  -46970237,          0
 30903,    29,   93000000,   44995801,        0,  -48004199,          0
 30903,    30,   93000000,   50126276,        0,  -42873724,          0
 30903,    31,   93000000,   47150834,        0,  -45849166,          0
 30903,    32,   93000000,   50474863,        0,  -42525137,          0
 30903,    33,   93000000,   44972185,        0,  -48027815,          0
 30903,    34,   93000000,   48088414,        0,  -44911586,          0
 30903,    35,   93000000,   47143318,        0,  -45856682,          0
 30903,    36,   93000000,   46415061,        0,  -46584939,          0
 30903,    37,   93000000,   45045536,        0,  -47954464,          0
 30903,    38,   93000000,   48056091,        0,  -44943909,          0
 30903,    39,   93000000,   46971208,        0,  -46028792,          0
 30903,    40,   93000000,   45988501,        0,  -47011499,          0
 30903,    41,   93000000,   44996519,        0,  -48003481,          0
 30903,    42,   93000000,   48101378,        0,  -44898622,          0
 30903,    43,   93000000,   47043601,        0,  -45956399,          0
 30903,    44,   93000000,   46044639,        0,  -46955361,          0
 30903,    45,   93000000,   45017173,        0,  -47982827,          0
 30903,    46,   93000000,   48098618,        0,  -44901382,          0
 30903,    47,   93000000,   47174470,        0,  -45825530,          0
 30903,    48,   93000000,   46356152,        0,  -46643848,          0
 30903,    49,   93000000,   45340799,        0,  -47659201,          0
 30903,    50,   93000000,   48057931,        0,  -44942069,          0
 30903,    51,   93000000,   48067828,        0,  -44932172,          0
 30903,    52,   93000000,   46041377,        0,  -46958623,          0
 30903,    53,   93000000,   44988195,        0,  -48011805,          0
 30903,    54,   93000000,   48107560,        0,  -44892440,          0
 30903,    55,   93000000,   47304933,        0,  -45695067,          0
 30903,    56,   93000000,   46039021,        0,  -46960979,          0
 30903,    57,   93000000,   44991311,        0,  -48008689,          0
 30903,    58,   93000000,   48120784,        0,  -44879216,          0
 30903,    59,   93000000,   47474780,        0,  -45525220,          0
 30903,    60,   93000000,   50029823,        0,  -42970177,          0
 30903,    61,   93000000,   45095519,        0,  -47904481,          0
 30903,    62,   93000000,   48033737,        0,  -44966263,          0
 30903,    63,   93000000,   47237940,        0,  -45762060,          0
 30903,    64,   93000000,   46401130,        0,  -46598870,          0
 30903,    65,   93000000,   45099403,        0,  -47900597,          0
 30903,    66,   93000000,   48242468,        0,  -44757532,          0
 30903,    67,   93000000,   47054556,        0,  -45945444,          0
 30903,    68,   93000000,   46410092,        0,  -46589908,          0
 30903,    69,   93000000,   44996041,        0,  -48003959,          0
 30903,    70,   93000000,   48216482,        0,  -44783518,          0
 30903,    71,   93000000,   47183906,        0,  -45816094,          0
 30903,    72,   93000000,   50116218,        0,  -42883782,          0
 30903,    73,   93000000,   44996875,        0,  -48003125,          0
 30903,    74,   93000000,   48143710,        0,  -44856290,          0
 30903,    75,   93000000,   47305616,        0,  -45694384,          0
 30903,    76,   93000000,   46162996,        0,  -46837004,          0
 30903,    77,   93000000,   45105342,        0,  -47894658,          0
 30903,    78,   93000000,   48117588,        0,  -44882412,          0
 30903,    79,   93000000,   48327259,        0,  -44672741,          0
 30903,    80,   93000000,   46063311,        0,  -46936689,          0
 30903,    81,   93000000,   44999036,        0,  -48000964,          0
 30903,    82,   93000000,   48096542,        0,  -44903458,          0
 30903,    83,   93000000,   47019747,        0,  -45980253,          0
 30903,    84,   93000000,   46086301,        0,  -46913699,          0
 30903,    85,   93000000,   49004069,        0,  -43995931,          0
 30903,    86,   93000000,   48252811,        0,  -44747189,          0
 30903,    87,   93000000,   47172828,        0,  -45827172,          0
 30903,    88,   93000000,   46137968,        0,  -46862032,          0
 30903,    89,   93000000,   45093037,        0,  -47906963,          0
 30903,    90,   93000000,   47985160,        0,  -45014840,          0
 30903,    91,   93000000,   47258655,        0,  -45741345,          0
 30903,    92,   93000000,   46199343,        0,  -46800657,          0
 30903,    93,   93000000,   44963053,        0,  -48036947,          0
 30903,    94,   93000000,   48137728,        0,  -44862272,          0
 30903,    95,   93000000,   47230402,        0,  -45769598,          0
 30903,    96,   93000000,   46017175,        0,  -46982825,          0
 30903,    97,   93000000,   45060075,        0,  -47939925,          0
 30903,    98,   93000000,   48284293,        0,  -44715707,          0
 30903,    99,   93000000,   47150641,        0,  -45849359,          0
 30903,   100,   93000000,   45933634,        0,  -47066366,          0
 30903,   101,   93000000,   45264727,        0,  -47735273,          0
 30903,   102,   93000000,   48323773,        0,  -44676227,          0
 30903,   103,   93000000,   47084582,        0,  -45915418,          0
 30903,   104,   93000000,   46030018,        0,  -46969982,          0
 30903,   105,   93000000,   45025953,        0,  -47974047,          0
 30903,   106,   93000000,   48046944,        0,  -44953056,          0
 30903,   107,   93000000,   48329913,        0,  -44670087,          0
 30903,   108,   93000000,   46043919,        0,  -46956081,          0
 30903,   109,   93000000,   44983634,        0,  -48016366,          0
 30903,   110,   93000000,   48075694,        0,  -44924306,          0
 30903,   111,   93000000,   47460293,        0,  -45539707,          0
# task NAME=myapp PID=30907 COST=2455000 PERIOD=16000000 CPU=0
 30907,     2,   16000000,      19835,        0,  -15980165,          0
 30907,     3,   16000000,     416417,        0,  -15583583,          0
 30907,     4,   16000000,    3052491,        0,  -12947509,          0
 30907,     5,   16000000,    2784384,        0,  -13215616,          0
 30907,     6,   16000000,    4396688,        0,  -11603312,          0
 30907,     7,   16000000,    2699796,        0,  -13300204,          0
 30907,     8,   16000000,    2757092,        0,  -13242908,          0
 30907,     9,   16000000,    2722906,        0,  -13277094,          0
 30907,    10,   16000000,    2707713,        0,  -13292287,          0
 30907,    11,   16000000,    4716114,        0,  -11283886,          0
 30907,    12,   16000000,    4236365,        0,  -11763635,          0
 30907,    13,   16000000,    4753668,        0,  -11246332,          0
 30907,    14,   16000000,    2661324,        0,  -13338676,          0
 30907,    15,   16000000,    2719805,        0,  -13280195,          0
 30907,    16,   16000000,    2719780,        0,  -13280220,          0
 30907,    17,   16000000,    2727442,        0,  -13272558,          0
 30907,    18,   16000000,    2846096,        0,  -13153904,          0
 30907,    19,   16000000,    2651187,        0,  -13348813,          0
 30907,    20,   16000000,    4713037,        0,  -11286963,          0
 30907,    21,   16000000,    2713897,        0,  -13286103,          0
 30907,    22,   16000000,    2738900,        0,  -13261100,          0
 30907,    23,   16000000,    3750066,        0,  -12249934,          0
 30907,    24,   16000000,    3022180,        0,  -12977820,          0
 30907,    25,   16000000,    3084718,        0,  -12915282,          0
 30907,    26,   16000000,    2741127,        0,  -13258873,          0
 30907,    27,   16000000,    2960106,        0,  -13039894,          0
 30907,    28,   16000000,    2703627,        0,  -13296373,          0
 30907,    29,   16000000,    2704545,        0,  -13295455,          0
 30907,    30,   16000000,    3026944,        0,  -12973056,          0
 30907,    31,   16000000,    2698537,        0,  -13301463,          0
 30907,    32,   16000000,    2705154,        0,  -13294846,          0
 30907,    33,   16000000,    2732124,        0,  -13267876,          0
 30907,    34,   16000000,    2926739,        0,  -13073261,          0
 30907,    35,   16000000,    4017923,        0,  -11982077,          0
 30907,    36,   16000000,    2727084,        0,  -13272916,          0
 30907,    37,   16000000,    2733379,        0,  -13266621,          0
 30907,    38,   16000000,    4708005,        0,  -11291995,          0
 30907,    39,   16000000,    4728131,        0,  -11271869,          0
 30907,    40,   16000000,    4726380,        0,  -11273620,          0
 30907,    41,   16000000,    4717683,        0,  -11282317,          0
 30907,    42,   16000000,    2700387,        0,  -13299613,          0
 30907,    43,   16000000,    3644072,        0,  -12355928,          0
 30907,    44,   16000000,    2739828,        0,  -13260172,          0
 30907,    45,   16000000,    2718934,        0,  -13281066,          0
 30907,    46,   16000000,    2733418,        0,  -13266582,          0
 30907,    47,   16000000,    3595992,        0,  -12404008,          0
 30907,    48,   16000000,    2716077,        0,  -13283923,          0
 30907,    49,   16000000,    2710920,        0,  -13289080,          0
 30907,    50,   16000000,    4698656,        0,  -11301344,          0
 30907,    51,   16000000,    2714614,        0,  -13285386,          0
 30907,    52,   16000000,    2722562,        0,  -13277438,          0
 30907,    53,   16000000,    2728548,        0,  -13271452,          0
 30907,    54,   16000000,    4705049,        0,  -11294951,          0
 30907,    55,   16000000,    2717745,        0,  -13282255,          0
 30907,    56,   16000000,    2707414,        0,  -13292586,          0
 30907,    57,   16000000,    3096875,        0,  -12903125,          0
 30907,    58,   16000000,    3928443,        0,  -12071557,          0
 30907,    59,   16000000,    2769903,        0,  -13230097,          0
 30907,    60,   16000000,    3661980,        0,  -12338020,          0
 30907,    61,   16000000,    4798448,        0,  -11201552,          0
 30907,    62,   16000000,    2670427,        0,  -13329573,          0
 30907,    63,   16000000,    2995031,        0,  -13004969,          0
 30907,    64,   16000000,    2899369,        0,  -13100631,          0
 30907,    65,   16000000,    2709105,        0,  -13290895,          0
 30907,    66,   16000000,    2736127,        0,  -13263873,          0
 30907,    67,   16000000,    4704182,        0,  -11295818,          0
 30907,    68,   16000000,    2694040,        0,  -13305960,          0
 30907,    69,   16000000,    2738756,        0,  -13261244,          0
 30907,    70,   16000000,    2710534,        0,  -13289466,          0
 30907,    71,   16000000,    2757152,        0,  -13242848,          0
 30907,    72,   16000000,    2702447,        0,  -13297553,          0
 30907,    73,   16000000,    2758428,        0,  -13241572,          0
 30907,    74,   16000000,    2720640,        0,  -13279360,          0
 30907,    75,   16000000,    4533096,        0,  -11466904,          0
 30907,    76,   16000000,    2680339,        0,  -13319661,          0
 30907,    77,   16000000,    3968741,        0,  -12031259,          0
 30907,    78,   16000000,    2713057,        0,  -13286943,          0
 30907,    79,   16000000,    4707269,        0,  -11292731,          0
 30907,    80,   16000000,    4521818,        0,  -11478182,          0
 30907,    81,   16000000,    2706969,        0,  -13293031,          0
 30907,    82,   16000000,    2758034,        0,  -13241966,          0
 30907,    83,   16000000,    2662217,        0,  -13337783,          0
 30907,    84,   16000000,    3938848,        0,  -12061152,          0
 30907,    85,   16000000,    2718143,        0,  -13281857,          0
 30907,    86,   16000000,    2856110,        0,  -13143890,          0
 30907,    87,   16000000,    2730823,        0,  -13269177,          0
 30907,    88,   16000000,    2960609,        0,  -13039391,          0
 30907,    89,   16000000,    2743016,        0,  -13256984,          0
 30907,    90,   16000000,    4722513,        0,  -11277487,          0
 30907,    91,   16000000,    2782752,        0,  -13217248,          0
 30907,    92,   16000000,    2723182,        0,  -13276818,          0
 30907,    93,   16000000,    4718032,        0,  -11281968,          0
 30907,    94,   16000000,    4776679,        0,  -11223321,          0
 30907,    95,   16000000,    2711983,        0,  -13288017,          0
 30907,    96,   16000000,    2751497,        0,  -13248503,          0
 30907,    97,   16000000,    4021387,        0,  -11978613,          0
 30907,    98,   16000000,    2728010,        0,  -13271990,          0
 30907,    99,   16000000,    4715363,        0,  -11284637,          0
 30907,   100,   16000000,    3175516,        0,  -12824484,          0
 30907,   101,   16000000,    2673965,        0,  -13326035,          0
 30907,   102,   16000000,    2977223,        0,  -13022777,          0
 30907,   103,   16000000,    4729676,        0,  -11270324,          0
 30907,   104,   16000000,    4726625,        0,  -11273375,          0
 30907,   105,   16000000,    4710319,        0,  -11289681,          0
 30907,   106,   16000000,    3955779,        0,  -12044221,          0
 30907,   107,   16000000,    3870792,        0,  -12129208,          0
 30907,   108,   16000000,    2723128,        0,  -13276872,          0
 30907,   109,   16000000,    3214017,        0,  -12785983,          0
 30907,   110,   16000000,    4059109,        0,  -11940891,          0
 30907,   111,   16000000,    4748048,        0,  -11251952,          0
 30907,   112,   16000000,    2739854,        0,  -13260146,          0
 30907,   113,   16000000,    2741668,        0,  -13258332,          0
 30907,   114,   16000000,    2705026,        0,  -13294974,          0
 30907,   115,   16000000,    4634403,        0,  -11365597,          0
 30907,   116,   16000000,    2728294,        0,  -13271706,          0
 30907,   117,   16000000,    2713530,        0,  -13286470,          0
 30907,   118,   16000000,    4709939,        0,  -11290061,          0
 30907,   119,   16000000,    2723212,        0,  -13276788,          0
 30907,   120,   16000000,    3969232,        0,  -12030768,          0
 30907,   121,   16000000,    2727530,        0,  -13272470,          0
 30907,   122,   16000000,    2707534,        0,  -13292466,          0
 30907,   123,   16000000,    2714492,        0,  -13285508,          0
 30907,   124,   16000000,    4719392,        0,  -11280608,          0
 30907,   125,   16000000,    3581171,        0,  -12418829,          0
 30907,   126,   16000000,    2701457,        0,  -13298543,          0
 30907,   127,   16000000,    4705542,        0,  -11294458,          0
 30907,   128,   16000000,    2728863,        0,  -13271137,          0
 30907,   129,   16000000,    2764646,        0,  -13235354,          0
 30907,   130,   16000000,    3562263,        0,  -12437737,          0
 30907,   131,   16000000,    2675360,        0,  -13324640,          0
 30907,   132,   16000000,    2713410,        0,  -13286590,          0
 30907,   133,   16000000,    4692221,        0,  -11307779,          0
 30907,   134,   16000000,    2724393,        0,  -13275607,          0
 30907,   135,   16000000,    2725020,        0,  -13274980,          0
 30907,   136,   16000000,    2716746,        0,  -13283254,          0
 30907,   137,   16000000,    2730167,        0,  -13269833,          0
 30907,   138,   16000000,    2724479,        0,  -13275521,          0
 30907,   139,   16000000,    4778300,        0,  -11221700,          0
 30907,   140,   16000000,    4318049,        0,  -11681951,          0
 30907,   141,   16000000,    2675841,        0,  -13324159,          0
 30907,   142,   16000000,    3657866,        0,  -12342134,          0
 30907,   143,   16000000,    2748535,        0,  -13251465,          0
 30907,   144,   16000000,    4751902,        0,  -11248098,          0
 30907,   145,   16000000,    4029142,        0,  -11970858,          0
 30907,   146,   16000000,    2711902,        0,  -13288098,          0
 30907,   147,   16000000,    4051623,        0,  -11948377,          0
 30907,   148,   16000000,    3084094,        0,  -12915906,          0
 30907,   149,   16000000,    3972728,        0,  -12027272,          0
 30907,   150,   16000000,    2723712,        0,  -13276288,          0
 30907,   151,   16000000,    2716581,        0,  -13283419,          0
 30907,   152,   16000000,    2923485,        0,  -13076515,          0
 30907,   153,   16000000,    2744414,        0,  -13255586,          0
 30907,   154,   16000000,    4318849,        0,  -11681151,          0
 30907,   155,   16000000,    2710652,        0,  -13289348,          0
 30907,   156,   16000000,    2741736,        0,  -13258264,          0
 30907,   157,   16000000,    2714773,        0,  -13285227,          0
 30907,   158,   16000000,    2715183,        0,  -13284817,          0
 30907,   159,   16000000,    4655779,        0,  -11344221,          0
 30907,   160,   16000000,    2693926,        0,  -13306074,          0
 30907,   161,   16000000,    2735779,        0,  -13264221,          0
 30907,   162,   16000000,    4751533,        0,  -11248467,          0
 30907,   163,   16000000,    2790404,        0,  -13209596,          0
 30907,   164,   16000000,    2756743,        0,  -13243257,          0
 30907,   165,   16000000,    2672029,        0,  -13327971,          0
 30907,   166,   16000000,    6253641,        0,   -9746359,          0
 30907,   167,   16000000,    2815038,        0,  -13184962,          0
 30907,   168,   16000000,    4726041,        0,  -11273959,          0
 30907,   169,   16000000,    2670092,        0,  -13329908,          0
 30907,   170,   16000000,    2708286,        0,  -13291714,          0
 30907,   171,   16000000,    2731559,        0,  -13268441,          0
 30907,   172,   16000000,    2669008,        0,  -13330992,          0
 30907,   173,   16000000,    4720122,        0,  -11279878,          0
 30907,   174,   16000000,    3500776,        0,  -12499224,          0
 30907,   175,   16000000,    4451165,        0,  -11548835,          0
 30907,   176,   16000000,    2703473,        0,  -13296527,          0
 30907,   177,   16000000,    2757217,        0,  -13242783,          0
 30907,   178,   16000000,    2699569,        0,  -13300431,          0
 30907,   179,   16000000,    4708618,        0,  -11291382,          0
 30907,   180,   16000000,    2727677,        0,  -13272323,          0
 30907,   181,   16000000,    4682139,        0,  -11317861,          0
 30907,   182,   16000000,    2724229,        0,  -13275771,          0
 30907,   183,   16000000,    4748077,        0,  -11251923,          0
 30907,   184,   16000000,    2701177,        0,  -13298823,          0
 30907,   185,   16000000,    2719235,        0,  -13280765,          0
 30907,   186,   16000000,    2707952,        0,  -13292048,          0
 30907,   187,   16000000,    2719413,        0,  -13280587,          0
 30907,   188,   16000000,    2985135,        0,  -13014865,          0
 30907,   189,   16000000,    2748801,        0,  -13251199,          0
 30907,   190,   16000000,    4658072,        0,  -11341928,          0
 30907,   191,   16000000,    2697759,        0,  -13302241,          0
 30907,   192,   16000000,    2703183,        0,  -13296817,          0
 30907,   193,   16000000,    2998444,        0,  -13001556,          0
 30907,   194,   16000000,    2691689,        0,  -13308311,          0
 30907,   195,   16000000,    4708347,        0,  -11291653,          0
 30907,   196,   16000000,    2733952,        0,  -13266048,          0
 30907,   197,   16000000,    4713238,        0,  -11286762,          0
 30907,   198,   16000000,    2725569,        0,  -13274431,          0
 30907,   199,   16000000,    4753390,        0,  -11246610,          0
 30907,   200,   16000000,    2721274,        0,  -13278726,          0
 30907,   201,   16000000,    3794022,        0,  -12205978,          0
 30907,   202,   16000000,    4730183,        0,  -11269817,          0
 30907,   203,   16000000,    4730305,        0,  -11269695,          0
 30907,   204,   16000000,    2697761,        0,  -13302239,          0
 30907,   205,   16000000,    4731541,        0,  -11268459,          0
 30907,   206,   16000000,    4165203,        0,  -11834797,          0
 30907,   207,   16000000,    2726877,        0,  -13273123,          0
 30907,   208,   16000000,    3713871,        0,  -12286129,          0
 30907,   209,   16000000,    2745719,        0,  -13254281,          0
 30907,   210,   16000000,    2764980,        0,  -13235020,          0
 30907,   211,   16000000,    4738683,        0,  -11261317,          0
 30907,   212,   16000000,    2670833,        0,  -13329167,          0
 30907,   213,   16000000,    2709833,        0,  -13290167,          0
 30907,   214,   16000000,    2738385,        0,  -13261615,          0
 30907,   215,   16000000,    2734707,        0,  -13265293,          0
 30907,   216,   16000000,    2671616,        0,  -13328384,          0
 30907,   217,   16000000,    2748369,        0,  -13251631,          0
 30907,   218,   16000000,    4642708,        0,  -11357292,          0
 30907,   219,   16000000,    2736066,        0,  -13263934,          0
 30907,   220,   16000000,    3206302,        0,  -12793698,          0
 30907,   221,   16000000,    2663572,        0,  -13336428,          0
 30907,   222,   16000000,    2722761,        0,  -13277239,          0
 30907,   223,   16000000,    2721285,        0,  -13278715,          0
 30907,   224,   16000000,    3447963,        0,  -12552037,          0
 30907,   225,   16000000,    2732398,        0,  -13267602,          0
 30907,   226,   16000000,    5695605,        0,  -10304395,          0
 30907,   227,   16000000,    3048829,        0,  -12951171,          0
 30907,   228,   16000000,    2782987,        0,  -13217013,          0
 30907,   229,   16000000,    4670847,        0,  -11329153,          0
 30907,   230,   16000000,    2699304,        0,  -13300696,          0
 30907,   231,   16000000,    2689198,        0,  -13310802,          0
 30907,   232,   16000000,    2706545,        0,  -13293455,          0
 30907,   233,   16000000,    2725728,        0,  -13274272,          0
 30907,   234,   16000000,    3098563,        0,  -12901437,          0
 30907,   235,   16000000,    2725819,        0,  -13274181,          0
 30907,   236,   16000000,    2694941,        0,  -13305059,          0
 30907,   237,   16000000,    2733279,        0,  -13266721,          0
 30907,   238,   16000000,    4763895,        0,  -11236105,          0
 30907,   239,   16000000,    2728731,        0,  -13271269,          0
 30907,   240,   16000000,    2833645,        0,  -13166355,          0
 30907,   241,   16000000,    4245288,        0,  -11754712,          0
 30907,   242,   16000000,    2746095,        0,  -13253905,          0
 30907,   243,   16000000,    2708294,        0,  -13291706,          0
 30907,   244,   16000000,    4736471,        0,  -11263529,          0
 30907,   245,   16000000,    3954331,        0,  -12045669,          0
 30907,   246,   16000000,    2674641,        0,  -13325359,          0
 30907,   247,   16000000,    4693136,        0,  -11306864,          0
 30907,   248,   16000000,    2734583,        0,  -13265417,          0
 30907,   249,   16000000,    2732844,        0,  -13267156,          0
 30907,   250,   16000000,    2709706,        0,  -13290294,          0
 30907,   251,   16000000,    4740687,        0,  -11259313,          0
 30907,   252,   16000000,    2742287,        0,  -13257713,          0
 30907,   253,   16000000,    2746751,        0,  -13253249,          0
 30907,   254,   16000000,    4360286,        0,  -11639714,          0
 30907,   255,   16000000,    2821001,        0,  -13178999,          0
 30907,   256,   16000000,    2729195,        0,  -13270805,          0
 30907,   257,   16000000,    4673921,        0,  -11326079,          0
 30907,   258,   16000000,    4742452,        0,  -11257548,          0
 30907,   259,   16000000,    4695331,        0,  -11304669,          0
 30907,   260,   16000000,    4719983,        0,  -11280017,          0
 30907,   261,   16000000,    4733685,        0,  -11266315,          0
 30907,   262,   16000000,    4051872,        0,  -11948128,          0
 30907,   263,   16000000,    2729651,        0,  -13270349,          0
 30907,   264,   16000000,    4704275,        0,  -11295725,          0
 30907,   265,   16000000,    3135001,        0,  -12864999,          0
 30907,   266,   16000000,    2685406,        0,  -13314594,          0
 30907,   267,   16000000,    2776115,        0,  -13223885,          0
 30907,   268,   16000000,    4760214,        0,  -11239786,          0
 30907,   269,   16000000,    2768079,        0,  -13231921,          0
 30907,   270,   16000000,    2766156,        0,  -13233844,          0
 30907,   271,   16000000,    3611653,        0,  -12388347,          0
 30907,   272,   16000000,    3527123,        0,  -12472877,          0
 30907,   273,   16000000,    2728641,        0,  -13271359,          0
 30907,   274,   16000000,    2979070,        0,  -13020930,          0
 30907,   275,   16000000,    2987911,        0,  -13012089,          0
 30907,   276,   16000000,    3081233,        0,  -12918767,          0
 30907,   277,   16000000,    2677699,        0,  -13322301,          0
 30907,   278,   16000000,    2699951,        0,  -13300049,          0
 30907,   279,   16000000,    2714848,        0,  -13285152,          0
 30907,   280,   16000000,    2696416,        0,  -13303584,          0
 30907,   281,   16000000,    4686355,        0,  -11313645,          0
 30907,   282,   16000000,    2716934,        0,  -13283066,          0
 30907,   283,   16000000,    2780394,        0,  -13219606,          0
 30907,   284,   16000000,    3206994,        0,  -12793006,          0
 30907,   285,   16000000,    4675064,        0,  -11324936,          0
 30907,   286,   16000000,    2673007,        0,  -13326993,          0
 30907,   287,   16000000,    2697821,        0,  -13302179,          0
 30907,   288,   16000000,    2745324,        0,  -13254676,          0
 30907,   289,   16000000,    2761155,        0,  -13238845,          0
 30907,   290,   16000000,    2705620,        0,  -13294380,          0
 30907,   291,   16000000,    4718474,        0,  -11281526,          0
 30907,   292,   16000000,    2704143,        0,  -13295857,          0
 30907,   293,   16000000,    2719247,        0,  -13280753,          0
 30907,   294,   16000000,    3987084,        0,  -12012916,          0
 30907,   295,   16000000,    2723121,        0,  -13276879,          0
 30907,   296,   16000000,    2704797,        0,  -13295203,          0
 30907,   297,   16000000,    2726482,        0,  -13273518,          0
 30907,   298,   16000000,    2714986,        0,  -13285014,          0
 30907,   299,   16000000,    3621944,        0,  -12378056,          0
 30907,   300,   16000000,    4404138,        0,  -11595862,          0
 30907,   301,   16000000,    2683459,        0,  -13316541,          0
 30907,   302,   16000000,    3091773,        0,  -12908227,          0
 30907,   303,   16000000,    3718229,        0,  -12281771,          0
 30907,   304,   16000000,    2880890,        0,  -13119110,          0
 30907,   305,   16000000,    3076681,        0,  -12923319,          0
 30907,   306,   16000000,    2714601,        0,  -13285399,          0
 30907,   307,   16000000,    2691371,        0,  -13308629,          0
 30907,   308,   16000000,    2725778,        0,  -13274222,          0
 30907,   309,   16000000,    2702115,        0,  -13297885,          0
 30907,   310,   16000000,    2710238,        0,  -13289762,          0
 30907,   311,   16000000,    2781926,        0,  -13218074,          0
 30907,   312,   16000000,    2713506,        0,  -13286494,          0
 30907,   313,   16000000,    4769012,        0,  -11230988,          0
 30907,   314,   16000000,    2705586,        0,  -13294414,          0
 30907,   315,   16000000,    3934974,        0,  -12065026,          0
 30907,   316,   16000000,    2704268,        0,  -13295732,          0
 30907,   317,   16000000,    2704486,        0,  -13295514,          0
 30907,   318,   16000000,    2700947,        0,  -13299053,          0
 30907,   319,   16000000,    4119874,        0,  -11880126,          0
 30907,   320,   16000000,    2829648,        0,  -13170352,          0
 30907,   321,   16000000,    2696054,        0,  -13303946,          0
 30907,   322,   16000000,    4436007,        0,  -11563993,          0
 30907,   323,   16000000,    2797789,        0,  -13202211,          0
 30907,   324,   16000000,    3730995,        0,  -12269005,          0
 30907,   325,   16000000,    2724441,        0,  -13275559,          0
 30907,   326,   16000000,    4740931,        0,  -11259069,          0
 30907,   327,   16000000,    3990744,        0,  -12009256,          0
 30907,   328,   16000000,    4722601,        0,  -11277399,          0
 30907,   329,   16000000,    4698408,        0,  -11301592,          0
 30907,   330,   16000000,    2681977,        0,  -13318023,          0
 30907,   331,   16000000,    2708504,        0,  -13291496,          0
 30907,   332,   16000000,    4701929,        0,  -11298071,          0
 30907,   333,   16000000,    2770246,        0,  -13229754,          0
 30907,   334,   16000000,    2677522,        0,  -13322478,          0
 30907,   335,   16000000,    4715536,        0,  -11284464,          0
 30907,   336,   16000000,    2742063,        0,  -13257937,          0
 30907,   337,   16000000,    4698298,        0,  -11301702,          0
 30907,   338,   16000000,    2741739,        0,  -13258261,          0
 30907,   339,   16000000,    2743651,        0,  -13256349,          0
 30907,   340,   16000000,    2807408,        0,  -13192592,          0
 30907,   341,   16000000,    2686818,        0,  -13313182,          0
 30907,   342,   16000000,    2690956,        0,  -13309044,          0
 30907,   343,   16000000,    2702485,        0,  -13297515,          0
 30907,   344,   16000000,    4753116,        0,  -11246884,          0
 30907,   345,   16000000,    4722976,        0,  -11277024,          0
 30907,   346,   16000000,    2692688,        0,  -13307312,          0
 30907,   347,   16000000,    2726044,        0,  -13273956,          0
 30907,   348,   16000000,    2739131,        0,  -13260869,          0
 30907,   349,   16000000,    2720701,        0,  -13279299,          0
 30907,   350,   16000000,    3668902,        0,  -12331098,          0
 30907,   351,   16000000,    4737896,        0,  -11262104,          0
 30907,   352,   16000000,    4026148,        0,  -11973852,          0
 30907,   353,   16000000,    4743099,        0,  -11256901,          0
 30907,   354,   16000000,    3748043,        0,  -12251957,          0
 30907,   355,   16000000,    3074155,        0,  -12925845,          0
 30907,   356,   16000000,    2695214,        0,  -13304786,          0
 30907,   357,   16000000,    2755202,        0,  -13244798,          0
 30907,   358,   16000000,    2703250,        0,  -13296750,          0
 30907,   359,   16000000,    2718889,        0,  -13281111,          0
 30907,   360,   16000000,    2711404,        0,  -13288596,          0
 30907,   361,   16000000,    3182019,        0,  -12817981,          0
 30907,   362,   16000000,    3644496,        0,  -12355504,          0
 30907,   363,   16000000,    2752472,        0,  -13247528,          0
 30907,   364,   16000000,    4640715,        0,  -11359285,          0
 30907,   365,   16000000,    2752553,        0,  -13247447,          0
 30907,   366,   16000000,    4605422,        0,  -11394578,          0
 30907,   367,   16000000,    2795136,        0,  -13204864,          0
 30907,   368,   16000000,    2702246,        0,  -13297754,          0
 30907,   369,   16000000,    4691951,        0,  -11308049,          0
 30907,   370,   16000000,    2715454,        0,  -13284546,          0
 30907,   371,   16000000,    3087692,        0,  -12912308,          0
 30907,   372,   16000000,    3255830,        0,  -12744170,          0
 30907,   373,   16000000,    2700659,        0,  -13299341,          0
 30907,   374,   16000000,    3280181,        0,  -12719819,          0
 30907,   375,   16000000,    3180667,        0,  -12819333,          0
 30907,   376,   16000000,    3881977,        0,  -12118023,          0
 30907,   377,   16000000,    3107107,        0,  -12892893,          0
 30907,   378,   16000000,    2738679,        0,  -13261321,          0
 30907,   379,   16000000,    3584014,        0,  -12415986,          0
 30907,   380,   16000000,    3021479,        0,  -12978521,          0
 30907,   381,   16000000,    3840832,        0,  -12159168,          0
 30907,   382,   16000000,    4674812,        0,  -11325188,          0
 30907,   383,   16000000,    2709143,        0,  -13290857,          0
 30907,   384,   16000000,    2654491,        0,  -13345509,          0
 30907,   385,   16000000,    2715054,        0,  -13284946,          0
 30907,   386,   16000000,    2700597,        0,  -13299403,          0
 30907,   387,   16000000,    2730127,        0,  -13269873,          0
 30907,   388,   16000000,    2721193,        0,  -13278807,          0
 30907,   389,   16000000,    2720996,        0,  -13279004,          0
 30907,   390,   16000000,    2925100,        0,  -13074900,          0
 30907,   391,   16000000,    3063926,        0,  -12936074,          0
 30907,   392,   16000000,    2696169,        0,  -13303831,          0
 30907,   393,   16000000,    4701451,        0,  -11298549,          0
 30907,   394,   16000000,    3723092,        0,  -12276908,          0
 30907,   395,   16000000,    2701430,        0,  -13298570,          0
 30907,   396,   16000000,    2740870,        0,  -13259130,          0
 30907,   397,   16000000,    4749798,        0,  -11250202,          0
 30907,   398,   16000000,    2762668,        0,  -13237332,          0
 30907,   399,   16000000,    2975353,        0,  -13024647,          0
 30907,   400,   16000000,    4710555,        0,  -11289445,          0
 30907,   401,   16000000,    2676826,        0,  -13323174,          0
 30907,   402,   16000000,    2720809,        0,  -13279191,          0
 30907,   403,   16000000,    4714553,        0,  -11285447,          0
 30907,   404,   16000000,    2655197,        0,  -13344803,          0
 30907,   405,   16000000,    2706541,        0,  -13293459,          0
 30907,   406,   16000000,    2728777,        0,  -13271223,          0
 30907,   407,   16000000,    2716229,        0,  -13283771,          0
 30907,   408,   16000000,    2939177,        0,  -13060823,          0
 30907,   409,   16000000,    2766898,        0,  -13233102,          0
 30907,   410,   16000000,    2726983,        0,  -13273017,          0
 30907,   411,   16000000,    2834009,        0,  -13165991,          0
 30907,   412,   16000000,    2966081,        0,  -13033919,          0
 30907,   413,   16000000,    4744436,        0,  -11255564,          0
 30907,   414,   16000000,    2716945,        0,  -13283055,          0
 30907,   415,   16000000,    2722227,        0,  -13277773,          0
 30907,   416,   16000000,    2718453,        0,  -13281547,          0
 30907,   417,   16000000,    4701009,        0,  -11298991,          0
 30907,   418,   16000000,    4742134,        0,  -11257866,          0
 30907,   419,   16000000,    2710049,        0,  -13289951,          0
 30907,   420,   16000000,    4719904,        0,  -11280096,          0
 30907,   421,   16000000,    4704160,        0,  -11295840,          0
 30907,   422,   16000000,    2688947,        0,  -13311053,          0
 30907,   423,   16000000,    4689985,        0,  -11310015,          0
 30907,   424,   16000000,    2727263,        0,  -13272737,          0
 30907,   425,   16000000,    3620120,        0,  -12379880,          0
 30907,   426,   16000000,    2720572,        0,  -13279428,          0
 30907,   427,   16000000,    4331637,        0,  -11668363,          0
 30907,   428,   16000000,    2877798,        0,  -13122202,          0
 30907,   429,   16000000,    2728788,        0,  -13271212,          0
 30907,   430,   16000000,    2698704,        0,  -13301296,          0
 30907,   431,   16000000,    4756900,        0,  -11243100,          0
 30907,   432,   16000000,    2730900,        0,  -13269100,          0
 30907,   433,   16000000,    4756031,        0,  -11243969,          0
 30907,   434,   16000000,    2712692,        0,  -13287308,          0
 30907,   435,   16000000,    2708319,        0,  -13291681,          0
 30907,   436,   16000000,    4715266,        0,  -11284734,          0
 30907,   437,   16000000,    2720442,        0,  -13279558,          0
 30907,   438,   16000000,    3055751,        0,  -12944249,          0
 30907,   439,   16000000,    4733881,        0,  -11266119,          0
 30907,   440,   16000000,    2710176,        0,  -13289824,          0
 30907,   441,   16000000,    4461728,        0,  -11538272,          0
 30907,   442,   16000000,    2671130,        0,  -13328870,          0
 30907,   443,   16000000,    2721498,        0,  -13278502,          0
 30907,   444,   16000000,    4727966,        0,  -11272034,          0
 30907,   445,   16000000,    2917287,        0,  -13082713,          0
 30907,   446,   16000000,    2735872,        0,  -13264128,          0
 30907,   447,   16000000,    3942546,        0,  -12057454,          0
 30907,   448,   16000000,    2741919,        0,  -13258081,          0
 30907,   449,   16000000,    4747965,        0,  -11252035,          0
 30907,   450,   16000000,    4444293,        0,  -11555707,          0
 30907,   451,   16000000,    4159454,        0,  -11840546,          0
 30907,   452,   16000000,    2726382,        0,  -13273618,          0
 30907,   453,   16000000,    2717001,        0,  -13282999,          0
 30907,   454,   16000000,    3274194,        0,  -12725806,          0
 30907,   455,   16000000,    3976213,        0,  -12023787,          0
 30907,   456,   16000000,    2728306,        0,  -13271694,          0
 30907,   457,   16000000,    4759907,        0,  -11240093,          0
 30907,   458,   16000000,    3204656,        0,  -12795344,          0
 30907,   459,   16000000,    2763845,        0,  -13236155,          0
 30907,   460,   16000000,    4745693,        0,  -11254307,          0
 30907,   461,   16000000,    2780342,        0,  -13219658,          0
 30907,   462,   16000000,    3175284,        0,  -12824716,          0
 30907,   463,   16000000,    4735656,        0,  -11264344,          0
 30907,   464,   16000000,    4720698,        0,  -11279302,          0
 30907,   465,   16000000,    2717115,        0,  -13282885,          0
 30907,   466,   16000000,    3142473,        0,  -12857527,          0
 30907,   467,   16000000,    2785819,        0,  -13214181,          0
 30907,   468,   16000000,    4705014,        0,  -11294986,          0
 30907,   469,   16000000,    2714236,        0,  -13285764,          0
 30907,   470,   16000000,    2708189,        0,  -13291811,          0
 30907,   471,   16000000,    2723982,        0,  -13276018,          0
 30907,   472,   16000000,    3453972,        0,  -12546028,          0
 30907,   473,   16000000,    2716374,        0,  -13283626,          0
 30907,   474,   16000000,    2712990,        0,  -13287010,          0
 30907,   475,   16000000,    4727237,        0,  -11272763,          0
 30907,   476,   16000000,    4693159,        0,  -11306841,          0
 30907,   477,   16000000,    3645120,        0,  -12354880,          0
 30907,   478,   16000000,    2685366,        0,  -13314634,          0
 30907,   479,   16000000,    2720906,        0,  -13279094,          0
 30907,   480,   16000000,    4669240,        0,  -11330760,          0
 30907,   481,   16000000,    4709565,        0,  -11290435,          0
 30907,   482,   16000000,    2719779,        0,  -13280221,          0
 30907,   483,   16000000,    2722967,        0,  -13277033,          0
 30907,   484,   16000000,    2726256,        0,  -13273744,          0
 30907,   485,   16000000,    4727285,        0,  -11272715,          0
 30907,   486,   16000000,    2725040,        0,  -13274960,          0
 30907,   487,   16000000,    2739931,        0,  -13260069,          0
 30907,   488,   16000000,    2714050,        0,  -13285950,          0
 30907,   489,   16000000,    3018972,        0,  -12981028,          0
 30907,   490,   16000000,    3089790,        0,  -12910210,          0
 30907,   491,   16000000,    3123895,        0,  -12876105,          0
 30907,   492,   16000000,    2696851,        0,  -13303149,          0
 30907,   493,   16000000,    4680768,        0,  -11319232,          0
 30907,   494,   16000000,    2698117,        0,  -13301883,          0
 30907,   495,   16000000,    2691697,        0,  -13308303,          0
 30907,   496,   16000000,    3093492,        0,  -12906508,          0
 30907,   497,   16000000,    2707446,        0,  -13292554,          0
 30907,   498,   16000000,    4695895,        0,  -11304105,          0
 30907,   499,   16000000,    4409751,        0,  -11590249,          0
 30907,   500,   16000000,    2703326,        0,  -13296674,          0
 30907,   501,   16000000,    2700331,        0,  -13299669,          0
 30907,   502,   16000000,    2793011,        0,  -13206989,          0
 30907,   503,   16000000,    2763935,        0,  -13236065,          0
 30907,   504,   16000000,    2712125,        0,  -13287875,          0
 30907,   505,   16000000,    2695549,        0,  -13304451,          0
 30907,   506,   16000000,    2953583,        0,  -13046417,          0
 30907,   507,   16000000,    3632947,        0,  -12367053,          0
 30907,   508,   16000000,    3129930,        0,  -12870070,          0
 30907,   509,   16000000,    2698339,        0,  -13301661,          0
 30907,   510,   16000000,    3534476,        0,  -12465524,          0
 30907,   511,   16000000,    2723045,        0,  -13276955,          0
 30907,   512,   16000000,    2696477,        0,  -13303523,          0
 30907,   513,   16000000,    3820803,        0,  -12179197,          0
 30907,   514,   16000000,    2733705,        0,  -13266295,          0
 30907,   515,   16000000,    4708035,        0,  -11291965,          0
 30907,   516,   16000000,    2733636,        0,  -13266364,          0
 30907,   517,   16000000,    2735509,        0,  -13264491,          0
 30907,   518,   16000000,    4036592,        0,  -11963408,          0
 30907,   519,   16000000,    4800435,        0,  -11199565,          0
 30907,   520,   16000000,    2742158,        0,  -13257842,          0
 30907,   521,   16000000,    2720916,        0,  -13279084,          0
 30907,   522,   16000000,    2713935,        0,  -13286065,          0
 30907,   523,   16000000,    3633583,        0,  -12366417,          0
 30907,   524,   16000000,    4958544,        0,  -11041456,          0
 30907,   525,   16000000,    2714134,        0,  -13285866,          0
 30907,   526,   16000000,    2710250,        0,  -13289750,          0
 30907,   527,   16000000,    2771690,        0,  -13228310,          0
 30907,   528,   16000000,    2749314,        0,  -13250686,          0
 30907,   529,   16000000,    2998944,        0,  -13001056,          0
 30907,   530,   16000000,    2986418,        0,  -13013582,          0
 30907,   531,   16000000,    3089637,        0,  -12910363,          0
 30907,   532,   16000000,    2712380,        0,  -13287620,          0
 30907,   533,   16000000,    4035300,        0,  -11964700,          0
 30907,   534,   16000000,    2731779,        0,  -13268221,          0
 30907,   535,   16000000,    2712270,        0,  -13287730,          0
 30907,   536,   16000000,    2774608,        0,  -13225392,          0
 30907,   537,   16000000,    2672640,        0,  -13327360,          0
 30907,   538,   16000000,    2711069,        0,  -13288931,          0
 30907,   539,   16000000,    2748721,        0,  -13251279,          0
 30907,   540,   16000000,    3118683,        0,  -12881317,          0
 30907,   541,   16000000,    4703958,        0,  -11296042,          0
 30907,   542,   16000000,    3115318,        0,  -12884682,          0
 30907,   543,   16000000,    3992823,        0,  -12007177,          0
 30907,   544,   16000000,    2728305,        0,  -13271695,          0
 30907,   545,   16000000,    2721252,        0,  -13278748,          0
 30907,   546,   16000000,    3295272,        0,  -12704728,          0
 30907,   547,   16000000,    2798819,        0,  -13201181,          0
 30907,   548,   16000000,    3231387,        0,  -12768613,          0
 30907,   549,   16000000,    2753452,        0,  -13246548,          0
 30907,   550,   16000000,    2713027,        0,  -13286973,          0
 30907,   551,   16000000,    2724550,        0,  -13275450,          0
 30907,   552,   16000000,    2814478,        0,  -13185522,          0
 30907,   553,   16000000,    2708389,        0,  -13291611,          0
 30907,   554,   16000000,    3565989,        0,  -12434011,          0
 30907,   555,   16000000,    2808293,        0,  -13191707,          0
 30907,   556,   16000000,    4793241,        0,  -11206759,          0
 30907,   557,   16000000,    2637862,        0,  -13362138,          0
 30907,   558,   16000000,    2728656,        0,  -13271344,          0
 30907,   559,   16000000,    2715064,        0,  -13284936,          0
 30907,   560,   16000000,    4564202,        0,  -11435798,          0
 30907,   561,   16000000,    4696254,        0,  -11303746,          0
 30907,   562,   16000000,    2740282,        0,  -13259718,          0
 30907,   563,   16000000,    3015180,        0,  -12984820,          0
 30907,   564,   16000000,    2702780,        0,  -13297220,          0
 30907,   565,   16000000,    2717637,        0,  -13282363,          0
 30907,   566,   16000000,    4759058,        0,  -11240942,          0
 30907,   567,   16000000,    4014843,        0,  -11985157,          0
 30907,   568,   16000000,    2709562,        0,  -13290438,          0
 30907,   569,   16000000,    3721945,        0,  -12278055,          0
 30907,   570,   16000000,    4190316,        0,  -11809684,          0
 30907,   571,   16000000,    2711541,        0,  -13288459,          0
 30907,   572,   16000000,    3617334,        0,  -12382666,          0
 30907,   573,   16000000,    2706065,        0,  -13293935,          0
 30907,   574,   16000000,    4693241,        0,  -11306759,          0
 30907,   575,   16000000,    4704355,        0,  -11295645,          0
 30907,   576,   16000000,    2776787,        0,  -13223213,          0
 30907,   577,   16000000,    2702815,        0,  -13297185,          0
 30907,   578,   16000000,    2783452,        0,  -13216548,          0
 30907,   579,   16000000,    2714164,        0,  -13285836,          0
 30907,   580,   16000000,    4714017,        0,  -11285983,          0
 30907,   581,   16000000,    2705232,        0,  -13294768,          0
 30907,   582,   16000000,    3099208,        0,  -12900792,          0
 30907,   583,   16000000,    2714878,        0,  -13285122,          0
 30907,   584,   16000000,    2720090,        0,  -13279910,          0
 30907,   585,   16000000,    2705009,        0,  -13294991,          0
 30907,   586,   16000000,    4712302,        0,  -11287698,          0
 30907,   587,   16000000,    3764177,        0,  -12235823,          0
 30907,   588,   16000000,    2707784,        0,  -13292216,          0
 30907,   589,   16000000,    2711045,        0,  -13288955,          0
 30907,   590,   16000000,    2668371,        0,  -13331629,          0
 30907,   591,   16000000,    2744073,        0,  -13255927,          0
 30907,   592,   16000000,    3468075,        0,  -12531925,          0
 30907,   593,   16000000,    2756239,        0,  -13243761,          0
 30907,   594,   16000000,    2725794,        0,  -13274206,          0
 30907,   595,   16000000,    2705030,        0,  -13294970,          0
 30907,   596,   16000000,    2734477,        0,  -13265523,          0
 30907,   597,   16000000,    2712847,        0,  -13287153,          0
 30907,   598,   16000000,    3883363,        0,  -12116637,          0
 30907,   599,   16000000,    2677360,        0,  -13322640,          0
 30907,   600,   16000000,    2717914,        0,  -13282086,          0
 30907,   601,   16000000,    4766611,        0,  -11233389,          0
 30907,   602,   16000000,    3634155,        0,  -12365845,          0
 30907,   603,   16000000,    2743090,        0,  -13256910,          0
 30907,   604,   16000000,    2713425,        0,  -13286575,          0
 30907,   605,   16000000,    3116045,        0,  -12883955,          0
 30907,   606,   16000000,    2697552,        0,  -13302448,          0
 30907,   607,   16000000,    2938481,        0,  -13061519,          0
 30907,   608,   16000000,    5128342,        0,  -10871658,          0
 30907,   609,   16000000,    2743241,        0,  -13256759,          0
 30907,   610,   16000000,    4718958,        0,  -11281042,          0
 30907,   611,   16000000,    2721053,        0,  -13278947,          0
 30907,   612,   16000000,    2748608,        0,  -13251392,          0
 30907,   613,   16000000,    4695964,        0,  -11304036,          0
 30907,   614,   16000000,    2697954,        0,  -13302046,          0
 30907,   615,   16000000,    2713019,        0,  -13286981,          0
 30907,   616,   16000000,    4709651,        0,  -11290349,          0
 30907,   617,   16000000,    2727495,        0,  -13272505,          0
 30907,   618,   16000000,    2723467,        0,  -13276533,          0
 30907,   619,   16000000,    3130303,        0,  -12869697,          0
 30907,   620,   16000000,    2718375,        0,  -13281625,          0
 30907,   621,   16000000,    4722560,        0,  -11277440,          0
 30907,   622,   16000000,    2712780,        0,  -13287220,          0
 30907,   623,   16000000,    4060596,        0,  -11939404,          0
 30907,   624,   16000000,    2707901,        0,  -13292099,          0
 30907,   625,   16000000,    7144129,        0,   -8855871,          0
 30907,   626,   16000000,    2731765,        0,  -13268235,          0
 30907,   627,   16000000,    2739740,        0,  -13260260,          0
 30907,   628,   16000000,    2764867,        0,  -13235133,          0
 30907,   629,   16000000,    2673691,        0,  -13326309,          0
# task NAME=myapp PID=30912 COST=4950000 PERIOD=50000000 CPU=0
 30912,     2,   50000000,      83974,        0,  -49916026,          0
 30912,     3,   50000000,     422301,        0,  -49577699,          0
 30912,     4,   50000000,    5468027,        0,  -44531973,          0
 30912,     5,   50000000,    7135058,        0,  -42864942,          0
 30912,     6,   50000000,    9101225,        0,  -40898775,          0
 30912,     7,   50000000,    7895144,        0,  -42104856,          0
 30912,     8,   50000000,    5078303,        0,  -44921697,          0
 30912,     9,   50000000,    9077739,        0,  -40922261,          0
 30912,    10,   50000000,    6435686,        0,  -43564314,          0
 30912,    11,   50000000,    7068920,        0,  -42931080,          0
 30912,    12,   50000000,    6057652,        0,  -43942348,          0
 30912,    13,   50000000,    7105874,        0,  -42894126,          0
 30912,    14,   50000000,    5070984,        0,  -44929016,          0
 30912,    15,   50000000,    7108857,        0,  -42891143,          0
 30912,    16,   50000000,    5935027,        0,  -44064973,          0
 30912,    17,   50000000,    7149047,        0,  -42850953,          0
 30912,    18,   50000000,    7082928,        0,  -42917072,          0
 30912,    19,   50000000,    7098481,        0,  -42901519,          0
 30912,    20,   50000000,    7114338,        0,  -42885662,          0
 30912,    21,   50000000,    7099914,        0,  -42900086,          0
 30912,    22,   50000000,    5053271,        0,  -44946729,          0
 30912,    23,   50000000,    7121193,        0,  -42878807,          0
 30912,    24,   50000000,    6732880,        0,  -43267120,          0
 30912,    25,   50000000,    7095596,        0,  -42904404,          0
 30912,    26,   50000000,    6789755,        0,  -43210245,          0
 30912,    27,   50000000,    7102300,        0,  -42897700,          0
 30912,    28,   50000000,    6428495,        0,  -43571505,          0
 30912,    29,   50000000,    8099022,        0,  -41900978,          0
 30912,    30,   50000000,    5070278,        0,  -44929722,          0
 30912,    31,   50000000,    7074137,        0,  -42925863,          0
 30912,    32,   50000000,    5135477,        0,  -44864523,          0
 30912,    33,   50000000,    7452392,        0,  -42547608,          0
 30912,    34,   50000000,    9079132,        0,  -40920868,          0
 30912,    35,   50000000,    9112877,        0,  -40887123,          0
 30912,    36,   50000000,    7060432,        0,  -42939568,          0
 30912,    37,   50000000,    8486687,        0,  -41513313,          0
 30912,    38,   50000000,    7067014,        0,  -42932986,          0
 30912,    39,   50000000,    9099948,        0,  -40900052,          0
 30912,    40,   50000000,    7028207,        0,  -42971793,          0
 30912,    41,   50000000,    8155625,        0,  -41844375,          0
 30912,    42,   50000000,    5058151,        0,  -44941849,          0
 30912,    43,   50000000,    7094788,        0,  -42905212,          0
 30912,    44,   50000000,    9109705,        0,  -40890295,          0
 30912,    45,   50000000,    9064818,        0,  -40935182,          0
 30912,    46,   50000000,    7087821,        0,  -42912179,          0
 30912,    47,   50000000,    7057377,        0,  -42942623,          0
 30912,    48,   50000000,    9085026,        0,  -40914974,          0
 30912,    49,   50000000,    8857083,        0,  -41142917,          0
 30912,    50,   50000000,    5429936,        0,  -44570064,          0
 30912,    51,   50000000,    7134595,        0,  -42865405,          0
 30912,    52,   50000000,    5044965,        0,  -44955035,          0
 30912,    53,   50000000,    7138470,        0,  -42861530,          0
 30912,    54,   50000000,   11071269,        0,  -38928731,          0
 30912,    55,   50000000,    7168439,        0,  -42831561,          0
 30912,    56,   50000000,    5048516,        0,  -44951484,          0
 30912,    57,   50000000,    7100596,        0,  -42899404,          0
 30912,    58,   50000000,    5071982,        0,  -44928018,          0
 30912,    59,   50000000,    7109705,        0,  -42890295,          0
 30912,    60,   50000000,    5059993,        0,  -44940007,          0
 30912,    61,   50000000,    7391510,        0,  -42608490,          0
 30912,    62,   50000000,    5078142,        0,  -44921858,          0
 30912,    63,   50000000,    9056772,        0,  -40943228,          0
 30912,    64,   50000000,    5063860,        0,  -44936140,          0
 30912,    65,   50000000,    7110021,        0,  -42889979,          0
 30912,    66,   50000000,    7155620,        0,  -42844380,          0
 30912,    67,   50000000,    7108728,        0,  -42891272,          0
 30912,    68,   50000000,    5181778,        0,  -44818222,          0
 30912,    69,   50000000,    7141695,        0,  -42858305,          0
 30912,    70,   50000000,    5493459,        0,  -44506541,          0
 30912,    71,   50000000,    8095382,        0,  -41904618,          0
 30912,    72,   50000000,    5046921,        0,  -44953079,          0
 30912,    73,   50000000,    7084362,        0,  -42915638,          0
 30912,    74,   50000000,    9078225,        0,  -40921775,          0
 30912,    75,   50000000,    8649293,        0,  -41350707,          0
 30912,    76,   50000000,    9061223,        0,  -40938777,          0
 30912,    77,   50000000,    9111657,        0,  -40888343,          0
 30912,    78,   50000000,    7026149,        0,  -42973851,          0
 30912,    79,   50000000,    7080200,        0,  -42919800,          0
 30912,    80,   50000000,    6109596,        0,  -43890404,          0
 30912,    81,   50000000,    7111968,        0,  -42888032,          0
 30912,    82,   50000000,    5084774,        0,  -44915226,          0
 30912,    83,   50000000,    7068304,        0,  -42931696,          0
 30912,    84,   50000000,    5058950,        0,  -44941050,          0
 30912,    85,   50000000,    8114881,        0,  -41885119,          0
 30912,    86,   50000000,    7068856,        0,  -42931144,          0
 30912,    87,   50000000,    7142667,        0,  -42857333,          0
 30912,    88,   50000000,    5096041,        0,  -44903959,          0
 30912,    89,   50000000,    7120486,        0,  -42879514,          0
 30912,    90,   50000000,    5048583,        0,  -44951417,          0
 30912,    91,   50000000,    7082237,        0,  -42917763,          0
 30912,    92,   50000000,    7037104,        0,  -42962896,          0
 30912,    93,   50000000,    7092462,        0,  -42907538,          0
 30912,    94,   50000000,    5064126,        0,  -44935874,          0
 30912,    95,   50000000,    7061283,        0,  -42938717,          0
 30912,    96,   50000000,    7046600,        0,  -42953400,          0
 30912,    97,   50000000,    7121551,        0,  -42878449,          0
 30912,    98,   50000000,    9827702,        0,  -40172298,          0
 30912,    99,   50000000,    7106160,        0,  -42893840,          0
 30912,   100,   50000000,    9047229,        0,  -40952771,          0
 30912,   101,   50000000,    7123557,        0,  -42876443,          0
 30912,   102,   50000000,    7051504,        0,  -42948496,          0
 30912,   103,   50000000,    7139808,        0,  -42860192,          0
 30912,   104,   50000000,    9051321,        0,  -40948679,          0
 30912,   105,   50000000,    8496983,        0,  -41503017,          0
 30912,   106,   50000000,    7052789,        0,  -42947211,          0
 30912,   107,   50000000,    7075695,        0,  -42924305,          0
 30912,   108,   50000000,    9075587,        0,  -40924413,          0
 30912,   109,   50000000,    7110494,        0,  -42889506,          0
 30912,   110,   50000000,    7111444,        0,  -42888556,          0
 30912,   111,   50000000,    7076720,        0,  -42923280,          0
 30912,   112,   50000000,    7088383,        0,  -42911617,          0
 30912,   113,   50000000,    9082128,        0,  -40917872,          0
 30912,   114,   50000000,    5033944,        0,  -44966056,          0
 30912,   115,   50000000,    7076074,        0,  -42923926,          0
 30912,   116,   50000000,    7072744,        0,  -42927256,          0
 30912,   117,   50000000,    7105811,        0,  -42894189,          0
 30912,   118,   50000000,    7079438,        0,  -42920562,          0
 30912,   119,   50000000,    7075447,        0,  -42924553,          0
 30912,   120,   50000000,    7099097,        0,  -42900903,          0
 30912,   121,   50000000,    7179717,        0,  -42820283,          0
 30912,   122,   50000000,    5183981,        0,  -44816019,          0
 30912,   123,   50000000,    7079875,        0,  -42920125,          0
 30912,   124,   50000000,    9131918,        0,  -40868082,          0
 30912,   125,   50000000,    7129767,        0,  -42870233,          0
 30912,   126,   50000000,    7066060,        0,  -42933940,          0
 30912,   127,   50000000,    8073128,        0,  -41926872,          0
 30912,   128,   50000000,    7039264,        0,  -42960736,          0
 30912,   129,   50000000,    7092673,        0,  -42907327,          0
 30912,   130,   50000000,    9075412,        0,  -40924588,          0
 30912,   131,   50000000,    7125828,        0,  -42874172,          0
 30912,   132,   50000000,    9075436,        0,  -40924564,          0
 30912,   133,   50000000,    7077070,        0,  -42922930,          0
 30912,   134,   50000000,    5032418,        0,  -44967582,          0
 30912,   135,   50000000,    7065328,        0,  -42934672,          0
 30912,   136,   50000000,    5097140,        0,  -44902860,          0
 30912,   137,   50000000,    7100712,        0,  -42899288,          0
 30912,   138,   50000000,    5025116,        0,  -44974884,          0
 30912,   139,   50000000,    7044318,        0,  -42955682,          0
 30912,   140,   50000000,    7168538,        0,  -42831462,          0
 30912,   141,   50000000,    8096148,        0,  -41903852,          0
 30912,   142,   50000000,    5031137,        0,  -44968863,          0
 30912,   143,   50000000,    7110398,        0,  -42889602,          0
 30912,   144,   50000000,    7061369,        0,  -42938631,          0
 30912,   145,   50000000,    7045968,        0,  -42954032,          0
 30912,   146,   50000000,    7047386,        0,  -42952614,          0
 30912,   147,   50000000,    7383326,        0,  -42616674,          0
 30912,   148,   50000000,    7029032,        0,  -42970968,          0
 30912,   149,   50000000,    7079308,        0,  -42920692,          0
 30912,   150,   50000000,    5031867,        0,  -44968133,          0
 30912,   151,   50000000,    7131901,        0,  -42868099,          0
 30912,   152,   50000000,    5051826,        0,  -44948174,          0
 30912,   153,   50000000,    7104510,        0,  -42895490,          0
 30912,   154,   50000000,    7083419,        0,  -42916581,          0
 30912,   155,   50000000,    8086037,        0,  -41913963,          0
 30912,   156,   50000000,    7035531,        0,  -42964469,          0
 30912,   157,   50000000,    7426492,        0,  -42573508,          0
 30912,   158,   50000000,    9114974,        0,  -40885026,          0
 30912,   159,   50000000,    7076962,        0,  -42923038,          0
 30912,   160,   50000000,    9405091,        0,  -40594909,          0
 30912,   161,   50000000,    7046123,        0,  -42953877,          0
 30912,   162,   50000000,    5160393,        0,  -44839607,          0
 30912,   163,   50000000,    7071950,        0,  -42928050,          0
 30912,   164,   50000000,    6472560,        0,  -43527440,          0
 30912,   165,   50000000,    7972948,        0,  -42027052,          0
 30912,   166,   50000000,    7098860,        0,  -42901140,          0
 30912,   167,   50000000,    7087934,        0,  -42912066,          0
 30912,   168,   50000000,    7126097,        0,  -42873903,          0
 30912,   169,   50000000,    7132123,        0,  -42867877,          0
 30912,   170,   50000000,    5087185,        0,  -44912815,          0
 30912,   171,   50000000,    7081429,        0,  -42918571,          0
 30912,   172,   50000000,    5166686,        0,  -44833314,          0
 30912,   173,   50000000,    7103425,        0,  -42896575,          0
 30912,   174,   50000000,    5062600,        0,  -44937400,          0
 30912,   175,   50000000,    7114100,        0,  -42885900,          0
 30912,   176,   50000000,    7038899,        0,  -42961101,          0
 30912,   177,   50000000,    7169909,        0,  -42830091,          0
 30912,   178,   50000000,    5121069,        0,  -44878931,          0
 30912,   179,   50000000,    7093950,        0,  -42906050,          0
 30912,   180,   50000000,    5026410,        0,  -44973590,          0
 30912,   181,   50000000,    7063456,        0,  -42936544,          0
 30912,   182,   50000000,    7093075,        0,  -42906925,          0
 30912,   183,   50000000,    8096357,        0,  -41903643,          0
 30912,   184,   50000000,    9062061,        0,  -40937939,          0
 30912,   185,   50000000,    7028920,        0,  -42971080,          0
 30912,   186,   50000000,   11161257,        0,  -38838743,          0
 30912,   187,   50000000,    7104556,        0,  -42895444,          0
 30912,   188,   50000000,    7040195,        0,  -42959805,          0
 30912,   189,   50000000,    7136909,        0,  -42863091,          0
 30912,   190,   50000000,    5063719,        0,  -44936281,          0
 30912,   191,   50000000,    7076449,        0,  -42923551,          0
 30912,   192,   50000000,    5139444,        0,  -44860556,          0
 30912,   193,   50000000,    8933627,        0,  -41066373,          0
 30912,   194,   50000000,    7046462,        0,  -42953538,          0
 30912,   195,   50000000,    7156568,        0,  -42843432,          0
 30912,   196,   50000000,    5425180,        0,  -44574820,          0
 30912,   197,   50000000,    7055902,        0,  -42944098,          0
 30912,   198,   50000000,    5072400,        0,  -44927600,          0
 30912,   199,   50000000,    7094773,        0,  -42905227,          0
 30912,   200,   50000000,    5048443,        0,  -44951557,          0
 30912,   201,   50000000,    7462903,        0,  -42537097,          0
 30912,   202,   50000000,    9089878,        0,  -40910122,          0
 30912,   203,   50000000,    7074879,        0,  -42925121,          0
 30912,   204,   50000000,    9102915,        0,  -40897085,          0
