# Task,   Job,     Period,   Response, DL Miss?,   Lateness,  Tardiness
# task NAME=myapp PID=31532 COST=21002000 PERIOD=56000000 CPU=0
 31532,     2,   56000000,       6039,        0,  -55993961,          0
 31532,     3,   56000000,      81857,        0,  -55918143,          0
 31532,     4,   56000000,   37387343,        0,  -18612657,          0
 31532,     5,   56000000,   37450908,        0,  -18549092,          0
 31532,     6,   56000000,   35310200,        0,  -20689800,          0
 31532,     7,   56000000,   37458592,        0,  -18541408,          0
 31532,     8,   56000000,   35296850,        0,  -20703150,          0
 31532,     9,   56000000,   37481230,        0,  -18518770,          0
 31532,    10,   56000000,   37415927,        0,  -18584073,          0
 31532,    11,   56000000,   37659998,        0,  -18340002,          0
 31532,    12,   56000000,   37378967,        0,  -18621033,          0
 31532,    13,   56000000,   37435216,        0,  -18564784,          0
 31532,    14,   56000000,   37385559,        0,  -18614441,          0
 31532,    15,   56000000,   37429749,        0,  -18570251,          0
 31532,    16,   56000000,   37628402,        0,  -18371598,          0
 31532,    17,   56000000,   37382531,        0,  -18617469,          0
 31532,    18,   56000000,   37438018,        0,  -18561982,          0
 31532,    19,   56000000,   35363264,        0,  -20636736,          0
 31532,    20,   56000000,   37437593,        0,  -18562407,          0
 31532,    21,   56000000,   35344264,        0,  -20655736,          0
 31532,    22,   56000000,   35288256,        0,  -20711744,          0
 31532,    23,   56000000,   37466850,        0,  -18533150,          0
 31532,    24,   56000000,   35326160,        0,  -20673840,          0
 31532,    25,   56000000,   35329006,        0,  -20670994,          0
 31532,    26,   56000000,   37423769,        0,  -18576231,          0
 31532,    27,   56000000,   37471591,        0,  -18528409,          0
 31532,    28,   56000000,   35322129,        0,  -20677871,          0
 31532,    29,   56000000,   37533221,        0,  -18466779,          0
 31532,    30,   56000000,   35331552,        0,  -20668448,          0
 31532,    31,   56000000,   35308253,        0,  -20691747,          0
 31532,    32,   56000000,   37403807,        0,  -18596193,          0
 31532,    33,   56000000,   37374767,        0,  -18625233,          0
 31532,    34,   56000000,   37418258,        0,  -18581742,          0
 31532,    35,   56000000,   37448667,        0,  -18551333,          0
 31532,    36,   56000000,   37499042,        0,  -18500958,          0
 31532,    37,   56000000,   37440508,        0,  -18559492,          0
 31532,    38,   56000000,   37414509,        0,  -18585491,          0
 31532,    39,   56000000,   35326441,        0,  -20673559,          0
 31532,    40,   56000000,   37405959,        0,  -18594041,          0
 31532,    41,   56000000,   37412002,        0,  -18587998,          0
 31532,    42,   56000000,   35331017,        0,  -20668983,          0
 31532,    43,   56000000,   37424550,        0,  -18575450,          0
 31532,    44,   56000000,   37594163,        0,  -18405837,          0
 31532,    45,   56000000,   37636717,        0,  -18363283,          0
 31532,    46,   56000000,   35269947,        0,  -20730053,          0
 31532,    47,   56000000,   37370383,        0,  -18629617,          0
 31532,    48,   56000000,   37415014,        0,  -18584986,          0
 31532,    49,   56000000,   37482302,        0,  -18517698,          0
 31532,    50,   56000000,   37556975,        0,  -18443025,          0
 31532,    51,   56000000,   35282121,        0,  -20717879,          0
 31532,    52,   56000000,   37414156,        0,  -18585844,          0
 31532,    53,   56000000,   37417022,        0,  -18582978,          0
 31532,    54,   56000000,   37382397,        0,  -18617603,          0
 31532,    55,   56000000,   35299785,        0,  -20700215,          0
 31532,    56,   56000000,   37526332,        0,  -18473668,          0
 31532,    57,   56000000,   35339763,        0,  -20660237,          0
 31532,    58,   56000000,   37406613,        0,  -18593387,          0
 31532,    59,   56000000,   37454554,        0,  -18545446,          0
 31532,    60,   56000000,   35257660,        0,  -20742340,          0
 31532,    61,   56000000,   35325260,        0,  -20674740,          0
 31532,    62,   56000000,   37436261,        0,  -18563739,          0
 31532,    63,   56000000,   37417149,        0,  -18582851,          0
 31532,    64,   56000000,   37404885,        0,  -18595115,          0
 31532,    65,   56000000,   37457203,        0,  -18542797,          0
 31532,    66,   56000000,   37420992,        0,  -18579008,          0
 31532,    67,   56000000,   35340832,        0,  -20659168,          0
 31532,    68,   56000000,   37398370,        0,  -18601630,          0
 31532,    69,   56000000,   37406827,        0,  -18593173,          0
 31532,    70,   56000000,   37438854,        0,  -18561146,          0
 31532,    71,   56000000,   35290210,        0,  -20709790,          0
 31532,    72,   56000000,   37374292,        0,  -18625708,          0
 31532,    73,   56000000,   37386114,        0,  -18613886,          0
 31532,    74,   56000000,   39643213,        0,  -16356787,          0
 31532,    75,   56000000,   37388760,        0,  -18611240,          0
 31532,    76,   56000000,   35254598,        0,  -20745402,          0
 31532,    77,   56000000,   37395671,        0,  -18604329,          0
 31532,    78,   56000000,   37437938,        0,  -18562062,          0
 31532,    79,   56000000,   35307651,        0,  -20692349,          0
 31532,    80,   56000000,   37392811,        0,  -18607189,          0
 31532,    81,   56000000,   35274512,        0,  -20725488,          0
 31532,    82,   56000000,   35315979,        0,  -20684021,          0
 31532,    83,   56000000,   37443528,        0,  -18556472,          0
 31532,    84,   56000000,   35335885,        0,  -20664115,          0
 31532,    85,   56000000,   37399315,        0,  -18600685,          0
 31532,    86,   56000000,   37367472,        0,  -18632528,          0
 31532,    87,   56000000,   37556872,        0,  -18443128,          0
 31532,    88,   56000000,   37394254,        0,  -18605746,          0
 31532,    89,   56000000,   35272248,        0,  -20727752,          0
 31532,    90,   56000000,   35291291,        0,  -20708709,          0
 31532,    91,   56000000,   37385903,        0,  -18614097,          0
 31532,    92,   56000000,   35313065,        0,  -20686935,          0
 31532,    93,   56000000,   37413100,        0,  -18586900,          0
 31532,    94,   56000000,   37678820,        0,  -18321180,          0
 31532,    95,   56000000,   35320403,        0,  -20679597,          0
 31532,    96,   56000000,   37591261,        0,  -18408739,          0
 31532,    97,   56000000,   37474233,        0,  -18525767,          0
 31532,    98,   56000000,   37445043,        0,  -18554957,          0
 31532,    99,   56000000,   37463708,        0,  -18536292,          0
 31532,   100,   56000000,   37413333,        0,  -18586667,          0
 31532,   101,   56000000,   37391251,        0,  -18608749,          0
 31532,   102,   56000000,   37409550,        0,  -18590450,          0
 31532,   103,   56000000,   35284670,        0,  -20715330,          0
 31532,   104,   56000000,   37508616,        0,  -18491384,          0
 31532,   105,   56000000,   37700793,        0,  -18299207,          0
 31532,   106,   56000000,   37420284,        0,  -18579716,          0
 31532,   107,   56000000,   37370227,        0,  -18629773,          0
 31532,   108,   56000000,   37451428,        0,  -18548572,          0
 31532,   109,   56000000,   35248183,        0,  -20751817,          0
 31532,   110,   56000000,   37382868,        0,  -18617132,          0
 31532,   111,   56000000,   35336852,        0,  -20663148,          0
 31532,   112,   56000000,   37745372,        0,  -18254628,          0
 31532,   113,   56000000,   37476611,        0,  -18523389,          0
 31532,   114,   56000000,   37758429,        0,  -18241571,          0
 31532,   115,   56000000,   35339571,        0,  -20660429,          0
 31532,   116,   56000000,   39413563,        0,  -16586437,          0
 31532,   117,   56000000,   37395539,        0,  -18604461,          0
 31532,   118,   56000000,   37395999,        0,  -18604001,          0
 31532,   119,   56000000,   37463204,        0,  -18536796,          0
 31532,   120,   56000000,   37437432,        0,  -18562568,          0
 31532,   121,   56000000,   37458483,        0,  -18541517,          0
 31532,   122,   56000000,   39423771,        0,  -16576229,          0
 31532,   123,   56000000,   37446505,        0,  -18553495,          0
 31532,   124,   56000000,   35344515,        0,  -20655485,          0
 31532,   125,   56000000,   37476801,        0,  -18523199,          0
 31532,   126,   56000000,   37515706,        0,  -18484294,          0
 31532,   127,   56000000,   37441723,        0,  -18558277,          0
 31532,   128,   56000000,   37448949,        0,  -18551051,          0
 31532,   129,   56000000,   37411245,        0,  -18588755,          0
 31532,   130,   56000000,   37385480,        0,  -18614520,          0
 31532,   131,   56000000,   35287350,        0,  -20712650,          0
 31532,   132,   56000000,   37392317,        0,  -18607683,          0
 31532,   133,   56000000,   37459365,        0,  -18540635,          0
 31532,   134,   56000000,   37440199,        0,  -18559801,          0
 31532,   135,   56000000,   37535084,        0,  -18464916,          0
 31532,   136,   56000000,   37397916,        0,  -18602084,          0
 31532,   137,   56000000,   35300023,        0,  -20699977,          0
 31532,   138,   56000000,   35346019,        0,  -20653981,          0
 31532,   139,   56000000,   35333494,        0,  -20666506,          0
 31532,   140,   56000000,   35317367,        0,  -20682633,          0
 31532,   141,   56000000,   37636079,        0,  -18363921,          0
 31532,   142,   56000000,   37716941,        0,  -18283059,          0
 31532,   143,   56000000,   37448598,        0,  -18551402,          0
 31532,   144,   56000000,   37397933,        0,  -18602067,          0
 31532,   145,   56000000,   37556712,        0,  -18443288,          0
 31532,   146,   56000000,   37475341,        0,  -18524659,          0
 31532,   147,   56000000,   37435431,        0,  -18564569,          0
 31532,   148,   56000000,   37456452,        0,  -18543548,          0
 31532,   149,   56000000,   35341035,        0,  -20658965,          0
 31532,   150,   56000000,   35298933,        0,  -20701067,          0
 31532,   151,   56000000,   35333757,        0,  -20666243,          0
 31532,   152,   56000000,   37415090,        0,  -18584910,          0
 31532,   153,   56000000,   37433638,        0,  -18566362,          0
 31532,   154,   56000000,   35263389,        0,  -20736611,          0
 31532,   155,   56000000,   35328171,        0,  -20671829,          0
 31532,   156,   56000000,   35372118,        0,  -20627882,          0
 31532,   157,   56000000,   35330707,        0,  -20669293,          0
 31532,   158,   56000000,   35298269,        0,  -20701731,          0
 31532,   159,   56000000,   37462382,        0,  -18537618,          0
 31532,   160,   56000000,   37444382,        0,  -18555618,          0
 31532,   161,   56000000,   37427629,        0,  -18572371,          0
 31532,   162,   56000000,   37501591,        0,  -18498409,          0
 31532,   163,   56000000,   37405108,        0,  -18594892,          0
 31532,   164,   56000000,   37447957,        0,  -18552043,          0
 31532,   165,   56000000,   37509035,        0,  -18490965,          0
 31532,   166,   56000000,   37393026,        0,  -18606974,          0
 31532,   167,   56000000,   35318025,        0,  -20681975,          0
 31532,   168,   56000000,   35318982,        0,  -20681018,          0
 31532,   169,   56000000,   35276937,        0,  -20723063,          0
 31532,   170,   56000000,   37612317,        0,  -18387683,          0
 31532,   171,   56000000,   37492717,        0,  -18507283,          0
 31532,   172,   56000000,   37445177,        0,  -18554823,          0
 31532,   173,   56000000,   39394904,        0,  -16605096,          0
 31532,   174,   56000000,   35324572,        0,  -20675428,          0
 31532,   175,   56000000,   37420122,        0,  -18579878,          0
 31532,   176,   56000000,   37422701,        0,  -18577299,          0
 31532,   177,   56000000,   35329060,        0,  -20670940,          0
 31532,   178,   56000000,   35241558,        0,  -20758442,          0
 31532,   179,   56000000,   37397148,        0,  -18602852,          0
 31532,   180,   56000000,   37389147,        0,  -18610853,          0
 31532,   181,   56000000,   37658831,        0,  -18341169,          0
 31532,   182,   56000000,   37403191,        0,  -18596809,          0
# task NAME=myapp PID=31535 COST=18381000 PERIOD=77000000 CPU=0
 31535,     2,   77000000,      13093,        0,  -76986907,          0
 31535,     3,   77000000,     109803,        0,  -76890197,          0
 31535,     4,   77000000,   29917859,        0,  -47082141,          0
 31535,     5,   77000000,   32774865,        0,  -44225135,          0
 31535,     6,   77000000,   31853657,        0,  -45146343,          0
 31535,     7,   77000000,   30904708,        0,  -46095292,          0
 31535,     8,   77000000,   29819876,        0,  -47180124,          0
 31535,     9,   77000000,   32990463,        0,  -44009537,          0
 31535,    10,   77000000,   31883505,        0,  -45116495,          0
 31535,    11,   77000000,   30944554,        0,  -46055446,          0
 31535,    12,   77000000,   31811448,        0,  -45188552,          0
 31535,    13,   77000000,   32854789,        0,  -44145211,          0
 31535,    14,   77000000,   31957407,        0,  -45042593,          0
 31535,    15,   77000000,   30847078,        0,  -46152922,          0
 31535,    16,   77000000,   29835013,        0,  -47164987,          0
 31535,    17,   77000000,   32880982,        0,  -44119018,          0
 31535,    18,   77000000,   31901202,        0,  -45098798,          0
 31535,    19,   77000000,   30793678,        0,  -46206322,          0
 31535,    20,   77000000,   29828494,        0,  -47171506,          0
 31535,    21,   77000000,   32897282,        0,  -44102718,          0
 31535,    22,   77000000,   32029290,        0,  -44970710,          0
 31535,    23,   77000000,   30952894,        0,  -46047106,          0
 31535,    24,   77000000,   29878821,        0,  -47121179,          0
 31535,    25,   77000000,   32888932,        0,  -44111068,          0
 31535,    26,   77000000,   31903078,        0,  -45096922,          0
 31535,    27,   77000000,   30888152,        0,  -46111848,          0
 31535,    28,   77000000,   29816774,        0,  -47183226,          0
 31535,    29,   77000000,   32934187,        0,  -44065813,          0
 31535,    30,   77000000,   32218245,        0,  -44781755,          0
 31535,    31,   77000000,   30877908,        0,  -46122092,          0
 31535,    32,   77000000,   29847634,        0,  -47152366,          0
 31535,    33,   77000000,   32927508,        0,  -44072492,          0
 31535,    34,   77000000,   31897339,        0,  -45102661,          0
 31535,    35,   77000000,   32189976,        0,  -44810024,          0
 31535,    36,   77000000,   29764250,        0,  -47235750,          0
 31535,    37,   77000000,   32871976,        0,  -44128024,          0
 31535,    38,   77000000,   31795028,        0,  -45204972,          0
 31535,    39,   77000000,   30819168,        0,  -46180832,          0
 31535,    40,   77000000,   31721152,        0,  -45278848,          0
 31535,    41,   77000000,   32840874,        0,  -44159126,          0
 31535,    42,   77000000,   31899319,        0,  -45100681,          0
 31535,    43,   77000000,   31046225,        0,  -45953775,          0
 31535,    44,   77000000,   29947734,        0,  -47052266,          0
 31535,    45,   77000000,   32947321,        0,  -44052679,          0
 31535,    46,   77000000,   31926982,        0,  -45073018,          0
 31535,    47,   77000000,   30867194,        0,  -46132806,          0
 31535,    48,   77000000,   29999535,        0,  -47000465,          0
 31535,    49,   77000000,   34913028,        0,  -42086972,          0
 31535,    50,   77000000,   31939758,        0,  -45060242,          0
 31535,    51,   77000000,   30859807,        0,  -46140193,          0
 31535,    52,   77000000,   29896320,        0,  -47103680,          0
 31535,    53,   77000000,   33322011,        0,  -43677989,          0
 31535,    54,   77000000,   31780128,        0,  -45219872,          0
 31535,    55,   77000000,   30702158,        0,  -46297842,          0
 31535,    56,   77000000,   29755697,        0,  -47244303,          0
 31535,    57,   77000000,   32881151,        0,  -44118849,          0
 31535,    58,   77000000,   31806626,        0,  -45193374,          0
 31535,    59,   77000000,   30831274,        0,  -46168726,          0
 31535,    60,   77000000,   29889287,        0,  -47110713,          0
 31535,    61,   77000000,   32959710,        0,  -44040290,          0
 31535,    62,   77000000,   31959630,        0,  -45040370,          0
 31535,    63,   77000000,   31138087,        0,  -45861913,          0
 31535,    64,   77000000,   29835097,        0,  -47164903,          0
 31535,    65,   77000000,   32886416,        0,  -44113584,          0
 31535,    66,   77000000,   32036933,        0,  -44963067,          0
 31535,    67,   77000000,   30821259,        0,  -46178741,          0
 31535,    68,   77000000,   29906736,        0,  -47093264,          0
 31535,    69,   77000000,   32933399,        0,  -44066601,          0
 31535,    70,   77000000,   31864665,        0,  -45135335,          0
 31535,    71,   77000000,   31255779,        0,  -45744221,          0
 31535,    72,   77000000,   29829473,        0,  -47170527,          0
 31535,    73,   77000000,   32895795,        0,  -44104205,          0
 31535,    74,   77000000,   31982556,        0,  -45017444,          0
 31535,    75,   77000000,   30833232,        0,  -46166768,          0
 31535,    76,   77000000,   29827198,        0,  -47172802,          0
 31535,    77,   77000000,   33170986,        0,  -43829014,          0
 31535,    78,   77000000,   31831284,        0,  -45168716,          0
 31535,    79,   77000000,   33103025,        0,  -43896975,          0
 31535,    80,   77000000,   29948485,        0,  -47051515,          0
 31535,    81,   77000000,   32834324,        0,  -44165676,          0
 31535,    82,   77000000,   35859020,        0,  -41140980,          0
 31535,    83,   77000000,   30889145,        0,  -46110855,          0
 31535,    84,   77000000,   29930665,        0,  -47069335,          0
 31535,    85,   77000000,   32895603,        0,  -44104397,          0
 31535,    86,   77000000,   31948323,        0,  -45051677,          0
 31535,    87,   77000000,   31192274,        0,  -45807726,          0
 31535,    88,   77000000,   30272261,        0,  -46727739,          0
 31535,    89,   77000000,   32910410,        0,  -44089590,          0
 31535,    90,   77000000,   32140021,        0,  -44859979,          0
 31535,    91,   77000000,   30776569,        0,  -46223431,          0
 31535,    92,   77000000,   32147570,        0,  -44852430,          0
 31535,    93,   77000000,   32825049,        0,  -44174951,          0
 31535,    94,   77000000,   32064453,        0,  -44935547,          0
 31535,    95,   77000000,   30858984,        0,  -46141016,          0
 31535,    96,   77000000,   29904961,        0,  -47095039,          0
 31535,    97,   77000000,   32958979,        0,  -44041021,          0
 31535,    98,   77000000,   31851493,        0,  -45148507,          0
 31535,    99,   77000000,   30981479,        0,  -46018521,          0
 31535,   100,   77000000,   29969732,        0,  -47030268,          0
 31535,   101,   77000000,   32831607,        0,  -44168393,          0
 31535,   102,   77000000,   31955006,        0,  -45044994,          0
 31535,   103,   77000000,   31168635,        0,  -45831365,          0
 31535,   104,   77000000,   29833472,        0,  -47166528,          0
 31535,   105,   77000000,   32919400,        0,  -44080600,          0
 31535,   106,   77000000,   31898897,        0,  -45101103,          0
 31535,   107,   77000000,   30796529,        0,  -46203471,          0
 31535,   108,   77000000,   29927796,        0,  -47072204,          0
 31535,   109,   77000000,   32883860,        0,  -44116140,          0
 31535,   110,   77000000,   31886276,        0,  -45113724,          0
 31535,   111,   77000000,   30807817,        0,  -46192183,          0
 31535,   112,   77000000,   31872459,        0,  -45127541,          0
 31535,   113,   77000000,   32860406,        0,  -44139594,          0
 31535,   114,   77000000,   31844708,        0,  -45155292,          0
 31535,   115,   77000000,   30999454,        0,  -46000546,          0
 31535,   116,   77000000,   30077622,        0,  -46922378,          0
 31535,   117,   77000000,   32894995,        0,  -44105005,          0
 31535,   118,   77000000,   31967124,        0,  -45032876,          0
 31535,   119,   77000000,   30857170,        0,  -46142830,          0
 31535,   120,   77000000,   29912762,        0,  -47087238,          0
 31535,   121,   77000000,   32864190,        0,  -44135810,          0
 31535,   122,   77000000,   31857851,        0,  -45142149,          0
 31535,   123,   77000000,   30874270,        0,  -46125730,          0
 31535,   124,   77000000,   29877503,        0,  -47122497,          0
 31535,   125,   77000000,   33013885,        0,  -43986115,          0
 31535,   126,   77000000,   31822299,        0,  -45177701,          0
 31535,   127,   77000000,   32836179,        0,  -44163821,          0
 31535,   128,   77000000,   29888484,        0,  -47111516,          0
 31535,   129,   77000000,   33206519,        0,  -43793481,          0
 31535,   130,   77000000,   31801867,        0,  -45198133,          0
 31535,   131,   77000000,   30851509,        0,  -46148491,          0
 31535,   132,   77000000,   29843161,        0,  -47156839,          0
 31535,   133,   77000000,   32883047,        0,  -44116953,          0
# task NAME=myapp PID=31539 COST=13596000 PERIOD=73000000 CPU=0
 31539,     2,   73000000,      19470,        0,  -72980530,          0
 31539,     3,   73000000,      88198,        0,  -72911802,          0
 31539,     4,   73000000,   21605988,        0,  -51394012,          0
 31539,     5,   73000000,   24324094,        0,  -48675906,          0
 31539,     6,   73000000,   23356574,        0,  -49643426,          0
 31539,     7,   73000000,   22368533,        0,  -50631467,          0
 31539,     8,   73000000,   21298535,        0,  -51701465,          0
 31539,     9,   73000000,   24343325,        0,  -48656675,          0
 31539,    10,   73000000,   23315965,        0,  -49684035,          0
 31539,    11,   73000000,   22339647,        0,  -50660353,          0
 31539,    12,   73000000,   21253005,        0,  -51746995,          0
 31539,    13,   73000000,   24400882,        0,  -48599118,          0
 31539,    14,   73000000,   26413050,        0,  -46586950,          0
 31539,    15,   73000000,   26912486,        0,  -46087514,          0
 31539,    16,   73000000,   21283992,        0,  -51716008,          0
 31539,    17,   73000000,   24332963,        0,  -48667037,          0
 31539,    18,   73000000,   23331189,        0,  -49668811,          0
 31539,    19,   73000000,   22264060,        0,  -50735940,          0
 31539,    20,   73000000,   21196509,        0,  -51803491,          0
 31539,    21,   73000000,   24328524,        0,  -48671476,          0
 31539,    22,   73000000,   23272194,        0,  -49727806,          0
 31539,    23,   73000000,   22335995,        0,  -50664005,          0
 31539,    24,   73000000,   21227136,        0,  -51772864,          0
 31539,    25,   73000000,   24342250,        0,  -48657750,          0
 31539,    26,   73000000,   23296168,        0,  -49703832,          0
 31539,    27,   73000000,   24272991,        0,  -48727009,          0
 31539,    28,   73000000,   21303208,        0,  -51696792,          0
 31539,    29,   73000000,   24298878,        0,  -48701122,          0
 31539,    30,   73000000,   23555114,        0,  -49444886,          0
 31539,    31,   73000000,   22382913,        0,  -50617087,          0
 31539,    32,   73000000,   23232741,        0,  -49767259,          0
 31539,    33,   73000000,   24353533,        0,  -48646467,          0
 31539,    34,   73000000,   23344614,        0,  -49655386,          0
 31539,    35,   73000000,   22458420,        0,  -50541580,          0
 31539,    36,   73000000,   21273828,        0,  -51726172,          0
 31539,    37,   73000000,   24299207,        0,  -48700793,          0
 31539,    38,   73000000,   23315678,        0,  -49684322,          0
 31539,    39,   73000000,   22223940,        0,  -50776060,          0
 31539,    40,   73000000,   21282512,        0,  -51717488,          0
 31539,    41,   73000000,   24302151,        0,  -48697849,          0
 31539,    42,   73000000,   23372559,        0,  -49627441,          0
 31539,    43,   73000000,   23254107,        0,  -49745893,          0
 31539,    44,   73000000,   21285009,        0,  -51714991,          0
 31539,    45,   73000000,   24370511,        0,  -48629489,          0
 31539,    46,   73000000,   23369617,        0,  -49630383,          0
 31539,    47,   73000000,   22320749,        0,  -50679251,          0
 31539,    48,   73000000,   21315054,        0,  -51684946,          0
 31539,    49,   73000000,   24365967,        0,  -48634033,          0
 31539,    50,   73000000,   23286828,        0,  -49713172,          0
 31539,    51,   73000000,   22381183,        0,  -50618817,          0
 31539,    52,   73000000,   21336198,        0,  -51663802,          0
 31539,    53,   73000000,   24342489,        0,  -48657511,          0
 31539,    54,   73000000,   23318643,        0,  -49681357,          0
 31539,    55,   73000000,   22255798,        0,  -50744202,          0
 31539,    56,   73000000,   21308548,        0,  -51691452,          0
 31539,    57,   73000000,   24300043,        0,  -48699957,          0
 31539,    58,   73000000,   23343573,        0,  -49656427,          0
 31539,    59,   73000000,   22340260,        0,  -50659740,          0
 31539,    60,   73000000,   21295897,        0,  -51704103,          0
 31539,    61,   73000000,   24344240,        0,  -48655760,          0
 31539,    62,   73000000,   25140176,        0,  -47859824,          0
 31539,    63,   73000000,   22249866,        0,  -50750134,          0
 31539,    64,   73000000,   21301083,        0,  -51698917,          0
 31539,    65,   73000000,   24366509,        0,  -48633491,          0
 31539,    66,   73000000,   23311799,        0,  -49688201,          0
 31539,    67,   73000000,   22264291,        0,  -50735709,          0
 31539,    68,   73000000,   21334853,        0,  -51665147,          0
 31539,    69,   73000000,   24413386,        0,  -48586614,          0
 31539,    70,   73000000,   23369837,        0,  -49630163,          0
 31539,    71,   73000000,   22329441,        0,  -50670559,          0
 31539,    72,   73000000,   22248531,        0,  -50751469,          0
 31539,    73,   73000000,   24392357,        0,  -48607643,          0
 31539,    74,   73000000,   25269146,        0,  -47730854,          0
 31539,    75,   73000000,   22306000,        0,  -50694000,          0
 31539,    76,   73000000,   23250067,        0,  -49749933,          0
 31539,    77,   73000000,   24306469,        0,  -48693531,          0
 31539,    78,   73000000,   23378243,        0,  -49621757,          0
 31539,    79,   73000000,   22238691,        0,  -50761309,          0
 31539,    80,   73000000,   21256654,        0,  -51743346,          0
 31539,    81,   73000000,   24391669,        0,  -48608331,          0
 31539,    82,   73000000,   23367131,        0,  -49632869,          0
 31539,    83,   73000000,   22542357,        0,  -50457643,          0
 31539,    84,   73000000,   21306756,        0,  -51693244,          0
 31539,    85,   73000000,   24328646,        0,  -48671354,          0
 31539,    86,   73000000,   23260466,        0,  -49739534,          0
 31539,    87,   73000000,   22441656,        0,  -50558344,          0
 31539,    88,   73000000,   21284962,        0,  -51715038,          0
 31539,    89,   73000000,   24367887,        0,  -48632113,          0
 31539,    90,   73000000,   23362984,        0,  -49637016,          0
 31539,    91,   73000000,   22316212,        0,  -50683788,          0
 31539,    92,   73000000,   21297789,        0,  -51702211,          0
 31539,    93,   73000000,   24335811,        0,  -48664189,          0
 31539,    94,   73000000,   23367339,        0,  -49632661,          0
 31539,    95,   73000000,   22591954,        0,  -50408046,          0
 31539,    96,   73000000,   21240674,        0,  -51759326,          0
 31539,    97,   73000000,   24302427,        0,  -48697573,          0
 31539,    98,   73000000,   23358713,        0,  -49641287,          0
 31539,    99,   73000000,   22317686,        0,  -50682314,          0
 31539,   100,   73000000,   21392124,        0,  -51607876,          0
 31539,   101,   73000000,   24332101,        0,  -48667899,          0
 31539,   102,   73000000,   23688913,        0,  -49311087,          0
 31539,   103,   73000000,   24356193,        0,  -48643807,          0
 31539,   104,   73000000,   21292794,        0,  -51707206,          0
 31539,   105,   73000000,   24443473,        0,  -48556527,          0
 31539,   106,   73000000,   23314727,        0,  -49685273,          0
 31539,   107,   73000000,   22304299,        0,  -50695701,          0
 31539,   108,   73000000,   21259815,        0,  -51740185,          0
 31539,   109,   73000000,   24308934,        0,  -48691066,          0
 31539,   110,   73000000,   23312373,        0,  -49687627,          0
 31539,   111,   73000000,   22300637,        0,  -50699363,          0
 31539,   112,   73000000,   21290955,        0,  -51709045,          0
 31539,   113,   73000000,   24281408,        0,  -48718592,          0
 31539,   114,   73000000,   23567556,        0,  -49432444,          0
 31539,   115,   73000000,   22305743,        0,  -50694257,          0
 31539,   116,   73000000,   21232789,        0,  -51767211,          0
 31539,   117,   73000000,   24334109,        0,  -48665891,          0
 31539,   118,   73000000,   25385039,        0,  -47614961,          0
 31539,   119,   73000000,   22292749,        0,  -50707251,          0
 31539,   120,   73000000,   21277476,        0,  -51722524,          0
 31539,   121,   73000000,   24319447,        0,  -48680553,          0
 31539,   122,   73000000,   23305886,        0,  -49694114,          0
 31539,   123,   73000000,   23343076,        0,  -49656924,          0
 31539,   124,   73000000,   21672097,        0,  -51327903,          0
 31539,   125,   73000000,   24344252,        0,  -48655748,          0
 31539,   126,   73000000,   23413766,        0,  -49586234,          0
 31539,   127,   73000000,   22301322,        0,  -50698678,          0
 31539,   128,   73000000,   21344486,        0,  -51655514,          0
 31539,   129,   73000000,   24316128,        0,  -48683872,          0
 31539,   130,   73000000,   26407726,        0,  -46592274,          0
 31539,   131,   73000000,   26433293,        0,  -46566707,          0
 31539,   132,   73000000,   21391944,        0,  -51608056,          0
 31539,   133,   73000000,   24333198,        0,  -48666802,          0
 31539,   134,   73000000,   23401736,        0,  -49598264,          0
 31539,   135,   73000000,   22312762,        0,  -50687238,          0
 31539,   136,   73000000,   21502278,        0,  -51497722,          0
 31539,   137,   73000000,   24309831,        0,  -48690169,          0
 31539,   138,   73000000,   23286655,        0,  -49713345,          0
 31539,   139,   73000000,   22291717,        0,  -50708283,          0
 31539,   140,   73000000,   21326158,        0,  -51673842,          0
