165 165 0
169 169 0
283 283 0
297 297 0
122 122 0
628 628 0
260 260 0
307 307 0
148 148 0
161 161 0
298 298 0
308 308 0
111 111 0
225 225 0
113 113 0
306 306 0
255 255 0
179 179 0
774 774 0
116 116 0
216 216 0
108 108 0
151 151 0
836 836 0
103 103 0
349 349 0
186 186 0
143 143 0
105 105 0
220 220 0
179 179 0
167 167 0
170 170 0
108 108 0
180 180 0
253 253 0
106 106 0
145 145 0
130 130 0
117 117 0
247 247 0
241 241 0
112 112 0
129 129 0
267 267 0
140 140 0
117 117 0
181 181 0
241 241 0
254 254 0
164 164 0
143 143 0
200 200 0
315 315 0
118 118 0
838 838 0
267 267 0
719 719 0
327 327 0
388 388 0
134 134 0
281 281 0
404 404 0
105 105 0
168 168 0
104 104 0
267 267 0
