# Task,   Job,     Period,   Response, DL Miss?,   Lateness,  Tardiness
# task NAME=myapp PID=24914 COST=9675000 PERIOD=48000000 CPU=0
 24914,     2,   48000000,      42485,        0,  -47957515,          0
 24914,     3,   48000000,     139509,        0,  -47860491,          0
 24914,     4,   48000000,   14971844,        0,  -33028156,          0
 24914,     5,   48000000,   14955056,        0,  -33044944,          0
 24914,     6,   48000000,   16904614,        0,  -31095386,          0
 24914,     7,   48000000,   14806629,        0,  -33193371,          0
 24914,     8,   48000000,   14871203,        0,  -33128797,          0
 24914,     9,   48000000,   14957736,        0,  -33042264,          0
 24914,    10,   48000000,   14877503,        0,  -33122497,          0
 24914,    11,   48000000,   14872600,        0,  -33127400,          0
 24914,    12,   48000000,   14939688,        0,  -33060312,          0
 24914,    13,   48000000,   15140452,        0,  -32859548,          0
 24914,    14,   48000000,   14833628,        0,  -33166372,          0
 24914,    15,   48000000,   15656338,        0,  -32343662,          0
 24914,    16,   48000000,   17020060,        0,  -30979940,          0
 24914,    17,   48000000,   14834581,        0,  -33165419,          0
 24914,    18,   48000000,   17106298,        0,  -30893702,          0
 24914,    19,   48000000,   14884268,        0,  -33115732,          0
 24914,    20,   48000000,   14879400,        0,  -33120600,          0
 24914,    21,   48000000,   14883009,        0,  -33116991,          0
 24914,    22,   48000000,   16914181,        0,  -31085819,          0
 24914,    23,   48000000,   15013494,        0,  -32986506,          0
 24914,    24,   48000000,   14851030,        0,  -33148970,          0
 24914,    25,   48000000,   16870366,        0,  -31129634,          0
 24914,    26,   48000000,   15137661,        0,  -32862339,          0
 24914,    27,   48000000,   14852426,        0,  -33147574,          0
 24914,    28,   48000000,   16843482,        0,  -31156518,          0
 24914,    29,   48000000,   14890335,        0,  -33109665,          0
 24914,    30,   48000000,   14862587,        0,  -33137413,          0
 24914,    31,   48000000,   14829597,        0,  -33170403,          0
 24914,    32,   48000000,   16883934,        0,  -31116066,          0
 24914,    33,   48000000,   14811745,        0,  -33188255,          0
 24914,    34,   48000000,   14876614,        0,  -33123386,          0
 24914,    35,   48000000,   15877530,        0,  -32122470,          0
 24914,    36,   48000000,   14839377,        0,  -33160623,          0
 24914,    37,   48000000,   14970626,        0,  -33029374,          0
 24914,    38,   48000000,   14887988,        0,  -33112012,          0
 24914,    39,   48000000,   15196754,        0,  -32803246,          0
 24914,    40,   48000000,   14903888,        0,  -33096112,          0
 24914,    41,   48000000,   14886241,        0,  -33113759,          0
 24914,    42,   48000000,   14853023,        0,  -33146977,          0
 24914,    43,   48000000,   14923024,        0,  -33076976,          0
 24914,    44,   48000000,   15040949,        0,  -32959051,          0
 24914,    45,   48000000,   14883977,        0,  -33116023,          0
 24914,    46,   48000000,   14847176,        0,  -33152824,          0
 24914,    47,   48000000,   14829083,        0,  -33170917,          0
 24914,    48,   48000000,   14898386,        0,  -33101614,          0
 24914,    49,   48000000,   14894085,        0,  -33105915,          0
 24914,    50,   48000000,   14884678,        0,  -33115322,          0
 24914,    51,   48000000,   14805155,        0,  -33194845,          0
 24914,    52,   48000000,   14977209,        0,  -33022791,          0
 24914,    53,   48000000,   14854225,        0,  -33145775,          0
 24914,    54,   48000000,   14816541,        0,  -33183459,          0
 24914,    55,   48000000,   14931654,        0,  -33068346,          0
 24914,    56,   48000000,   14829733,        0,  -33170267,          0
 24914,    57,   48000000,   15141835,        0,  -32858165,          0
 24914,    58,   48000000,   15823830,        0,  -32176170,          0
 24914,    59,   48000000,   14863824,        0,  -33136176,          0
 24914,    60,   48000000,   14920040,        0,  -33079960,          0
 24914,    61,   48000000,   14851659,        0,  -33148341,          0
 24914,    62,   48000000,   14879013,        0,  -33120987,          0
 24914,    63,   48000000,   14975427,        0,  -33024573,          0
 24914,    64,   48000000,   14879318,        0,  -33120682,          0
 24914,    65,   48000000,   14845444,        0,  -33154556,          0
 24914,    66,   48000000,   16882879,        0,  -31117121,          0
 24914,    67,   48000000,   14852601,        0,  -33147399,          0
 24914,    68,   48000000,   15002599,        0,  -32997401,          0
 24914,    69,   48000000,   14868267,        0,  -33131733,          0
 24914,    70,   48000000,   14890813,        0,  -33109187,          0
 24914,    71,   48000000,   14891870,        0,  -33108130,          0
 24914,    72,   48000000,   16228230,        0,  -31771770,          0
 24914,    73,   48000000,   14831447,        0,  -33168553,          0
 24914,    74,   48000000,   14842802,        0,  -33157198,          0
 24914,    75,   48000000,   14926386,        0,  -33073614,          0
 24914,    76,   48000000,   14887966,        0,  -33112034,          0
 24914,    77,   48000000,   14881403,        0,  -33118597,          0
 24914,    78,   48000000,   14895623,        0,  -33104377,          0
 24914,    79,   48000000,   14939231,        0,  -33060769,          0
 24914,    80,   48000000,   14875582,        0,  -33124418,          0
 24914,    81,   48000000,   14865787,        0,  -33134213,          0
 24914,    82,   48000000,   18962925,        0,  -29037075,          0
 24914,    83,   48000000,   18939586,        0,  -29060414,          0
 24914,    84,   48000000,   14896729,        0,  -33103271,          0
 24914,    85,   48000000,   19672933,        0,  -28327067,          0
 24914,    86,   48000000,   15038715,        0,  -32961285,          0
 24914,    87,   48000000,   18925967,        0,  -29074033,          0
 24914,    88,   48000000,   14897359,        0,  -33102641,          0
 24914,    89,   48000000,   16887243,        0,  -31112757,          0
 24914,    90,   48000000,   14822947,        0,  -33177053,          0
 24914,    91,   48000000,   14920650,        0,  -33079350,          0
 24914,    92,   48000000,   14862802,        0,  -33137198,          0
 24914,    93,   48000000,   14942847,        0,  -33057153,          0
 24914,    94,   48000000,   14881530,        0,  -33118470,          0
 24914,    95,   48000000,   14796265,        0,  -33203735,          0
 24914,    96,   48000000,   14840152,        0,  -33159848,          0
 24914,    97,   48000000,   14880484,        0,  -33119516,          0
 24914,    98,   48000000,   14964657,        0,  -33035343,          0
 24914,    99,   48000000,   14892479,        0,  -33107521,          0
 24914,   100,   48000000,   14859675,        0,  -33140325,          0
 24914,   101,   48000000,   14884461,        0,  -33115539,          0
 24914,   102,   48000000,   14855953,        0,  -33144047,          0
 24914,   103,   48000000,   18990980,        0,  -29009020,          0
 24914,   104,   48000000,   18895272,        0,  -29104728,          0
 24914,   105,   48000000,   14904567,        0,  -33095433,          0
 24914,   106,   48000000,   14907771,        0,  -33092229,          0
 24914,   107,   48000000,   14865976,        0,  -33134024,          0
 24914,   108,   48000000,   14944371,        0,  -33055629,          0
 24914,   109,   48000000,   16116204,        0,  -31883796,          0
 24914,   110,   48000000,   14857120,        0,  -33142880,          0
 24914,   111,   48000000,   14798851,        0,  -33201149,          0
 24914,   112,   48000000,   14958427,        0,  -33041573,          0
 24914,   113,   48000000,   14837562,        0,  -33162438,          0
 24914,   114,   48000000,   14858678,        0,  -33141322,          0
 24914,   115,   48000000,   14878817,        0,  -33121183,          0
 24914,   116,   48000000,   14852567,        0,  -33147433,          0
 24914,   117,   48000000,   14940149,        0,  -33059851,          0
 24914,   118,   48000000,   14857393,        0,  -33142607,          0
 24914,   119,   48000000,   14855512,        0,  -33144488,          0
 24914,   120,   48000000,   14781130,        0,  -33218870,          0
 24914,   121,   48000000,   14920488,        0,  -33079512,          0
 24914,   122,   48000000,   14884424,        0,  -33115576,          0
 24914,   123,   48000000,   15073208,        0,  -32926792,          0
 24914,   124,   48000000,   14922679,        0,  -33077321,          0
 24914,   125,   48000000,   15174908,        0,  -32825092,          0
 24914,   126,   48000000,   14811807,        0,  -33188193,          0
 24914,   127,   48000000,   14810619,        0,  -33189381,          0
 24914,   128,   48000000,   14865644,        0,  -33134356,          0
 24914,   129,   48000000,   16943514,        0,  -31056486,          0
 24914,   130,   48000000,   16026768,        0,  -31973232,          0
 24914,   131,   48000000,   14914880,        0,  -33085120,          0
 24914,   132,   48000000,   14906026,        0,  -33093974,          0
 24914,   133,   48000000,   14890994,        0,  -33109006,          0
 24914,   134,   48000000,   14884649,        0,  -33115351,          0
 24914,   135,   48000000,   14850139,        0,  -33149861,          0
 24914,   136,   48000000,   14862070,        0,  -33137930,          0
 24914,   137,   48000000,   14842594,        0,  -33157406,          0
 24914,   138,   48000000,   15080124,        0,  -32919876,          0
 24914,   139,   48000000,   14841672,        0,  -33158328,          0
 24914,   140,   48000000,   14848258,        0,  -33151742,          0
 24914,   141,   48000000,   14923931,        0,  -33076069,          0
 24914,   142,   48000000,   16818660,        0,  -31181340,          0
 24914,   143,   48000000,   14927773,        0,  -33072227,          0
 24914,   144,   48000000,   14893163,        0,  -33106837,          0
 24914,   145,   48000000,   14852155,        0,  -33147845,          0
 24914,   146,   48000000,   14861723,        0,  -33138277,          0
 24914,   147,   48000000,   14993495,        0,  -33006505,          0
 24914,   148,   48000000,   14866240,        0,  -33133760,          0
 24914,   149,   48000000,   14906177,        0,  -33093823,          0
 24914,   150,   48000000,   14842297,        0,  -33157703,          0
 24914,   151,   48000000,   15131982,        0,  -32868018,          0
 24914,   152,   48000000,   16845118,        0,  -31154882,          0
 24914,   153,   48000000,   14911022,        0,  -33088978,          0
 24914,   154,   48000000,   18939606,        0,  -29060394,          0
 24914,   155,   48000000,   20086775,        0,  -27913225,          0
 24914,   156,   48000000,   14872898,        0,  -33127102,          0
 24914,   157,   48000000,   15359285,        0,  -32640715,          0
 24914,   158,   48000000,   18886958,        0,  -29113042,          0
 24914,   159,   48000000,   18937813,        0,  -29062187,          0
 24914,   160,   48000000,   15016211,        0,  -32983789,          0
 24914,   161,   48000000,   14908587,        0,  -33091413,          0
 24914,   162,   48000000,   14862710,        0,  -33137290,          0
 24914,   163,   48000000,   14915604,        0,  -33084396,          0
 24914,   164,   48000000,   15286089,        0,  -32713911,          0
 24914,   165,   48000000,   14848042,        0,  -33151958,          0
 24914,   166,   48000000,   14869733,        0,  -33130267,          0
 24914,   167,   48000000,   14922621,        0,  -33077379,          0
 24914,   168,   48000000,   14818457,        0,  -33181543,          0
 24914,   169,   48000000,   15168204,        0,  -32831796,          0
 24914,   170,   48000000,   18829102,        0,  -29170898,          0
 24914,   171,   48000000,   18887337,        0,  -29112663,          0
 24914,   172,   48000000,   17938331,        0,  -30061669,          0
 24914,   173,   48000000,   14894512,        0,  -33105488,          0
 24914,   174,   48000000,   14887912,        0,  -33112088,          0
 24914,   175,   48000000,   14779641,        0,  -33220359,          0
 24914,   176,   48000000,   14834544,        0,  -33165456,          0
 24914,   177,   48000000,   16816926,        0,  -31183074,          0
 24914,   178,   48000000,   14835260,        0,  -33164740,          0
 24914,   179,   48000000,   14859811,        0,  -33140189,          0
 24914,   180,   48000000,   18885863,        0,  -29114137,          0
 24914,   181,   48000000,   14952264,        0,  -33047736,          0
 24914,   182,   48000000,   15190483,        0,  -32809517,          0
 24914,   183,   48000000,   14872777,        0,  -33127223,          0
 24914,   184,   48000000,   14853445,        0,  -33146555,          0
 24914,   185,   48000000,   14950882,        0,  -33049118,          0
 24914,   186,   48000000,   14859388,        0,  -33140612,          0
 24914,   187,   48000000,   14871340,        0,  -33128660,          0
 24914,   188,   48000000,   14877215,        0,  -33122785,          0
 24914,   189,   48000000,   15763223,        0,  -32236777,          0
 24914,   190,   48000000,   15153016,        0,  -32846984,          0
 24914,   191,   48000000,   14892338,        0,  -33107662,          0
 24914,   192,   48000000,   14915507,        0,  -33084493,          0
 24914,   193,   48000000,   14840922,        0,  -33159078,          0
 24914,   194,   48000000,   16844328,        0,  -31155672,          0
 24914,   195,   48000000,   14875238,        0,  -33124762,          0
 24914,   196,   48000000,   16870974,        0,  -31129026,          0
 24914,   197,   48000000,   14882484,        0,  -33117516,          0
 24914,   198,   48000000,   14859480,        0,  -33140520,          0
 24914,   199,   48000000,   14942012,        0,  -33057988,          0
 24914,   200,   48000000,   16012569,        0,  -31987431,          0
 24914,   201,   48000000,   14855024,        0,  -33144976,          0
 24914,   202,   48000000,   14853653,        0,  -33146347,          0
 24914,   203,   48000000,   15155348,        0,  -32844652,          0
 24914,   204,   48000000,   14901103,        0,  -33098897,          0
 24914,   205,   48000000,   14859239,        0,  -33140761,          0
 24914,   206,   48000000,   14980921,        0,  -33019079,          0
 24914,   207,   48000000,   15916587,        0,  -32083413,          0
 24914,   208,   48000000,   14925196,        0,  -33074804,          0
 24914,   209,   48000000,   14861599,        0,  -33138401,          0
 24914,   210,   48000000,   16662340,        0,  -31337660,          0
 24914,   211,   48000000,   14944503,        0,  -33055497,          0
 24914,   212,   48000000,   14864496,        0,  -33135504,          0
# task NAME=myapp PID=24917 COST=18600000 PERIOD=70000000 CPU=0
 24917,     2,   70000000,      10437,        0,  -69989563,          0
 24917,     3,   70000000,     144084,        0,  -69855916,          0
 24917,     4,   70000000,   33455822,        0,  -36544178,          0
 24917,     5,   70000000,   31347127,        0,  -38652873,          0
 24917,     6,   70000000,   33547845,        0,  -36452155,          0
 24917,     7,   70000000,   31383673,        0,  -38616327,          0
 24917,     8,   70000000,   33497010,        0,  -36502990,          0
 24917,     9,   70000000,   31492143,        0,  -38507857,          0
 24917,    10,   70000000,   35423303,        0,  -34576697,          0
 24917,    11,   70000000,   31421017,        0,  -38578983,          0
 24917,    12,   70000000,   33443682,        0,  -36556318,          0
 24917,    13,   70000000,   32785627,        0,  -37214373,          0
 24917,    14,   70000000,   33396751,        0,  -36603249,          0
 24917,    15,   70000000,   31801863,        0,  -38198137,          0
 24917,    16,   70000000,   33399866,        0,  -36600134,          0
 24917,    17,   70000000,   33694883,        0,  -36305117,          0
 24917,    18,   70000000,   33535550,        0,  -36464450,          0
 24917,    19,   70000000,   31425499,        0,  -38574501,          0
 24917,    20,   70000000,   33309000,        0,  -36691000,          0
 24917,    21,   70000000,   31568399,        0,  -38431601,          0
 24917,    22,   70000000,   33459344,        0,  -36540656,          0
 24917,    23,   70000000,   31446881,        0,  -38553119,          0
 24917,    24,   70000000,   33444318,        0,  -36555682,          0
 24917,    25,   70000000,   35418511,        0,  -34581489,          0
 24917,    26,   70000000,   33474619,        0,  -36525381,          0
 24917,    27,   70000000,   31434116,        0,  -38565884,          0
 24917,    28,   70000000,   33433924,        0,  -36566076,          0
 24917,    29,   70000000,   31509899,        0,  -38490101,          0
 24917,    30,   70000000,   33441721,        0,  -36558279,          0
 24917,    31,   70000000,   31583606,        0,  -38416394,          0
 24917,    32,   70000000,   33406765,        0,  -36593235,          0
 24917,    33,   70000000,   31480227,        0,  -38519773,          0
 24917,    34,   70000000,   33428647,        0,  -36571353,          0
 24917,    35,   70000000,   31390245,        0,  -38609755,          0
 24917,    36,   70000000,   33340863,        0,  -36659137,          0
 24917,    37,   70000000,   31423780,        0,  -38576220,          0
 24917,    38,   70000000,   33639378,        0,  -36360622,          0
 24917,    39,   70000000,   31522230,        0,  -38477770,          0
 24917,    40,   70000000,   33557711,        0,  -36442289,          0
 24917,    41,   70000000,   31456958,        0,  -38543042,          0
 24917,    42,   70000000,   33498297,        0,  -36501703,          0
 24917,    43,   70000000,   31483477,        0,  -38516523,          0
 24917,    44,   70000000,   33427943,        0,  -36572057,          0
 24917,    45,   70000000,   31351508,        0,  -38648492,          0
 24917,    46,   70000000,   34368589,        0,  -35631411,          0
 24917,    47,   70000000,   31567308,        0,  -38432692,          0
 24917,    48,   70000000,   33382963,        0,  -36617037,          0
 24917,    49,   70000000,   31483047,        0,  -38516953,          0
 24917,    50,   70000000,   33427310,        0,  -36572690,          0
 24917,    51,   70000000,   31417244,        0,  -38582756,          0
 24917,    52,   70000000,   33483716,        0,  -36516284,          0
 24917,    53,   70000000,   31408603,        0,  -38591397,          0
 24917,    54,   70000000,   33473520,        0,  -36526480,          0
 24917,    55,   70000000,   31419576,        0,  -38580424,          0
 24917,    56,   70000000,   34623426,        0,  -35376574,          0
 24917,    57,   70000000,   31482779,        0,  -38517221,          0
 24917,    58,   70000000,   33477690,        0,  -36522310,          0
 24917,    59,   70000000,   31509751,        0,  -38490249,          0
 24917,    60,   70000000,   33371055,        0,  -36628945,          0
 24917,    61,   70000000,   31461756,        0,  -38538244,          0
 24917,    62,   70000000,   33435639,        0,  -36564361,          0
 24917,    63,   70000000,   31416506,        0,  -38583494,          0
 24917,    64,   70000000,   33431348,        0,  -36568652,          0
 24917,    65,   70000000,   31403429,        0,  -38596571,          0
 24917,    66,   70000000,   33384622,        0,  -36615378,          0
 24917,    67,   70000000,   35719967,        0,  -34280033,          0
 24917,    68,   70000000,   33357804,        0,  -36642196,          0
 24917,    69,   70000000,   31630061,        0,  -38369939,          0
 24917,    70,   70000000,   33400748,        0,  -36599252,          0
 24917,    71,   70000000,   31396058,        0,  -38603942,          0
 24917,    72,   70000000,   33436313,        0,  -36563687,          0
 24917,    73,   70000000,   31434614,        0,  -38565386,          0
 24917,    74,   70000000,   33411123,        0,  -36588877,          0
 24917,    75,   70000000,   31375000,        0,  -38625000,          0
 24917,    76,   70000000,   33377073,        0,  -36622927,          0
 24917,    77,   70000000,   31340072,        0,  -38659928,          0
 24917,    78,   70000000,   35353609,        0,  -34646391,          0
 24917,    79,   70000000,   31341024,        0,  -38658976,          0
 24917,    80,   70000000,   33555377,        0,  -36444623,          0
 24917,    81,   70000000,   31360696,        0,  -38639304,          0
 24917,    82,   70000000,   33523519,        0,  -36476481,          0
 24917,    83,   70000000,   31459716,        0,  -38540284,          0
 24917,    84,   70000000,   35512103,        0,  -34487897,          0
 24917,    85,   70000000,   31429493,        0,  -38570507,          0
 24917,    86,   70000000,   33441004,        0,  -36558996,          0
 24917,    87,   70000000,   31453820,        0,  -38546180,          0
 24917,    88,   70000000,   35675117,        0,  -34324883,          0
 24917,    89,   70000000,   31399089,        0,  -38600911,          0
 24917,    90,   70000000,   35738993,        0,  -34261007,          0
 24917,    91,   70000000,   34090792,        0,  -35909208,          0
 24917,    92,   70000000,   33458502,        0,  -36541498,          0
 24917,    93,   70000000,   31395068,        0,  -38604932,          0
 24917,    94,   70000000,   33399782,        0,  -36600218,          0
 24917,    95,   70000000,   31399466,        0,  -38600534,          0
 24917,    96,   70000000,   33441479,        0,  -36558521,          0
 24917,    97,   70000000,   31444924,        0,  -38555076,          0
 24917,    98,   70000000,   33416633,        0,  -36583367,          0
 24917,    99,   70000000,   31413008,        0,  -38586992,          0
 24917,   100,   70000000,   33422589,        0,  -36577411,          0
 24917,   101,   70000000,   31293327,        0,  -38706673,          0
 24917,   102,   70000000,   33425464,        0,  -36574536,          0
 24917,   103,   70000000,   31415932,        0,  -38584068,          0
 24917,   104,   70000000,   33423535,        0,  -36576465,          0
 24917,   105,   70000000,   31434091,        0,  -38565909,          0
 24917,   106,   70000000,   33452154,        0,  -36547846,          0
 24917,   107,   70000000,   31455463,        0,  -38544537,          0
 24917,   108,   70000000,   33478543,        0,  -36521457,          0
 24917,   109,   70000000,   31445846,        0,  -38554154,          0
 24917,   110,   70000000,   33374884,        0,  -36625116,          0
 24917,   111,   70000000,   31322221,        0,  -38677779,          0
 24917,   112,   70000000,   35413218,        0,  -34586782,          0
 24917,   113,   70000000,   31451421,        0,  -38548579,          0
 24917,   114,   70000000,   33466417,        0,  -36533583,          0
 24917,   115,   70000000,   31362545,        0,  -38637455,          0
 24917,   116,   70000000,   35387747,        0,  -34612253,          0
 24917,   117,   70000000,   31581314,        0,  -38418686,          0
 24917,   118,   70000000,   33405219,        0,  -36594781,          0
 24917,   119,   70000000,   31359104,        0,  -38640896,          0
 24917,   120,   70000000,   33447615,        0,  -36552385,          0
 24917,   121,   70000000,   35379229,        0,  -34620771,          0
 24917,   122,   70000000,   34565931,        0,  -35434069,          0
 24917,   123,   70000000,   31409269,        0,  -38590731,          0
 24917,   124,   70000000,   33457031,        0,  -36542969,          0
 24917,   125,   70000000,   31655382,        0,  -38344618,          0
 24917,   126,   70000000,   33490963,        0,  -36509037,          0
 24917,   127,   70000000,   31338868,        0,  -38661132,          0
 24917,   128,   70000000,   33434081,        0,  -36565919,          0
 24917,   129,   70000000,   31396224,        0,  -38603776,          0
 24917,   130,   70000000,   33451081,        0,  -36548919,          0
 24917,   131,   70000000,   33771649,        0,  -36228351,          0
 24917,   132,   70000000,   34798492,        0,  -35201508,          0
 24917,   133,   70000000,   33714314,        0,  -36285686,          0
 24917,   134,   70000000,   33399918,        0,  -36600082,          0
 24917,   135,   70000000,   31428187,        0,  -38571813,          0
 24917,   136,   70000000,   34099095,        0,  -35900905,          0
 24917,   137,   70000000,   31441713,        0,  -38558287,          0
 24917,   138,   70000000,   33617832,        0,  -36382168,          0
 24917,   139,   70000000,   31417081,        0,  -38582919,          0
 24917,   140,   70000000,   35738988,        0,  -34261012,          0
 24917,   141,   70000000,   31440633,        0,  -38559367,          0
 24917,   142,   70000000,   35782331,        0,  -34217669,          0
 24917,   143,   70000000,   31456559,        0,  -38543441,          0
 24917,   144,   70000000,   33452783,        0,  -36547217,          0
 24917,   145,   70000000,   31349971,        0,  -38650029,          0
 24917,   146,   70000000,   33480272,        0,  -36519728,          0
# task NAME=myapp PID=24921 COST=15264000 PERIOD=77000000 CPU=0
 24921,     2,   77000000,      10457,        0,  -76989543,          0
 24921,     3,   77000000,     147899,        0,  -76852101,          0
 24921,     4,   77000000,   26168658,        0,  -50831342,          0
 24921,     5,   77000000,   28201885,        0,  -48798115,          0
 24921,     6,   77000000,   27488291,        0,  -49511709,          0
 24921,     7,   77000000,   26271943,        0,  -50728057,          0
 24921,     8,   77000000,   25245468,        0,  -51754532,          0
 24921,     9,   77000000,   28771340,        0,  -48228660,          0
 24921,    10,   77000000,   27313122,        0,  -49686878,          0
 24921,    11,   77000000,   26256473,        0,  -50743527,          0
 24921,    12,   77000000,   25205427,        0,  -51794573,          0
 24921,    13,   77000000,   28254882,        0,  -48745118,          0
 24921,    14,   77000000,   27342520,        0,  -49657480,          0
 24921,    15,   77000000,   26178072,        0,  -50821928,          0
 24921,    16,   77000000,   25254789,        0,  -51745211,          0
 24921,    17,   77000000,   30462801,        0,  -46537199,          0
 24921,    18,   77000000,   27324618,        0,  -49675382,          0
 24921,    19,   77000000,   26386702,        0,  -50613298,          0
 24921,    20,   77000000,   25293700,        0,  -51706300,          0
 24921,    21,   77000000,   28243450,        0,  -48756550,          0
 24921,    22,   77000000,   27566266,        0,  -49433734,          0
 24921,    23,   77000000,   30172838,        0,  -46827162,          0
 24921,    24,   77000000,   25234305,        0,  -51765695,          0
 24921,    25,   77000000,   28280019,        0,  -48719981,          0
 24921,    26,   77000000,   27262774,        0,  -49737226,          0
 24921,    27,   77000000,   26734484,        0,  -50265516,          0
 24921,    28,   77000000,   26309409,        0,  -50690591,          0
 24921,    29,   77000000,   28283760,        0,  -48716240,          0
 24921,    30,   77000000,   27215675,        0,  -49784325,          0
 24921,    31,   77000000,   26273866,        0,  -50726134,          0
 24921,    32,   77000000,   26258791,        0,  -50741209,          0
 24921,    33,   77000000,   28271549,        0,  -48728451,          0
 24921,    34,   77000000,   27410636,        0,  -49589364,          0
 24921,    35,   77000000,   26188808,        0,  -50811192,          0
 24921,    36,   77000000,   25122941,        0,  -51877059,          0
 24921,    37,   77000000,   28397845,        0,  -48602155,          0
 24921,    38,   77000000,   27255866,        0,  -49744134,          0
 24921,    39,   77000000,   26198475,        0,  -50801525,          0
 24921,    40,   77000000,   25218303,        0,  -51781697,          0
 24921,    41,   77000000,   28256781,        0,  -48743219,          0
 24921,    42,   77000000,   27292372,        0,  -49707628,          0
 24921,    43,   77000000,   26247268,        0,  -50752732,          0
 24921,    44,   77000000,   29287532,        0,  -47712468,          0
 24921,    45,   77000000,   28279905,        0,  -48720095,          0
 24921,    46,   77000000,   27245096,        0,  -49754904,          0
 24921,    47,   77000000,   26167214,        0,  -50832786,          0
 24921,    48,   77000000,   25238456,        0,  -51761544,          0
 24921,    49,   77000000,   28224223,        0,  -48775777,          0
 24921,    50,   77000000,   27307319,        0,  -49692681,          0
 24921,    51,   77000000,   26232875,        0,  -50767125,          0
 24921,    52,   77000000,   25310827,        0,  -51689173,          0
 24921,    53,   77000000,   28355389,        0,  -48644611,          0
 24921,    54,   77000000,   27306120,        0,  -49693880,          0
 24921,    55,   77000000,   30245254,        0,  -46754746,          0
 24921,    56,   77000000,   25284686,        0,  -51715314,          0
 24921,    57,   77000000,   29783515,        0,  -47216485,          0
 24921,    58,   77000000,   27214921,        0,  -49785079,          0
 24921,    59,   77000000,   26270932,        0,  -50729068,          0
 24921,    60,   77000000,   25378077,        0,  -51621923,          0
 24921,    61,   77000000,   28236197,        0,  -48763803,          0
 24921,    62,   77000000,   27232199,        0,  -49767801,          0
 24921,    63,   77000000,   28227172,        0,  -48772828,          0
 24921,    64,   77000000,   26187698,        0,  -50812302,          0
 24921,    65,   77000000,   28268530,        0,  -48731470,          0
 24921,    66,   77000000,   27241429,        0,  -49758571,          0
 24921,    67,   77000000,   26145181,        0,  -50854819,          0
 24921,    68,   77000000,   25259385,        0,  -51740615,          0
 24921,    69,   77000000,   28315572,        0,  -48684428,          0
 24921,    70,   77000000,   27249069,        0,  -49750931,          0
 24921,    71,   77000000,   26231858,        0,  -50768142,          0
 24921,    72,   77000000,   25240168,        0,  -51759832,          0
 24921,    73,   77000000,   28235087,        0,  -48764913,          0
 24921,    74,   77000000,   27514564,        0,  -49485436,          0
 24921,    75,   77000000,   26220702,        0,  -50779298,          0
 24921,    76,   77000000,   25323778,        0,  -51676222,          0
 24921,    77,   77000000,   28325192,        0,  -48674808,          0
 24921,    78,   77000000,   27380255,        0,  -49619745,          0
 24921,    79,   77000000,   28175263,        0,  -48824737,          0
 24921,    80,   77000000,   25272814,        0,  -51727186,          0
 24921,    81,   77000000,   28280004,        0,  -48719996,          0
 24921,    82,   77000000,   27314205,        0,  -49685795,          0
 24921,    83,   77000000,   26248978,        0,  -50751022,          0
 24921,    84,   77000000,   25186824,        0,  -51813176,          0
 24921,    85,   77000000,   28265478,        0,  -48734522,          0
 24921,    86,   77000000,   27241320,        0,  -49758680,          0
 24921,    87,   77000000,   26257352,        0,  -50742648,          0
 24921,    88,   77000000,   25179597,        0,  -51820403,          0
 24921,    89,   77000000,   28236385,        0,  -48763615,          0
 24921,    90,   77000000,   27248486,        0,  -49751514,          0
 24921,    91,   77000000,   28681704,        0,  -48318296,          0
 24921,    92,   77000000,   25463949,        0,  -51536051,          0
 24921,    93,   77000000,   28269762,        0,  -48730238,          0
 24921,    94,   77000000,   27208375,        0,  -49791625,          0
 24921,    95,   77000000,   26221587,        0,  -50778413,          0
 24921,    96,   77000000,   29362072,        0,  -47637928,          0
 24921,    97,   77000000,   28229244,        0,  -48770756,          0
 24921,    98,   77000000,   27299848,        0,  -49700152,          0
 24921,    99,   77000000,   26275905,        0,  -50724095,          0
 24921,   100,   77000000,   25254465,        0,  -51745535,          0
 24921,   101,   77000000,   28312423,        0,  -48687577,          0
 24921,   102,   77000000,   27205786,        0,  -49794214,          0
 24921,   103,   77000000,   26229803,        0,  -50770197,          0
 24921,   104,   77000000,   25219082,        0,  -51780918,          0
 24921,   105,   77000000,   28511205,        0,  -48488795,          0
 24921,   106,   77000000,   27240234,        0,  -49759766,          0
 24921,   107,   77000000,   30235654,        0,  -46764346,          0
 24921,   108,   77000000,   26182524,        0,  -50817476,          0
 24921,   109,   77000000,   28267103,        0,  -48732897,          0
 24921,   110,   77000000,   27176753,        0,  -49823247,          0
 24921,   111,   77000000,   26238248,        0,  -50761752,          0
 24921,   112,   77000000,   25207825,        0,  -51792175,          0
 24921,   113,   77000000,   28306227,        0,  -48693773,          0
 24921,   114,   77000000,   27289130,        0,  -49710870,          0
 24921,   115,   77000000,   26237148,        0,  -50762852,          0
 24921,   116,   77000000,   25214243,        0,  -51785757,          0
 24921,   117,   77000000,   28312432,        0,  -48687568,          0
 24921,   118,   77000000,   27568638,        0,  -49431362,          0
 24921,   119,   77000000,   26222118,        0,  -50777882,          0
 24921,   120,   77000000,   25277426,        0,  -51722574,          0
 24921,   121,   77000000,   28451080,        0,  -48548920,          0
 24921,   122,   77000000,   27218867,        0,  -49781133,          0
 24921,   123,   77000000,   26290728,        0,  -50709272,          0
 24921,   124,   77000000,   25996880,        0,  -51003120,          0
 24921,   125,   77000000,   28268759,        0,  -48731241,          0
 24921,   126,   77000000,   27585050,        0,  -49414950,          0
 24921,   127,   77000000,   26299903,        0,  -50700097,          0
 24921,   128,   77000000,   26275651,        0,  -50724349,          0
 24921,   129,   77000000,   28241571,        0,  -48758429,          0
 24921,   130,   77000000,   28693423,        0,  -48306577,          0
 24921,   131,   77000000,   26567048,        0,  -50432952,          0
 24921,   132,   77000000,   25171837,        0,  -51828163,          0
 24921,   133,   77000000,   28282453,        0,  -48717547,          0
# task NAME=myapp PID=24925 COST=11431000 PERIOD=85000000 CPU=0
 24925,     2,   85000000,      25850,        0,  -84974150,          0
 24925,     3,   85000000,     151891,        0,  -84848109,          0
 24925,     4,   85000000,   17513909,        0,  -67486091,          0
 24925,     5,   85000000,   20575594,        0,  -64424406,          0
 24925,     6,   85000000,   19586179,        0,  -65413821,          0
 24925,     7,   85000000,   18560934,        0,  -66439066,          0
 24925,     8,   85000000,   17547216,        0,  -67452784,          0
 24925,     9,   85000000,   20611459,        0,  -64388541,          0
 24925,    10,   85000000,   19732100,        0,  -65267900,          0
 24925,    11,   85000000,   18635717,        0,  -66364283,          0
 24925,    12,   85000000,   18287815,        0,  -66712185,          0
 24925,    13,   85000000,   22705591,        0,  -62294409,          0
 24925,    14,   85000000,   19500636,        0,  -65499364,          0
 24925,    15,   85000000,   18594526,        0,  -66405474,          0
 24925,    16,   85000000,   19742098,        0,  -65257902,          0
 24925,    17,   85000000,   20526436,        0,  -64473564,          0
 24925,    18,   85000000,   19632351,        0,  -65367649,          0
 24925,    19,   85000000,   18580362,        0,  -66419638,          0
 24925,    20,   85000000,   17579125,        0,  -67420875,          0
 24925,    21,   85000000,   20616302,        0,  -64383698,          0
 24925,    22,   85000000,   19572167,        0,  -65427833,          0
 24925,    23,   85000000,   22596788,        0,  -62403212,          0
 24925,    24,   85000000,   21589746,        0,  -63410254,          0
 24925,    25,   85000000,   20531145,        0,  -64468855,          0
 24925,    26,   85000000,   19614825,        0,  -65385175,          0
 24925,    27,   85000000,   22563603,        0,  -62436397,          0
 24925,    28,   85000000,   17709097,        0,  -67290903,          0
 24925,    29,   85000000,   20596210,        0,  -64403790,          0
 24925,    30,   85000000,   19633706,        0,  -65366294,          0
 24925,    31,   85000000,   18568940,        0,  -66431060,          0
 24925,    32,   85000000,   17754081,        0,  -67245919,          0
 24925,    33,   85000000,   20552180,        0,  -64447820,          0
 24925,    34,   85000000,   19527117,        0,  -65472883,          0
 24925,    35,   85000000,   18669038,        0,  -66330962,          0
 24925,    36,   85000000,   17630166,        0,  -67369834,          0
 24925,    37,   85000000,   20592129,        0,  -64407871,          0
 24925,    38,   85000000,   19654001,        0,  -65345999,          0
 24925,    39,   85000000,   18593484,        0,  -66406516,          0
 24925,    40,   85000000,   17544231,        0,  -67455769,          0
 24925,    41,   85000000,   20906343,        0,  -64093657,          0
 24925,    42,   85000000,   19546807,        0,  -65453193,          0
 24925,    43,   85000000,   18576392,        0,  -66423608,          0
 24925,    44,   85000000,   19593343,        0,  -65406657,          0
 24925,    45,   85000000,   20538302,        0,  -64461698,          0
 24925,    46,   85000000,   19540253,        0,  -65459747,          0
 24925,    47,   85000000,   18585662,        0,  -66414338,          0
 24925,    48,   85000000,   17600214,        0,  -67399786,          0
 24925,    49,   85000000,   20577770,        0,  -64422230,          0
 24925,    50,   85000000,   19596239,        0,  -65403761,          0
 24925,    51,   85000000,   18593962,        0,  -66406038,          0
 24925,    52,   85000000,   18017796,        0,  -66982204,          0
 24925,    53,   85000000,   20561503,        0,  -64438497,          0
 24925,    54,   85000000,   19498712,        0,  -65501288,          0
 24925,    55,   85000000,   18566169,        0,  -66433831,          0
 24925,    56,   85000000,   17596506,        0,  -67403494,          0
 24925,    57,   85000000,   20641006,        0,  -64358994,          0
 24925,    58,   85000000,   19603335,        0,  -65396665,          0
 24925,    59,   85000000,   18520869,        0,  -66479131,          0
 24925,    60,   85000000,   17547669,        0,  -67452331,          0
 24925,    61,   85000000,   20474625,        0,  -64525375,          0
 24925,    62,   85000000,   19652755,        0,  -65347245,          0
 24925,    63,   85000000,   19211619,        0,  -65788381,          0
 24925,    64,   85000000,   19634354,        0,  -65365646,          0
 24925,    65,   85000000,   20583962,        0,  -64416038,          0
 24925,    66,   85000000,   19632874,        0,  -65367126,          0
 24925,    67,   85000000,   18640991,        0,  -66359009,          0
 24925,    68,   85000000,   17592310,        0,  -67407690,          0
 24925,    69,   85000000,   20533442,        0,  -64466558,          0
 24925,    70,   85000000,   19520072,        0,  -65479928,          0
 24925,    71,   85000000,   20427426,        0,  -64572574,          0
 24925,    72,   85000000,   19451396,        0,  -65548604,          0
 24925,    73,   85000000,   20589694,        0,  -64410306,          0
 24925,    74,   85000000,   19582517,        0,  -65417483,          0
 24925,    75,   85000000,   18524534,        0,  -66475466,          0
 24925,    76,   85000000,   17573316,        0,  -67426684,          0
 24925,    77,   85000000,   20560716,        0,  -64439284,          0
 24925,    78,   85000000,   19569139,        0,  -65430861,          0
 24925,    79,   85000000,   18575970,        0,  -66424030,          0
 24925,    80,   85000000,   18580768,        0,  -66419232,          0
 24925,    81,   85000000,   20568462,        0,  -64431538,          0
 24925,    82,   85000000,   19599581,        0,  -65400419,          0
 24925,    83,   85000000,   18632288,        0,  -66367712,          0
 24925,    84,   85000000,   17497708,        0,  -67502292,          0
 24925,    85,   85000000,   20910908,        0,  -64089092,          0
 24925,    86,   85000000,   19541829,        0,  -65458171,          0
 24925,    87,   85000000,   18521642,        0,  -66478358,          0
 24925,    88,   85000000,   17541281,        0,  -67458719,          0
 24925,    89,   85000000,   20693850,        0,  -64306150,          0
 24925,    90,   85000000,   19625001,        0,  -65374999,          0
 24925,    91,   85000000,   18865807,        0,  -66134193,          0
 24925,    92,   85000000,   17540639,        0,  -67459361,          0
 24925,    93,   85000000,   20631581,        0,  -64368419,          0
 24925,    94,   85000000,   19735985,        0,  -65264015,          0
 24925,    95,   85000000,   18604403,        0,  -66395597,          0
 24925,    96,   85000000,   17638631,        0,  -67361369,          0
 24925,    97,   85000000,   20551862,        0,  -64448138,          0
 24925,    98,   85000000,   19526173,        0,  -65473827,          0
 24925,    99,   85000000,   18597634,        0,  -66402366,          0
 24925,   100,   85000000,   17545973,        0,  -67454027,          0
 24925,   101,   85000000,   20568431,        0,  -64431569,          0
 24925,   102,   85000000,   22687380,        0,  -62312620,          0
 24925,   103,   85000000,   18518182,        0,  -66481818,          0
 24925,   104,   85000000,   17599799,        0,  -67400201,          0
 24925,   105,   85000000,   20657701,        0,  -64342299,          0
 24925,   106,   85000000,   19567924,        0,  -65432076,          0
 24925,   107,   85000000,   18617319,        0,  -66382681,          0
 24925,   108,   85000000,   17578357,        0,  -67421643,          0
 24925,   109,   85000000,   20522382,        0,  -64477618,          0
 24925,   110,   85000000,   19843862,        0,  -65156138,          0
 24925,   111,   85000000,   18519628,        0,  -66480372,          0
 24925,   112,   85000000,   21521009,        0,  -63478991,          0
 24925,   113,   85000000,   20586101,        0,  -64413899,          0
 24925,   114,   85000000,   19611961,        0,  -65388039,          0
 24925,   115,   85000000,   18614365,        0,  -66385635,          0
 24925,   116,   85000000,   17863481,        0,  -67136519,          0
 24925,   117,   85000000,   20686029,        0,  -64313971,          0
 24925,   118,   85000000,   19611588,        0,  -65388412,          0
 24925,   119,   85000000,   18563837,        0,  -66436163,          0
 24925,   120,   85000000,   17493149,        0,  -67506851,          0
 24925,   121,   85000000,   20737956,        0,  -64262044,          0
