218 218 0
347 347 0
164 164 0
494 494 0
469 469 0
638 638 0
174 174 0
197 197 0
398 398 0
732 732 0
122 122 0
203 203 0
642 642 0
784 784 0
224 224 0
189 189 0
144 144 0
128 128 0
414 414 0
153 153 0
525 525 0
338 338 0
153 153 0
130 130 0
130 130 0
269 269 0
1024 1024 0
279 279 0
145 145 0
197 197 0
217 217 0
240 240 0
788 788 0
273 273 0
127 127 0
164 164 0
211 211 0
281 281 0
161 161 0
216 216 0
187 187 0
679 679 0
430 430 0
205 205 0
150 150 0
727 727 0
168 168 0
148 148 0
289 289 0
468 468 0
922 922 0
186 186 0
595 595 0
124 124 0
329 329 0
301 301 0
113 113 0
122 122 0
421 421 0
437 437 0
120 120 0
719 719 0
721 721 0
120 120 0
197 197 0
130 130 0
157 157 0
119 119 0
180 180 0
116 116 0
374 374 0
143 143 0
130 130 0
118 118 0
913 913 0
