# Task,   Job,     Period,   Response, DL Miss?,   Lateness,  Tardiness
# task NAME=myapp PID=5325 COST=22972000 PERIOD=96000000 CPU=0
  5325,     2,   96000000,       2981,        0,  -95997019,          0
  5325,     3,   96000000,      88013,        0,  -95911987,          0
  5325,     4,   96000000,   26731381,        0,  -69268619,          0
  5325,     5,   96000000,   22856870,        0,  -73143130,          0
  5325,     6,   96000000,   22832210,        0,  -73167790,          0
  5325,     7,   96000000,   22880583,        0,  -73119417,          0
  5325,     8,   96000000,   25197206,        0,  -70802794,          0
  5325,     9,   96000000,   22883922,        0,  -73116078,          0
  5325,    10,   96000000,   22830555,        0,  -73169445,          0
  5325,    11,   96000000,   26780438,        0,  -69219562,          0
  5325,    12,   96000000,   23133120,        0,  -72866880,          0
  5325,    13,   96000000,   22821353,        0,  -73178647,          0
  5325,    14,   96000000,   22825905,        0,  -73174095,          0
  5325,    15,   96000000,   22807945,        0,  -73192055,          0
  5325,    16,   96000000,   25370985,        0,  -70629015,          0
  5325,    17,   96000000,   22872409,        0,  -73127591,          0
  5325,    18,   96000000,   22827052,        0,  -73172948,          0
  5325,    19,   96000000,   22813305,        0,  -73186695,          0
  5325,    20,   96000000,   22862977,        0,  -73137023,          0
  5325,    21,   96000000,   22823071,        0,  -73176929,          0
  5325,    22,   96000000,   22935304,        0,  -73064696,          0
  5325,    23,   96000000,   22835838,        0,  -73164162,          0
  5325,    24,   96000000,   22908124,        0,  -73091876,          0
  5325,    25,   96000000,   23108277,        0,  -72891723,          0
  5325,    26,   96000000,   22809655,        0,  -73190345,          0
  5325,    27,   96000000,   22781061,        0,  -73218939,          0
  5325,    28,   96000000,   22837328,        0,  -73162672,          0
  5325,    29,   96000000,   23163514,        0,  -72836486,          0
  5325,    30,   96000000,   22827392,        0,  -73172608,          0
  5325,    31,   96000000,   22857229,        0,  -73142771,          0
  5325,    32,   96000000,   22823851,        0,  -73176149,          0
  5325,    33,   96000000,   22834609,        0,  -73165391,          0
  5325,    34,   96000000,   23741609,        0,  -72258391,          0
  5325,    35,   96000000,   22869688,        0,  -73130312,          0
  5325,    36,   96000000,   22852157,        0,  -73147843,          0
  5325,    37,   96000000,   22808788,        0,  -73191212,          0
  5325,    38,   96000000,   23136864,        0,  -72863136,          0
  5325,    39,   96000000,   22863076,        0,  -73136924,          0
  5325,    40,   96000000,   22805785,        0,  -73194215,          0
  5325,    41,   96000000,   22928104,        0,  -73071896,          0
  5325,    42,   96000000,   23750735,        0,  -72249265,          0
  5325,    43,   96000000,   22803961,        0,  -73196039,          0
  5325,    44,   96000000,   22872444,        0,  -73127556,          0
  5325,    45,   96000000,   22880661,        0,  -73119339,          0
  5325,    46,   96000000,   22895132,        0,  -73104868,          0
  5325,    47,   96000000,   22912580,        0,  -73087420,          0
  5325,    48,   96000000,   26495424,        0,  -69504576,          0
  5325,    49,   96000000,   22839150,        0,  -73160850,          0
  5325,    50,   96000000,   22821051,        0,  -73178949,          0
  5325,    51,   96000000,   26828962,        0,  -69171038,          0
  5325,    52,   96000000,   22865115,        0,  -73134885,          0
  5325,    53,   96000000,   22786119,        0,  -73213881,          0
  5325,    54,   96000000,   22817430,        0,  -73182570,          0
  5325,    55,   96000000,   23389932,        0,  -72610068,          0
  5325,    56,   96000000,   23936230,        0,  -72063770,          0
  5325,    57,   96000000,   22832282,        0,  -73167718,          0
  5325,    58,   96000000,   22822401,        0,  -73177599,          0
  5325,    59,   96000000,   23132846,        0,  -72867154,          0
  5325,    60,   96000000,   22826045,        0,  -73173955,          0
  5325,    61,   96000000,   22888803,        0,  -73111197,          0
  5325,    62,   96000000,   22914727,        0,  -73085273,          0
  5325,    63,   96000000,   22847046,        0,  -73152954,          0
  5325,    64,   96000000,   23105723,        0,  -72894277,          0
  5325,    65,   96000000,   22844448,        0,  -73155552,          0
  5325,    66,   96000000,   22889059,        0,  -73110941,          0
  5325,    67,   96000000,   22874473,        0,  -73125527,          0
  5325,    68,   96000000,   23121049,        0,  -72878951,          0
  5325,    69,   96000000,   22820503,        0,  -73179497,          0
  5325,    70,   96000000,   22904304,        0,  -73095696,          0
  5325,    71,   96000000,   22831393,        0,  -73168607,          0
  5325,    72,   96000000,   23143013,        0,  -72856987,          0
  5325,    73,   96000000,   24909998,        0,  -71090002,          0
  5325,    74,   96000000,   25064870,        0,  -70935130,          0
  5325,    75,   96000000,   28614671,        0,  -67385329,          0
  5325,    76,   96000000,   22897066,        0,  -73102934,          0
  5325,    77,   96000000,   23183912,        0,  -72816088,          0
  5325,    78,   96000000,   22817338,        0,  -73182662,          0
  5325,    79,   96000000,   22845908,        0,  -73154092,          0
  5325,    80,   96000000,   22816300,        0,  -73183700,          0
  5325,    81,   96000000,   23166452,        0,  -72833548,          0
  5325,    82,   96000000,   22812256,        0,  -73187744,          0
  5325,    83,   96000000,   22822156,        0,  -73177844,          0
  5325,    84,   96000000,   22827153,        0,  -73172847,          0
  5325,    85,   96000000,   23105736,        0,  -72894264,          0
  5325,    86,   96000000,   23881988,        0,  -72118012,          0
  5325,    87,   96000000,   22855445,        0,  -73144555,          0
  5325,    88,   96000000,   22908057,        0,  -73091943,          0
  5325,    89,   96000000,   22866981,        0,  -73133019,          0
  5325,    90,   96000000,   22849320,        0,  -73150680,          0
  5325,    91,   96000000,   22891682,        0,  -73108318,          0
  5325,    92,   96000000,   22842667,        0,  -73157333,          0
  5325,    93,   96000000,   22845113,        0,  -73154887,          0
  5325,    94,   96000000,   23138302,        0,  -72861698,          0
  5325,    95,   96000000,   22839492,        0,  -73160508,          0
  5325,    96,   96000000,   25121480,        0,  -70878520,          0
  5325,    97,   96000000,   27113564,        0,  -68886436,          0
  5325,    98,   96000000,   23402590,        0,  -72597410,          0
  5325,    99,   96000000,   24388558,        0,  -71611442,          0
  5325,   100,   96000000,   22876629,        0,  -73123371,          0
  5325,   101,   96000000,   24360021,        0,  -71639979,          0
  5325,   102,   96000000,   22875827,        0,  -73124173,          0
  5325,   103,   96000000,   22881015,        0,  -73118985,          0
  5325,   104,   96000000,   22904980,        0,  -73095020,          0
  5325,   105,   96000000,   22805183,        0,  -73194817,          0
  5325,   106,   96000000,   22813758,        0,  -73186242,          0
  5325,   107,   96000000,   23088610,        0,  -72911390,          0
  5325,   108,   96000000,   22828227,        0,  -73171773,          0
# task NAME=myapp PID=5328 COST=22485000 PERIOD=59000000 CPU=0
  5328,     2,   59000000,       4885,        0,  -58995115,          0
  5328,     3,   59000000,      67826,        0,  -58932174,          0
  5328,     4,   59000000,   22371656,        0,  -36628344,          0
  5328,     5,   59000000,   22659685,        0,  -36340315,          0
  5328,     6,   59000000,   22374345,        0,  -36625655,          0
  5328,     7,   59000000,   22653768,        0,  -36346232,          0
  5328,     8,   59000000,   22350424,        0,  -36649576,          0
  5328,     9,   59000000,   22726005,        0,  -36273995,          0
  5328,    10,   59000000,   22384295,        0,  -36615705,          0
  5328,    11,   59000000,   35744364,        0,  -23255636,          0
  5328,    12,   59000000,   22340204,        0,  -36659796,          0
  5328,    13,   59000000,   26311416,        0,  -32688584,          0
  5328,    14,   59000000,   22327060,        0,  -36672940,          0
  5328,    15,   59000000,   22339862,        0,  -36660138,          0
  5328,    16,   59000000,   24399948,        0,  -34600052,          0
  5328,    17,   59000000,   22331128,        0,  -36668872,          0
  5328,    18,   59000000,   22311130,        0,  -36688870,          0
  5328,    19,   59000000,   28362008,        0,  -30637992,          0
  5328,    20,   59000000,   22335932,        0,  -36664068,          0
  5328,    21,   59000000,   22348210,        0,  -36651790,          0
  5328,    22,   59000000,   22624001,        0,  -36375999,          0
  5328,    23,   59000000,   22326324,        0,  -36673676,          0
  5328,    24,   59000000,   22635592,        0,  -36364408,          0
  5328,    25,   59000000,   22385348,        0,  -36614652,          0
  5328,    26,   59000000,   22588396,        0,  -36411604,          0
  5328,    27,   59000000,   22359961,        0,  -36640039,          0
  5328,    28,   59000000,   22372035,        0,  -36627965,          0
  5328,    29,   59000000,   22330628,        0,  -36669372,          0
  5328,    30,   59000000,   22342418,        0,  -36657582,          0
  5328,    31,   59000000,   22346240,        0,  -36653760,          0
  5328,    32,   59000000,   22800022,        0,  -36199978,          0
  5328,    33,   59000000,   22354078,        0,  -36645922,          0
  5328,    34,   59000000,   22305657,        0,  -36694343,          0
  5328,    35,   59000000,   22373116,        0,  -36626884,          0
  5328,    36,   59000000,   22379647,        0,  -36620353,          0
  5328,    37,   59000000,   22361214,        0,  -36638786,          0
  5328,    38,   59000000,   22365954,        0,  -36634046,          0
  5328,    39,   59000000,   22643852,        0,  -36356148,          0
  5328,    40,   59000000,   22399263,        0,  -36600737,          0
  5328,    41,   59000000,   22660765,        0,  -36339235,          0
  5328,    42,   59000000,   22336509,        0,  -36663491,          0
  5328,    43,   59000000,   22637893,        0,  -36362107,          0
  5328,    44,   59000000,   22449151,        0,  -36550849,          0
  5328,    45,   59000000,   22394265,        0,  -36605735,          0
  5328,    46,   59000000,   22326313,        0,  -36673687,          0
  5328,    47,   59000000,   22377100,        0,  -36622900,          0
  5328,    48,   59000000,   25757105,        0,  -33242895,          0
  5328,    49,   59000000,   22350146,        0,  -36649854,          0
  5328,    50,   59000000,   22341829,        0,  -36658171,          0
  5328,    51,   59000000,   22345163,        0,  -36654837,          0
  5328,    52,   59000000,   26144144,        0,  -32855856,          0
  5328,    53,   59000000,   22347094,        0,  -36652906,          0
  5328,    54,   59000000,   22360084,        0,  -36639916,          0
  5328,    55,   59000000,   22362100,        0,  -36637900,          0
  5328,    56,   59000000,   22332244,        0,  -36667756,          0
  5328,    57,   59000000,   22343669,        0,  -36656331,          0
  5328,    58,   59000000,   22609549,        0,  -36390451,          0
  5328,    59,   59000000,   24559825,        0,  -34440175,          0
  5328,    60,   59000000,   22678551,        0,  -36321449,          0
  5328,    61,   59000000,   22359927,        0,  -36640073,          0
  5328,    62,   59000000,   22621614,        0,  -36378386,          0
  5328,    63,   59000000,   22355709,        0,  -36644291,          0
  5328,    64,   59000000,   22371324,        0,  -36628676,          0
  5328,    65,   59000000,   22357034,        0,  -36642966,          0
  5328,    66,   59000000,   22345405,        0,  -36654595,          0
  5328,    67,   59000000,   24080827,        0,  -34919173,          0
  5328,    68,   59000000,   22345351,        0,  -36654649,          0
  5328,    69,   59000000,   22345713,        0,  -36654287,          0
  5328,    70,   59000000,   24431508,        0,  -34568492,          0
  5328,    71,   59000000,   22390908,        0,  -36609092,          0
  5328,    72,   59000000,   22337714,        0,  -36662286,          0
  5328,    73,   59000000,   22331470,        0,  -36668530,          0
  5328,    74,   59000000,   22355470,        0,  -36644530,          0
  5328,    75,   59000000,   22667269,        0,  -36332731,          0
  5328,    76,   59000000,   22410715,        0,  -36589285,          0
  5328,    77,   59000000,   26539723,        0,  -32460277,          0
  5328,    78,   59000000,   22395593,        0,  -36604407,          0
  5328,    79,   59000000,   22637168,        0,  -36362832,          0
  5328,    80,   59000000,   22314222,        0,  -36685778,          0
  5328,    81,   59000000,   22361820,        0,  -36638180,          0
  5328,    82,   59000000,   22337126,        0,  -36662874,          0
  5328,    83,   59000000,   22316929,        0,  -36683071,          0
  5328,    84,   59000000,   22342424,        0,  -36657576,          0
  5328,    85,   59000000,   22379184,        0,  -36620816,          0
  5328,    86,   59000000,   22354443,        0,  -36645557,          0
  5328,    87,   59000000,   22366486,        0,  -36633514,          0
  5328,    88,   59000000,   23312842,        0,  -35687158,          0
  5328,    89,   59000000,   22415845,        0,  -36584155,          0
  5328,    90,   59000000,   22332100,        0,  -36667900,          0
  5328,    91,   59000000,   22347202,        0,  -36652798,          0
  5328,    92,   59000000,   22706472,        0,  -36293528,          0
  5328,    93,   59000000,   22358055,        0,  -36641945,          0
  5328,    94,   59000000,   22638942,        0,  -36361058,          0
  5328,    95,   59000000,   22304514,        0,  -36695486,          0
  5328,    96,   59000000,   22628575,        0,  -36371425,          0
  5328,    97,   59000000,   31411270,        0,  -27588730,          0
  5328,    98,   59000000,   22603995,        0,  -36396005,          0
  5328,    99,   59000000,   22340547,        0,  -36659453,          0
  5328,   100,   59000000,   22334961,        0,  -36665039,          0
  5328,   101,   59000000,   22405862,        0,  -36594138,          0
  5328,   102,   59000000,   22343625,        0,  -36656375,          0
  5328,   103,   59000000,   22364350,        0,  -36635650,          0
  5328,   104,   59000000,   22348497,        0,  -36651503,          0
  5328,   105,   59000000,   22336001,        0,  -36663999,          0
  5328,   106,   59000000,   22381477,        0,  -36618523,          0
  5328,   107,   59000000,   22348390,        0,  -36651610,          0
  5328,   108,   59000000,   22437238,        0,  -36562762,          0
  5328,   109,   59000000,   22352129,        0,  -36647871,          0
  5328,   110,   59000000,   22332781,        0,  -36667219,          0
  5328,   111,   59000000,   22670277,        0,  -36329723,          0
  5328,   112,   59000000,   22374595,        0,  -36625405,          0
  5328,   113,   59000000,   22606030,        0,  -36393970,          0
  5328,   114,   59000000,   25810146,        0,  -33189854,          0
  5328,   115,   59000000,   22649439,        0,  -36350561,          0
  5328,   116,   59000000,   22318773,        0,  -36681227,          0
  5328,   117,   59000000,   22731867,        0,  -36268133,          0
  5328,   118,   59000000,   22339024,        0,  -36660976,          0
  5328,   119,   59000000,   22365054,        0,  -36634946,          0
  5328,   120,   59000000,   22384138,        0,  -36615862,          0
  5328,   121,   59000000,   22349518,        0,  -36650482,          0
  5328,   122,   59000000,   22317599,        0,  -36682401,          0
  5328,   123,   59000000,   22416383,        0,  -36583617,          0
  5328,   124,   59000000,   22331700,        0,  -36668300,          0
  5328,   125,   59000000,   22382301,        0,  -36617699,          0
  5328,   126,   59000000,   23284266,        0,  -35715734,          0
  5328,   127,   59000000,   22401019,        0,  -36598981,          0
  5328,   128,   59000000,   22636187,        0,  -36363813,          0
  5328,   129,   59000000,   22347693,        0,  -36652307,          0
  5328,   130,   59000000,   22632279,        0,  -36367721,          0
  5328,   131,   59000000,   23036813,        0,  -35963187,          0
  5328,   132,   59000000,   23142638,        0,  -35857362,          0
  5328,   133,   59000000,   22405334,        0,  -36594666,          0
  5328,   134,   59000000,   27184574,        0,  -31815426,          0
  5328,   135,   59000000,   25386437,        0,  -33613563,          0
  5328,   136,   59000000,   22315537,        0,  -36684463,          0
  5328,   137,   59000000,   23794389,        0,  -35205611,          0
  5328,   138,   59000000,   22363936,        0,  -36636064,          0
  5328,   139,   59000000,   22341199,        0,  -36658801,          0
  5328,   140,   59000000,   22371988,        0,  -36628012,          0
  5328,   141,   59000000,   22338610,        0,  -36661390,          0
  5328,   142,   59000000,   22485324,        0,  -36514676,          0
  5328,   143,   59000000,   25432171,        0,  -33567829,          0
  5328,   144,   59000000,   22364731,        0,  -36635269,          0
  5328,   145,   59000000,   22330562,        0,  -36669438,          0
  5328,   146,   59000000,   22373991,        0,  -36626009,          0
  5328,   147,   59000000,   22641295,        0,  -36358705,          0
  5328,   148,   59000000,   22355661,        0,  -36644339,          0
  5328,   149,   59000000,   22643816,        0,  -36356184,          0
  5328,   150,   59000000,   22326918,        0,  -36673082,          0
  5328,   151,   59000000,   22634930,        0,  -36365070,          0
  5328,   152,   59000000,   22593031,        0,  -36406969,          0
  5328,   153,   59000000,   22355967,        0,  -36644033,          0
  5328,   154,   59000000,   22298956,        0,  -36701044,          0
  5328,   155,   59000000,   22374015,        0,  -36625985,          0
  5328,   156,   59000000,   22425060,        0,  -36574940,          0
  5328,   157,   59000000,   22341428,        0,  -36658572,          0
  5328,   158,   59000000,   22375941,        0,  -36624059,          0
  5328,   159,   59000000,   22385315,        0,  -36614685,          0
  5328,   160,   59000000,   22342032,        0,  -36657968,          0
  5328,   161,   59000000,   27909679,        0,  -31090321,          0
  5328,   162,   59000000,   22343526,        0,  -36656474,          0
  5328,   163,   59000000,   22405301,        0,  -36594699,          0
  5328,   164,   59000000,   26936300,        0,  -32063700,          0
  5328,   165,   59000000,   22334984,        0,  -36665016,          0
  5328,   166,   59000000,   22696212,        0,  -36303788,          0
  5328,   167,   59000000,   22299380,        0,  -36700620,          0
  5328,   168,   59000000,   22646070,        0,  -36353930,          0
  5328,   169,   59000000,   22340270,        0,  -36659730,          0
  5328,   170,   59000000,   22354514,        0,  -36645486,          0
  5328,   171,   59000000,   22363263,        0,  -36636737,          0
  5328,   172,   59000000,   22353370,        0,  -36646630,          0
  5328,   173,   59000000,   22388424,        0,  -36611576,          0
# task NAME=myapp PID=5332 COST=11515000 PERIOD=73000000 CPU=0
  5332,     2,   73000000,      55580,        0,  -72944420,          0
  5332,     3,   73000000,      71066,        0,  -72928934,          0
  5332,     4,   73000000,   11461227,        0,  -61538773,          0
  5332,     5,   73000000,   11509084,        0,  -61490916,          0
  5332,     6,   73000000,   11466455,        0,  -61533545,          0
  5332,     7,   73000000,   11539367,        0,  -61460633,          0
  5332,     8,   73000000,   11744588,        0,  -61255412,          0
  5332,     9,   73000000,   11497851,        0,  -61502149,          0
  5332,    10,   73000000,   11469253,        0,  -61530747,          0
  5332,    11,   73000000,   11508196,        0,  -61491804,          0
  5332,    12,   73000000,   11517895,        0,  -61482105,          0
  5332,    13,   73000000,   11449521,        0,  -61550479,          0
  5332,    14,   73000000,   11470703,        0,  -61529297,          0
  5332,    15,   73000000,   11806000,        0,  -61194000,          0
  5332,    16,   73000000,   11572514,        0,  -61427486,          0
  5332,    17,   73000000,   11453665,        0,  -61546335,          0
  5332,    18,   73000000,   13753986,        0,  -59246014,          0
  5332,    19,   73000000,   11489615,        0,  -61510385,          0
  5332,    20,   73000000,   11774496,        0,  -61225504,          0
  5332,    21,   73000000,   14905734,        0,  -58094266,          0
  5332,    22,   73000000,   11491764,        0,  -61508236,          0
  5332,    23,   73000000,   11516283,        0,  -61483717,          0
  5332,    24,   73000000,   11479053,        0,  -61520947,          0
  5332,    25,   73000000,   11483512,        0,  -61516488,          0
  5332,    26,   73000000,   11522471,        0,  -61477529,          0
  5332,    27,   73000000,   11503226,        0,  -61496774,          0
  5332,    28,   73000000,   11922837,        0,  -61077163,          0
  5332,    29,   73000000,   11500913,        0,  -61499087,          0
  5332,    30,   73000000,   12890394,        0,  -60109606,          0
  5332,    31,   73000000,   11481982,        0,  -61518018,          0
  5332,    32,   73000000,   11769710,        0,  -61230290,          0
  5332,    33,   73000000,   11467999,        0,  -61532001,          0
  5332,    34,   73000000,   11492323,        0,  -61507677,          0
  5332,    35,   73000000,   11498979,        0,  -61501021,          0
  5332,    36,   73000000,   11471161,        0,  -61528839,          0
  5332,    37,   73000000,   11488159,        0,  -61511841,          0
  5332,    38,   73000000,   11460928,        0,  -61539072,          0
  5332,    39,   73000000,   11521000,        0,  -61479000,          0
  5332,    40,   73000000,   11518660,        0,  -61481340,          0
  5332,    41,   73000000,   13587509,        0,  -59412491,          0
  5332,    42,   73000000,   11487172,        0,  -61512828,          0
  5332,    43,   73000000,   11468149,        0,  -61531851,          0
  5332,    44,   73000000,   11824467,        0,  -61175533,          0
  5332,    45,   73000000,   11565392,        0,  -61434608,          0
  5332,    46,   73000000,   11519000,        0,  -61481000,          0
  5332,    47,   73000000,   11468334,        0,  -61531666,          0
  5332,    48,   73000000,   13991106,        0,  -59008894,          0
  5332,    49,   73000000,   11455602,        0,  -61544398,          0
  5332,    50,   73000000,   11515616,        0,  -61484384,          0
  5332,    51,   73000000,   11549430,        0,  -61450570,          0
  5332,    52,   73000000,   11514026,        0,  -61485974,          0
  5332,    53,   73000000,   11535594,        0,  -61464406,          0
  5332,    54,   73000000,   11484868,        0,  -61515132,          0
  5332,    55,   73000000,   11488005,        0,  -61511995,          0
  5332,    56,   73000000,   11771044,        0,  -61228956,          0
  5332,    57,   73000000,   11463769,        0,  -61536231,          0
  5332,    58,   73000000,   12180175,        0,  -60819825,          0
  5332,    59,   73000000,   13623305,        0,  -59376695,          0
  5332,    60,   73000000,   11474908,        0,  -61525092,          0
  5332,    61,   73000000,   11496857,        0,  -61503143,          0
  5332,    62,   73000000,   11572662,        0,  -61427338,          0
  5332,    63,   73000000,   11501075,        0,  -61498925,          0
  5332,    64,   73000000,   11468801,        0,  -61531199,          0
  5332,    65,   73000000,   12565679,        0,  -60434321,          0
  5332,    66,   73000000,   11563000,        0,  -61437000,          0
  5332,    67,   73000000,   11510912,        0,  -61489088,          0
  5332,    68,   73000000,   14584027,        0,  -58415973,          0
  5332,    69,   73000000,   11478377,        0,  -61521623,          0
  5332,    70,   73000000,   11468648,        0,  -61531352,          0
  5332,    71,   73000000,   11480144,        0,  -61519856,          0
  5332,    72,   73000000,   11447399,        0,  -61552601,          0
  5332,    73,   73000000,   11487295,        0,  -61512705,          0
  5332,    74,   73000000,   11449721,        0,  -61550279,          0
  5332,    75,   73000000,   11506222,        0,  -61493778,          0
  5332,    76,   73000000,   11494151,        0,  -61505849,          0
  5332,    77,   73000000,   13377163,        0,  -59622837,          0
  5332,    78,   73000000,   11482427,        0,  -61517573,          0
  5332,    79,   73000000,   11480285,        0,  -61519715,          0
  5332,    80,   73000000,   11781026,        0,  -61218974,          0
  5332,    81,   73000000,   11466746,        0,  -61533254,          0
  5332,    82,   73000000,   11477099,        0,  -61522901,          0
  5332,    83,   73000000,   11509917,        0,  -61490083,          0
  5332,    84,   73000000,   11518339,        0,  -61481661,          0
  5332,    85,   73000000,   13397977,        0,  -59602023,          0
  5332,    86,   73000000,   11500507,        0,  -61499493,          0
  5332,    87,   73000000,   11517570,        0,  -61482430,          0
  5332,    88,   73000000,   12343551,        0,  -60656449,          0
  5332,    89,   73000000,   11507025,        0,  -61492975,          0
  5332,    90,   73000000,   11536887,        0,  -61463113,          0
  5332,    91,   73000000,   11465213,        0,  -61534787,          0
  5332,    92,   73000000,   11866414,        0,  -61133586,          0
  5332,    93,   73000000,   11531540,        0,  -61468460,          0
  5332,    94,   73000000,   12293304,        0,  -60706696,          0
  5332,    95,   73000000,   11506573,        0,  -61493427,          0
  5332,    96,   73000000,   14132910,        0,  -58867090,          0
  5332,    97,   73000000,   11445201,        0,  -61554799,          0
  5332,    98,   73000000,   11460905,        0,  -61539095,          0
  5332,    99,   73000000,   11541563,        0,  -61458437,          0
  5332,   100,   73000000,   11538409,        0,  -61461591,          0
  5332,   101,   73000000,   11512678,        0,  -61487322,          0
  5332,   102,   73000000,   11451606,        0,  -61548394,          0
  5332,   103,   73000000,   11678989,        0,  -61321011,          0
  5332,   104,   73000000,   11772826,        0,  -61227174,          0
  5332,   105,   73000000,   11473936,        0,  -61526064,          0
  5332,   106,   73000000,   16090536,        0,  -56909464,          0
  5332,   107,   73000000,   11479739,        0,  -61520261,          0
  5332,   108,   73000000,   11480543,        0,  -61519457,          0
  5332,   109,   73000000,   11468133,        0,  -61531867,          0
  5332,   110,   73000000,   13453240,        0,  -59546760,          0
  5332,   111,   73000000,   11488093,        0,  -61511907,          0
  5332,   112,   73000000,   11462526,        0,  -61537474,          0
  5332,   113,   73000000,   11561137,        0,  -61438863,          0
  5332,   114,   73000000,   11473564,        0,  -61526436,          0
  5332,   115,   73000000,   11482991,        0,  -61517009,          0
  5332,   116,   73000000,   11777849,        0,  -61222151,          0
  5332,   117,   73000000,   11478026,        0,  -61521974,          0
  5332,   118,   73000000,   11490726,        0,  -61509274,          0
  5332,   119,   73000000,   11498135,        0,  -61501865,          0
  5332,   120,   73000000,   11512409,        0,  -61487591,          0
  5332,   121,   73000000,   11504675,        0,  -61495325,          0
  5332,   122,   73000000,   13234952,        0,  -59765048,          0
  5332,   123,   73000000,   11467658,        0,  -61532342,          0
  5332,   124,   73000000,   11486054,        0,  -61513946,          0
  5332,   125,   73000000,   11520844,        0,  -61479156,          0
  5332,   126,   73000000,   11473652,        0,  -61526348,          0
  5332,   127,   73000000,   11472063,        0,  -61527937,          0
  5332,   128,   73000000,   11757911,        0,  -61242089,          0
  5332,   129,   73000000,   11510716,        0,  -61489284,          0
  5332,   130,   73000000,   11498056,        0,  -61501944,          0
  5332,   131,   73000000,   11701799,        0,  -61298201,          0
  5332,   132,   73000000,   11463001,        0,  -61536999,          0
  5332,   133,   73000000,   19404261,        0,  -53595739,          0
  5332,   134,   73000000,   11488731,        0,  -61511269,          0
  5332,   135,   73000000,   11501005,        0,  -61498995,          0
  5332,   136,   73000000,   11517984,        0,  -61482016,          0
  5332,   137,   73000000,   11490463,        0,  -61509537,          0
  5332,   138,   73000000,   11472716,        0,  -61527284,          0
  5332,   139,   73000000,   11448164,        0,  -61551836,          0
  5332,   140,   73000000,   11734220,        0,  -61265780,          0
# task NAME=myapp PID=5336 COST=12287000 PERIOD=77000000 CPU=0
  5336,     2,   77000000,      14437,        0,  -76985563,          0
  5336,     3,   77000000,      74961,        0,  -76925039,          0
  5336,     4,   77000000,   12244213,        0,  -64755787,          0
  5336,     5,   77000000,   12477351,        0,  -64522649,          0
  5336,     6,   77000000,   12284787,        0,  -64715213,          0
  5336,     7,   77000000,   12265220,        0,  -64734780,          0
  5336,     8,   77000000,   12327325,        0,  -64672675,          0
  5336,     9,   77000000,   12270600,        0,  -64729400,          0
  5336,    10,   77000000,   12234261,        0,  -64765739,          0
  5336,    11,   77000000,   12568440,        0,  -64431560,          0
  5336,    12,   77000000,   12213917,        0,  -64786083,          0
  5336,    13,   77000000,   21299641,        0,  -55700359,          0
  5336,    14,   77000000,   12278676,        0,  -64721324,          0
  5336,    15,   77000000,   12301701,        0,  -64698299,          0
  5336,    16,   77000000,   12594891,        0,  -64405109,          0
  5336,    17,   77000000,   15625711,        0,  -61374289,          0
  5336,    18,   77000000,   12250789,        0,  -64749211,          0
  5336,    19,   77000000,   12307348,        0,  -64692652,          0
  5336,    20,   77000000,   12248073,        0,  -64751927,          0
  5336,    21,   77000000,   12273240,        0,  -64726760,          0
  5336,    22,   77000000,   12236011,        0,  -64763989,          0
  5336,    23,   77000000,   13180237,        0,  -63819763,          0
  5336,    24,   77000000,   13477450,        0,  -63522550,          0
  5336,    25,   77000000,   12235322,        0,  -64764678,          0
  5336,    26,   77000000,   12263193,        0,  -64736807,          0
  5336,    27,   77000000,   12732303,        0,  -64267697,          0
  5336,    28,   77000000,   12224016,        0,  -64775984,          0
  5336,    29,   77000000,   12288565,        0,  -64711435,          0
  5336,    30,   77000000,   14224802,        0,  -62775198,          0
  5336,    31,   77000000,   12291655,        0,  -64708345,          0
  5336,    32,   77000000,   12329980,        0,  -64670020,          0
  5336,    33,   77000000,   12263392,        0,  -64736608,          0
  5336,    34,   77000000,   12238842,        0,  -64761158,          0
  5336,    35,   77000000,   12259491,        0,  -64740509,          0
  5336,    36,   77000000,   12265506,        0,  -64734494,          0
  5336,    37,   77000000,   12558326,        0,  -64441674,          0
  5336,    38,   77000000,   12225412,        0,  -64774588,          0
  5336,    39,   77000000,   12296459,        0,  -64703541,          0
  5336,    40,   77000000,   12256353,        0,  -64743647,          0
  5336,    41,   77000000,   12251886,        0,  -64748114,          0
  5336,    42,   77000000,   12245881,        0,  -64754119,          0
  5336,    43,   77000000,   12275128,        0,  -64724872,          0
  5336,    44,   77000000,   12289413,        0,  -64710587,          0
  5336,    45,   77000000,   14881971,        0,  -62118029,          0
  5336,    46,   77000000,   12247746,        0,  -64752254,          0
  5336,    47,   77000000,   12344451,        0,  -64655549,          0
  5336,    48,   77000000,   12233668,        0,  -64766332,          0
  5336,    49,   77000000,   12281474,        0,  -64718526,          0
  5336,    50,   77000000,   12574832,        0,  -64425168,          0
  5336,    51,   77000000,   12333206,        0,  -64666794,          0
  5336,    52,   77000000,   12274160,        0,  -64725840,          0
  5336,    53,   77000000,   12249871,        0,  -64750129,          0
  5336,    54,   77000000,   12212027,        0,  -64787973,          0
  5336,    55,   77000000,   12239899,        0,  -64760101,          0
  5336,    56,   77000000,   12242221,        0,  -64757779,          0
  5336,    57,   77000000,   12306819,        0,  -64693181,          0
  5336,    58,   77000000,   12267076,        0,  -64732924,          0
  5336,    59,   77000000,   13523389,        0,  -63476611,          0
  5336,    60,   77000000,   12248110,        0,  -64751890,          0
  5336,    61,   77000000,   12328685,        0,  -64671315,          0
  5336,    62,   77000000,   12261363,        0,  -64738637,          0
  5336,    63,   77000000,   12571541,        0,  -64428459,          0
  5336,    64,   77000000,   12247498,        0,  -64752502,          0
  5336,    65,   77000000,   12290338,        0,  -64709662,          0
  5336,    66,   77000000,   12510040,        0,  -64489960,          0
  5336,    67,   77000000,   12284546,        0,  -64715454,          0
  5336,    68,   77000000,   12561373,        0,  -64438627,          0
  5336,    69,   77000000,   12277976,        0,  -64722024,          0
  5336,    70,   77000000,   12249846,        0,  -64750154,          0
  5336,    71,   77000000,   12239038,        0,  -64760962,          0
  5336,    72,   77000000,   12238539,        0,  -64761461,          0
  5336,    73,   77000000,   14232817,        0,  -62767183,          0
  5336,    74,   77000000,   12223185,        0,  -64776815,          0
  5336,    75,   77000000,   23037534,        0,  -53962466,          0
  5336,    76,   77000000,   12547422,        0,  -64452578,          0
  5336,    77,   77000000,   12215784,        0,  -64784216,          0
  5336,    78,   77000000,   19413669,        0,  -57586331,          0
  5336,    79,   77000000,   16122924,        0,  -60877076,          0
  5336,    80,   77000000,   13144657,        0,  -63855343,          0
  5336,    81,   77000000,   14308785,        0,  -62691215,          0
  5336,    82,   77000000,   12257136,        0,  -64742864,          0
  5336,    83,   77000000,   12255627,        0,  -64744373,          0
  5336,    84,   77000000,   12259542,        0,  -64740458,          0
  5336,    85,   77000000,   12257214,        0,  -64742786,          0
  5336,    86,   77000000,   12270909,        0,  -64729091,          0
  5336,    87,   77000000,   13739409,        0,  -63260591,          0
  5336,    88,   77000000,   12262910,        0,  -64737090,          0
  5336,    89,   77000000,   12536148,        0,  -64463852,          0
  5336,    90,   77000000,   12287936,        0,  -64712064,          0
  5336,    91,   77000000,   12251007,        0,  -64748993,          0
  5336,    92,   77000000,   12294775,        0,  -64705225,          0
  5336,    93,   77000000,   12261070,        0,  -64738930,          0
  5336,    94,   77000000,   12267715,        0,  -64732285,          0
  5336,    95,   77000000,   12241508,        0,  -64758492,          0
  5336,    96,   77000000,   14383240,        0,  -62616760,          0
  5336,    97,   77000000,   12240837,        0,  -64759163,          0
  5336,    98,   77000000,   15959906,        0,  -61040094,          0
  5336,    99,   77000000,   14145613,        0,  -62854387,          0
  5336,   100,   77000000,   12289836,        0,  -64710164,          0
  5336,   101,   77000000,   12235693,        0,  -64764307,          0
  5336,   102,   77000000,   12547199,        0,  -64452801,          0
  5336,   103,   77000000,   12266979,        0,  -64733021,          0
  5336,   104,   77000000,   12241259,        0,  -64758741,          0
  5336,   105,   77000000,   12269200,        0,  -64730800,          0
  5336,   106,   77000000,   12198332,        0,  -64801668,          0
  5336,   107,   77000000,   12325805,        0,  -64674195,          0
  5336,   108,   77000000,   13611937,        0,  -63388063,          0
  5336,   109,   77000000,   12280432,        0,  -64719568,          0
  5336,   110,   77000000,   12294899,        0,  -64705101,          0
  5336,   111,   77000000,   12311402,        0,  -64688598,          0
  5336,   112,   77000000,   12240404,        0,  -64759596,          0
  5336,   113,   77000000,   12216126,        0,  -64783874,          0
  5336,   114,   77000000,   12264850,        0,  -64735150,          0
  5336,   115,   77000000,   12511483,        0,  -64488517,          0
  5336,   116,   77000000,   13291898,        0,  -63708102,          0
  5336,   117,   77000000,   12289401,        0,  -64710599,          0
  5336,   118,   77000000,   12329655,        0,  -64670345,          0
  5336,   119,   77000000,   12223077,        0,  -64776923,          0
  5336,   120,   77000000,   12235414,        0,  -64764586,          0
  5336,   121,   77000000,   12250151,        0,  -64749849,          0
  5336,   122,   77000000,   12251546,        0,  -64748454,          0
  5336,   123,   77000000,   13581565,        0,  -63418435,          0
  5336,   124,   77000000,   12259299,        0,  -64740701,          0
  5336,   125,   77000000,   12242135,        0,  -64757865,          0
  5336,   126,   77000000,   12242925,        0,  -64757075,          0
  5336,   127,   77000000,   12239565,        0,  -64760435,          0
  5336,   128,   77000000,   14485442,        0,  -62514558,          0
  5336,   129,   77000000,   12228766,        0,  -64771234,          0
  5336,   130,   77000000,   12244080,        0,  -64755920,          0
  5336,   131,   77000000,   12246051,        0,  -64753949,          0
  5336,   132,   77000000,   12260913,        0,  -64739087,          0
  5336,   133,   77000000,   12268184,        0,  -64731816,          0
# task NAME=myapp PID=5341 COST=2616000 PERIOD=42000000 CPU=0
  5341,     2,   42000000,      23948,        0,  -41976052,          0
  5341,     3,   42000000,      84177,        0,  -41915823,          0
  5341,     4,   42000000,    2660657,        0,  -39339343,          0
  5341,     5,   42000000,    2647862,        0,  -39352138,          0
  5341,     6,   42000000,    3491108,        0,  -38508892,          0
  5341,     7,   42000000,    2689689,        0,  -39310311,          0
  5341,     8,   42000000,    6491969,        0,  -35508031,          0
  5341,     9,   42000000,    2627770,        0,  -39372230,          0
  5341,    10,   42000000,    2685645,        0,  -39314355,          0
  5341,    11,   42000000,    2674038,        0,  -39325962,          0
  5341,    12,   42000000,    2707349,        0,  -39292651,          0
  5341,    13,   42000000,    2631752,        0,  -39368248,          0
  5341,    14,   42000000,    2671464,        0,  -39328536,          0
  5341,    15,   42000000,    2705910,        0,  -39294090,          0
  5341,    16,   42000000,    2691051,        0,  -39308949,          0
  5341,    17,   42000000,    2648161,        0,  -39351839,          0
  5341,    18,   42000000,    2672684,        0,  -39327316,          0
  5341,    19,   42000000,    2672443,        0,  -39327557,          0
  5341,    20,   42000000,    2663094,        0,  -39336906,          0
  5341,    21,   42000000,    2657026,        0,  -39342974,          0
  5341,    22,   42000000,    2687165,        0,  -39312835,          0
  5341,    23,   42000000,    2636396,        0,  -39363604,          0
  5341,    24,   42000000,    2658690,        0,  -39341310,          0
  5341,    25,   42000000,    2723644,        0,  -39276356,          0
  5341,    26,   42000000,    4536438,        0,  -37463562,          0
  5341,    27,   42000000,    2632522,        0,  -39367478,          0
  5341,    28,   42000000,    2667228,        0,  -39332772,          0
  5341,    29,   42000000,    2693861,        0,  -39306139,          0
  5341,    30,   42000000,    2677129,        0,  -39322871,          0
  5341,    31,   42000000,    2722787,        0,  -39277213,          0
  5341,    32,   42000000,    2629701,        0,  -39370299,          0
  5341,    33,   42000000,    2662649,        0,  -39337351,          0
  5341,    34,   42000000,    2632890,        0,  -39367110,          0
  5341,    35,   42000000,    2714945,        0,  -39285055,          0
  5341,    36,   42000000,    2658170,        0,  -39341830,          0
  5341,    37,   42000000,    2694003,        0,  -39305997,          0
  5341,    38,   42000000,    2635808,        0,  -39364192,          0
  5341,    39,   42000000,    2636482,        0,  -39363518,          0
  5341,    40,   42000000,    7120444,        0,  -34879556,          0
  5341,    41,   42000000,    2697865,        0,  -39302135,          0
  5341,    42,   42000000,    2640402,        0,  -39359598,          0
  5341,    43,   42000000,    2677772,        0,  -39322228,          0
  5341,    44,   42000000,    2842766,        0,  -39157234,          0
  5341,    45,   42000000,    2685125,        0,  -39314875,          0
  5341,    46,   42000000,    3508806,        0,  -38491194,          0
  5341,    47,   42000000,    2905043,        0,  -39094957,          0
  5341,    48,   42000000,    2651067,        0,  -39348933,          0
  5341,    49,   42000000,    2750608,        0,  -39249392,          0
  5341,    50,   42000000,    4589954,        0,  -37410046,          0
  5341,    51,   42000000,    2672748,        0,  -39327252,          0
  5341,    52,   42000000,    2695981,        0,  -39304019,          0
  5341,    53,   42000000,    2704599,        0,  -39295401,          0
  5341,    54,   42000000,    2657632,        0,  -39342368,          0
  5341,    55,   42000000,    2663528,        0,  -39336472,          0
  5341,    56,   42000000,    2733137,        0,  -39266863,          0
  5341,    57,   42000000,    4809401,        0,  -37190599,          0
  5341,    58,   42000000,    2680517,        0,  -39319483,          0
  5341,    59,   42000000,    3609251,        0,  -38390749,          0
  5341,    60,   42000000,    4740371,        0,  -37259629,          0
  5341,    61,   42000000,    2693434,        0,  -39306566,          0
  5341,    62,   42000000,    2697897,        0,  -39302103,          0
  5341,    63,   42000000,    2652055,        0,  -39347945,          0
  5341,    64,   42000000,    2746679,        0,  -39253321,          0
  5341,    65,   42000000,    3754574,        0,  -38245426,          0
  5341,    66,   42000000,    2631541,        0,  -39368459,          0
  5341,    67,   42000000,    2707709,        0,  -39292291,          0
  5341,    68,   42000000,    2705287,        0,  -39294713,          0
  5341,    69,   42000000,    2716811,        0,  -39283189,          0
  5341,    70,   42000000,    2697718,        0,  -39302282,          0
  5341,    71,   42000000,    2688881,        0,  -39311119,          0
  5341,    72,   42000000,    2636536,        0,  -39363464,          0
  5341,    73,   42000000,    2685969,        0,  -39314031,          0
  5341,    74,   42000000,    2705799,        0,  -39294201,          0
  5341,    75,   42000000,    2666396,        0,  -39333604,          0
  5341,    76,   42000000,    2660475,        0,  -39339525,          0
  5341,    77,   42000000,    2725007,        0,  -39274993,          0
  5341,    78,   42000000,    2696222,        0,  -39303778,          0
  5341,    79,   42000000,    2699522,        0,  -39300478,          0
  5341,    80,   42000000,    2705120,        0,  -39294880,          0
  5341,    81,   42000000,    2662433,        0,  -39337567,          0
  5341,    82,   42000000,    2687203,        0,  -39312797,          0
  5341,    83,   42000000,    2648461,        0,  -39351539,          0
  5341,    84,   42000000,    3194656,        0,  -38805344,          0
  5341,    85,   42000000,    2740035,        0,  -39259965,          0
  5341,    86,   42000000,    2700626,        0,  -39299374,          0
  5341,    87,   42000000,    2654909,        0,  -39345091,          0
  5341,    88,   42000000,    2716166,        0,  -39283834,          0
  5341,    89,   42000000,    2629172,        0,  -39370828,          0
  5341,    90,   42000000,    2650577,        0,  -39349423,          0
  5341,    91,   42000000,    2705717,        0,  -39294283,          0
  5341,    92,   42000000,    2688053,        0,  -39311947,          0
  5341,    93,   42000000,    2625814,        0,  -39374186,          0
  5341,    94,   42000000,    2660812,        0,  -39339188,          0
  5341,    95,   42000000,    2693585,        0,  -39306415,          0
  5341,    96,   42000000,    2642415,        0,  -39357585,          0
  5341,    97,   42000000,    2632360,        0,  -39367640,          0
  5341,    98,   42000000,    2647501,        0,  -39352499,          0
  5341,    99,   42000000,    2694228,        0,  -39305772,          0
  5341,   100,   42000000,    2662794,        0,  -39337206,          0
  5341,   101,   42000000,    2680002,        0,  -39319998,          0
  5341,   102,   42000000,    2717611,        0,  -39282389,          0
  5341,   103,   42000000,    2686278,        0,  -39313722,          0
  5341,   104,   42000000,    2672930,        0,  -39327070,          0
  5341,   105,   42000000,    2690360,        0,  -39309640,          0
  5341,   106,   42000000,    2711723,        0,  -39288277,          0
  5341,   107,   42000000,    2653925,        0,  -39346075,          0
  5341,   108,   42000000,    2651000,        0,  -39349000,          0
  5341,   109,   42000000,    2690150,        0,  -39309850,          0
  5341,   110,   42000000,    2662337,        0,  -39337663,          0
  5341,   111,   42000000,    2625535,        0,  -39374465,          0
  5341,   112,   42000000,    2658209,        0,  -39341791,          0
  5341,   113,   42000000,    2703994,        0,  -39296006,          0
  5341,   114,   42000000,    2720084,        0,  -39279916,          0
  5341,   115,   42000000,    2709990,        0,  -39290010,          0
  5341,   116,   42000000,    4808399,        0,  -37191601,          0
  5341,   117,   42000000,    2686081,        0,  -39313919,          0
  5341,   118,   42000000,    2705481,        0,  -39294519,          0
  5341,   119,   42000000,    2651694,        0,  -39348306,          0
  5341,   120,   42000000,    2705104,        0,  -39294896,          0
  5341,   121,   42000000,    2701366,        0,  -39298634,          0
  5341,   122,   42000000,    2637846,        0,  -39362154,          0
  5341,   123,   42000000,    2650893,        0,  -39349107,          0
  5341,   124,   42000000,    2702061,        0,  -39297939,          0
  5341,   125,   42000000,    3024606,        0,  -38975394,          0
  5341,   126,   42000000,    2696181,        0,  -39303819,          0
  5341,   127,   42000000,    2712335,        0,  -39287665,          0
  5341,   128,   42000000,    2983693,        0,  -39016307,          0
  5341,   129,   42000000,    2654971,        0,  -39345029,          0
  5341,   130,   42000000,    2730902,        0,  -39269098,          0
  5341,   131,   42000000,    2977390,        0,  -39022610,          0
  5341,   132,   42000000,    2645479,        0,  -39354521,          0
  5341,   133,   42000000,    2635687,        0,  -39364313,          0
  5341,   134,   42000000,    3037568,        0,  -38962432,          0
  5341,   135,   42000000,    2689748,        0,  -39310252,          0
  5341,   136,   42000000,    2685911,        0,  -39314089,          0
  5341,   137,   42000000,    2628429,        0,  -39371571,          0
  5341,   138,   42000000,    2670932,        0,  -39329068,          0
  5341,   139,   42000000,    2707997,        0,  -39292003,          0
  5341,   140,   42000000,    2683766,        0,  -39316234,          0
  5341,   141,   42000000,    4464469,        0,  -37535531,          0
  5341,   142,   42000000,    2637804,        0,  -39362196,          0
  5341,   143,   42000000,    2683977,        0,  -39316023,          0
  5341,   144,   42000000,    6635005,        0,  -35364995,          0
  5341,   145,   42000000,    2702716,        0,  -39297284,          0
  5341,   146,   42000000,    2660144,        0,  -39339856,          0
  5341,   147,   42000000,    2661812,        0,  -39338188,          0
  5341,   148,   42000000,    2665770,        0,  -39334230,          0
  5341,   149,   42000000,    2706701,        0,  -39293299,          0
  5341,   150,   42000000,    4119983,        0,  -37880017,          0
  5341,   151,   42000000,    2683760,        0,  -39316240,          0
  5341,   152,   42000000,    2692701,        0,  -39307299,          0
  5341,   153,   42000000,    2684425,        0,  -39315575,          0
  5341,   154,   42000000,    2694810,        0,  -39305190,          0
  5341,   155,   42000000,    2668407,        0,  -39331593,          0
  5341,   156,   42000000,    2671282,        0,  -39328718,          0
  5341,   157,   42000000,    2654562,        0,  -39345438,          0
  5341,   158,   42000000,    2706910,        0,  -39293090,          0
  5341,   159,   42000000,    2696591,        0,  -39303409,          0
  5341,   160,   42000000,    3620471,        0,  -38379529,          0
  5341,   161,   42000000,    2652824,        0,  -39347176,          0
  5341,   162,   42000000,    4174335,        0,  -37825665,          0
  5341,   163,   42000000,    2699932,        0,  -39300068,          0
  5341,   164,   42000000,    2706867,        0,  -39293133,          0
  5341,   165,   42000000,    2707441,        0,  -39292559,          0
  5341,   166,   42000000,    2675455,        0,  -39324545,          0
  5341,   167,   42000000,    2702234,        0,  -39297766,          0
  5341,   168,   42000000,    2685390,        0,  -39314610,          0
  5341,   169,   42000000,    2676389,        0,  -39323611,          0
  5341,   170,   42000000,    2646209,        0,  -39353791,          0
  5341,   171,   42000000,    2679367,        0,  -39320633,          0
  5341,   172,   42000000,    2640640,        0,  -39359360,          0
  5341,   173,   42000000,    2660353,        0,  -39339647,          0
  5341,   174,   42000000,    2729877,        0,  -39270123,          0
  5341,   175,   42000000,    2685638,        0,  -39314362,          0
  5341,   176,   42000000,    2661656,        0,  -39338344,          0
  5341,   177,   42000000,    3544656,        0,  -38455344,          0
  5341,   178,   42000000,    2673950,        0,  -39326050,          0
  5341,   179,   42000000,    2654847,        0,  -39345153,          0
  5341,   180,   42000000,    2665019,        0,  -39334981,          0
  5341,   181,   42000000,    2630990,        0,  -39369010,          0
  5341,   182,   42000000,    2628747,        0,  -39371253,          0
  5341,   183,   42000000,    2714098,        0,  -39285902,          0
  5341,   184,   42000000,    2642831,        0,  -39357169,          0
  5341,   185,   42000000,    2703083,        0,  -39296917,          0
  5341,   186,   42000000,    2709221,        0,  -39290779,          0
  5341,   187,   42000000,    2768924,        0,  -39231076,          0
  5341,   188,   42000000,    2687280,        0,  -39312720,          0
  5341,   189,   42000000,    2646421,        0,  -39353579,          0
  5341,   190,   42000000,    2690298,        0,  -39309702,          0
  5341,   191,   42000000,    2768967,        0,  -39231033,          0
  5341,   192,   42000000,    4723707,        0,  -37276293,          0
  5341,   193,   42000000,    2658084,        0,  -39341916,          0
  5341,   194,   42000000,    2671952,        0,  -39328048,          0
  5341,   195,   42000000,    2711807,        0,  -39288193,          0
  5341,   196,   42000000,    2750131,        0,  -39249869,          0
  5341,   197,   42000000,    2642287,        0,  -39357713,          0
  5341,   198,   42000000,    2653476,        0,  -39346524,          0
  5341,   199,   42000000,    2670297,        0,  -39329703,          0
  5341,   200,   42000000,    4603859,        0,  -37396141,          0
  5341,   201,   42000000,    2707795,        0,  -39292205,          0
  5341,   202,   42000000,    2658650,        0,  -39341350,          0
  5341,   203,   42000000,    2626880,        0,  -39373120,          0
  5341,   204,   42000000,    2644346,        0,  -39355654,          0
  5341,   205,   42000000,    3763167,        0,  -38236833,          0
  5341,   206,   42000000,    2661377,        0,  -39338623,          0
  5341,   207,   42000000,    6626370,        0,  -35373630,          0
  5341,   208,   42000000,    2663377,        0,  -39336623,          0
  5341,   209,   42000000,    2686288,        0,  -39313712,          0
  5341,   210,   42000000,    2841766,        0,  -39158234,          0
  5341,   211,   42000000,    2702310,        0,  -39297690,          0
  5341,   212,   42000000,    2702212,        0,  -39297788,          0
  5341,   213,   42000000,    2709422,        0,  -39290578,          0
  5341,   214,   42000000,    2703697,        0,  -39296303,          0
  5341,   215,   42000000,    2684393,        0,  -39315607,          0
  5341,   216,   42000000,    2659064,        0,  -39340936,          0
  5341,   217,   42000000,    2647420,        0,  -39352580,          0
  5341,   218,   42000000,    5747400,        0,  -36252600,          0
  5341,   219,   42000000,    2667134,        0,  -39332866,          0
  5341,   220,   42000000,    2737689,        0,  -39262311,          0
  5341,   221,   42000000,    2634665,        0,  -39365335,          0
  5341,   222,   42000000,    2648515,        0,  -39351485,          0
  5341,   223,   42000000,    3636080,        0,  -38363920,          0
  5341,   224,   42000000,    5567078,        0,  -36432922,          0
  5341,   225,   42000000,    2642277,        0,  -39357723,          0
  5341,   226,   42000000,    4748250,        0,  -37251750,          0
  5341,   227,   42000000,    3617058,        0,  -38382942,          0
  5341,   228,   42000000,    2679161,        0,  -39320839,          0
  5341,   229,   42000000,    2628964,        0,  -39371036,          0
  5341,   230,   42000000,    2676552,        0,  -39323448,          0
  5341,   231,   42000000,    2725946,        0,  -39274054,          0
  5341,   232,   42000000,    5663495,        0,  -36336505,          0
  5341,   233,   42000000,    2694018,        0,  -39305982,          0
  5341,   234,   42000000,    2646059,        0,  -39353941,          0
  5341,   235,   42000000,    2662301,        0,  -39337699,          0
  5341,   236,   42000000,    2671903,        0,  -39328097,          0
  5341,   237,   42000000,    2686191,        0,  -39313809,          0
  5341,   238,   42000000,    2913060,        0,  -39086940,          0
  5341,   239,   42000000,    2686527,        0,  -39313473,          0
  5341,   240,   42000000,    2664763,        0,  -39335237,          0
  5341,   241,   42000000,    2675529,        0,  -39324471,          0
  5341,   242,   42000000,    2635286,        0,  -39364714,          0
