# Task,   Job,     Period,   Response, DL Miss?,   Lateness,  Tardiness
# task NAME=myapp PID=30976 COST=19560000 PERIOD=55000000 CPU=0
 30976,     2,   55000000,       7877,        0,  -54992123,          0
 30976,     3,   55000000,     292885,        0,  -54707115,          0
 30976,     4,   55000000,   33044397,        0,  -21955603,          0
 30976,     5,   55000000,   33986484,        0,  -21013516,          0
 30976,     6,   55000000,   35110487,        0,  -19889513,          0
 30976,     7,   55000000,   36014040,        0,  -18985960,          0
 30976,     8,   55000000,   33087122,        0,  -21912878,          0
 30976,     9,   55000000,   34021049,        0,  -20978951,          0
 30976,    10,   55000000,   39094146,        0,  -15905854,          0
 30976,    11,   55000000,   36052035,        0,  -18947965,          0
 30976,    12,   55000000,   33036640,        0,  -21963360,          0
 30976,    13,   55000000,   33966895,        0,  -21033105,          0
 30976,    14,   55000000,   35561602,        0,  -19438398,          0
 30976,    15,   55000000,   36330639,        0,  -18669361,          0
 30976,    16,   55000000,   32918497,        0,  -22081503,          0
 30976,    17,   55000000,   33942399,        0,  -21057601,          0
 30976,    18,   55000000,   35101615,        0,  -19898385,          0
 30976,    19,   55000000,   36038299,        0,  -18961701,          0
 30976,    20,   55000000,   33135314,        0,  -21864686,          0
 30976,    21,   55000000,   34073041,        0,  -20926959,          0
 30976,    22,   55000000,   35087614,        0,  -19912386,          0
 30976,    23,   55000000,   36127597,        0,  -18872403,          0
 30976,    24,   55000000,   32957774,        0,  -22042226,          0
 30976,    25,   55000000,   34049840,        0,  -20950160,          0
 30976,    26,   55000000,   35068159,        0,  -19931841,          0
 30976,    27,   55000000,   35976419,        0,  -19023581,          0
 30976,    28,   55000000,   33037952,        0,  -21962048,          0
 30976,    29,   55000000,   33953997,        0,  -21046003,          0
 30976,    30,   55000000,   35096730,        0,  -19903270,          0
 30976,    31,   55000000,   36080482,        0,  -18919518,          0
 30976,    32,   55000000,   32963291,        0,  -22036709,          0
 30976,    33,   55000000,   34291684,        0,  -20708316,          0
 30976,    34,   55000000,   34946693,        0,  -20053307,          0
 30976,    35,   55000000,   36041646,        0,  -18958354,          0
 30976,    36,   55000000,   32996622,        0,  -22003378,          0
 30976,    37,   55000000,   33981611,        0,  -21018389,          0
 30976,    38,   55000000,   35086524,        0,  -19913476,          0
 30976,    39,   55000000,   35971840,        0,  -19028160,          0
 30976,    40,   55000000,   33150313,        0,  -21849687,          0
 30976,    41,   55000000,   33968078,        0,  -21031922,          0
 30976,    42,   55000000,   35356725,        0,  -19643275,          0
 30976,    43,   55000000,   35999795,        0,  -19000205,          0
 30976,    44,   55000000,   33103899,        0,  -21896101,          0
 30976,    45,   55000000,   34037668,        0,  -20962332,          0
 30976,    46,   55000000,   34971416,        0,  -20028584,          0
 30976,    47,   55000000,   36046588,        0,  -18953412,          0
 30976,    48,   55000000,   37068116,        0,  -17931884,          0
 30976,    49,   55000000,   34321112,        0,  -20678888,          0
 30976,    50,   55000000,   35013356,        0,  -19986644,          0
 30976,    51,   55000000,   36269880,        0,  -18730120,          0
 30976,    52,   55000000,   33056586,        0,  -21943414,          0
 30976,    53,   55000000,   34042922,        0,  -20957078,          0
 30976,    54,   55000000,   34998321,        0,  -20001679,          0
 30976,    55,   55000000,   36115421,        0,  -18884579,          0
 30976,    56,   55000000,   33048118,        0,  -21951882,          0
 30976,    57,   55000000,   34067034,        0,  -20932966,          0
 30976,    58,   55000000,   35403555,        0,  -19596445,          0
 30976,    59,   55000000,   36016642,        0,  -18983358,          0
 30976,    60,   55000000,   33667552,        0,  -21332448,          0
 30976,    61,   55000000,   33939469,        0,  -21060531,          0
 30976,    62,   55000000,   35020353,        0,  -19979647,          0
 30976,    63,   55000000,   36043858,        0,  -18956142,          0
 30976,    64,   55000000,   33085200,        0,  -21914800,          0
 30976,    65,   55000000,   34060232,        0,  -20939768,          0
 30976,    66,   55000000,   35084851,        0,  -19915149,          0
 30976,    67,   55000000,   36367022,        0,  -18632978,          0
 30976,    68,   55000000,   33089603,        0,  -21910397,          0
 30976,    69,   55000000,   34285874,        0,  -20714126,          0
 30976,    70,   55000000,   35083914,        0,  -19916086,          0
 30976,    71,   55000000,   36054160,        0,  -18945840,          0
 30976,    72,   55000000,   33043865,        0,  -21956135,          0
 30976,    73,   55000000,   36018665,        0,  -18981335,          0
 30976,    74,   55000000,   34965528,        0,  -20034472,          0
 30976,    75,   55000000,   36012232,        0,  -18987768,          0
 30976,    76,   55000000,   33285358,        0,  -21714642,          0
 30976,    77,   55000000,   33985912,        0,  -21014088,          0
 30976,    78,   55000000,   35060877,        0,  -19939123,          0
 30976,    79,   55000000,   36030564,        0,  -18969436,          0
 30976,    80,   55000000,   33069284,        0,  -21930716,          0
 30976,    81,   55000000,   35974285,        0,  -19025715,          0
 30976,    82,   55000000,   35042911,        0,  -19957089,          0
 30976,    83,   55000000,   36058608,        0,  -18941392,          0
 30976,    84,   55000000,   33261811,        0,  -21738189,          0
 30976,    85,   55000000,   34300040,        0,  -20699960,          0
 30976,    86,   55000000,   35067583,        0,  -19932417,          0
 30976,    87,   55000000,   36067436,        0,  -18932564,          0
 30976,    88,   55000000,   32999295,        0,  -22000705,          0
 30976,    89,   55000000,   33936573,        0,  -21063427,          0
 30976,    90,   55000000,   35337202,        0,  -19662798,          0
 30976,    91,   55000000,   36107045,        0,  -18892955,          0
 30976,    92,   55000000,   32994442,        0,  -22005558,          0
 30976,    93,   55000000,   34131907,        0,  -20868093,          0
 30976,    94,   55000000,   35294902,        0,  -19705098,          0
 30976,    95,   55000000,   36031626,        0,  -18968374,          0
 30976,    96,   55000000,   33047973,        0,  -21952027,          0
 30976,    97,   55000000,   33961852,        0,  -21038148,          0
 30976,    98,   55000000,   35066062,        0,  -19933938,          0
 30976,    99,   55000000,   36411782,        0,  -18588218,          0
 30976,   100,   55000000,   33029257,        0,  -21970743,          0
 30976,   101,   55000000,   34173217,        0,  -20826783,          0
 30976,   102,   55000000,   35083199,        0,  -19916801,          0
 30976,   103,   55000000,   36358324,        0,  -18641676,          0
 30976,   104,   55000000,   33029398,        0,  -21970602,          0
 30976,   105,   55000000,   34013529,        0,  -20986471,          0
 30976,   106,   55000000,   35124135,        0,  -19875865,          0
 30976,   107,   55000000,   38129896,        0,  -16870104,          0
 30976,   108,   55000000,   33283877,        0,  -21716123,          0
 30976,   109,   55000000,   33981440,        0,  -21018560,          0
 30976,   110,   55000000,   34968588,        0,  -20031412,          0
 30976,   111,   55000000,   35975838,        0,  -19024162,          0
 30976,   112,   55000000,   33143646,        0,  -21856354,          0
 30976,   113,   55000000,   33884501,        0,  -21115499,          0
 30976,   114,   55000000,   35076287,        0,  -19923713,          0
 30976,   115,   55000000,   36387081,        0,  -18612919,          0
 30976,   116,   55000000,   33033727,        0,  -21966273,          0
 30976,   117,   55000000,   38035734,        0,  -16964266,          0
 30976,   118,   55000000,   35052876,        0,  -19947124,          0
 30976,   119,   55000000,   36079374,        0,  -18920626,          0
 30976,   120,   55000000,   33058837,        0,  -21941163,          0
 30976,   121,   55000000,   33950897,        0,  -21049103,          0
 30976,   122,   55000000,   35043667,        0,  -19956333,          0
 30976,   123,   55000000,   38003231,        0,  -16996769,          0
 30976,   124,   55000000,   32971408,        0,  -22028592,          0
 30976,   125,   55000000,   34032564,        0,  -20967436,          0
 30976,   126,   55000000,   35021563,        0,  -19978437,          0
 30976,   127,   55000000,   35977524,        0,  -19022476,          0
 30976,   128,   55000000,   32869615,        0,  -22130385,          0
 30976,   129,   55000000,   34068618,        0,  -20931382,          0
 30976,   130,   55000000,   35079025,        0,  -19920975,          0
 30976,   131,   55000000,   36097238,        0,  -18902762,          0
 30976,   132,   55000000,   33153040,        0,  -21846960,          0
 30976,   133,   55000000,   36313307,        0,  -18686693,          0
 30976,   134,   55000000,   35030868,        0,  -19969132,          0
 30976,   135,   55000000,   36064773,        0,  -18935227,          0
 30976,   136,   55000000,   33022057,        0,  -21977943,          0
 30976,   137,   55000000,   33933814,        0,  -21066186,          0
 30976,   138,   55000000,   39016858,        0,  -15983142,          0
 30976,   139,   55000000,   36019849,        0,  -18980151,          0
 30976,   140,   55000000,   33067861,        0,  -21932139,          0
 30976,   141,   55000000,   34074145,        0,  -20925855,          0
 30976,   142,   55000000,   35256575,        0,  -19743425,          0
 30976,   143,   55000000,   36003890,        0,  -18996110,          0
 30976,   144,   55000000,   32908803,        0,  -22091197,          0
 30976,   145,   55000000,   33951066,        0,  -21048934,          0
 30976,   146,   55000000,   34962277,        0,  -20037723,          0
 30976,   147,   55000000,   35988878,        0,  -19011122,          0
 30976,   148,   55000000,   33056649,        0,  -21943351,          0
 30976,   149,   55000000,   34248056,        0,  -20751944,          0
 30976,   150,   55000000,   35065031,        0,  -19934969,          0
 30976,   151,   55000000,   36346454,        0,  -18653546,          0
 30976,   152,   55000000,   32981771,        0,  -22018229,          0
 30976,   153,   55000000,   33928586,        0,  -21071414,          0
 30976,   154,   55000000,   34975853,        0,  -20024147,          0
 30976,   155,   55000000,   36050203,        0,  -18949797,          0
 30976,   156,   55000000,   32933435,        0,  -22066565,          0
 30976,   157,   55000000,   33895193,        0,  -21104807,          0
 30976,   158,   55000000,   35305810,        0,  -19694190,          0
 30976,   159,   55000000,   36166669,        0,  -18833331,          0
 30976,   160,   55000000,   33380861,        0,  -21619139,          0
 30976,   161,   55000000,   33991020,        0,  -21008980,          0
 30976,   162,   55000000,   37044849,        0,  -17955151,          0
 30976,   163,   55000000,   36147135,        0,  -18852865,          0
 30976,   164,   55000000,   33010564,        0,  -21989436,          0
 30976,   165,   55000000,   34313586,        0,  -20686414,          0
 30976,   166,   55000000,   35055831,        0,  -19944169,          0
 30976,   167,   55000000,   36459153,        0,  -18540847,          0
 30976,   168,   55000000,   32981878,        0,  -22018122,          0
 30976,   169,   55000000,   33964816,        0,  -21035184,          0
 30976,   170,   55000000,   37002842,        0,  -17997158,          0
 30976,   171,   55000000,   36111193,        0,  -18888807,          0
 30976,   172,   55000000,   33061599,        0,  -21938401,          0
 30976,   173,   55000000,   34083291,        0,  -20916709,          0
 30976,   174,   55000000,   34952501,        0,  -20047499,          0
 30976,   175,   55000000,   35998092,        0,  -19001908,          0
 30976,   176,   55000000,   33298067,        0,  -21701933,          0
 30976,   177,   55000000,   34008295,        0,  -20991705,          0
 30976,   178,   55000000,   35055048,        0,  -19944952,          0
 30976,   179,   55000000,   36026210,        0,  -18973790,          0
 30976,   180,   55000000,   33082602,        0,  -21917398,          0
 30976,   181,   55000000,   34092755,        0,  -20907245,          0
 30976,   182,   55000000,   34967934,        0,  -20032066,          0
 30976,   183,   55000000,   36021753,        0,  -18978247,          0
 30976,   184,   55000000,   33019806,        0,  -21980194,          0
 30976,   185,   55000000,   34288674,        0,  -20711326,          0
# task NAME=myapp PID=30979 COST=8350000 PERIOD=34000000 CPU=0
 30979,     2,   34000000,       8863,        0,  -33991137,          0
 30979,     3,   34000000,     267112,        0,  -33732888,          0
 30979,     4,   34000000,   13447634,        0,  -20552366,          0
 30979,     5,   34000000,   13272417,        0,  -20727583,          0
 30979,     6,   34000000,   13423838,        0,  -20576162,          0
 30979,     7,   34000000,   13238526,        0,  -20761474,          0
 30979,     8,   34000000,   11725623,        0,  -22274377,          0
 30979,     9,   34000000,   13330791,        0,  -20669209,          0
 30979,    10,   34000000,   11233185,        0,  -22766815,          0
 30979,    11,   34000000,   13307542,        0,  -20692458,          0
 30979,    12,   34000000,   11279324,        0,  -22720676,          0
 30979,    13,   34000000,   15385286,        0,  -18614714,          0
 30979,    14,   34000000,   13377637,        0,  -20622363,          0
 30979,    15,   34000000,   15667149,        0,  -18332851,          0
 30979,    16,   34000000,   13408578,        0,  -20591422,          0
 30979,    17,   34000000,   15407167,        0,  -18592833,          0
 30979,    18,   34000000,   11281863,        0,  -22718137,          0
 30979,    19,   34000000,   15341435,        0,  -18658565,          0
 30979,    20,   34000000,   11302381,        0,  -22697619,          0
 30979,    21,   34000000,   13253702,        0,  -20746298,          0
 30979,    22,   34000000,   11286138,        0,  -22713862,          0
 30979,    23,   34000000,   13292305,        0,  -20707695,          0
 30979,    24,   34000000,   11323131,        0,  -22676869,          0
 30979,    25,   34000000,   13300327,        0,  -20699673,          0
 30979,    26,   34000000,   13553372,        0,  -20446628,          0
 30979,    27,   34000000,   13268300,        0,  -20731700,          0
 30979,    28,   34000000,   13267927,        0,  -20732073,          0
 30979,    29,   34000000,   13302826,        0,  -20697174,          0
 30979,    30,   34000000,   11247305,        0,  -22752695,          0
 30979,    31,   34000000,   13304997,        0,  -20695003,          0
 30979,    32,   34000000,   11269615,        0,  -22730385,          0
 30979,    33,   34000000,   13299154,        0,  -20700846,          0
 30979,    34,   34000000,   11272072,        0,  -22727928,          0
 30979,    35,   34000000,   13315293,        0,  -20684707,          0
 30979,    36,   34000000,   13272582,        0,  -20727418,          0
 30979,    37,   34000000,   15588760,        0,  -18411240,          0
 30979,    38,   34000000,   11263374,        0,  -22736626,          0
 30979,    39,   34000000,   15351020,        0,  -18648980,          0
 30979,    40,   34000000,   11238624,        0,  -22761376,          0
 30979,    41,   34000000,   15378920,        0,  -18621080,          0
 30979,    42,   34000000,   15424289,        0,  -18575711,          0
 30979,    43,   34000000,   13285555,        0,  -20714445,          0
 30979,    44,   34000000,   11249799,        0,  -22750201,          0
 30979,    45,   34000000,   13316323,        0,  -20683677,          0
 30979,    46,   34000000,   11335552,        0,  -22664448,          0
 30979,    47,   34000000,   15388931,        0,  -18611069,          0
 30979,    48,   34000000,   13599213,        0,  -20400787,          0
 30979,    49,   34000000,   15385410,        0,  -18614590,          0
 30979,    50,   34000000,   12508532,        0,  -21491468,          0
 30979,    51,   34000000,   13303957,        0,  -20696043,          0
 30979,    52,   34000000,   11407260,        0,  -22592740,          0
 30979,    53,   34000000,   16572614,        0,  -17427386,          0
 30979,    54,   34000000,   11310962,        0,  -22689038,          0
 30979,    55,   34000000,   13275225,        0,  -20724775,          0
 30979,    56,   34000000,   13256094,        0,  -20743906,          0
 30979,    57,   34000000,   15429735,        0,  -18570265,          0
 30979,    58,   34000000,   11302267,        0,  -22697733,          0
 30979,    59,   34000000,   13293400,        0,  -20706600,          0
 30979,    60,   34000000,   11304972,        0,  -22695028,          0
 30979,    61,   34000000,   13316867,        0,  -20683133,          0
 30979,    62,   34000000,   13400657,        0,  -20599343,          0
 30979,    63,   34000000,   13298075,        0,  -20701925,          0
 30979,    64,   34000000,   11304283,        0,  -22695717,          0
 30979,    65,   34000000,   14349771,        0,  -19650229,          0
 30979,    66,   34000000,   11300327,        0,  -22699673,          0
 30979,    67,   34000000,   13306700,        0,  -20693300,          0
 30979,    68,   34000000,   11614668,        0,  -22385332,          0
 30979,    69,   34000000,   13341207,        0,  -20658793,          0
 30979,    70,   34000000,   13614860,        0,  -20385140,          0
 30979,    71,   34000000,   13265149,        0,  -20734851,          0
 30979,    72,   34000000,   11278301,        0,  -22721699,          0
 30979,    73,   34000000,   13261654,        0,  -20738346,          0
 30979,    74,   34000000,   13242922,        0,  -20757078,          0
 30979,    75,   34000000,   13315307,        0,  -20684693,          0
 30979,    76,   34000000,   11255962,        0,  -22744038,          0
 30979,    77,   34000000,   13305007,        0,  -20694993,          0
 30979,    78,   34000000,   13432885,        0,  -20567115,          0
 30979,    79,   34000000,   16802950,        0,  -17197050,          0
 30979,    80,   34000000,   11255918,        0,  -22744082,          0
 30979,    81,   34000000,   17026207,        0,  -16973793,          0
 30979,    82,   34000000,   11289207,        0,  -22710793,          0
 30979,    83,   34000000,   13300831,        0,  -20699169,          0
 30979,    84,   34000000,   11259670,        0,  -22740330,          0
 30979,    85,   34000000,   13272663,        0,  -20727337,          0
 30979,    86,   34000000,   11236101,        0,  -22763899,          0
 30979,    87,   34000000,   13291394,        0,  -20708606,          0
 30979,    88,   34000000,   13381365,        0,  -20618635,          0
 30979,    89,   34000000,   13317959,        0,  -20682041,          0
 30979,    90,   34000000,   13330158,        0,  -20669842,          0
 30979,    91,   34000000,   13273853,        0,  -20726147,          0
 30979,    92,   34000000,   13549901,        0,  -20450099,          0
 30979,    93,   34000000,   15403901,        0,  -18596099,          0
 30979,    94,   34000000,   11696379,        0,  -22303621,          0
 30979,    95,   34000000,   13265946,        0,  -20734054,          0
 30979,    96,   34000000,   11315180,        0,  -22684820,          0
 30979,    97,   34000000,   13261489,        0,  -20738511,          0
 30979,    98,   34000000,   13476692,        0,  -20523308,          0
 30979,    99,   34000000,   13296124,        0,  -20703876,          0
 30979,   100,   34000000,   11272220,        0,  -22727780,          0
 30979,   101,   34000000,   13308126,        0,  -20691874,          0
 30979,   102,   34000000,   11293159,        0,  -22706841,          0
 30979,   103,   34000000,   15380601,        0,  -18619399,          0
 30979,   104,   34000000,   12106407,        0,  -21893593,          0
 30979,   105,   34000000,   13327350,        0,  -20672650,          0
 30979,   106,   34000000,   13267688,        0,  -20732312,          0
 30979,   107,   34000000,   15324424,        0,  -18675576,          0
 30979,   108,   34000000,   11286695,        0,  -22713305,          0
 30979,   109,   34000000,   13843199,        0,  -20156801,          0
 30979,   110,   34000000,   11282196,        0,  -22717804,          0
 30979,   111,   34000000,   13291378,        0,  -20708622,          0
 30979,   112,   34000000,   11283327,        0,  -22716673,          0
 30979,   113,   34000000,   13303945,        0,  -20696055,          0
 30979,   114,   34000000,   11265065,        0,  -22734935,          0
 30979,   115,   34000000,   13302675,        0,  -20697325,          0
 30979,   116,   34000000,   11297773,        0,  -22702227,          0
 30979,   117,   34000000,   15384962,        0,  -18615038,          0
 30979,   118,   34000000,   13355407,        0,  -20644593,          0
 30979,   119,   34000000,   13283238,        0,  -20716762,          0
 30979,   120,   34000000,   11279654,        0,  -22720346,          0
 30979,   121,   34000000,   13293022,        0,  -20706978,          0
 30979,   122,   34000000,   11229173,        0,  -22770827,          0
 30979,   123,   34000000,   13332411,        0,  -20667589,          0
 30979,   124,   34000000,   13406141,        0,  -20593859,          0
 30979,   125,   34000000,   15586300,        0,  -18413700,          0
 30979,   126,   34000000,   13243314,        0,  -20756686,          0
 30979,   127,   34000000,   13336060,        0,  -20663940,          0
 30979,   128,   34000000,   11305307,        0,  -22694693,          0
 30979,   129,   34000000,   17512561,        0,  -16487439,          0
 30979,   130,   34000000,   13416421,        0,  -20583579,          0
 30979,   131,   34000000,   16799547,        0,  -17200453,          0
 30979,   132,   34000000,   11284009,        0,  -22715991,          0
 30979,   133,   34000000,   15408958,        0,  -18591042,          0
 30979,   134,   34000000,   11275804,        0,  -22724196,          0
 30979,   135,   34000000,   13303332,        0,  -20696668,          0
 30979,   136,   34000000,   13288902,        0,  -20711098,          0
 30979,   137,   34000000,   13268893,        0,  -20731107,          0
 30979,   138,   34000000,   11250276,        0,  -22749724,          0
 30979,   139,   34000000,   15402544,        0,  -18597456,          0
 30979,   140,   34000000,   11332236,        0,  -22667764,          0
 30979,   141,   34000000,   13307223,        0,  -20692777,          0
 30979,   142,   34000000,   11275703,        0,  -22724297,          0
 30979,   143,   34000000,   13314696,        0,  -20685304,          0
 30979,   144,   34000000,   11217489,        0,  -22782511,          0
 30979,   145,   34000000,   15416231,        0,  -18583769,          0
 30979,   146,   34000000,   13309054,        0,  -20690946,          0
 30979,   147,   34000000,   13283841,        0,  -20716159,          0
 30979,   148,   34000000,   11295565,        0,  -22704435,          0
 30979,   149,   34000000,   15402731,        0,  -18597269,          0
 30979,   150,   34000000,   12211612,        0,  -21788388,          0
 30979,   151,   34000000,   13763389,        0,  -20236611,          0
 30979,   152,   34000000,   11314124,        0,  -22685876,          0
 30979,   153,   34000000,   13289175,        0,  -20710825,          0
 30979,   154,   34000000,   11270226,        0,  -22729774,          0
 30979,   155,   34000000,   13314526,        0,  -20685474,          0
 30979,   156,   34000000,   11302442,        0,  -22697558,          0
 30979,   157,   34000000,   13288587,        0,  -20711413,          0
 30979,   158,   34000000,   11278326,        0,  -22721674,          0
 30979,   159,   34000000,   13293232,        0,  -20706768,          0
 30979,   160,   34000000,   11252177,        0,  -22747823,          0
 30979,   161,   34000000,   15921940,        0,  -18078060,          0
 30979,   162,   34000000,   13784618,        0,  -20215382,          0
 30979,   163,   34000000,   13314090,        0,  -20685910,          0
 30979,   164,   34000000,   11301015,        0,  -22698985,          0
 30979,   165,   34000000,   13304243,        0,  -20695757,          0
 30979,   166,   34000000,   11275239,        0,  -22724761,          0
 30979,   167,   34000000,   13304549,        0,  -20695451,          0
 30979,   168,   34000000,   11280553,        0,  -22719447,          0
 30979,   169,   34000000,   13249591,        0,  -20750409,          0
 30979,   170,   34000000,   12135398,        0,  -21864602,          0
 30979,   171,   34000000,   13321927,        0,  -20678073,          0
 30979,   172,   34000000,   11274517,        0,  -22725483,          0
 30979,   173,   34000000,   15398379,        0,  -18601621,          0
 30979,   174,   34000000,   12310557,        0,  -21689443,          0
 30979,   175,   34000000,   13260374,        0,  -20739626,          0
 30979,   176,   34000000,   11314238,        0,  -22685762,          0
 30979,   177,   34000000,   15405711,        0,  -18594289,          0
 30979,   178,   34000000,   11255122,        0,  -22744878,          0
 30979,   179,   34000000,   13418439,        0,  -20581561,          0
 30979,   180,   34000000,   11254046,        0,  -22745954,          0
 30979,   181,   34000000,   13298707,        0,  -20701293,          0
 30979,   182,   34000000,   11263711,        0,  -22736289,          0
 30979,   183,   34000000,   15386695,        0,  -18613305,          0
 30979,   184,   34000000,   13339540,        0,  -20660460,          0
 30979,   185,   34000000,   13308420,        0,  -20691580,          0
 30979,   186,   34000000,   13417982,        0,  -20582018,          0
 30979,   187,   34000000,   13315647,        0,  -20684353,          0
 30979,   188,   34000000,   11672915,        0,  -22327085,          0
 30979,   189,   34000000,   13289229,        0,  -20710771,          0
 30979,   190,   34000000,   11279625,        0,  -22720375,          0
 30979,   191,   34000000,   13284709,        0,  -20715291,          0
 30979,   192,   34000000,   11258624,        0,  -22741376,          0
 30979,   193,   34000000,   13311231,        0,  -20688769,          0
 30979,   194,   34000000,   11335432,        0,  -22664568,          0
 30979,   195,   34000000,   15599519,        0,  -18400481,          0
 30979,   196,   34000000,   13233075,        0,  -20766925,          0
 30979,   197,   34000000,   15396506,        0,  -18603494,          0
 30979,   198,   34000000,   13307594,        0,  -20692406,          0
 30979,   199,   34000000,   15337437,        0,  -18662563,          0
 30979,   200,   34000000,   13389490,        0,  -20610510,          0
 30979,   201,   34000000,   13280848,        0,  -20719152,          0
 30979,   202,   34000000,   11257046,        0,  -22742954,          0
 30979,   203,   34000000,   15369912,        0,  -18630088,          0
 30979,   204,   34000000,   13331823,        0,  -20668177,          0
 30979,   205,   34000000,   15415934,        0,  -18584066,          0
 30979,   206,   34000000,   11329682,        0,  -22670318,          0
 30979,   207,   34000000,   13300775,        0,  -20699225,          0
 30979,   208,   34000000,   13270590,        0,  -20729410,          0
 30979,   209,   34000000,   15386494,        0,  -18613506,          0
 30979,   210,   34000000,   11275200,        0,  -22724800,          0
 30979,   211,   34000000,   13284583,        0,  -20715417,          0
 30979,   212,   34000000,   13406702,        0,  -20593298,          0
 30979,   213,   34000000,   13340868,        0,  -20659132,          0
 30979,   214,   34000000,   13317846,        0,  -20682154,          0
 30979,   215,   34000000,   13245883,        0,  -20754117,          0
 30979,   216,   34000000,   13772155,        0,  -20227845,          0
 30979,   217,   34000000,   15681517,        0,  -18318483,          0
 30979,   218,   34000000,   11271369,        0,  -22728631,          0
 30979,   219,   34000000,   13296564,        0,  -20703436,          0
 30979,   220,   34000000,   13267016,        0,  -20732984,          0
 30979,   221,   34000000,   13344916,        0,  -20655084,          0
 30979,   222,   34000000,   11253451,        0,  -22746549,          0
 30979,   223,   34000000,   13304092,        0,  -20695908,          0
 30979,   224,   34000000,   11244994,        0,  -22755006,          0
 30979,   225,   34000000,   15385711,        0,  -18614289,          0
 30979,   226,   34000000,   11326403,        0,  -22673597,          0
 30979,   227,   34000000,   13308777,        0,  -20691223,          0
 30979,   228,   34000000,   13585425,        0,  -20414575,          0
 30979,   229,   34000000,   13319953,        0,  -20680047,          0
 30979,   230,   34000000,   11247509,        0,  -22752491,          0
 30979,   231,   34000000,   13281093,        0,  -20718907,          0
 30979,   232,   34000000,   11271844,        0,  -22728156,          0
 30979,   233,   34000000,   15406947,        0,  -18593053,          0
 30979,   234,   34000000,   11270884,        0,  -22729116,          0
 30979,   235,   34000000,   13707638,        0,  -20292362,          0
 30979,   236,   34000000,   11270983,        0,  -22729017,          0
 30979,   237,   34000000,   15432297,        0,  -18567703,          0
 30979,   238,   34000000,   11223146,        0,  -22776854,          0
 30979,   239,   34000000,   15589429,        0,  -18410571,          0
 30979,   240,   34000000,   11316787,        0,  -22683213,          0
 30979,   241,   34000000,   15409662,        0,  -18590338,          0
 30979,   242,   34000000,   13405617,        0,  -20594383,          0
 30979,   243,   34000000,   13307566,        0,  -20692434,          0
 30979,   244,   34000000,   13052495,        0,  -20947505,          0
 30979,   245,   34000000,   13265260,        0,  -20734740,          0
 30979,   246,   34000000,   11759456,        0,  -22240544,          0
 30979,   247,   34000000,   13337369,        0,  -20662631,          0
 30979,   248,   34000000,   11262207,        0,  -22737793,          0
 30979,   249,   34000000,   13266223,        0,  -20733777,          0
 30979,   250,   34000000,   11329717,        0,  -22670283,          0
 30979,   251,   34000000,   13298982,        0,  -20701018,          0
 30979,   252,   34000000,   12498933,        0,  -21501067,          0
 30979,   253,   34000000,   13329460,        0,  -20670540,          0
 30979,   254,   34000000,   11293717,        0,  -22706283,          0
 30979,   255,   34000000,   13298309,        0,  -20701691,          0
 30979,   256,   34000000,   11621070,        0,  -22378930,          0
 30979,   257,   34000000,   13282029,        0,  -20717971,          0
 30979,   258,   34000000,   11251708,        0,  -22748292,          0
 30979,   259,   34000000,   15391761,        0,  -18608239,          0
 30979,   260,   34000000,   11307032,        0,  -22692968,          0
 30979,   261,   34000000,   13253798,        0,  -20746202,          0
 30979,   262,   34000000,   11267517,        0,  -22732483,          0
 30979,   263,   34000000,   13325916,        0,  -20674084,          0
 30979,   264,   34000000,   11276018,        0,  -22723982,          0
 30979,   265,   34000000,   15574808,        0,  -18425192,          0
 30979,   266,   34000000,   11273940,        0,  -22726060,          0
 30979,   267,   34000000,   13268893,        0,  -20731107,          0
 30979,   268,   34000000,   11276975,        0,  -22723025,          0
 30979,   269,   34000000,   13281638,        0,  -20718362,          0
 30979,   270,   34000000,   11564958,        0,  -22435042,          0
 30979,   271,   34000000,   13276491,        0,  -20723509,          0
 30979,   272,   34000000,   13258164,        0,  -20741836,          0
 30979,   273,   34000000,   13313705,        0,  -20686295,          0
 30979,   274,   34000000,   13457616,        0,  -20542384,          0
 30979,   275,   34000000,   13286425,        0,  -20713575,          0
 30979,   276,   34000000,   11318602,        0,  -22681398,          0
 30979,   277,   34000000,   13329932,        0,  -20670068,          0
 30979,   278,   34000000,   11294055,        0,  -22705945,          0
 30979,   279,   34000000,   13297802,        0,  -20702198,          0
 30979,   280,   34000000,   11215192,        0,  -22784808,          0
 30979,   281,   34000000,   13307079,        0,  -20692921,          0
 30979,   282,   34000000,   11282436,        0,  -22717564,          0
 30979,   283,   34000000,   13291108,        0,  -20708892,          0
 30979,   284,   34000000,   11254324,        0,  -22745676,          0
 30979,   285,   34000000,   14314928,        0,  -19685072,          0
 30979,   286,   34000000,   13399821,        0,  -20600179,          0
 30979,   287,   34000000,   15631679,        0,  -18368321,          0
 30979,   288,   34000000,   11286063,        0,  -22713937,          0
 30979,   289,   34000000,   15382034,        0,  -18617966,          0
 30979,   290,   34000000,   13393484,        0,  -20606516,          0
 30979,   291,   34000000,   13281714,        0,  -20718286,          0
 30979,   292,   34000000,   13441872,        0,  -20558128,          0
 30979,   293,   34000000,   13276388,        0,  -20723612,          0
 30979,   294,   34000000,   13409596,        0,  -20590404,          0
 30979,   295,   34000000,   13306407,        0,  -20693593,          0
 30979,   296,   34000000,   13324843,        0,  -20675157,          0
 30979,   297,   34000000,   13291532,        0,  -20708468,          0
 30979,   298,   34000000,   13252347,        0,  -20747653,          0
# task NAME=myapp PID=30983 COST=8944000 PERIOD=45000000 CPU=0
 30983,     2,   45000000,      11021,        0,  -44988979,          0
 30983,     3,   45000000,     273196,        0,  -44726804,          0
 30983,     4,   45000000,   14865036,        0,  -30134964,          0
 30983,     5,   45000000,   13843640,        0,  -31156360,          0
 30983,     6,   45000000,   12813674,        0,  -32186326,          0
 30983,     7,   45000000,   15891093,        0,  -29108907,          0
 30983,     8,   45000000,   14876338,        0,  -30123662,          0
 30983,     9,   45000000,   13880648,        0,  -31119352,          0
 30983,    10,   45000000,   12860144,        0,  -32139856,          0
 30983,    11,   45000000,   15918589,        0,  -29081411,          0
 30983,    12,   45000000,   14831354,        0,  -30168646,          0
 30983,    13,   45000000,   13896649,        0,  -31103351,          0
 30983,    14,   45000000,   12955989,        0,  -32044011,          0
 30983,    15,   45000000,   15846787,        0,  -29153213,          0
 30983,    16,   45000000,   14996294,        0,  -30003706,          0
 30983,    17,   45000000,   13876881,        0,  -31123119,          0
 30983,    18,   45000000,   12825786,        0,  -32174214,          0
 30983,    19,   45000000,   15841083,        0,  -29158917,          0
 30983,    20,   45000000,   14907939,        0,  -30092061,          0
 30983,    21,   45000000,   13874148,        0,  -31125852,          0
 30983,    22,   45000000,   12843072,        0,  -32156928,          0
 30983,    23,   45000000,   15877256,        0,  -29122744,          0
 30983,    24,   45000000,   15846998,        0,  -29153002,          0
 30983,    25,   45000000,   14026303,        0,  -30973697,          0
 30983,    26,   45000000,   12954938,        0,  -32045062,          0
 30983,    27,   45000000,   15883798,        0,  -29116202,          0
 30983,    28,   45000000,   16884104,        0,  -28115896,          0
 30983,    29,   45000000,   13852101,        0,  -31147899,          0
 30983,    30,   45000000,   14870373,        0,  -30129627,          0
 30983,    31,   45000000,   17911010,        0,  -27088990,          0
 30983,    32,   45000000,   14904544,        0,  -30095456,          0
 30983,    33,   45000000,   14045148,        0,  -30954852,          0
 30983,    34,   45000000,   13577280,        0,  -31422720,          0
 30983,    35,   45000000,   15930324,        0,  -29069676,          0
 30983,    36,   45000000,   14888565,        0,  -30111435,          0
 30983,    37,   45000000,   14178446,        0,  -30821554,          0
 30983,    38,   45000000,   12895014,        0,  -32104986,          0
 30983,    39,   45000000,   15925038,        0,  -29074962,          0
 30983,    40,   45000000,   14863942,        0,  -30136058,          0
 30983,    41,   45000000,   15887607,        0,  -29112393,          0
 30983,    42,   45000000,   12823505,        0,  -32176495,          0
 30983,    43,   45000000,   17871195,        0,  -27128805,          0
 30983,    44,   45000000,   14855340,        0,  -30144660,          0
 30983,    45,   45000000,   13863809,        0,  -31136191,          0
 30983,    46,   45000000,   12866041,        0,  -32133959,          0
 30983,    47,   45000000,   15862890,        0,  -29137110,          0
 30983,    48,   45000000,   15188290,        0,  -29811710,          0
 30983,    49,   45000000,   13958798,        0,  -31041202,          0
 30983,    50,   45000000,   12841724,        0,  -32158276,          0
 30983,    51,   45000000,   16054333,        0,  -28945667,          0
 30983,    52,   45000000,   15233657,        0,  -29766343,          0
 30983,    53,   45000000,   13859940,        0,  -31140060,          0
 30983,    54,   45000000,   12891596,        0,  -32108404,          0
 30983,    55,   45000000,   15876859,        0,  -29123141,          0
 30983,    56,   45000000,   14850305,        0,  -30149695,          0
 30983,    57,   45000000,   15841459,        0,  -29158541,          0
 30983,    58,   45000000,   16855004,        0,  -28144996,          0
 30983,    59,   45000000,   15890635,        0,  -29109365,          0
 30983,    60,   45000000,   14869558,        0,  -30130442,          0
 30983,    61,   45000000,   13877722,        0,  -31122278,          0
 30983,    62,   45000000,   13178746,        0,  -31821254,          0
 30983,    63,   45000000,   17839825,        0,  -27160175,          0
 30983,    64,   45000000,   14856334,        0,  -30143666,          0
 30983,    65,   45000000,   13840397,        0,  -31159603,          0
 30983,    66,   45000000,   12843371,        0,  -32156629,          0
 30983,    67,   45000000,   15887498,        0,  -29112502,          0
 30983,    68,   45000000,   14884059,        0,  -30115941,          0
 30983,    69,   45000000,   13910358,        0,  -31089642,          0
 30983,    70,   45000000,   14876294,        0,  -30123706,          0
 30983,    71,   45000000,   15901388,        0,  -29098612,          0
 30983,    72,   45000000,   14877761,        0,  -30122239,          0
 30983,    73,   45000000,   14142930,        0,  -30857070,          0
 30983,    74,   45000000,   12799071,        0,  -32200929,          0
 30983,    75,   45000000,   15910664,        0,  -29089336,          0
 30983,    76,   45000000,   15181321,        0,  -29818679,          0
 30983,    77,   45000000,   13838269,        0,  -31161731,          0
 30983,    78,   45000000,   13639807,        0,  -31360193,          0
 30983,    79,   45000000,   15885882,        0,  -29114118,          0
 30983,    80,   45000000,   15005409,        0,  -29994591,          0
 30983,    81,   45000000,   13869037,        0,  -31130963,          0
 30983,    82,   45000000,   12914092,        0,  -32085908,          0
 30983,    83,   45000000,   15922125,        0,  -29077875,          0
 30983,    84,   45000000,   15291039,        0,  -29708961,          0
 30983,    85,   45000000,   13901574,        0,  -31098426,          0
 30983,    86,   45000000,   12908762,        0,  -32091238,          0
 30983,    87,   45000000,   16180973,        0,  -28819027,          0
 30983,    88,   45000000,   14901964,        0,  -30098036,          0
 30983,    89,   45000000,   16029336,        0,  -28970664,          0
 30983,    90,   45000000,   12833890,        0,  -32166110,          0
 30983,    91,   45000000,   17844483,        0,  -27155517,          0
 30983,    92,   45000000,   14846231,        0,  -30153769,          0
 30983,    93,   45000000,   13777458,        0,  -31222542,          0
 30983,    94,   45000000,   12915991,        0,  -32084009,          0
 30983,    95,   45000000,   15966714,        0,  -29033286,          0
 30983,    96,   45000000,   15635895,        0,  -29364105,          0
 30983,    97,   45000000,   13888888,        0,  -31111112,          0
 30983,    98,   45000000,   15174213,        0,  -29825787,          0
 30983,    99,   45000000,   15847076,        0,  -29152924,          0
 30983,   100,   45000000,   14863713,        0,  -30136287,          0
 30983,   101,   45000000,   13918717,        0,  -31081283,          0
 30983,   102,   45000000,   12907415,        0,  -32092585,          0
 30983,   103,   45000000,   15911958,        0,  -29088042,          0
 30983,   104,   45000000,   14903356,        0,  -30096644,          0
 30983,   105,   45000000,   13849593,        0,  -31150407,          0
 30983,   106,   45000000,   12886504,        0,  -32113496,          0
 30983,   107,   45000000,   16027099,        0,  -28972901,          0
 30983,   108,   45000000,   14887417,        0,  -30112583,          0
 30983,   109,   45000000,   13887003,        0,  -31112997,          0
 30983,   110,   45000000,   12936642,        0,  -32063358,          0
 30983,   111,   45000000,   15898735,        0,  -29101265,          0
 30983,   112,   45000000,   14843765,        0,  -30156235,          0
 30983,   113,   45000000,   13940853,        0,  -31059147,          0
 30983,   114,   45000000,   13279011,        0,  -31720989,          0
 30983,   115,   45000000,   15895047,        0,  -29104953,          0
 30983,   116,   45000000,   15020515,        0,  -29979485,          0
 30983,   117,   45000000,   13813687,        0,  -31186313,          0
 30983,   118,   45000000,   12791351,        0,  -32208649,          0
 30983,   119,   45000000,   15869004,        0,  -29130996,          0
 30983,   120,   45000000,   16955479,        0,  -28044521,          0
 30983,   121,   45000000,   13848517,        0,  -31151483,          0
 30983,   122,   45000000,   13575233,        0,  -31424767,          0
 30983,   123,   45000000,   15842318,        0,  -29157682,          0
 30983,   124,   45000000,   14889986,        0,  -30110014,          0
 30983,   125,   45000000,   13873736,        0,  -31126264,          0
 30983,   126,   45000000,   12956889,        0,  -32043111,          0
 30983,   127,   45000000,   15906813,        0,  -29093187,          0
 30983,   128,   45000000,   14813904,        0,  -30186096,          0
 30983,   129,   45000000,   13870081,        0,  -31129919,          0
 30983,   130,   45000000,   12853661,        0,  -32146339,          0
 30983,   131,   45000000,   15899546,        0,  -29100454,          0
 30983,   132,   45000000,   14976362,        0,  -30023638,          0
 30983,   133,   45000000,   13879320,        0,  -31120680,          0
 30983,   134,   45000000,   12845817,        0,  -32154183,          0
 30983,   135,   45000000,   15871934,        0,  -29128066,          0
 30983,   136,   45000000,   14859283,        0,  -30140717,          0
 30983,   137,   45000000,   14109440,        0,  -30890560,          0
 30983,   138,   45000000,   14028588,        0,  -30971412,          0
 30983,   139,   45000000,   15927718,        0,  -29072282,          0
 30983,   140,   45000000,   14895009,        0,  -30104991,          0
 30983,   141,   45000000,   13874010,        0,  -31125990,          0
 30983,   142,   45000000,   12843023,        0,  -32156977,          0
 30983,   143,   45000000,   15887993,        0,  -29112007,          0
 30983,   144,   45000000,   15418798,        0,  -29581202,          0
 30983,   145,   45000000,   15873107,        0,  -29126893,          0
 30983,   146,   45000000,   12922971,        0,  -32077029,          0
 30983,   147,   45000000,   16036728,        0,  -28963272,          0
 30983,   148,   45000000,   15219125,        0,  -29780875,          0
 30983,   149,   45000000,   13858748,        0,  -31141252,          0
 30983,   150,   45000000,   12920660,        0,  -32079340,          0
 30983,   151,   45000000,   15860363,        0,  -29139637,          0
 30983,   152,   45000000,   14843241,        0,  -30156759,          0
 30983,   153,   45000000,   13930835,        0,  -31069165,          0
 30983,   154,   45000000,   12887150,        0,  -32112850,          0
 30983,   155,   45000000,   15874717,        0,  -29125283,          0
 30983,   156,   45000000,   14885057,        0,  -30114943,          0
 30983,   157,   45000000,   13925354,        0,  -31074646,          0
 30983,   158,   45000000,   12834394,        0,  -32165606,          0
 30983,   159,   45000000,   17885588,        0,  -27114412,          0
 30983,   160,   45000000,   14890411,        0,  -30109589,          0
 30983,   161,   45000000,   15934007,        0,  -29065993,          0
 30983,   162,   45000000,   14887068,        0,  -30112932,          0
 30983,   163,   45000000,   15891042,        0,  -29108958,          0
 30983,   164,   45000000,   14846694,        0,  -30153306,          0
 30983,   165,   45000000,   13935053,        0,  -31064947,          0
 30983,   166,   45000000,   12952742,        0,  -32047258,          0
 30983,   167,   45000000,   15919908,        0,  -29080092,          0
 30983,   168,   45000000,   18886697,        0,  -26113303,          0
 30983,   169,   45000000,   13885604,        0,  -31114396,          0
 30983,   170,   45000000,   12853371,        0,  -32146629,          0
 30983,   171,   45000000,   15869818,        0,  -29130182,          0
 30983,   172,   45000000,   14945082,        0,  -30054918,          0
 30983,   173,   45000000,   14167824,        0,  -30832176,          0
 30983,   174,   45000000,   12835180,        0,  -32164820,          0
 30983,   175,   45000000,   17937456,        0,  -27062544,          0
 30983,   176,   45000000,   15188443,        0,  -29811557,          0
 30983,   177,   45000000,   15018009,        0,  -29981991,          0
 30983,   178,   45000000,   12991818,        0,  -32008182,          0
 30983,   179,   45000000,   15939267,        0,  -29060733,          0
 30983,   180,   45000000,   14824532,        0,  -30175468,          0
 30983,   181,   45000000,   13957843,        0,  -31042157,          0
 30983,   182,   45000000,   12904940,        0,  -32095060,          0
 30983,   183,   45000000,   15858642,        0,  -29141358,          0
 30983,   184,   45000000,   16843963,        0,  -28156037,          0
 30983,   185,   45000000,   13857252,        0,  -31142748,          0
 30983,   186,   45000000,   14187676,        0,  -30812324,          0
 30983,   187,   45000000,   15863336,        0,  -29136664,          0
 30983,   188,   45000000,   14829507,        0,  -30170493,          0
 30983,   189,   45000000,   13868647,        0,  -31131353,          0
 30983,   190,   45000000,   12869929,        0,  -32130071,          0
 30983,   191,   45000000,   15922617,        0,  -29077383,          0
 30983,   192,   45000000,   14934087,        0,  -30065913,          0
 30983,   193,   45000000,   13877878,        0,  -31122122,          0
 30983,   194,   45000000,   12848729,        0,  -32151271,          0
 30983,   195,   45000000,   15862964,        0,  -29137036,          0
 30983,   196,   45000000,   14935415,        0,  -30064585,          0
 30983,   197,   45000000,   13827152,        0,  -31172848,          0
 30983,   198,   45000000,   13137496,        0,  -31862504,          0
 30983,   199,   45000000,   17884499,        0,  -27115501,          0
 30983,   200,   45000000,   16885717,        0,  -28114283,          0
 30983,   201,   45000000,   14109161,        0,  -30890839,          0
 30983,   202,   45000000,   12982961,        0,  -32017039,          0
 30983,   203,   45000000,   15882666,        0,  -29117334,          0
 30983,   204,   45000000,   14908707,        0,  -30091293,          0
 30983,   205,   45000000,   13841829,        0,  -31158171,          0
 30983,   206,   45000000,   14840194,        0,  -30159806,          0
 30983,   207,   45000000,   15866258,        0,  -29133742,          0
 30983,   208,   45000000,   14865917,        0,  -30134083,          0
 30983,   209,   45000000,   15831509,        0,  -29168491,          0
 30983,   210,   45000000,   12950121,        0,  -32049879,          0
 30983,   211,   45000000,   15844720,        0,  -29155280,          0
 30983,   212,   45000000,   14828757,        0,  -30171243,          0
 30983,   213,   45000000,   13846657,        0,  -31153343,          0
 30983,   214,   45000000,   12840190,        0,  -32159810,          0
 30983,   215,   45000000,   17852967,        0,  -27147033,          0
 30983,   216,   45000000,   14850542,        0,  -30149458,          0
 30983,   217,   45000000,   13917501,        0,  -31082499,          0
 30983,   218,   45000000,   12857084,        0,  -32142916,          0
 30983,   219,   45000000,   15882603,        0,  -29117397,          0
 30983,   220,   45000000,   14865984,        0,  -30134016,          0
 30983,   221,   45000000,   13848690,        0,  -31151310,          0
 30983,   222,   45000000,   12807614,        0,  -32192386,          0
 30983,   223,   45000000,   15871232,        0,  -29128768,          0
 30983,   224,   45000000,   14872729,        0,  -30127271,          0
 30983,   225,   45000000,   13883315,        0,  -31116685,          0
 30983,   226,   45000000,   13173709,        0,  -31826291,          0
