# Task,   Job,     Period,   Response, DL Miss?,   Lateness,  Tardiness
# task NAME=myapp PID=11294 COST=6228000 PERIOD=43000000 CPU=0
 11294,     2,   43000000,       8290,        0,  -42991710,          0
 11294,     3,   43000000,      85568,        0,  -42914432,          0
 11294,     4,   43000000,    6189069,        0,  -36810931,          0
 11294,     5,   43000000,   19578803,        0,  -23421197,          0
 11294,     6,   43000000,    6117368,        0,  -36882632,          0
 11294,     7,   43000000,    6126201,        0,  -36873799,          0
 11294,     8,   43000000,    6118594,        0,  -36881406,          0
 11294,     9,   43000000,   32141251,        0,  -10858749,          0
 11294,    10,   43000000,    6146427,        0,  -36853573,          0
 11294,    11,   43000000,    6113607,        0,  -36886393,          0
 11294,    12,   43000000,    6135192,        0,  -36864808,          0
 11294,    13,   43000000,    6128214,        0,  -36871786,          0
 11294,    14,   43000000,    6422009,        0,  -36577991,          0
 11294,    15,   43000000,    6109701,        0,  -36890299,          0
 11294,    16,   43000000,    6147834,        0,  -36852166,          0
 11294,    17,   43000000,    6109690,        0,  -36890310,          0
 11294,    18,   43000000,    6160669,        0,  -36839331,          0
 11294,    19,   43000000,    9141916,        0,  -33858084,          0
 11294,    20,   43000000,    8478568,        0,  -34521432,          0
 11294,    21,   43000000,    6126978,        0,  -36873022,          0
 11294,    22,   43000000,    6155656,        0,  -36844344,          0
 11294,    23,   43000000,    6123852,        0,  -36876148,          0
 11294,    24,   43000000,    6122117,        0,  -36877883,          0
 11294,    25,   43000000,    6129296,        0,  -36870704,          0
 11294,    26,   43000000,    6118153,        0,  -36881847,          0
 11294,    27,   43000000,    6133980,        0,  -36866020,          0
 11294,    28,   43000000,    6126245,        0,  -36873755,          0
 11294,    29,   43000000,    6207484,        0,  -36792516,          0
 11294,    30,   43000000,    6139360,        0,  -36860640,          0
 11294,    31,   43000000,    6124243,        0,  -36875757,          0
 11294,    32,   43000000,    6117603,        0,  -36882397,          0
 11294,    33,   43000000,    7113059,        0,  -35886941,          0
 11294,    34,   43000000,    6107993,        0,  -36892007,          0
 11294,    35,   43000000,    6122291,        0,  -36877709,          0
 11294,    36,   43000000,    6126205,        0,  -36873795,          0
 11294,    37,   43000000,    6130284,        0,  -36869716,          0
 11294,    38,   43000000,    6123484,        0,  -36876516,          0
 11294,    39,   43000000,    6153092,        0,  -36846908,          0
 11294,    40,   43000000,    6115432,        0,  -36884568,          0
 11294,    41,   43000000,    6151240,        0,  -36848760,          0
 11294,    42,   43000000,    6154121,        0,  -36845879,          0
 11294,    43,   43000000,    6429075,        0,  -36570925,          0
 11294,    44,   43000000,    6155519,        0,  -36844481,          0
 11294,    45,   43000000,    6134509,        0,  -36865491,          0
 11294,    46,   43000000,    6411163,        0,  -36588837,          0
 11294,    47,   43000000,    6139915,        0,  -36860085,          0
 11294,    48,   43000000,    6151610,        0,  -36848390,          0
 11294,    49,   43000000,    6119524,        0,  -36880476,          0
 11294,    50,   43000000,    6146221,        0,  -36853779,          0
 11294,    51,   43000000,    6110040,        0,  -36889960,          0
 11294,    52,   43000000,    6123646,        0,  -36876354,          0
 11294,    53,   43000000,    6144413,        0,  -36855587,          0
 11294,    54,   43000000,    6153757,        0,  -36846243,          0
 11294,    55,   43000000,    6166270,        0,  -36833730,          0
 11294,    56,   43000000,    6125778,        0,  -36874222,          0
 11294,    57,   43000000,    7680846,        0,  -35319154,          0
 11294,    58,   43000000,    6153002,        0,  -36846998,          0
 11294,    59,   43000000,    6130086,        0,  -36869914,          0
 11294,    60,   43000000,    6133849,        0,  -36866151,          0
 11294,    61,   43000000,    6118396,        0,  -36881604,          0
 11294,    62,   43000000,    6117286,        0,  -36882714,          0
 11294,    63,   43000000,    6129710,        0,  -36870290,          0
 11294,    64,   43000000,    6119451,        0,  -36880549,          0
 11294,    65,   43000000,    6124392,        0,  -36875608,          0
 11294,    66,   43000000,    6134947,        0,  -36865053,          0
 11294,    67,   43000000,    6122920,        0,  -36877080,          0
 11294,    68,   43000000,    6125786,        0,  -36874214,          0
 11294,    69,   43000000,    6128699,        0,  -36871301,          0
 11294,    70,   43000000,    6129753,        0,  -36870247,          0
 11294,    71,   43000000,   13126926,        0,  -29873074,          0
 11294,    72,   43000000,    6121144,        0,  -36878856,          0
 11294,    73,   43000000,    9844796,        0,  -33155204,          0
 11294,    74,   43000000,    6120740,        0,  -36879260,          0
 11294,    75,   43000000,   13867791,        0,  -29132209,          0
 11294,    76,   43000000,    6123975,        0,  -36876025,          0
 11294,    77,   43000000,    6118636,        0,  -36881364,          0
 11294,    78,   43000000,    6403175,        0,  -36596825,          0
 11294,    79,   43000000,    6151244,        0,  -36848756,          0
 11294,    80,   43000000,    6125036,        0,  -36874964,          0
 11294,    81,   43000000,    6110811,        0,  -36889189,          0
 11294,    82,   43000000,    6202484,        0,  -36797516,          0
 11294,    83,   43000000,    6170810,        0,  -36829190,          0
 11294,    84,   43000000,    6124593,        0,  -36875407,          0
 11294,    85,   43000000,    6129781,        0,  -36870219,          0
 11294,    86,   43000000,    6130374,        0,  -36869626,          0
 11294,    87,   43000000,    6154518,        0,  -36845482,          0
 11294,    88,   43000000,   11551103,        0,  -31448897,          0
 11294,    89,   43000000,    6195815,        0,  -36804185,          0
 11294,    90,   43000000,    6117899,        0,  -36882101,          0
 11294,    91,   43000000,    6125469,        0,  -36874531,          0
 11294,    92,   43000000,    6115380,        0,  -36884620,          0
 11294,    93,   43000000,    6141975,        0,  -36858025,          0
 11294,    94,   43000000,    6177648,        0,  -36822352,          0
 11294,    95,   43000000,   13211111,        0,  -29788889,          0
 11294,    96,   43000000,    6173513,        0,  -36826487,          0
 11294,    97,   43000000,    6120248,        0,  -36879752,          0
 11294,    98,   43000000,    6126057,        0,  -36873943,          0
 11294,    99,   43000000,    6205933,        0,  -36794067,          0
 11294,   100,   43000000,    6158444,        0,  -36841556,          0
 11294,   101,   43000000,    6127305,        0,  -36872695,          0
 11294,   102,   43000000,    6119596,        0,  -36880404,          0
 11294,   103,   43000000,    6138328,        0,  -36861672,          0
 11294,   104,   43000000,    6119124,        0,  -36880876,          0
 11294,   105,   43000000,    6129037,        0,  -36870963,          0
 11294,   106,   43000000,    6154831,        0,  -36845169,          0
 11294,   107,   43000000,    6410911,        0,  -36589089,          0
 11294,   108,   43000000,    6129133,        0,  -36870867,          0
 11294,   109,   43000000,    6118674,        0,  -36881326,          0
 11294,   110,   43000000,    9090911,        0,  -33909089,          0
 11294,   111,   43000000,    6124938,        0,  -36875062,          0
 11294,   112,   43000000,    6112121,        0,  -36887879,          0
 11294,   113,   43000000,    6110346,        0,  -36889654,          0
 11294,   114,   43000000,    6155403,        0,  -36844597,          0
 11294,   115,   43000000,    6126169,        0,  -36873831,          0
 11294,   116,   43000000,    6134178,        0,  -36865822,          0
 11294,   117,   43000000,    8130201,        0,  -34869799,          0
 11294,   118,   43000000,    6133403,        0,  -36866597,          0
 11294,   119,   43000000,    6139946,        0,  -36860054,          0
 11294,   120,   43000000,    6140810,        0,  -36859190,          0
 11294,   121,   43000000,    6148941,        0,  -36851059,          0
 11294,   122,   43000000,    6121740,        0,  -36878260,          0
 11294,   123,   43000000,    6149975,        0,  -36850025,          0
 11294,   124,   43000000,    6195270,        0,  -36804730,          0
 11294,   125,   43000000,    7448482,        0,  -35551518,          0
 11294,   126,   43000000,    6144390,        0,  -36855610,          0
 11294,   127,   43000000,   26795626,        0,  -16204374,          0
 11294,   128,   43000000,    6692376,        0,  -36307624,          0
 11294,   129,   43000000,    6279032,        0,  -36720968,          0
 11294,   130,   43000000,    6129435,        0,  -36870565,          0
 11294,   131,   43000000,    6150553,        0,  -36849447,          0
 11294,   132,   43000000,    6149909,        0,  -36850091,          0
 11294,   133,   43000000,    6116669,        0,  -36883331,          0
 11294,   134,   43000000,    9438737,        0,  -33561263,          0
 11294,   135,   43000000,    6123411,        0,  -36876589,          0
 11294,   136,   43000000,    6141467,        0,  -36858533,          0
 11294,   137,   43000000,    6124731,        0,  -36875269,          0
 11294,   138,   43000000,    6130300,        0,  -36869700,          0
 11294,   139,   43000000,    6486399,        0,  -36513601,          0
 11294,   140,   43000000,    6138711,        0,  -36861289,          0
 11294,   141,   43000000,    8173716,        0,  -34826284,          0
 11294,   142,   43000000,    6153690,        0,  -36846310,          0
 11294,   143,   43000000,    6127834,        0,  -36872166,          0
 11294,   144,   43000000,    6127406,        0,  -36872594,          0
 11294,   145,   43000000,   17831913,        0,  -25168087,          0
 11294,   146,   43000000,    6112931,        0,  -36887069,          0
 11294,   147,   43000000,    6130490,        0,  -36869510,          0
 11294,   148,   43000000,    6136352,        0,  -36863648,          0
 11294,   149,   43000000,    6140469,        0,  -36859531,          0
 11294,   150,   43000000,    6143065,        0,  -36856935,          0
 11294,   151,   43000000,    6124633,        0,  -36875367,          0
 11294,   152,   43000000,    6111878,        0,  -36888122,          0
 11294,   153,   43000000,    6142585,        0,  -36857415,          0
 11294,   154,   43000000,    6125329,        0,  -36874671,          0
 11294,   155,   43000000,    6167425,        0,  -36832575,          0
 11294,   156,   43000000,    6125960,        0,  -36874040,          0
 11294,   157,   43000000,    6131645,        0,  -36868355,          0
 11294,   158,   43000000,    6175752,        0,  -36824248,          0
 11294,   159,   43000000,    6130941,        0,  -36869059,          0
 11294,   160,   43000000,    6132700,        0,  -36867300,          0
 11294,   161,   43000000,    6155071,        0,  -36844929,          0
 11294,   162,   43000000,    6124598,        0,  -36875402,          0
 11294,   163,   43000000,    6158206,        0,  -36841794,          0
 11294,   164,   43000000,   10270323,        0,  -32729677,          0
 11294,   165,   43000000,    6119016,        0,  -36880984,          0
 11294,   166,   43000000,    8083643,        0,  -34916357,          0
 11294,   167,   43000000,    6118656,        0,  -36881344,          0
 11294,   168,   43000000,    9187405,        0,  -33812595,          0
 11294,   169,   43000000,    6136167,        0,  -36863833,          0
 11294,   170,   43000000,    6121307,        0,  -36878693,          0
 11294,   171,   43000000,   12148653,        0,  -30851347,          0
 11294,   172,   43000000,    6158074,        0,  -36841926,          0
 11294,   173,   43000000,    6132130,        0,  -36867870,          0
 11294,   174,   43000000,    6155172,        0,  -36844828,          0
 11294,   175,   43000000,    6239728,        0,  -36760272,          0
 11294,   176,   43000000,   12634397,        0,  -30365603,          0
 11294,   177,   43000000,    6132087,        0,  -36867913,          0
 11294,   178,   43000000,    6128065,        0,  -36871935,          0
 11294,   179,   43000000,    6140983,        0,  -36859017,          0
 11294,   180,   43000000,    6142005,        0,  -36857995,          0
 11294,   181,   43000000,    6126165,        0,  -36873835,          0
 11294,   182,   43000000,    6151501,        0,  -36848499,          0
 11294,   183,   43000000,    6131705,        0,  -36868295,          0
 11294,   184,   43000000,    6714431,        0,  -36285569,          0
 11294,   185,   43000000,    6132232,        0,  -36867768,          0
 11294,   186,   43000000,    6142173,        0,  -36857827,          0
 11294,   187,   43000000,    6125210,        0,  -36874790,          0
 11294,   188,   43000000,    6116058,        0,  -36883942,          0
 11294,   189,   43000000,    6151849,        0,  -36848151,          0
 11294,   190,   43000000,    6121981,        0,  -36878019,          0
 11294,   191,   43000000,    6128489,        0,  -36871511,          0
 11294,   192,   43000000,    6132947,        0,  -36867053,          0
 11294,   193,   43000000,   10494526,        0,  -32505474,          0
 11294,   194,   43000000,    6120723,        0,  -36879277,          0
 11294,   195,   43000000,    6130323,        0,  -36869677,          0
 11294,   196,   43000000,   23572438,        0,  -19427562,          0
 11294,   197,   43000000,    6132977,        0,  -36867023,          0
 11294,   198,   43000000,    6125733,        0,  -36874267,          0
 11294,   199,   43000000,    6194875,        0,  -36805125,          0
 11294,   200,   43000000,    6402397,        0,  -36597603,          0
 11294,   201,   43000000,    6135070,        0,  -36864930,          0
 11294,   202,   43000000,    6131990,        0,  -36868010,          0
 11294,   203,   43000000,    6440517,        0,  -36559483,          0
 11294,   204,   43000000,    6122242,        0,  -36877758,          0
 11294,   205,   43000000,    6131785,        0,  -36868215,          0
 11294,   206,   43000000,    6159296,        0,  -36840704,          0
 11294,   207,   43000000,    6134633,        0,  -36865367,          0
 11294,   208,   43000000,    6140201,        0,  -36859799,          0
 11294,   209,   43000000,    6122296,        0,  -36877704,          0
 11294,   210,   43000000,    6124746,        0,  -36875254,          0
 11294,   211,   43000000,    6147840,        0,  -36852160,          0
 11294,   212,   43000000,    6126609,        0,  -36873391,          0
 11294,   213,   43000000,    6129253,        0,  -36870747,          0
 11294,   214,   43000000,    6113481,        0,  -36886519,          0
 11294,   215,   43000000,   10765518,        0,  -32234482,          0
 11294,   216,   43000000,    6176060,        0,  -36823940,          0
 11294,   217,   43000000,   12513051,        0,  -30486949,          0
 11294,   218,   43000000,    8457742,        0,  -34542258,          0
 11294,   219,   43000000,    6125215,        0,  -36874785,          0
 11294,   220,   43000000,    6147490,        0,  -36852510,          0
 11294,   221,   43000000,    6137403,        0,  -36862597,          0
 11294,   222,   43000000,    6128835,        0,  -36871165,          0
 11294,   223,   43000000,    6138938,        0,  -36861062,          0
 11294,   224,   43000000,    6126739,        0,  -36873261,          0
 11294,   225,   43000000,    6143719,        0,  -36856281,          0
 11294,   226,   43000000,    6121898,        0,  -36878102,          0
 11294,   227,   43000000,   12949949,        0,  -30050051,          0
 11294,   228,   43000000,    6152003,        0,  -36847997,          0
 11294,   229,   43000000,    6109163,        0,  -36890837,          0
 11294,   230,   43000000,    6264789,        0,  -36735211,          0
 11294,   231,   43000000,    6148347,        0,  -36851653,          0
 11294,   232,   43000000,   19356238,        0,  -23643762,          0
 11294,   233,   43000000,    6167969,        0,  -36832031,          0
 11294,   234,   43000000,    6141029,        0,  -36858971,          0
 11294,   235,   43000000,    6186434,        0,  -36813566,          0
 11294,   236,   43000000,    6125916,        0,  -36874084,          0
# task NAME=myapp PID=11297 COST=14024000 PERIOD=77000000 CPU=0
 11297,     2,   77000000,       8524,        0,  -76991476,          0
 11297,     3,   77000000,      93271,        0,  -76906729,          0
 11297,     4,   77000000,   34650326,        0,  -42349674,          0
 11297,     5,   77000000,   13747174,        0,  -63252826,          0
 11297,     6,   77000000,   36074392,        0,  -40925608,          0
 11297,     7,   77000000,   13838993,        0,  -63161007,          0
 11297,     8,   77000000,   13821838,        0,  -63178162,          0
 11297,     9,   77000000,   15389758,        0,  -61610242,          0
 11297,    10,   77000000,   13747392,        0,  -63252608,          0
 11297,    11,   77000000,   13739704,        0,  -63260296,          0
 11297,    12,   77000000,   15801921,        0,  -61198079,          0
 11297,    13,   77000000,   13740765,        0,  -63259235,          0
 11297,    14,   77000000,   17495582,        0,  -59504418,          0
 11297,    15,   77000000,   23874599,        0,  -53125401,          0
 11297,    16,   77000000,   13757408,        0,  -63242592,          0
 11297,    17,   77000000,   13754914,        0,  -63245086,          0
 11297,    18,   77000000,   13739131,        0,  -63260869,          0
 11297,    19,   77000000,   13737415,        0,  -63262585,          0
 11297,    20,   77000000,   13735070,        0,  -63264930,          0
 11297,    21,   77000000,   13829518,        0,  -63170482,          0
 11297,    22,   77000000,   14033559,        0,  -62966441,          0
 11297,    23,   77000000,   13745754,        0,  -63254246,          0
 11297,    24,   77000000,   13741779,        0,  -63258221,          0
 11297,    25,   77000000,   13750141,        0,  -63249859,          0
 11297,    26,   77000000,   13737932,        0,  -63262068,          0
 11297,    27,   77000000,   16065305,        0,  -60934695,          0
 11297,    28,   77000000,   13743673,        0,  -63256327,          0
 11297,    29,   77000000,   13758254,        0,  -63241746,          0
 11297,    30,   77000000,   13777426,        0,  -63222574,          0
 11297,    31,   77000000,   13768549,        0,  -63231451,          0
 11297,    32,   77000000,   13766663,        0,  -63233337,          0
 11297,    33,   77000000,   13752852,        0,  -63247148,          0
 11297,    34,   77000000,   13812033,        0,  -63187967,          0
 11297,    35,   77000000,   14060692,        0,  -62939308,          0
 11297,    36,   77000000,   13741031,        0,  -63258969,          0
 11297,    37,   77000000,   13774373,        0,  -63225627,          0
 11297,    38,   77000000,   13747259,        0,  -63252741,          0
 11297,    39,   77000000,   13745789,        0,  -63254211,          0
 11297,    40,   77000000,   14037386,        0,  -62962614,          0
 11297,    41,   77000000,   20138160,        0,  -56861840,          0
 11297,    42,   77000000,   24369416,        0,  -52630584,          0
 11297,    43,   77000000,   34199583,        0,  -42800417,          0
 11297,    44,   77000000,   13754723,        0,  -63245277,          0
 11297,    45,   77000000,   22217298,        0,  -54782702,          0
 11297,    46,   77000000,   13764902,        0,  -63235098,          0
 11297,    47,   77000000,   13830691,        0,  -63169309,          0
 11297,    48,   77000000,   14027414,        0,  -62972586,          0
 11297,    49,   77000000,   13744699,        0,  -63255301,          0
 11297,    50,   77000000,   13727182,        0,  -63272818,          0
 11297,    51,   77000000,   13780638,        0,  -63219362,          0
 11297,    52,   77000000,   13751188,        0,  -63248812,          0
 11297,    53,   77000000,   14035992,        0,  -62964008,          0
 11297,    54,   77000000,   13751557,        0,  -63248443,          0
 11297,    55,   77000000,   14315431,        0,  -62684569,          0
 11297,    56,   77000000,   13816002,        0,  -63183998,          0
 11297,    57,   77000000,   13807353,        0,  -63192647,          0
 11297,    58,   77000000,   13761084,        0,  -63238916,          0
 11297,    59,   77000000,   13743651,        0,  -63256349,          0
 11297,    60,   77000000,   13826752,        0,  -63173248,          0
 11297,    61,   77000000,   14045709,        0,  -62954291,          0
 11297,    62,   77000000,   13783938,        0,  -63216062,          0
 11297,    63,   77000000,   13745427,        0,  -63254573,          0
 11297,    64,   77000000,   13742825,        0,  -63257175,          0
 11297,    65,   77000000,   18950081,        0,  -58049919,          0
 11297,    66,   77000000,   13748337,        0,  -63251663,          0
 11297,    67,   77000000,   13809840,        0,  -63190160,          0
 11297,    68,   77000000,   13773025,        0,  -63226975,          0
 11297,    69,   77000000,   13738619,        0,  -63261381,          0
 11297,    70,   77000000,   13769114,        0,  -63230886,          0
 11297,    71,   77000000,   13759450,        0,  -63240550,          0
 11297,    72,   77000000,   13768325,        0,  -63231675,          0
 11297,    73,   77000000,   13842462,        0,  -63157538,          0
 11297,    74,   77000000,   14048236,        0,  -62951764,          0
 11297,    75,   77000000,   13753954,        0,  -63246046,          0
 11297,    76,   77000000,   13742672,        0,  -63257328,          0
 11297,    77,   77000000,   13763287,        0,  -63236713,          0
 11297,    78,   77000000,   13748558,        0,  -63251442,          0
 11297,    79,   77000000,   16287943,        0,  -60712057,          0
 11297,    80,   77000000,   13781199,        0,  -63218801,          0
 11297,    81,   77000000,   13750073,        0,  -63249927,          0
 11297,    82,   77000000,   13753935,        0,  -63246065,          0
 11297,    83,   77000000,   13780428,        0,  -63219572,          0
 11297,    84,   77000000,   13749818,        0,  -63250182,          0
 11297,    85,   77000000,   13755409,        0,  -63244591,          0
 11297,    86,   77000000,   13811373,        0,  -63188627,          0
 11297,    87,   77000000,   14107903,        0,  -62892097,          0
 11297,    88,   77000000,   13760938,        0,  -63239062,          0
 11297,    89,   77000000,   13794684,        0,  -63205316,          0
 11297,    90,   77000000,   13755824,        0,  -63244176,          0
 11297,    91,   77000000,   13756652,        0,  -63243348,          0
 11297,    92,   77000000,   13731898,        0,  -63268102,          0
 11297,    93,   77000000,   17115016,        0,  -59884984,          0
 11297,    94,   77000000,   40938178,        0,  -36061822,          0
 11297,    95,   77000000,   13763516,        0,  -63236484,          0
 11297,    96,   77000000,   13753427,        0,  -63246573,          0
 11297,    97,   77000000,   13766867,        0,  -63233133,          0
 11297,    98,   77000000,   13765344,        0,  -63234656,          0
 11297,    99,   77000000,   13819246,        0,  -63180754,          0
 11297,   100,   77000000,   14047934,        0,  -62952066,          0
 11297,   101,   77000000,   13772048,        0,  -63227952,          0
 11297,   102,   77000000,   13729491,        0,  -63270509,          0
 11297,   103,   77000000,   13735133,        0,  -63264867,          0
 11297,   104,   77000000,   13770586,        0,  -63229414,          0
 11297,   105,   77000000,   13766117,        0,  -63233883,          0
 11297,   106,   77000000,   13734302,        0,  -63265698,          0
 11297,   107,   77000000,   13788215,        0,  -63211785,          0
 11297,   108,   77000000,   13750361,        0,  -63249639,          0
 11297,   109,   77000000,   26124958,        0,  -50875042,          0
 11297,   110,   77000000,   13755191,        0,  -63244809,          0
 11297,   111,   77000000,   16732070,        0,  -60267930,          0
 11297,   112,   77000000,   13853266,        0,  -63146734,          0
 11297,   113,   77000000,   14048288,        0,  -62951712,          0
 11297,   114,   77000000,   13771279,        0,  -63228721,          0
 11297,   115,   77000000,   13757044,        0,  -63242956,          0
 11297,   116,   77000000,   13749117,        0,  -63250883,          0
 11297,   117,   77000000,   13959851,        0,  -63040149,          0
 11297,   118,   77000000,   13754292,        0,  -63245708,          0
 11297,   119,   77000000,   13752933,        0,  -63247067,          0
 11297,   120,   77000000,   14972540,        0,  -62027460,          0
 11297,   121,   77000000,   13765787,        0,  -63234213,          0
 11297,   122,   77000000,   13765931,        0,  -63234069,          0
 11297,   123,   77000000,   18835319,        0,  -58164681,          0
 11297,   124,   77000000,   13783452,        0,  -63216548,          0
 11297,   125,   77000000,   14111985,        0,  -62888015,          0
 11297,   126,   77000000,   14042778,        0,  -62957222,          0
 11297,   127,   77000000,   13751733,        0,  -63248267,          0
 11297,   128,   77000000,   13810147,        0,  -63189853,          0
 11297,   129,   77000000,   13767740,        0,  -63232260,          0
 11297,   130,   77000000,   13754802,        0,  -63245198,          0
 11297,   131,   77000000,   24109028,        0,  -52890972,          0
 11297,   132,   77000000,   13765839,        0,  -63234161,          0
 11297,   133,   77000000,   13761286,        0,  -63238714,          0
# task NAME=myapp PID=11301 COST=11167000 PERIOD=40000000 CPU=0
 11301,     2,   40000000,       8092,        0,  -39991908,          0
 11301,     3,   40000000,      89726,        0,  -39910274,          0
 11301,     4,   40000000,   10958928,        0,  -29041072,          0
 11301,     5,   40000000,   30777945,        0,   -9222055,          0
 11301,     6,   40000000,   10952990,        0,  -29047010,          0
 11301,     7,   40000000,   10955125,        0,  -29044875,          0
 11301,     8,   40000000,   10963533,        0,  -29036467,          0
 11301,     9,   40000000,   24275393,        0,  -15724607,          0
 11301,    10,   40000000,   14372061,        0,  -25627939,          0
 11301,    11,   40000000,   10955951,        0,  -29044049,          0
 11301,    12,   40000000,   10956139,        0,  -29043861,          0
 11301,    13,   40000000,   10962221,        0,  -29037779,          0
 11301,    14,   40000000,   10957650,        0,  -29042350,          0
 11301,    15,   40000000,   10955766,        0,  -29044234,          0
 11301,    16,   40000000,   10943967,        0,  -29056033,          0
 11301,    17,   40000000,   16131133,        0,  -23868867,          0
 11301,    18,   40000000,   11232514,        0,  -28767486,          0
 11301,    19,   40000000,   10962052,        0,  -29037948,          0
 11301,    20,   40000000,   10992495,        0,  -29007505,          0
 11301,    21,   40000000,   11239042,        0,  -28760958,          0
 11301,    22,   40000000,   10942712,        0,  -29057288,          0
 11301,    23,   40000000,   10977958,        0,  -29022042,          0
 11301,    24,   40000000,   23545618,        0,  -16454382,          0
 11301,    25,   40000000,   10941421,        0,  -29058579,          0
 11301,    26,   40000000,   14085730,        0,  -25914270,          0
 11301,    27,   40000000,   10963037,        0,  -29036963,          0
 11301,    28,   40000000,   10943739,        0,  -29056261,          0
 11301,    29,   40000000,   10937512,        0,  -29062488,          0
 11301,    30,   40000000,   10978283,        0,  -29021717,          0
 11301,    31,   40000000,   14351221,        0,  -25648779,          0
 11301,    32,   40000000,   10957355,        0,  -29042645,          0
 11301,    33,   40000000,   10941960,        0,  -29058040,          0
 11301,    34,   40000000,   10948911,        0,  -29051089,          0
 11301,    35,   40000000,   10946000,        0,  -29054000,          0
 11301,    36,   40000000,   10950298,        0,  -29049702,          0
 11301,    37,   40000000,   10955290,        0,  -29044710,          0
 11301,    38,   40000000,   10949894,        0,  -29050106,          0
 11301,    39,   40000000,   10945720,        0,  -29054280,          0
 11301,    40,   40000000,   10963092,        0,  -29036908,          0
 11301,    41,   40000000,   10984813,        0,  -29015187,          0
 11301,    42,   40000000,   10985473,        0,  -29014527,          0
 11301,    43,   40000000,   11238688,        0,  -28761312,          0
 11301,    44,   40000000,   10960437,        0,  -29039563,          0
 11301,    45,   40000000,   10958573,        0,  -29041427,          0
 11301,    46,   40000000,   11245288,        0,  -28754712,          0
 11301,    47,   40000000,   10967624,        0,  -29032376,          0
 11301,    48,   40000000,   10943325,        0,  -29056675,          0
 11301,    49,   40000000,   11229767,        0,  -28770233,          0
 11301,    50,   40000000,   10943766,        0,  -29056234,          0
 11301,    51,   40000000,   10959176,        0,  -29040824,          0
 11301,    52,   40000000,   10956730,        0,  -29043270,          0
 11301,    53,   40000000,   10950766,        0,  -29049234,          0
 11301,    54,   40000000,   10959882,        0,  -29040118,          0
 11301,    55,   40000000,   10964709,        0,  -29035291,          0
 11301,    56,   40000000,   10984470,        0,  -29015530,          0
 11301,    57,   40000000,   10957753,        0,  -29042247,          0
 11301,    58,   40000000,   10947526,        0,  -29052474,          0
 11301,    59,   40000000,   13157531,        0,  -26842469,          0
 11301,    60,   40000000,   11286756,        0,  -28713244,          0
 11301,    61,   40000000,   10962843,        0,  -29037157,          0
 11301,    62,   40000000,   10973256,        0,  -29026744,          0
 11301,    63,   40000000,   10959621,        0,  -29040379,          0
 11301,    64,   40000000,   10951578,        0,  -29048422,          0
 11301,    65,   40000000,   10930283,        0,  -29069717,          0
 11301,    66,   40000000,   10934589,        0,  -29065411,          0
 11301,    67,   40000000,   10960968,        0,  -29039032,          0
 11301,    68,   40000000,   11208467,        0,  -28791533,          0
 11301,    69,   40000000,   10971136,        0,  -29028864,          0
 11301,    70,   40000000,   10954671,        0,  -29045329,          0
 11301,    71,   40000000,   11235612,        0,  -28764388,          0
 11301,    72,   40000000,   10957191,        0,  -29042809,          0
 11301,    73,   40000000,   10951792,        0,  -29048208,          0
 11301,    74,   40000000,   11223080,        0,  -28776920,          0
 11301,    75,   40000000,   10953979,        0,  -29046021,          0
 11301,    76,   40000000,   10944711,        0,  -29055289,          0
 11301,    77,   40000000,   10995147,        0,  -29004853,          0
 11301,    78,   40000000,   10980921,        0,  -29019079,          0
 11301,    79,   40000000,   10950158,        0,  -29049842,          0
 11301,    80,   40000000,   20167188,        0,  -19832812,          0
 11301,    81,   40000000,   10944893,        0,  -29055107,          0
 11301,    82,   40000000,   10974139,        0,  -29025861,          0
 11301,    83,   40000000,   10955864,        0,  -29044136,          0
 11301,    84,   40000000,   15470530,        0,  -24529470,          0
 11301,    85,   40000000,   10960280,        0,  -29039720,          0
 11301,    86,   40000000,   11518337,        0,  -28481663,          0
 11301,    87,   40000000,   10958684,        0,  -29041316,          0
 11301,    88,   40000000,   10959469,        0,  -29040531,          0
 11301,    89,   40000000,   10953158,        0,  -29046842,          0
 11301,    90,   40000000,   10943916,        0,  -29056084,          0
 11301,    91,   40000000,   10986122,        0,  -29013878,          0
 11301,    92,   40000000,   10949571,        0,  -29050429,          0
 11301,    93,   40000000,   11238730,        0,  -28761270,          0
 11301,    94,   40000000,   10962660,        0,  -29037340,          0
 11301,    95,   40000000,   10956750,        0,  -29043250,          0
 11301,    96,   40000000,   11244519,        0,  -28755481,          0
 11301,    97,   40000000,   10947745,        0,  -29052255,          0
 11301,    98,   40000000,   22014431,        0,  -17985569,          0
 11301,    99,   40000000,   11235977,        0,  -28764023,          0
 11301,   100,   40000000,   10969051,        0,  -29030949,          0
 11301,   101,   40000000,   10958743,        0,  -29041257,          0
 11301,   102,   40000000,   25133229,        0,  -14866771,          0
 11301,   103,   40000000,   11371452,        0,  -28628548,          0
 11301,   104,   40000000,   10953408,        0,  -29046592,          0
 11301,   105,   40000000,   10955633,        0,  -29044367,          0
 11301,   106,   40000000,   10956163,        0,  -29043837,          0
 11301,   107,   40000000,   15159345,        0,  -24840655,          0
 11301,   108,   40000000,   10965222,        0,  -29034778,          0
 11301,   109,   40000000,   10952063,        0,  -29047937,          0
 11301,   110,   40000000,   10969536,        0,  -29030464,          0
 11301,   111,   40000000,   10950924,        0,  -29049076,          0
 11301,   112,   40000000,   10967006,        0,  -29032994,          0
 11301,   113,   40000000,   10983254,        0,  -29016746,          0
 11301,   114,   40000000,   10959993,        0,  -29040007,          0
 11301,   115,   40000000,   10943816,        0,  -29056184,          0
 11301,   116,   40000000,   10973278,        0,  -29026722,          0
 11301,   117,   40000000,   10991638,        0,  -29008362,          0
 11301,   118,   40000000,   14859580,        0,  -25140420,          0
 11301,   119,   40000000,   10966396,        0,  -29033604,          0
 11301,   120,   40000000,   10991369,        0,  -29008631,          0
 11301,   121,   40000000,   11222375,        0,  -28777625,          0
 11301,   122,   40000000,   12010378,        0,  -27989622,          0
 11301,   123,   40000000,   15082703,        0,  -24917297,          0
 11301,   124,   40000000,   11244863,        0,  -28755137,          0
 11301,   125,   40000000,   31221251,        0,   -8778749,          0
 11301,   126,   40000000,   10965949,        0,  -29034051,          0
 11301,   127,   40000000,   10971504,        0,  -29028496,          0
 11301,   128,   40000000,   10967935,        0,  -29032065,          0
 11301,   129,   40000000,   10971983,        0,  -29028017,          0
 11301,   130,   40000000,   10960159,        0,  -29039841,          0
 11301,   131,   40000000,   14060174,        0,  -25939826,          0
 11301,   132,   40000000,   10979603,        0,  -29020397,          0
 11301,   133,   40000000,   10951695,        0,  -29048305,          0
 11301,   134,   40000000,   10992776,        0,  -29007224,          0
 11301,   135,   40000000,   10977095,        0,  -29022905,          0
 11301,   136,   40000000,   10968637,        0,  -29031363,          0
 11301,   137,   40000000,   11930543,        0,  -28069457,          0
 11301,   138,   40000000,   10956462,        0,  -29043538,          0
 11301,   139,   40000000,   10997544,        0,  -29002456,          0
 11301,   140,   40000000,   10978105,        0,  -29021895,          0
 11301,   141,   40000000,   10947970,        0,  -29052030,          0
 11301,   142,   40000000,   10950989,        0,  -29049011,          0
 11301,   143,   40000000,   11235422,        0,  -28764578,          0
 11301,   144,   40000000,   13423083,        0,  -26576917,          0
 11301,   145,   40000000,   10944638,        0,  -29055362,          0
 11301,   146,   40000000,   11232814,        0,  -28767186,          0
 11301,   147,   40000000,   10964920,        0,  -29035080,          0
 11301,   148,   40000000,   10955491,        0,  -29044509,          0
 11301,   149,   40000000,   11254550,        0,  -28745450,          0
 11301,   150,   40000000,   10943992,        0,  -29056008,          0
 11301,   151,   40000000,   10965593,        0,  -29034407,          0
 11301,   152,   40000000,   10969974,        0,  -29030026,          0
 11301,   153,   40000000,   10945556,        0,  -29054444,          0
 11301,   154,   40000000,   10939233,        0,  -29060767,          0
 11301,   155,   40000000,   10979515,        0,  -29020485,          0
 11301,   156,   40000000,   15783420,        0,  -24216580,          0
 11301,   157,   40000000,   10961542,        0,  -29038458,          0
 11301,   158,   40000000,   10938461,        0,  -29061539,          0
 11301,   159,   40000000,   12105235,        0,  -27894765,          0
 11301,   160,   40000000,   10951792,        0,  -29048208,          0
 11301,   161,   40000000,   10959204,        0,  -29040796,          0
 11301,   162,   40000000,   10967386,        0,  -29032614,          0
 11301,   163,   40000000,   10949240,        0,  -29050760,          0
 11301,   164,   40000000,   10965309,        0,  -29034691,          0
 11301,   165,   40000000,   10970930,        0,  -29029070,          0
 11301,   166,   40000000,   10967863,        0,  -29032137,          0
 11301,   167,   40000000,   10941686,        0,  -29058314,          0
 11301,   168,   40000000,   11226879,        0,  -28773121,          0
 11301,   169,   40000000,   10952087,        0,  -29047913,          0
 11301,   170,   40000000,   10934613,        0,  -29065387,          0
 11301,   171,   40000000,   11280918,        0,  -28719082,          0
 11301,   172,   40000000,   10958338,        0,  -29041662,          0
 11301,   173,   40000000,   10953990,        0,  -29046010,          0
 11301,   174,   40000000,   13100338,        0,  -26899662,          0
 11301,   175,   40000000,   10990188,        0,  -29009812,          0
 11301,   176,   40000000,   15193394,        0,  -24806606,          0
 11301,   177,   40000000,   10948055,        0,  -29051945,          0
 11301,   178,   40000000,   10960673,        0,  -29039327,          0
 11301,   179,   40000000,   10943326,        0,  -29056674,          0
 11301,   180,   40000000,   10948619,        0,  -29051381,          0
 11301,   181,   40000000,   10977904,        0,  -29022096,          0
 11301,   182,   40000000,   10963785,        0,  -29036215,          0
 11301,   183,   40000000,   11227966,        0,  -28772034,          0
 11301,   184,   40000000,   10983418,        0,  -29016582,          0
 11301,   185,   40000000,   10973336,        0,  -29026664,          0
 11301,   186,   40000000,   10962307,        0,  -29037693,          0
 11301,   187,   40000000,   10954300,        0,  -29045700,          0
 11301,   188,   40000000,   13206302,        0,  -26793698,          0
 11301,   189,   40000000,   15814256,        0,  -24185744,          0
 11301,   190,   40000000,   10954389,        0,  -29045611,          0
 11301,   191,   40000000,   10955380,        0,  -29044620,          0
 11301,   192,   40000000,   11001602,        0,  -28998398,          0
 11301,   193,   40000000,   15233314,        0,  -24766686,          0
 11301,   194,   40000000,   11084635,        0,  -28915365,          0
 11301,   195,   40000000,   10977017,        0,  -29022983,          0
 11301,   196,   40000000,   11259634,        0,  -28740366,          0
 11301,   197,   40000000,   14036228,        0,  -25963772,          0
 11301,   198,   40000000,   10959255,        0,  -29040745,          0
 11301,   199,   40000000,   11276121,        0,  -28723879,          0
 11301,   200,   40000000,   10962687,        0,  -29037313,          0
 11301,   201,   40000000,   10949564,        0,  -29050436,          0
 11301,   202,   40000000,   10984074,        0,  -29015926,          0
 11301,   203,   40000000,   10963872,        0,  -29036128,          0
 11301,   204,   40000000,   10951921,        0,  -29048079,          0
 11301,   205,   40000000,   10979994,        0,  -29020006,          0
 11301,   206,   40000000,   10937014,        0,  -29062986,          0
 11301,   207,   40000000,   25336570,        0,  -14663430,          0
 11301,   208,   40000000,   10948323,        0,  -29051677,          0
 11301,   209,   40000000,   10954652,        0,  -29045348,          0
 11301,   210,   40000000,   25360278,        0,  -14639722,          0
 11301,   211,   40000000,   10990794,        0,  -29009206,          0
 11301,   212,   40000000,   10964652,        0,  -29035348,          0
 11301,   213,   40000000,   10970836,        0,  -29029164,          0
 11301,   214,   40000000,   11283796,        0,  -28716204,          0
 11301,   215,   40000000,   10951151,        0,  -29048849,          0
 11301,   216,   40000000,   10978222,        0,  -29021778,          0
 11301,   217,   40000000,   11384924,        0,  -28615076,          0
 11301,   218,   40000000,   11243405,        0,  -28756595,          0
 11301,   219,   40000000,   10978300,        0,  -29021700,          0
 11301,   220,   40000000,   10948098,        0,  -29051902,          0
 11301,   221,   40000000,   11236936,        0,  -28763064,          0
 11301,   222,   40000000,   10947677,        0,  -29052323,          0
 11301,   223,   40000000,   10938176,        0,  -29061824,          0
 11301,   224,   40000000,   11229330,        0,  -28770670,          0
 11301,   225,   40000000,   10937284,        0,  -29062716,          0
 11301,   226,   40000000,   10945147,        0,  -29054853,          0
 11301,   227,   40000000,   10941584,        0,  -29058416,          0
 11301,   228,   40000000,   10969890,        0,  -29030110,          0
 11301,   229,   40000000,   10948070,        0,  -29051930,          0
 11301,   230,   40000000,   10970940,        0,  -29029060,          0
 11301,   231,   40000000,   18696340,        0,  -21303660,          0
 11301,   232,   40000000,   12172838,        0,  -27827162,          0
 11301,   233,   40000000,   10992891,        0,  -29007109,          0
 11301,   234,   40000000,   10977614,        0,  -29022386,          0
 11301,   235,   40000000,   10969076,        0,  -29030924,          0
 11301,   236,   40000000,   12039042,        0,  -27960958,          0
 11301,   237,   40000000,   10976363,        0,  -29023637,          0
 11301,   238,   40000000,   10946492,        0,  -29053508,          0
 11301,   239,   40000000,   10954944,        0,  -29045056,          0
 11301,   240,   40000000,   10951027,        0,  -29048973,          0
 11301,   241,   40000000,   10948092,        0,  -29051908,          0
 11301,   242,   40000000,   10939036,        0,  -29060964,          0
 11301,   243,   40000000,   11260969,        0,  -28739031,          0
 11301,   244,   40000000,   15418521,        0,  -24581479,          0
 11301,   245,   40000000,   10983053,        0,  -29016947,          0
 11301,   246,   40000000,   11253216,        0,  -28746784,          0
 11301,   247,   40000000,   10989107,        0,  -29010893,          0
 11301,   248,   40000000,   10977079,        0,  -29022921,          0
 11301,   249,   40000000,   20223575,        0,  -19776425,          0
 11301,   250,   40000000,   12949961,        0,  -27050039,          0
 11301,   251,   40000000,   10960636,        0,  -29039364,          0
 11301,   252,   40000000,   10961171,        0,  -29038829,          0
 11301,   253,   40000000,   10979302,        0,  -29020698,          0
 11301,   254,   40000000,   10981251,        0,  -29018749,          0
# task NAME=myapp PID=11306 COST=24727000 PERIOD=92000000 CPU=0
 11306,     2,   92000000,       8274,        0,  -91991726,          0
 11306,     3,   92000000,     106626,        0,  -91893374,          0
 11306,     4,   92000000,   35592770,        0,  -56407230,          0
 11306,     5,   92000000,   24244065,        0,  -67755935,          0
 11306,     6,   92000000,   32265051,        0,  -59734949,          0
 11306,     7,   92000000,   24226223,        0,  -67773777,          0
 11306,     8,   92000000,   24516998,        0,  -67483002,          0
 11306,     9,   92000000,   24221286,        0,  -67778714,          0
 11306,    10,   92000000,   24235506,        0,  -67764494,          0
 11306,    11,   92000000,   24192117,        0,  -67807883,          0
 11306,    12,   92000000,   24581980,        0,  -67418020,          0
 11306,    13,   92000000,   34598163,        0,  -57401837,          0
 11306,    14,   92000000,   24201362,        0,  -67798638,          0
 11306,    15,   92000000,   32928365,        0,  -59071635,          0
 11306,    16,   92000000,   24199587,        0,  -67800413,          0
 11306,    17,   92000000,   24295399,        0,  -67704601,          0
 11306,    18,   92000000,   24288115,        0,  -67711885,          0
 11306,    19,   92000000,   24489826,        0,  -67510174,          0
 11306,    20,   92000000,   24227293,        0,  -67772707,          0
 11306,    21,   92000000,   24201121,        0,  -67798879,          0
 11306,    22,   92000000,   24283913,        0,  -67716087,          0
 11306,    23,   92000000,   24509234,        0,  -67490766,          0
 11306,    24,   92000000,   24193061,        0,  -67806939,          0
 11306,    25,   92000000,   24203855,        0,  -67796145,          0
 11306,    26,   92000000,   24235770,        0,  -67764230,          0
 11306,    27,   92000000,   24581096,        0,  -67418904,          0
 11306,    28,   92000000,   24333313,        0,  -67666687,          0
 11306,    29,   92000000,   24285703,        0,  -67714297,          0
 11306,    30,   92000000,   24214502,        0,  -67785498,          0
 11306,    31,   92000000,   24231220,        0,  -67768780,          0
 11306,    32,   92000000,   27299170,        0,  -64700830,          0
 11306,    33,   92000000,   24216135,        0,  -67783865,          0
 11306,    34,   92000000,   24253705,        0,  -67746295,          0
 11306,    35,   92000000,   26350592,        0,  -65649408,          0
 11306,    36,   92000000,   24204218,        0,  -67795782,          0
 11306,    37,   92000000,   24195750,        0,  -67804250,          0
 11306,    38,   92000000,   24498682,        0,  -67501318,          0
 11306,    39,   92000000,   24280998,        0,  -67719002,          0
 11306,    40,   92000000,   24216692,        0,  -67783308,          0
 11306,    41,   92000000,   24285510,        0,  -67714490,          0
 11306,    42,   92000000,   24506492,        0,  -67493508,          0
 11306,    43,   92000000,   24225436,        0,  -67774564,          0
 11306,    44,   92000000,   24205899,        0,  -67794101,          0
 11306,    45,   92000000,   24241865,        0,  -67758135,          0
 11306,    46,   92000000,   37717061,        0,  -54282939,          0
 11306,    47,   92000000,   24216738,        0,  -67783262,          0
 11306,    48,   92000000,   24207068,        0,  -67792932,          0
 11306,    49,   92000000,   24218457,        0,  -67781543,          0
 11306,    50,   92000000,   24202433,        0,  -67797567,          0
 11306,    51,   92000000,   24202360,        0,  -67797640,          0
 11306,    52,   92000000,   24235347,        0,  -67764653,          0
 11306,    53,   92000000,   28169436,        0,  -63830564,          0
 11306,    54,   92000000,   24232630,        0,  -67767370,          0
 11306,    55,   92000000,   24241547,        0,  -67758453,          0
 11306,    56,   92000000,   24202795,        0,  -67797205,          0
 11306,    57,   92000000,   24490395,        0,  -67509605,          0
 11306,    58,   92000000,   24204302,        0,  -67795698,          0
 11306,    59,   92000000,   24231727,        0,  -67768273,          0
 11306,    60,   92000000,   26921878,        0,  -65078122,          0
 11306,    61,   92000000,   40807368,        0,  -51192632,          0
 11306,    62,   92000000,   24207529,        0,  -67792471,          0
 11306,    63,   92000000,   25317516,        0,  -66682484,          0
 11306,    64,   92000000,   24224959,        0,  -67775041,          0
 11306,    65,   92000000,   24505014,        0,  -67494986,          0
 11306,    66,   92000000,   24236132,        0,  -67763868,          0
 11306,    67,   92000000,   24219612,        0,  -67780388,          0
 11306,    68,   92000000,   24226162,        0,  -67773838,          0
 11306,    69,   92000000,   24272230,        0,  -67727770,          0
 11306,    70,   92000000,   24210415,        0,  -67789585,          0
 11306,    71,   92000000,   24211041,        0,  -67788959,          0
 11306,    72,   92000000,   24498115,        0,  -67501885,          0
 11306,    73,   92000000,   24248569,        0,  -67751431,          0
 11306,    74,   92000000,   24229189,        0,  -67770811,          0
 11306,    75,   92000000,   24260692,        0,  -67739308,          0
 11306,    76,   92000000,   24499207,        0,  -67500793,          0
 11306,    77,   92000000,   24543432,        0,  -67456568,          0
 11306,    78,   92000000,   24206216,        0,  -67793784,          0
 11306,    79,   92000000,   24241905,        0,  -67758095,          0
 11306,    80,   92000000,   24496682,        0,  -67503318,          0
 11306,    81,   92000000,   24241896,        0,  -67758104,          0
 11306,    82,   92000000,   24220381,        0,  -67779619,          0
 11306,    83,   92000000,   24256928,        0,  -67743072,          0
 11306,    84,   92000000,   24544382,        0,  -67455618,          0
 11306,    85,   92000000,   24236894,        0,  -67763106,          0
 11306,    86,   92000000,   24238685,        0,  -67761315,          0
 11306,    87,   92000000,   24226412,        0,  -67773588,          0
 11306,    88,   92000000,   24285525,        0,  -67714475,          0
 11306,    89,   92000000,   24238696,        0,  -67761304,          0
 11306,    90,   92000000,   24209457,        0,  -67790543,          0
 11306,    91,   92000000,   24495847,        0,  -67504153,          0
 11306,    92,   92000000,   24289484,        0,  -67710516,          0
 11306,    93,   92000000,   39382879,        0,  -52617121,          0
 11306,    94,   92000000,   24226643,        0,  -67773357,          0
 11306,    95,   92000000,   24563400,        0,  -67436600,          0
 11306,    96,   92000000,   24211416,        0,  -67788584,          0
 11306,    97,   92000000,   24240967,        0,  -67759033,          0
 11306,    98,   92000000,   24234127,        0,  -67765873,          0
 11306,    99,   92000000,   24499094,        0,  -67500906,          0
 11306,   100,   92000000,   24240312,        0,  -67759688,          0
 11306,   101,   92000000,   24221526,        0,  -67778474,          0
 11306,   102,   92000000,   24204720,        0,  -67795280,          0
 11306,   103,   92000000,   31539472,        0,  -60460528,          0
 11306,   104,   92000000,   24205759,        0,  -67794241,          0
 11306,   105,   92000000,   24323502,        0,  -67676498,          0
 11306,   106,   92000000,   24293724,        0,  -67706276,          0
 11306,   107,   92000000,   24215574,        0,  -67784426,          0
 11306,   108,   92000000,   24981584,        0,  -67018416,          0
 11306,   109,   92000000,   24268613,        0,  -67731387,          0
 11306,   110,   92000000,   45534658,        0,  -46465342,          0
 11306,   111,   92000000,   24218524,        0,  -67781476,          0
 11306,   112,   92000000,   24319758,        0,  -67680242,          0
# task NAME=myapp PID=11309 COST=11273000 PERIOD=38000000 CPU=0
 11309,     2,   38000000,       8857,        0,  -37991143,          0
 11309,     3,   38000000,      80193,        0,  -37919807,          0
 11309,     4,   38000000,   11076046,        0,  -26923954,          0
 11309,     5,   38000000,   38485744,        1,     485744,     485744
 11309,     6,   38000000,   11518257,        0,  -26481743,          0
 11309,     7,   38000000,   11048955,        0,  -26951045,          0
 11309,     8,   38000000,   11076379,        0,  -26923621,          0
 11309,     9,   38000000,   36422704,        0,   -1577296,          0
 11309,    10,   38000000,   13129746,        0,  -24870254,          0
 11309,    11,   38000000,   11064273,        0,  -26935727,          0
 11309,    12,   38000000,   11335050,        0,  -26664950,          0
 11309,    13,   38000000,   11059201,        0,  -26940799,          0
 11309,    14,   38000000,   11045884,        0,  -26954116,          0
 11309,    15,   38000000,   11071512,        0,  -26928488,          0
 11309,    16,   38000000,   11050789,        0,  -26949211,          0
 11309,    17,   38000000,   11044042,        0,  -26955958,          0
 11309,    18,   38000000,   11078979,        0,  -26921021,          0
 11309,    19,   38000000,   11083848,        0,  -26916152,          0
 11309,    20,   38000000,   16043662,        0,  -21956338,          0
 11309,    21,   38000000,   11053084,        0,  -26946916,          0
 11309,    22,   38000000,   11363120,        0,  -26636880,          0
 11309,    23,   38000000,   11059891,        0,  -26940109,          0
 11309,    24,   38000000,   11059472,        0,  -26940528,          0
 11309,    25,   38000000,   14427241,        0,  -23572759,          0
 11309,    26,   38000000,   11066099,        0,  -26933901,          0
 11309,    27,   38000000,   11054082,        0,  -26945918,          0
 11309,    28,   38000000,   11079414,        0,  -26920586,          0
 11309,    29,   38000000,   11062978,        0,  -26937022,          0
 11309,    30,   38000000,   11050506,        0,  -26949494,          0
 11309,    31,   38000000,   11044018,        0,  -26955982,          0
 11309,    32,   38000000,   11095763,        0,  -26904237,          0
 11309,    33,   38000000,   11051319,        0,  -26948681,          0
 11309,    34,   38000000,   11034164,        0,  -26965836,          0
 11309,    35,   38000000,   11334559,        0,  -26665441,          0
 11309,    36,   38000000,   11056719,        0,  -26943281,          0
 11309,    37,   38000000,   13466163,        0,  -24533837,          0
 11309,    38,   38000000,   11081260,        0,  -26918740,          0
 11309,    39,   38000000,   11085784,        0,  -26914216,          0
 11309,    40,   38000000,   11060990,        0,  -26939010,          0
 11309,    41,   38000000,   11056044,        0,  -26943956,          0
 11309,    42,   38000000,   11065259,        0,  -26934741,          0
 11309,    43,   38000000,   11084615,        0,  -26915385,          0
 11309,    44,   38000000,   11076130,        0,  -26923870,          0
 11309,    45,   38000000,   11339064,        0,  -26660936,          0
 11309,    46,   38000000,   11065290,        0,  -26934710,          0
 11309,    47,   38000000,   11057685,        0,  -26942315,          0
 11309,    48,   38000000,   11060800,        0,  -26939200,          0
 11309,    49,   38000000,   11106390,        0,  -26893610,          0
 11309,    50,   38000000,   11049438,        0,  -26950562,          0
 11309,    51,   38000000,   11066040,        0,  -26933960,          0
 11309,    52,   38000000,   11082891,        0,  -26917109,          0
 11309,    53,   38000000,   11077051,        0,  -26922949,          0
 11309,    54,   38000000,   11078979,        0,  -26921021,          0
 11309,    55,   38000000,   11058398,        0,  -26941602,          0
 11309,    56,   38000000,   11080520,        0,  -26919480,          0
 11309,    57,   38000000,   11048575,        0,  -26951425,          0
 11309,    58,   38000000,   11361961,        0,  -26638039,          0
 11309,    59,   38000000,   14044875,        0,  -23955125,          0
 11309,    60,   38000000,   11076795,        0,  -26923205,          0
 11309,    61,   38000000,   11065899,        0,  -26934101,          0
 11309,    62,   38000000,   15880042,        0,  -22119958,          0
 11309,    63,   38000000,   11090567,        0,  -26909433,          0
 11309,    64,   38000000,   11062656,        0,  -26937344,          0
 11309,    65,   38000000,   11051613,        0,  -26948387,          0
 11309,    66,   38000000,   11128945,        0,  -26871055,          0
 11309,    67,   38000000,   11056855,        0,  -26943145,          0
 11309,    68,   38000000,   11407700,        0,  -26592300,          0
 11309,    69,   38000000,   11055809,        0,  -26944191,          0
 11309,    70,   38000000,   11046830,        0,  -26953170,          0
 11309,    71,   38000000,   11071714,        0,  -26928286,          0
 11309,    72,   38000000,   11066139,        0,  -26933861,          0
 11309,    73,   38000000,   11050367,        0,  -26949633,          0
 11309,    74,   38000000,   11062060,        0,  -26937940,          0
 11309,    75,   38000000,   11071155,        0,  -26928845,          0
 11309,    76,   38000000,   11069551,        0,  -26930449,          0
 11309,    77,   38000000,   11054802,        0,  -26945198,          0
 11309,    78,   38000000,   11349513,        0,  -26650487,          0
 11309,    79,   38000000,   11048496,        0,  -26951504,          0
 11309,    80,   38000000,   22220933,        0,  -15779067,          0
 11309,    81,   38000000,   11053401,        0,  -26946599,          0
 11309,    82,   38000000,   20039785,        0,  -17960215,          0
 11309,    83,   38000000,   11074785,        0,  -26925215,          0
 11309,    84,   38000000,   11132261,        0,  -26867739,          0
 11309,    85,   38000000,   11060771,        0,  -26939229,          0
 11309,    86,   38000000,   11064329,        0,  -26935671,          0
 11309,    87,   38000000,   11070453,        0,  -26929547,          0
 11309,    88,   38000000,   12464390,        0,  -25535610,          0
 11309,    89,   38000000,   11066270,        0,  -26933730,          0
 11309,    90,   38000000,   14550985,        0,  -23449015,          0
 11309,    91,   38000000,   11333824,        0,  -26666176,          0
 11309,    92,   38000000,   11075916,        0,  -26924084,          0
 11309,    93,   38000000,   11056622,        0,  -26943378,          0
 11309,    94,   38000000,   11105075,        0,  -26894925,          0
 11309,    95,   38000000,   11060893,        0,  -26939107,          0
 11309,    96,   38000000,   11043866,        0,  -26956134,          0
 11309,    97,   38000000,   11101539,        0,  -26898461,          0
 11309,    98,   38000000,   11062001,        0,  -26937999,          0
 11309,    99,   38000000,   14130485,        0,  -23869515,          0
 11309,   100,   38000000,   11083555,        0,  -26916445,          0
 11309,   101,   38000000,   11332989,        0,  -26667011,          0
 11309,   102,   38000000,   11063517,        0,  -26936483,          0
 11309,   103,   38000000,   11075447,        0,  -26924553,          0
 11309,   104,   38000000,   11099480,        0,  -26900520,          0
 11309,   105,   38000000,   11067776,        0,  -26932224,          0
 11309,   106,   38000000,   11100868,        0,  -26899132,          0
 11309,   107,   38000000,   11059359,        0,  -26940641,          0
 11309,   108,   38000000,   11045227,        0,  -26954773,          0
 11309,   109,   38000000,   11075003,        0,  -26924997,          0
 11309,   110,   38000000,   11069436,        0,  -26930564,          0
 11309,   111,   38000000,   11060837,        0,  -26939163,          0
 11309,   112,   38000000,   11085194,        0,  -26914806,          0
 11309,   113,   38000000,   11074543,        0,  -26925457,          0
 11309,   114,   38000000,   11326811,        0,  -26673189,          0
 11309,   115,   38000000,   11052970,        0,  -26947030,          0
 11309,   116,   38000000,   11064383,        0,  -26935617,          0
 11309,   117,   38000000,   11075954,        0,  -26924046,          0
 11309,   118,   38000000,   11062115,        0,  -26937885,          0
 11309,   119,   38000000,   11138148,        0,  -26861852,          0
 11309,   120,   38000000,   11068943,        0,  -26931057,          0
 11309,   121,   38000000,   11096803,        0,  -26903197,          0
 11309,   122,   38000000,   11096123,        0,  -26903877,          0
 11309,   123,   38000000,   11082883,        0,  -26917117,          0
 11309,   124,   38000000,   11470285,        0,  -26529715,          0
 11309,   125,   38000000,   11075974,        0,  -26924026,          0
 11309,   126,   38000000,   11066122,        0,  -26933878,          0
 11309,   127,   38000000,   11061711,        0,  -26938289,          0
 11309,   128,   38000000,   11056410,        0,  -26943590,          0
 11309,   129,   38000000,   16093963,        0,  -21906037,          0
 11309,   130,   38000000,   11054827,        0,  -26945173,          0
 11309,   131,   38000000,   11082040,        0,  -26917960,          0
 11309,   132,   38000000,   13069660,        0,  -24930340,          0
 11309,   133,   38000000,   11080762,        0,  -26919238,          0
 11309,   134,   38000000,   11049872,        0,  -26950128,          0
 11309,   135,   38000000,   13798322,        0,  -24201678,          0
 11309,   136,   38000000,   11072726,        0,  -26927274,          0
 11309,   137,   38000000,   11359843,        0,  -26640157,          0
 11309,   138,   38000000,   15180829,        0,  -22819171,          0
 11309,   139,   38000000,   11083705,        0,  -26916295,          0
 11309,   140,   38000000,   13121452,        0,  -24878548,          0
 11309,   141,   38000000,   11092158,        0,  -26907842,          0
 11309,   142,   38000000,   11068403,        0,  -26931597,          0
 11309,   143,   38000000,   11078230,        0,  -26921770,          0
 11309,   144,   38000000,   11938263,        0,  -26061737,          0
 11309,   145,   38000000,   11143713,        0,  -26856287,          0
 11309,   146,   38000000,   11059129,        0,  -26940871,          0
 11309,   147,   38000000,   11332556,        0,  -26667444,          0
 11309,   148,   38000000,   11086530,        0,  -26913470,          0
 11309,   149,   38000000,   11109099,        0,  -26890901,          0
 11309,   150,   38000000,   11104127,        0,  -26895873,          0
 11309,   151,   38000000,   11069650,        0,  -26930350,          0
 11309,   152,   38000000,   11062791,        0,  -26937209,          0
 11309,   153,   38000000,   11090946,        0,  -26909054,          0
 11309,   154,   38000000,   11058093,        0,  -26941907,          0
 11309,   155,   38000000,   11093301,        0,  -26906699,          0
 11309,   156,   38000000,   11053514,        0,  -26946486,          0
 11309,   157,   38000000,   11069445,        0,  -26930555,          0
 11309,   158,   38000000,   11074775,        0,  -26925225,          0
 11309,   159,   38000000,   13097985,        0,  -24902015,          0
 11309,   160,   38000000,   11327709,        0,  -26672291,          0
 11309,   161,   38000000,   11086697,        0,  -26913303,          0
 11309,   162,   38000000,   11059706,        0,  -26940294,          0
 11309,   163,   38000000,   11083675,        0,  -26916325,          0
 11309,   164,   38000000,   16903508,        0,  -21096492,          0
 11309,   165,   38000000,   11065390,        0,  -26934610,          0
 11309,   166,   38000000,   11062104,        0,  -26937896,          0
 11309,   167,   38000000,   11053515,        0,  -26946485,          0
 11309,   168,   38000000,   11086397,        0,  -26913603,          0
 11309,   169,   38000000,   11083213,        0,  -26916787,          0
 11309,   170,   38000000,   11331283,        0,  -26668717,          0
 11309,   171,   38000000,   11056204,        0,  -26943796,          0
 11309,   172,   38000000,   11047463,        0,  -26952537,          0
 11309,   173,   38000000,   11045852,        0,  -26954148,          0
 11309,   174,   38000000,   11090585,        0,  -26909415,          0
 11309,   175,   38000000,   11086651,        0,  -26913349,          0
 11309,   176,   38000000,   11056384,        0,  -26943616,          0
 11309,   177,   38000000,   11059652,        0,  -26940348,          0
 11309,   178,   38000000,   11059705,        0,  -26940295,          0
 11309,   179,   38000000,   11060663,        0,  -26939337,          0
 11309,   180,   38000000,   11105239,        0,  -26894761,          0
 11309,   181,   38000000,   11097324,        0,  -26902676,          0
 11309,   182,   38000000,   11076596,        0,  -26923404,          0
 11309,   183,   38000000,   11341837,        0,  -26658163,          0
 11309,   184,   38000000,   11076760,        0,  -26923240,          0
 11309,   185,   38000000,   11094247,        0,  -26905753,          0
 11309,   186,   38000000,   11087633,        0,  -26912367,          0
 11309,   187,   38000000,   11050652,        0,  -26949348,          0
 11309,   188,   38000000,   15294084,        0,  -22705916,          0
 11309,   189,   38000000,   11111105,        0,  -26888895,          0
 11309,   190,   38000000,   13718860,        0,  -24281140,          0
 11309,   191,   38000000,   11062008,        0,  -26937992,          0
 11309,   192,   38000000,   11082761,        0,  -26917239,          0
 11309,   193,   38000000,   11369816,        0,  -26630184,          0
 11309,   194,   38000000,   11076820,        0,  -26923180,          0
 11309,   195,   38000000,   11051040,        0,  -26948960,          0
 11309,   196,   38000000,   11034753,        0,  -26965247,          0
 11309,   197,   38000000,   11077313,        0,  -26922687,          0
 11309,   198,   38000000,   11133562,        0,  -26866438,          0
 11309,   199,   38000000,   14733650,        0,  -23266350,          0
 11309,   200,   38000000,   11051025,        0,  -26948975,          0
 11309,   201,   38000000,   11063488,        0,  -26936512,          0
 11309,   202,   38000000,   11068167,        0,  -26931833,          0
 11309,   203,   38000000,   11333229,        0,  -26666771,          0
 11309,   204,   38000000,   11140899,        0,  -26859101,          0
 11309,   205,   38000000,   11044238,        0,  -26955762,          0
 11309,   206,   38000000,   11050329,        0,  -26949671,          0
 11309,   207,   38000000,   11062645,        0,  -26937355,          0
 11309,   208,   38000000,   11072182,        0,  -26927818,          0
 11309,   209,   38000000,   11086187,        0,  -26913813,          0
 11309,   210,   38000000,   11080503,        0,  -26919497,          0
 11309,   211,   38000000,   11087912,        0,  -26912088,          0
 11309,   212,   38000000,   11056715,        0,  -26943285,          0
 11309,   213,   38000000,   11083847,        0,  -26916153,          0
 11309,   214,   38000000,   11090786,        0,  -26909214,          0
 11309,   215,   38000000,   11075599,        0,  -26924401,          0
 11309,   216,   38000000,   11348236,        0,  -26651764,          0
 11309,   217,   38000000,   11043508,        0,  -26956492,          0
 11309,   218,   38000000,   15371048,        0,  -22628952,          0
 11309,   219,   38000000,   11056694,        0,  -26943306,          0
 11309,   220,   38000000,   11061024,        0,  -26938976,          0
 11309,   221,   38000000,   32416680,        0,   -5583320,          0
 11309,   222,   38000000,   11675799,        0,  -26324201,          0
 11309,   223,   38000000,   11055953,        0,  -26944047,          0
 11309,   224,   38000000,   11139570,        0,  -26860430,          0
 11309,   225,   38000000,   11061860,        0,  -26938140,          0
 11309,   226,   38000000,   14955177,        0,  -23044823,          0
 11309,   227,   38000000,   11099842,        0,  -26900158,          0
 11309,   228,   38000000,   11101503,        0,  -26898497,          0
 11309,   229,   38000000,   11045985,        0,  -26954015,          0
 11309,   230,   38000000,   11046524,        0,  -26953476,          0
 11309,   231,   38000000,   11066387,        0,  -26933613,          0
 11309,   232,   38000000,   11079646,        0,  -26920354,          0
 11309,   233,   38000000,   11060438,        0,  -26939562,          0
 11309,   234,   38000000,   11089516,        0,  -26910484,          0
 11309,   235,   38000000,   11050485,        0,  -26949515,          0
 11309,   236,   38000000,   11065699,        0,  -26934301,          0
 11309,   237,   38000000,   11060498,        0,  -26939502,          0
 11309,   238,   38000000,   11083065,        0,  -26916935,          0
 11309,   239,   38000000,   11329311,        0,  -26670689,          0
 11309,   240,   38000000,   16035311,        0,  -21964689,          0
 11309,   241,   38000000,   11049384,        0,  -26950616,          0
 11309,   242,   38000000,   11064195,        0,  -26935805,          0
 11309,   243,   38000000,   17831354,        0,  -20168646,          0
 11309,   244,   38000000,   11057701,        0,  -26942299,          0
 11309,   245,   38000000,   11057576,        0,  -26942424,          0
 11309,   246,   38000000,   11075031,        0,  -26924969,          0
 11309,   247,   38000000,   11078850,        0,  -26921150,          0
 11309,   248,   38000000,   11087261,        0,  -26912739,          0
 11309,   249,   38000000,   11351464,        0,  -26648536,          0
 11309,   250,   38000000,   18556260,        0,  -19443740,          0
 11309,   251,   38000000,   11050569,        0,  -26949431,          0
 11309,   252,   38000000,   11050199,        0,  -26949801,          0
 11309,   253,   38000000,   11121018,        0,  -26878982,          0
 11309,   254,   38000000,   11056034,        0,  -26943966,          0
 11309,   255,   38000000,   11054444,        0,  -26945556,          0
 11309,   256,   38000000,   11071422,        0,  -26928578,          0
 11309,   257,   38000000,   11073375,        0,  -26926625,          0
 11309,   258,   38000000,   11055682,        0,  -26944318,          0
 11309,   259,   38000000,   11052334,        0,  -26947666,          0
 11309,   260,   38000000,   12329304,        0,  -25670696,          0
 11309,   261,   38000000,   11067471,        0,  -26932529,          0
 11309,   262,   38000000,   23697333,        0,  -14302667,          0
 11309,   263,   38000000,   12104830,        0,  -25895170,          0
 11309,   264,   38000000,   11085942,        0,  -26914058,          0
 11309,   265,   38000000,   11113403,        0,  -26886597,          0
 11309,   266,   38000000,   11066158,        0,  -26933842,          0
 11309,   267,   38000000,   11101556,        0,  -26898444,          0
# task NAME=myapp PID=11313 COST=20786000 PERIOD=91000000 CPU=0
 11313,     2,   91000000,      15780,        0,  -90984220,          0
 11313,     3,   91000000,      97252,        0,  -90902748,          0
 11313,     4,   91000000,   30805847,        0,  -60194153,          0
 11313,     5,   91000000,   20374681,        0,  -70625319,          0
 11313,     6,   91000000,   26497682,        0,  -64502318,          0
 11313,     7,   91000000,   20363463,        0,  -70636537,          0
 11313,     8,   91000000,   20373367,        0,  -70626633,          0
 11313,     9,   91000000,   20382061,        0,  -70617939,          0
 11313,    10,   91000000,   20354855,        0,  -70645145,          0
 11313,    11,   91000000,   23633511,        0,  -67366489,          0
 11313,    12,   91000000,   20373606,        0,  -70626394,          0
 11313,    13,   91000000,   20355432,        0,  -70644568,          0
 11313,    14,   91000000,   20395793,        0,  -70604207,          0
 11313,    15,   91000000,   20637344,        0,  -70362656,          0
 11313,    16,   91000000,   20358421,        0,  -70641579,          0
 11313,    17,   91000000,   20390733,        0,  -70609267,          0
 11313,    18,   91000000,   20367875,        0,  -70632125,          0
 11313,    19,   91000000,   20652447,        0,  -70347553,          0
 11313,    20,   91000000,   20403257,        0,  -70596743,          0
 11313,    21,   91000000,   20374754,        0,  -70625246,          0
 11313,    22,   91000000,   20341771,        0,  -70658229,          0
 11313,    23,   91000000,   20366934,        0,  -70633066,          0
 11313,    24,   91000000,   20380325,        0,  -70619675,          0
 11313,    25,   91000000,   20406458,        0,  -70593542,          0
 11313,    26,   91000000,   20657930,        0,  -70342070,          0
 11313,    27,   91000000,   20360002,        0,  -70639998,          0
 11313,    28,   91000000,   20404151,        0,  -70595849,          0
 11313,    29,   91000000,   20400260,        0,  -70599740,          0
 11313,    30,   91000000,   20679414,        0,  -70320586,          0
 11313,    31,   91000000,   20467128,        0,  -70532872,          0
 11313,    32,   91000000,   20377299,        0,  -70622701,          0
 11313,    33,   91000000,   20375474,        0,  -70624526,          0
 11313,    34,   91000000,   20379258,        0,  -70620742,          0
 11313,    35,   91000000,   20355853,        0,  -70644147,          0
 11313,    36,   91000000,   27044070,        0,  -63955930,          0
 11313,    37,   91000000,   30159971,        0,  -60840029,          0
 11313,    38,   91000000,   20368132,        0,  -70631868,          0
 11313,    39,   91000000,   20357803,        0,  -70642197,          0
 11313,    40,   91000000,   20344679,        0,  -70655321,          0
 11313,    41,   91000000,   20699678,        0,  -70300322,          0
 11313,    42,   91000000,   20408323,        0,  -70591677,          0
 11313,    43,   91000000,   20377118,        0,  -70622882,          0
 11313,    44,   91000000,   20363771,        0,  -70636229,          0
 11313,    45,   91000000,   20440932,        0,  -70559068,          0
 11313,    46,   91000000,   20410726,        0,  -70589274,          0
 11313,    47,   91000000,   20350992,        0,  -70649008,          0
 11313,    48,   91000000,   20639505,        0,  -70360495,          0
 11313,    49,   91000000,   20341973,        0,  -70658027,          0
 11313,    50,   91000000,   20354643,        0,  -70645357,          0
 11313,    51,   91000000,   20369738,        0,  -70630262,          0
 11313,    52,   91000000,   20634107,        0,  -70365893,          0
 11313,    53,   91000000,   20357067,        0,  -70642933,          0
 11313,    54,   91000000,   20367002,        0,  -70632998,          0
 11313,    55,   91000000,   20339712,        0,  -70660288,          0
 11313,    56,   91000000,   20383928,        0,  -70616072,          0
 11313,    57,   91000000,   20369371,        0,  -70630629,          0
 11313,    58,   91000000,   26375059,        0,  -64624941,          0
 11313,    59,   91000000,   20674726,        0,  -70325274,          0
 11313,    60,   91000000,   20341602,        0,  -70658398,          0
 11313,    61,   91000000,   20356759,        0,  -70643241,          0
 11313,    62,   91000000,   21382331,        0,  -69617669,          0
 11313,    63,   91000000,   20631638,        0,  -70368362,          0
 11313,    64,   91000000,   22507135,        0,  -68492865,          0
 11313,    65,   91000000,   31768656,        0,  -59231344,          0
 11313,    66,   91000000,   20380965,        0,  -70619035,          0
 11313,    67,   91000000,   20418473,        0,  -70581527,          0
 11313,    68,   91000000,   20350862,        0,  -70649138,          0
 11313,    69,   91000000,   20373218,        0,  -70626782,          0
 11313,    70,   91000000,   20706725,        0,  -70293275,          0
 11313,    71,   91000000,   20364650,        0,  -70635350,          0
 11313,    72,   91000000,   20386421,        0,  -70613579,          0
 11313,    73,   91000000,   20516706,        0,  -70483294,          0
 11313,    74,   91000000,   20649883,        0,  -70350117,          0
 11313,    75,   91000000,   20383227,        0,  -70616773,          0
 11313,    76,   91000000,   20397865,        0,  -70602135,          0
 11313,    77,   91000000,   20383614,        0,  -70616386,          0
 11313,    78,   91000000,   20406386,        0,  -70593614,          0
 11313,    79,   91000000,   20597750,        0,  -70402250,          0
 11313,    80,   91000000,   30439204,        0,  -60560796,          0
 11313,    81,   91000000,   26532841,        0,  -64467159,          0
 11313,    82,   91000000,   24441579,        0,  -66558421,          0
 11313,    83,   91000000,   20385600,        0,  -70614400,          0
 11313,    84,   91000000,   20353479,        0,  -70646521,          0
 11313,    85,   91000000,   20656332,        0,  -70343668,          0
 11313,    86,   91000000,   24949733,        0,  -66050267,          0
 11313,    87,   91000000,   20371498,        0,  -70628502,          0
 11313,    88,   91000000,   20357336,        0,  -70642664,          0
 11313,    89,   91000000,   20376045,        0,  -70623955,          0
 11313,    90,   91000000,   20386529,        0,  -70613471,          0
 11313,    91,   91000000,   20419557,        0,  -70580443,          0
 11313,    92,   91000000,   20634394,        0,  -70365606,          0
 11313,    93,   91000000,   20401775,        0,  -70598225,          0
 11313,    94,   91000000,   33691740,        0,  -57308260,          0
 11313,    95,   91000000,   20362179,        0,  -70637821,          0
 11313,    96,   91000000,   20647827,        0,  -70352173,          0
 11313,    97,   91000000,   20386684,        0,  -70613316,          0
 11313,    98,   91000000,   20379849,        0,  -70620151,          0
 11313,    99,   91000000,   20390447,        0,  -70609553,          0
 11313,   100,   91000000,   20400256,        0,  -70599744,          0
 11313,   101,   91000000,   20372826,        0,  -70627174,          0
 11313,   102,   91000000,   22066903,        0,  -68933097,          0
 11313,   103,   91000000,   20643956,        0,  -70356044,          0
 11313,   104,   91000000,   20365724,        0,  -70634276,          0
 11313,   105,   91000000,   20393927,        0,  -70606073,          0
 11313,   106,   91000000,   20366473,        0,  -70633527,          0
 11313,   107,   91000000,   20661139,        0,  -70338861,          0
 11313,   108,   91000000,   20358031,        0,  -70641969,          0
 11313,   109,   91000000,   20368236,        0,  -70631764,          0
 11313,   110,   91000000,   20394905,        0,  -70605095,          0
 11313,   111,   91000000,   20454634,        0,  -70545366,          0
 11313,   112,   91000000,   20379932,        0,  -70620068,          0
 11313,   113,   91000000,   20383632,        0,  -70616368,          0
