# Task,   Job,     Period,   Response, DL Miss?,   Lateness,  Tardiness
# task NAME=myapp PID=8126 COST=9390000 PERIOD=50000000 CPU=0
  8126,     2,   50000000,      33047,        0,  -49966953,          0
  8126,     3,   50000000,     104485,        0,  -49895515,          0
  8126,     4,   50000000,   13042037,        0,  -36957963,          0
  8126,     5,   50000000,   12663001,        0,  -37336999,          0
  8126,     6,   50000000,   12991450,        0,  -37008550,          0
  8126,     7,   50000000,   14996505,        0,  -35003495,          0
  8126,     8,   50000000,   13393376,        0,  -36606624,          0
  8126,     9,   50000000,   15107948,        0,  -34892052,          0
  8126,    10,   50000000,   13061425,        0,  -36938575,          0
  8126,    11,   50000000,   14994865,        0,  -35005135,          0
  8126,    12,   50000000,   12999657,        0,  -37000343,          0
  8126,    13,   50000000,   12996003,        0,  -37003997,          0
  8126,    14,   50000000,   13088269,        0,  -36911731,          0
  8126,    15,   50000000,   12918818,        0,  -37081182,          0
  8126,    16,   50000000,   13106136,        0,  -36893864,          0
  8126,    17,   50000000,   15094800,        0,  -34905200,          0
  8126,    18,   50000000,   12819178,        0,  -37180822,          0
  8126,    19,   50000000,   15541975,        0,  -34458025,          0
  8126,    20,   50000000,   13101878,        0,  -36898122,          0
  8126,    21,   50000000,   13047135,        0,  -36952865,          0
  8126,    22,   50000000,   12732365,        0,  -37267635,          0
  8126,    23,   50000000,   12581662,        0,  -37418338,          0
  8126,    24,   50000000,   13089005,        0,  -36910995,          0
  8126,    25,   50000000,   12572065,        0,  -37427935,          0
  8126,    26,   50000000,   13451844,        0,  -36548156,          0
  8126,    27,   50000000,   15596281,        0,  -34403719,          0
  8126,    28,   50000000,   13178774,        0,  -36821226,          0
  8126,    29,   50000000,   15038173,        0,  -34961827,          0
  8126,    30,   50000000,   13072893,        0,  -36927107,          0
  8126,    31,   50000000,   14725137,        0,  -35274863,          0
  8126,    32,   50000000,   12610498,        0,  -37389502,          0
  8126,    33,   50000000,   15022813,        0,  -34977187,          0
  8126,    34,   50000000,   14623609,        0,  -35376391,          0
  8126,    35,   50000000,   15070663,        0,  -34929337,          0
  8126,    36,   50000000,   12945691,        0,  -37054309,          0
  8126,    37,   50000000,   15040896,        0,  -34959104,          0
  8126,    38,   50000000,   12879220,        0,  -37120780,          0
  8126,    39,   50000000,   15513223,        0,  -34486777,          0
  8126,    40,   50000000,   12591206,        0,  -37408794,          0
  8126,    41,   50000000,   15064779,        0,  -34935221,          0
  8126,    42,   50000000,   12590586,        0,  -37409414,          0
  8126,    43,   50000000,   15001901,        0,  -34998099,          0
  8126,    44,   50000000,   14664970,        0,  -35335030,          0
  8126,    45,   50000000,   11804247,        0,  -38195753,          0
  8126,    46,   50000000,   14640429,        0,  -35359571,          0
  8126,    47,   50000000,   13729716,        0,  -36270284,          0
  8126,    48,   50000000,   12764438,        0,  -37235562,          0
  8126,    49,   50000000,   12849062,        0,  -37150938,          0
  8126,    50,   50000000,   12970775,        0,  -37029225,          0
  8126,    51,   50000000,   13646255,        0,  -36353745,          0
  8126,    52,   50000000,   15389268,        0,  -34610732,          0
  8126,    53,   50000000,   13409417,        0,  -36590583,          0
  8126,    54,   50000000,   13044110,        0,  -36955890,          0
  8126,    55,   50000000,   13598896,        0,  -36401104,          0
  8126,    56,   50000000,   14786941,        0,  -35213059,          0
  8126,    57,   50000000,   12914536,        0,  -37085464,          0
  8126,    58,   50000000,   14959766,        0,  -35040234,          0
  8126,    59,   50000000,   11455812,        0,  -38544188,          0
  8126,    60,   50000000,   15450431,        0,  -34549569,          0
  8126,    61,   50000000,   13020223,        0,  -36979777,          0
  8126,    62,   50000000,   14746733,        0,  -35253267,          0
  8126,    63,   50000000,   11014025,        0,  -38985975,          0
  8126,    64,   50000000,   10959274,        0,  -39040726,          0
  8126,    65,   50000000,   13020133,        0,  -36979867,          0
  8126,    66,   50000000,   12954614,        0,  -37045386,          0
  8126,    67,   50000000,   14599209,        0,  -35400791,          0
  8126,    68,   50000000,   16590157,        0,  -33409843,          0
  8126,    69,   50000000,   14580538,        0,  -35419462,          0
  8126,    70,   50000000,   12909330,        0,  -37090670,          0
  8126,    71,   50000000,   15088923,        0,  -34911077,          0
  8126,    72,   50000000,   12732750,        0,  -37267250,          0
  8126,    73,   50000000,   15048210,        0,  -34951790,          0
  8126,    74,   50000000,   16938282,        0,  -33061718,          0
  8126,    75,   50000000,   12537201,        0,  -37462799,          0
  8126,    76,   50000000,   12970972,        0,  -37029028,          0
  8126,    77,   50000000,   12644638,        0,  -37355362,          0
  8126,    78,   50000000,   10935918,        0,  -39064082,          0
  8126,    79,   50000000,   15046973,        0,  -34953027,          0
  8126,    80,   50000000,   11933604,        0,  -38066396,          0
  8126,    81,   50000000,   15040221,        0,  -34959779,          0
  8126,    82,   50000000,   12965124,        0,  -37034876,          0
  8126,    83,   50000000,   15127052,        0,  -34872948,          0
  8126,    84,   50000000,   13909552,        0,  -36090448,          0
  8126,    85,   50000000,   13028834,        0,  -36971166,          0
  8126,    86,   50000000,   13206025,        0,  -36793975,          0
  8126,    87,   50000000,   12572557,        0,  -37427443,          0
  8126,    88,   50000000,   13467612,        0,  -36532388,          0
  8126,    89,   50000000,   14990660,        0,  -35009340,          0
  8126,    90,   50000000,   13051788,        0,  -36948212,          0
  8126,    91,   50000000,   14996804,        0,  -35003196,          0
  8126,    92,   50000000,   13451618,        0,  -36548382,          0
  8126,    93,   50000000,   14589120,        0,  -35410880,          0
  8126,    94,   50000000,   13097965,        0,  -36902035,          0
  8126,    95,   50000000,   14676928,        0,  -35323072,          0
  8126,    96,   50000000,   11025253,        0,  -38974747,          0
  8126,    97,   50000000,   10948011,        0,  -39051989,          0
  8126,    98,   50000000,   13946238,        0,  -36053762,          0
  8126,    99,   50000000,   10844553,        0,  -39155447,          0
  8126,   100,   50000000,   12703530,        0,  -37296470,          0
  8126,   101,   50000000,   12598463,        0,  -37401537,          0
  8126,   102,   50000000,   12604656,        0,  -37395344,          0
  8126,   103,   50000000,   11975540,        0,  -38024460,          0
  8126,   104,   50000000,   15046200,        0,  -34953800,          0
  8126,   105,   50000000,   13701246,        0,  -36298754,          0
  8126,   106,   50000000,   15519702,        0,  -34480298,          0
  8126,   107,   50000000,   13577290,        0,  -36422710,          0
  8126,   108,   50000000,   15477339,        0,  -34522661,          0
  8126,   109,   50000000,   13934989,        0,  -36065011,          0
  8126,   110,   50000000,   14821850,        0,  -35178150,          0
  8126,   111,   50000000,   13594579,        0,  -36405421,          0
  8126,   112,   50000000,   12530442,        0,  -37469558,          0
  8126,   113,   50000000,   10936202,        0,  -39063798,          0
  8126,   114,   50000000,   11956711,        0,  -38043289,          0
  8126,   115,   50000000,   13117599,        0,  -36882401,          0
  8126,   116,   50000000,   13694544,        0,  -36305456,          0
  8126,   117,   50000000,   10991819,        0,  -39008181,          0
  8126,   118,   50000000,   13978777,        0,  -36021223,          0
  8126,   119,   50000000,   12982741,        0,  -37017259,          0
  8126,   120,   50000000,   12547451,        0,  -37452549,          0
  8126,   121,   50000000,   15200605,        0,  -34799395,          0
  8126,   122,   50000000,   15101234,        0,  -34898766,          0
  8126,   123,   50000000,   10967485,        0,  -39032515,          0
  8126,   124,   50000000,   14551981,        0,  -35448019,          0
  8126,   125,   50000000,   15042080,        0,  -34957920,          0
  8126,   126,   50000000,   12982268,        0,  -37017732,          0
  8126,   127,   50000000,   15041759,        0,  -34958241,          0
  8126,   128,   50000000,   12946554,        0,  -37053446,          0
  8126,   129,   50000000,   15236632,        0,  -34763368,          0
  8126,   130,   50000000,   13120401,        0,  -36879599,          0
  8126,   131,   50000000,   13762267,        0,  -36237733,          0
  8126,   132,   50000000,   12107699,        0,  -37892301,          0
  8126,   133,   50000000,   13612651,        0,  -36387349,          0
  8126,   134,   50000000,   15644926,        0,  -34355074,          0
  8126,   135,   50000000,   12949410,        0,  -37050590,          0
  8126,   136,   50000000,   15401406,        0,  -34598594,          0
  8126,   137,   50000000,   12979697,        0,  -37020303,          0
  8126,   138,   50000000,   12504940,        0,  -37495060,          0
  8126,   139,   50000000,   13750864,        0,  -36249136,          0
  8126,   140,   50000000,   14979365,        0,  -35020635,          0
  8126,   141,   50000000,   13441981,        0,  -36558019,          0
  8126,   142,   50000000,   12924048,        0,  -37075952,          0
  8126,   143,   50000000,   10837527,        0,  -39162473,          0
  8126,   144,   50000000,   13781391,        0,  -36218609,          0
  8126,   145,   50000000,   15083653,        0,  -34916347,          0
  8126,   146,   50000000,   14468912,        0,  -35531088,          0
  8126,   147,   50000000,   14877907,        0,  -35122093,          0
  8126,   148,   50000000,   13544543,        0,  -36455457,          0
  8126,   149,   50000000,   15411619,        0,  -34588381,          0
  8126,   150,   50000000,   16609151,        0,  -33390849,          0
  8126,   151,   50000000,   15502530,        0,  -34497470,          0
  8126,   152,   50000000,   12874774,        0,  -37125226,          0
  8126,   153,   50000000,   15458351,        0,  -34541649,          0
  8126,   154,   50000000,   13735497,        0,  -36264503,          0
  8126,   155,   50000000,   12153657,        0,  -37846343,          0
  8126,   156,   50000000,   13537368,        0,  -36462632,          0
  8126,   157,   50000000,   15588441,        0,  -34411559,          0
  8126,   158,   50000000,   13574015,        0,  -36425985,          0
  8126,   159,   50000000,   14931125,        0,  -35068875,          0
  8126,   160,   50000000,   13074746,        0,  -36925254,          0
  8126,   161,   50000000,   12107814,        0,  -37892186,          0
  8126,   162,   50000000,   13113286,        0,  -36886714,          0
  8126,   163,   50000000,   15012070,        0,  -34987930,          0
  8126,   164,   50000000,   12952665,        0,  -37047335,          0
  8126,   165,   50000000,   12837688,        0,  -37162312,          0
  8126,   166,   50000000,   13664538,        0,  -36335462,          0
  8126,   167,   50000000,   15493496,        0,  -34506504,          0
  8126,   168,   50000000,   13024421,        0,  -36975579,          0
  8126,   169,   50000000,   15045870,        0,  -34954130,          0
  8126,   170,   50000000,   12611099,        0,  -37388901,          0
  8126,   171,   50000000,   15033083,        0,  -34966917,          0
  8126,   172,   50000000,   13047636,        0,  -36952364,          0
  8126,   173,   50000000,   15539028,        0,  -34460972,          0
  8126,   174,   50000000,   11055087,        0,  -38944913,          0
  8126,   175,   50000000,   12487672,        0,  -37512328,          0
  8126,   176,   50000000,   12914362,        0,  -37085638,          0
  8126,   177,   50000000,   14926905,        0,  -35073095,          0
  8126,   178,   50000000,   13480754,        0,  -36519246,          0
  8126,   179,   50000000,   14579082,        0,  -35420918,          0
  8126,   180,   50000000,   13424581,        0,  -36575419,          0
  8126,   181,   50000000,   14993926,        0,  -35006074,          0
  8126,   182,   50000000,   12939161,        0,  -37060839,          0
  8126,   183,   50000000,   12516313,        0,  -37483687,          0
  8126,   184,   50000000,   12941533,        0,  -37058467,          0
  8126,   185,   50000000,   15499510,        0,  -34500490,          0
  8126,   186,   50000000,   13046261,        0,  -36953739,          0
  8126,   187,   50000000,   13589463,        0,  -36410537,          0
  8126,   188,   50000000,   13817582,        0,  -36182418,          0
  8126,   189,   50000000,   12972472,        0,  -37027528,          0
  8126,   190,   50000000,   15546806,        0,  -34453194,          0
  8126,   191,   50000000,   13674995,        0,  -36325005,          0
  8126,   192,   50000000,   12122463,        0,  -37877537,          0
  8126,   193,   50000000,   12834511,        0,  -37165489,          0
  8126,   194,   50000000,   12602123,        0,  -37397877,          0
  8126,   195,   50000000,   12972210,        0,  -37027790,          0
  8126,   196,   50000000,   14941440,        0,  -35058560,          0
  8126,   197,   50000000,   11012410,        0,  -38987590,          0
  8126,   198,   50000000,   13019260,        0,  -36980740,          0
  8126,   199,   50000000,   15012077,        0,  -34987923,          0
  8126,   200,   50000000,   12997584,        0,  -37002416,          0
  8126,   201,   50000000,   12915009,        0,  -37084991,          0
  8126,   202,   50000000,   12751302,        0,  -37248698,          0
  8126,   203,   50000000,   11454892,        0,  -38545108,          0
  8126,   204,   50000000,   15569781,        0,  -34430219,          0
# task NAME=myapp PID=8129 COST=11538000 PERIOD=61000000 CPU=0
  8129,     2,   61000000,      40094,        0,  -60959906,          0
  8129,     3,   61000000,      98291,        0,  -60901709,          0
  8129,     4,   61000000,   15345435,        0,  -45654565,          0
  8129,     5,   61000000,   17026662,        0,  -43973338,          0
  8129,     6,   61000000,   17723505,        0,  -43276495,          0
  8129,     7,   61000000,   17019854,        0,  -43980146,          0
  8129,     8,   61000000,   14678717,        0,  -46321283,          0
  8129,     9,   61000000,   17039333,        0,  -43960667,          0
  8129,    10,   61000000,   17319266,        0,  -43680734,          0
  8129,    11,   61000000,   19051908,        0,  -41948092,          0
  8129,    12,   61000000,   18378566,        0,  -42621434,          0
  8129,    13,   61000000,   17139689,        0,  -43860311,          0
  8129,    14,   61000000,   19845232,        0,  -41154768,          0
  8129,    15,   61000000,   18992188,        0,  -42007812,          0
  8129,    16,   61000000,   14591116,        0,  -46408884,          0
  8129,    17,   61000000,   14635219,        0,  -46364781,          0
  8129,    18,   61000000,   17546764,        0,  -43453236,          0
  8129,    19,   61000000,   16703416,        0,  -44296584,          0
  8129,    20,   61000000,   15453487,        0,  -45546513,          0
  8129,    21,   61000000,   17013051,        0,  -43986949,          0
  8129,    22,   61000000,   19604507,        0,  -41395493,          0
  8129,    23,   61000000,   16461737,        0,  -44538263,          0
  8129,    24,   61000000,   17652285,        0,  -43347715,          0
  8129,    25,   61000000,   17150495,        0,  -43849505,          0
  8129,    26,   61000000,   17115579,        0,  -43884421,          0
  8129,    27,   61000000,   18718411,        0,  -42281589,          0
  8129,    28,   61000000,   17650204,        0,  -43349796,          0
  8129,    29,   61000000,   17672987,        0,  -43327013,          0
  8129,    30,   61000000,   17627384,        0,  -43372616,          0
  8129,    31,   61000000,   16162847,        0,  -44837153,          0
  8129,    32,   61000000,   15595713,        0,  -45404287,          0
  8129,    33,   61000000,   17118157,        0,  -43881843,          0
  8129,    34,   61000000,   17640238,        0,  -43359762,          0
  8129,    35,   61000000,   19015750,        0,  -41984250,          0
  8129,    36,   61000000,   15574771,        0,  -45425229,          0
  8129,    37,   61000000,   14991905,        0,  -46008095,          0
  8129,    38,   61000000,   17603201,        0,  -43396799,          0
  8129,    39,   61000000,   19102573,        0,  -41897427,          0
  8129,    40,   61000000,   14488021,        0,  -46511979,          0
  8129,    41,   61000000,   17093547,        0,  -43906453,          0
  8129,    42,   61000000,   19585602,        0,  -41414398,          0
  8129,    43,   61000000,   16540512,        0,  -44459488,          0
  8129,    44,   61000000,   18032034,        0,  -42967966,          0
  8129,    45,   61000000,   21137352,        0,  -39862648,          0
  8129,    46,   61000000,   19640679,        0,  -41359321,          0
  8129,    47,   61000000,   19473088,        0,  -41526912,          0
  8129,    48,   61000000,   15522727,        0,  -45477273,          0
  8129,    49,   61000000,   16620024,        0,  -44379976,          0
  8129,    50,   61000000,   17142843,        0,  -43857157,          0
  8129,    51,   61000000,   16544607,        0,  -44455393,          0
  8129,    52,   61000000,   15504154,        0,  -45495846,          0
  8129,    53,   61000000,   14888303,        0,  -46111697,          0
  8129,    54,   61000000,   17477412,        0,  -43522588,          0
  8129,    55,   61000000,   17279661,        0,  -43720339,          0
  8129,    56,   61000000,   15607420,        0,  -45392580,          0
  8129,    57,   61000000,   17490261,        0,  -43509739,          0
  8129,    58,   61000000,   17924133,        0,  -43075867,          0
  8129,    59,   61000000,   19603317,        0,  -41396683,          0
  8129,    60,   61000000,   17635187,        0,  -43364813,          0
  8129,    61,   61000000,   21198953,        0,  -39801047,          0
  8129,    62,   61000000,   19581255,        0,  -41418745,          0
  8129,    63,   61000000,   16278179,        0,  -44721821,          0
  8129,    64,   61000000,   17562499,        0,  -43437501,          0
  8129,    65,   61000000,   20592064,        0,  -40407936,          0
  8129,    66,   61000000,   17019651,        0,  -43980349,          0
  8129,    67,   61000000,   16497179,        0,  -44502821,          0
  8129,    68,   61000000,   18562753,        0,  -42437247,          0
  8129,    69,   61000000,   14645551,        0,  -46354449,          0
  8129,    70,   61000000,   17524001,        0,  -43475999,          0
  8129,    71,   61000000,   16621650,        0,  -44378350,          0
  8129,    72,   61000000,   15151943,        0,  -45848057,          0
  8129,    73,   61000000,   17044615,        0,  -43955385,          0
  8129,    74,   61000000,   19848088,        0,  -41151912,          0
  8129,    75,   61000000,   18665580,        0,  -42334420,          0
  8129,    76,   61000000,   15505024,        0,  -45494976,          0
  8129,    77,   61000000,   15009756,        0,  -45990244,          0
  8129,    78,   61000000,   17321007,        0,  -43678993,          0
  8129,    79,   61000000,   17073250,        0,  -43926750,          0
  8129,    80,   61000000,   15462273,        0,  -45537727,          0
  8129,    81,   61000000,   14596101,        0,  -46403899,          0
  8129,    82,   61000000,   17160404,        0,  -43839596,          0
  8129,    83,   61000000,   18645186,        0,  -42354814,          0
  8129,    84,   61000000,   17980479,        0,  -43019521,          0
  8129,    85,   61000000,   14154409,        0,  -46845591,          0
  8129,    86,   61000000,   19854177,        0,  -41145823,          0
  8129,    87,   61000000,   16661882,        0,  -44338118,          0
  8129,    88,   61000000,   15369861,        0,  -45630139,          0
  8129,    89,   61000000,   14562247,        0,  -46437753,          0
  8129,    90,   61000000,   19572064,        0,  -41427936,          0
  8129,    91,   61000000,   19636754,        0,  -41363246,          0
  8129,    92,   61000000,   18046654,        0,  -42953346,          0
  8129,    93,   61000000,   18195274,        0,  -42804726,          0
  8129,    94,   61000000,   17782647,        0,  -43217353,          0
  8129,    95,   61000000,   19405160,        0,  -41594840,          0
  8129,    96,   61000000,   17823029,        0,  -43176971,          0
  8129,    97,   61000000,   16992475,        0,  -44007525,          0
  8129,    98,   61000000,   19576841,        0,  -41423159,          0
  8129,    99,   61000000,   18612924,        0,  -42387076,          0
  8129,   100,   61000000,   17633898,        0,  -43366102,          0
  8129,   101,   61000000,   16722491,        0,  -44277509,          0
  8129,   102,   61000000,   20408036,        0,  -40591964,          0
  8129,   103,   61000000,   18666247,        0,  -42333753,          0
  8129,   104,   61000000,   18159498,        0,  -42840502,          0
  8129,   105,   61000000,   16622772,        0,  -44377228,          0
  8129,   106,   61000000,   19649263,        0,  -41350737,          0
  8129,   107,   61000000,   17015769,        0,  -43984231,          0
  8129,   108,   61000000,   16736161,        0,  -44263839,          0
  8129,   109,   61000000,   16928061,        0,  -44071939,          0
  8129,   110,   61000000,   16050124,        0,  -44949876,          0
  8129,   111,   61000000,   14513830,        0,  -46486170,          0
  8129,   112,   61000000,   19643243,        0,  -41356757,          0
  8129,   113,   61000000,   16197472,        0,  -44802528,          0
  8129,   114,   61000000,   14519098,        0,  -46480902,          0
  8129,   115,   61000000,   15059778,        0,  -45940222,          0
  8129,   116,   61000000,   16627043,        0,  -44372957,          0
  8129,   117,   61000000,   17253814,        0,  -43746186,          0
  8129,   118,   61000000,   15592425,        0,  -45407575,          0
  8129,   119,   61000000,   14906806,        0,  -46093194,          0
  8129,   120,   61000000,   20132796,        0,  -40867204,          0
  8129,   121,   61000000,   17061875,        0,  -43938125,          0
  8129,   122,   61000000,   15618064,        0,  -45381936,          0
  8129,   123,   61000000,   17386548,        0,  -43613452,          0
  8129,   124,   61000000,   16940740,        0,  -44059260,          0
  8129,   125,   61000000,   18665802,        0,  -42334198,          0
  8129,   126,   61000000,   16026053,        0,  -44973947,          0
  8129,   127,   61000000,   14602181,        0,  -46397819,          0
  8129,   128,   61000000,   19683560,        0,  -41316440,          0
  8129,   129,   61000000,   18601984,        0,  -42398016,          0
  8129,   130,   61000000,   17749787,        0,  -43250213,          0
  8129,   131,   61000000,   17423581,        0,  -43576419,          0
  8129,   132,   61000000,   19651170,        0,  -41348830,          0
  8129,   133,   61000000,   16854297,        0,  -44145703,          0
  8129,   134,   61000000,   14895981,        0,  -46104019,          0
  8129,   135,   61000000,   14796418,        0,  -46203582,          0
  8129,   136,   61000000,   17515125,        0,  -43484875,          0
  8129,   137,   61000000,   16496289,        0,  -44503711,          0
  8129,   138,   61000000,   15832361,        0,  -45167639,          0
  8129,   139,   61000000,   17084735,        0,  -43915265,          0
  8129,   140,   61000000,   20506528,        0,  -40493472,          0
  8129,   141,   61000000,   18708318,        0,  -42291682,          0
  8129,   142,   61000000,   15560404,        0,  -45439596,          0
  8129,   143,   61000000,   17351749,        0,  -43648251,          0
  8129,   144,   61000000,   21186973,        0,  -39813027,          0
  8129,   145,   61000000,   16164673,        0,  -44835327,          0
  8129,   146,   61000000,   15614794,        0,  -45385206,          0
  8129,   147,   61000000,   15089815,        0,  -45910185,          0
  8129,   148,   61000000,   16680024,        0,  -44319976,          0
  8129,   149,   61000000,   15749514,        0,  -45250486,          0
  8129,   150,   61000000,   14744806,        0,  -46255194,          0
  8129,   151,   61000000,   16618511,        0,  -44381489,          0
  8129,   152,   61000000,   17168379,        0,  -43831621,          0
  8129,   153,   61000000,   17517095,        0,  -43482905,          0
  8129,   154,   61000000,   19715137,        0,  -41284863,          0
  8129,   155,   61000000,   16200980,        0,  -44799020,          0
  8129,   156,   61000000,   22088451,        0,  -38911549,          0
  8129,   157,   61000000,   14499800,        0,  -46500200,          0
  8129,   158,   61000000,   19626477,        0,  -41373523,          0
  8129,   159,   61000000,   18573063,        0,  -42426937,          0
  8129,   160,   61000000,   18103790,        0,  -42896210,          0
  8129,   161,   61000000,   16656098,        0,  -44343902,          0
  8129,   162,   61000000,   17529872,        0,  -43470128,          0
  8129,   163,   61000000,   18602699,        0,  -42397301,          0
  8129,   164,   61000000,   17649364,        0,  -43350636,          0
  8129,   165,   61000000,   16596006,        0,  -44403994,          0
  8129,   166,   61000000,   16674525,        0,  -44325475,          0
  8129,   167,   61000000,   19178791,        0,  -41821209,          0
# task NAME=myapp PID=8133 COST=17001000 PERIOD=81000000 CPU=0
  8133,     2,   81000000,      14938,        0,  -80985062,          0
  8133,     3,   81000000,     112463,        0,  -80887537,          0
  8133,     4,   81000000,   23407733,        0,  -57592267,          0
  8133,     5,   81000000,   25221031,        0,  -55778969,          0
  8133,     6,   81000000,   28640146,        0,  -52359854,          0
  8133,     7,   81000000,   24899209,        0,  -56100791,          0
  8133,     8,   81000000,   26423825,        0,  -54576175,          0
  8133,     9,   81000000,   24830520,        0,  -56169480,          0
  8133,    10,   81000000,   25437683,        0,  -55562317,          0
  8133,    11,   81000000,   27238517,        0,  -53761483,          0
  8133,    12,   81000000,   23888761,        0,  -57111239,          0
  8133,    13,   81000000,   25136547,        0,  -55863453,          0
  8133,    14,   81000000,   28707107,        0,  -52292893,          0
  8133,    15,   81000000,   27269227,        0,  -53730773,          0
  8133,    16,   81000000,   26149556,        0,  -54850444,          0
  8133,    17,   81000000,   25610225,        0,  -55389775,          0
  8133,    18,   81000000,   27837818,        0,  -53162182,          0
  8133,    19,   81000000,   27076942,        0,  -53923058,          0
  8133,    20,   81000000,   26349607,        0,  -54650393,          0
  8133,    21,   81000000,   25358811,        0,  -55641189,          0
  8133,    22,   81000000,   27867030,        0,  -53132970,          0
  8133,    23,   81000000,   27330719,        0,  -53669281,          0
  8133,    24,   81000000,   23798332,        0,  -57201668,          0
  8133,    25,   81000000,   26229093,        0,  -54770907,          0
  8133,    26,   81000000,   28383863,        0,  -52616137,          0
  8133,    27,   81000000,   27456019,        0,  -53543981,          0
  8133,    28,   81000000,   27355908,        0,  -53644092,          0
  8133,    29,   81000000,   25801073,        0,  -55198927,          0
  8133,    30,   81000000,   27920554,        0,  -53079446,          0
  8133,    31,   81000000,   27284164,        0,  -53715836,          0
  8133,    32,   81000000,   23175540,        0,  -57824460,          0
  8133,    33,   81000000,   22840855,        0,  -58159145,          0
  8133,    34,   81000000,   31250360,        0,  -49749640,          0
  8133,    35,   81000000,   24344156,        0,  -56655844,          0
  8133,    36,   81000000,   23034760,        0,  -57965240,          0
  8133,    37,   81000000,   25305150,        0,  -55694850,          0
  8133,    38,   81000000,   29275354,        0,  -51724646,          0
  8133,    39,   81000000,   27419999,        0,  -53580001,          0
  8133,    40,   81000000,   25728744,        0,  -55271256,          0
  8133,    41,   81000000,   25908536,        0,  -55091464,          0
  8133,    42,   81000000,   27903256,        0,  -53096744,          0
  8133,    43,   81000000,   26757077,        0,  -54242923,          0
  8133,    44,   81000000,   25848038,        0,  -55151962,          0
  8133,    45,   81000000,   22916372,        0,  -58083628,          0
  8133,    46,   81000000,   27891735,        0,  -53108265,          0
  8133,    47,   81000000,   24432268,        0,  -56567732,          0
  8133,    48,   81000000,   23900562,        0,  -57099438,          0
  8133,    49,   81000000,   23906793,        0,  -57093207,          0
  8133,    50,   81000000,   24907720,        0,  -56092280,          0
  8133,    51,   81000000,   24311445,        0,  -56688555,          0
  8133,    52,   81000000,   26298711,        0,  -54701289,          0
  8133,    53,   81000000,   26137009,        0,  -54862991,          0
  8133,    54,   81000000,   27962029,        0,  -53037971,          0
  8133,    55,   81000000,   24877817,        0,  -56122183,          0
  8133,    56,   81000000,   26143761,        0,  -54856239,          0
  8133,    57,   81000000,   25811545,        0,  -55188455,          0
  8133,    58,   81000000,   27794084,        0,  -53205916,          0
  8133,    59,   81000000,   27570257,        0,  -53429743,          0
  8133,    60,   81000000,   27425179,        0,  -53574821,          0
  8133,    61,   81000000,   24944159,        0,  -56055841,          0
  8133,    62,   81000000,   26362162,        0,  -54637838,          0
  8133,    63,   81000000,   27627172,        0,  -53372828,          0
  8133,    64,   81000000,   23020317,        0,  -57979683,          0
  8133,    65,   81000000,   24925915,        0,  -56074085,          0
  8133,    66,   81000000,   28449061,        0,  -52550939,          0
  8133,    67,   81000000,   27569879,        0,  -53430121,          0
  8133,    68,   81000000,   26392660,        0,  -54607340,          0
  8133,    69,   81000000,   25783677,        0,  -55216323,          0
  8133,    70,   81000000,   28469204,        0,  -52530796,          0
  8133,    71,   81000000,   27904867,        0,  -53095133,          0
  8133,    72,   81000000,   30239261,        0,  -50760739,          0
  8133,    73,   81000000,   28930183,        0,  -52069817,          0
  8133,    74,   81000000,   28287558,        0,  -52712442,          0
  8133,    75,   81000000,   26823319,        0,  -54176681,          0
  8133,    76,   81000000,   26316751,        0,  -54683249,          0
  8133,    77,   81000000,   26305745,        0,  -54694255,          0
  8133,    78,   81000000,   24475849,        0,  -56524151,          0
  8133,    79,   81000000,   27760393,        0,  -53239607,          0
  8133,    80,   81000000,   25882164,        0,  -55117836,          0
  8133,    81,   81000000,   26942392,        0,  -54057608,          0
  8133,    82,   81000000,   28265597,        0,  -52734403,          0
  8133,    83,   81000000,   24716690,        0,  -56283310,          0
  8133,    84,   81000000,   28682275,        0,  -52317725,          0
  8133,    85,   81000000,   28721863,        0,  -52278137,          0
  8133,    86,   81000000,   29061427,        0,  -51938573,          0
  8133,    87,   81000000,   26869038,        0,  -54130962,          0
  8133,    88,   81000000,   26461422,        0,  -54538578,          0
  8133,    89,   81000000,   26199186,        0,  -54800814,          0
  8133,    90,   81000000,   29197362,        0,  -51802638,          0
  8133,    91,   81000000,   27752766,        0,  -53247234,          0
  8133,    92,   81000000,   25715412,        0,  -55284588,          0
  8133,    93,   81000000,   26250790,        0,  -54749210,          0
  8133,    94,   81000000,   25773332,        0,  -55226668,          0
  8133,    95,   81000000,   27261876,        0,  -53738124,          0
  8133,    96,   81000000,   25814974,        0,  -55185026,          0
  8133,    97,   81000000,   24831360,        0,  -56168640,          0
  8133,    98,   81000000,   28316181,        0,  -52683819,          0
  8133,    99,   81000000,   28143397,        0,  -52856603,          0
  8133,   100,   81000000,   26853326,        0,  -54146674,          0
  8133,   101,   81000000,   25970272,        0,  -55029728,          0
  8133,   102,   81000000,   28361477,        0,  -52638523,          0
  8133,   103,   81000000,   27140045,        0,  -53859955,          0
  8133,   104,   81000000,   27437578,        0,  -53562422,          0
  8133,   105,   81000000,   25812007,        0,  -55187993,          0
  8133,   106,   81000000,   29513594,        0,  -51486406,          0
  8133,   107,   81000000,   27320078,        0,  -53679922,          0
  8133,   108,   81000000,   26477471,        0,  -54522529,          0
  8133,   109,   81000000,   25866087,        0,  -55133913,          0
  8133,   110,   81000000,   28083015,        0,  -52916985,          0
  8133,   111,   81000000,   26750255,        0,  -54249745,          0
  8133,   112,   81000000,   26333052,        0,  -54666948,          0
  8133,   113,   81000000,   25678545,        0,  -55321455,          0
  8133,   114,   81000000,   29296387,        0,  -51703613,          0
  8133,   115,   81000000,   26809072,        0,  -54190928,          0
  8133,   116,   81000000,   25683216,        0,  -55316784,          0
  8133,   117,   81000000,   28752577,        0,  -52247423,          0
  8133,   118,   81000000,   25863295,        0,  -55136705,          0
  8133,   119,   81000000,   26700290,        0,  -54299710,          0
  8133,   120,   81000000,   27183433,        0,  -53816567,          0
  8133,   121,   81000000,   26191022,        0,  -54808978,          0
  8133,   122,   81000000,   28411885,        0,  -52588115,          0
  8133,   123,   81000000,   27778917,        0,  -53221083,          0
  8133,   124,   81000000,   27688291,        0,  -53311709,          0
  8133,   125,   81000000,   26155074,        0,  -54844926,          0
  8133,   126,   81000000,   28742035,        0,  -52257965,          0
  8133,   127,   81000000,   27579170,        0,  -53420830,          0
# task NAME=myapp PID=8136 COST=15923000 PERIOD=94000000 CPU=0
  8136,     2,   94000000,       6512,        0,  -93993488,          0
  8136,     3,   94000000,     108623,        0,  -93891377,          0
  8136,     4,   94000000,   23365349,        0,  -70634651,          0
  8136,     5,   94000000,   22272191,        0,  -71727809,          0
  8136,     6,   94000000,   24222516,        0,  -69777484,          0
  8136,     7,   94000000,   22726061,        0,  -71273939,          0
  8136,     8,   94000000,   25865369,        0,  -68134631,          0
  8136,     9,   94000000,   23046674,        0,  -70953326,          0
  8136,    10,   94000000,   23544491,        0,  -70455509,          0
  8136,    11,   94000000,   25094475,        0,  -68905525,          0
  8136,    12,   94000000,   24853799,        0,  -69146201,          0
  8136,    13,   94000000,   21168138,        0,  -72831862,          0
  8136,    14,   94000000,   26762455,        0,  -67237545,          0
  8136,    15,   94000000,   22285979,        0,  -71714021,          0
  8136,    16,   94000000,   23211948,        0,  -70788052,          0
  8136,    17,   94000000,   24662792,        0,  -69337208,          0
  8136,    18,   94000000,   26638393,        0,  -67361607,          0
  8136,    19,   94000000,   22653509,        0,  -71346491,          0
  8136,    20,   94000000,   23507726,        0,  -70492274,          0
  8136,    21,   94000000,   23086882,        0,  -70913118,          0
  8136,    22,   94000000,   24218453,        0,  -69781547,          0
  8136,    23,   94000000,   24685689,        0,  -69314311,          0
  8136,    24,   94000000,   24340428,        0,  -69659572,          0
  8136,    25,   94000000,   25832665,        0,  -68167335,          0
  8136,    26,   94000000,   27716695,        0,  -66283305,          0
  8136,    27,   94000000,   24608198,        0,  -69391802,          0
  8136,    28,   94000000,   24022712,        0,  -69977288,          0
  8136,    29,   94000000,   24227411,        0,  -69772589,          0
  8136,    30,   94000000,   25889717,        0,  -68110283,          0
  8136,    31,   94000000,   24550754,        0,  -69449246,          0
  8136,    32,   94000000,   22300739,        0,  -71699261,          0
  8136,    33,   94000000,   23859806,        0,  -70140194,          0
  8136,    34,   94000000,   22703258,        0,  -71296742,          0
  8136,    35,   94000000,   27187016,        0,  -66812984,          0
  8136,    36,   94000000,   22791650,        0,  -71208350,          0
  8136,    37,   94000000,   26793822,        0,  -67206178,          0
  8136,    38,   94000000,   24780925,        0,  -69219075,          0
  8136,    39,   94000000,   23773034,        0,  -70226966,          0
  8136,    40,   94000000,   25230751,        0,  -68769249,          0
  8136,    41,   94000000,   24320166,        0,  -69679834,          0
  8136,    42,   94000000,   22461255,        0,  -71538745,          0
  8136,    43,   94000000,   24314026,        0,  -69685974,          0
  8136,    44,   94000000,   23349749,        0,  -70650251,          0
  8136,    45,   94000000,   24651187,        0,  -69348813,          0
  8136,    46,   94000000,   27190583,        0,  -66809417,          0
  8136,    47,   94000000,   22254370,        0,  -71745630,          0
  8136,    48,   94000000,   25000051,        0,  -68999949,          0
  8136,    49,   94000000,   22800959,        0,  -71199041,          0
  8136,    50,   94000000,   25397050,        0,  -68602950,          0
  8136,    51,   94000000,   25589530,        0,  -68410470,          0
  8136,    52,   94000000,   24659517,        0,  -69340483,          0
  8136,    53,   94000000,   26773758,        0,  -67226242,          0
  8136,    54,   94000000,   25185737,        0,  -68814263,          0
  8136,    55,   94000000,   23876028,        0,  -70123972,          0
  8136,    56,   94000000,   25335041,        0,  -68664959,          0
  8136,    57,   94000000,   24149860,        0,  -69850140,          0
  8136,    58,   94000000,   22616128,        0,  -71383872,          0
  8136,    59,   94000000,   23872764,        0,  -70127236,          0
  8136,    60,   94000000,   25236972,        0,  -68763028,          0
  8136,    61,   94000000,   24730341,        0,  -69269659,          0
  8136,    62,   94000000,   24947878,        0,  -69052122,          0
  8136,    63,   94000000,   24735981,        0,  -69264019,          0
  8136,    64,   94000000,   26928215,        0,  -67071785,          0
  8136,    65,   94000000,   24301858,        0,  -69698142,          0
  8136,    66,   94000000,   26103020,        0,  -67896980,          0
  8136,    67,   94000000,   23857295,        0,  -70142705,          0
  8136,    68,   94000000,   28876559,        0,  -65123441,          0
  8136,    69,   94000000,   23398452,        0,  -70601548,          0
  8136,    70,   94000000,   25188455,        0,  -68811545,          0
  8136,    71,   94000000,   23193299,        0,  -70806701,          0
  8136,    72,   94000000,   24620609,        0,  -69379391,          0
  8136,    73,   94000000,   24316586,        0,  -69683414,          0
  8136,    74,   94000000,   24584860,        0,  -69415140,          0
  8136,    75,   94000000,   26892445,        0,  -67107555,          0
  8136,    76,   94000000,   25270237,        0,  -68729763,          0
  8136,    77,   94000000,   26647047,        0,  -67352953,          0
  8136,    78,   94000000,   22872542,        0,  -71127458,          0
  8136,    79,   94000000,   27217806,        0,  -66782194,          0
  8136,    80,   94000000,   25640446,        0,  -68359554,          0
  8136,    81,   94000000,   23882166,        0,  -70117834,          0
  8136,    82,   94000000,   22439077,        0,  -71560923,          0
  8136,    83,   94000000,   23776546,        0,  -70223454,          0
  8136,    84,   94000000,   24827413,        0,  -69172587,          0
  8136,    85,   94000000,   22825482,        0,  -71174518,          0
  8136,    86,   94000000,   24953583,        0,  -69046417,          0
  8136,    87,   94000000,   25529960,        0,  -68470040,          0
  8136,    88,   94000000,   25826935,        0,  -68173065,          0
  8136,    89,   94000000,   22505762,        0,  -71494238,          0
  8136,    90,   94000000,   24280759,        0,  -69719241,          0
  8136,    91,   94000000,   24698769,        0,  -69301231,          0
  8136,    92,   94000000,   24043861,        0,  -69956139,          0
  8136,    93,   94000000,   23114832,        0,  -70885168,          0
  8136,    94,   94000000,   21972279,        0,  -72027721,          0
  8136,    95,   94000000,   21785472,        0,  -72214528,          0
  8136,    96,   94000000,   22912483,        0,  -71087517,          0
  8136,    97,   94000000,   23971134,        0,  -70028866,          0
  8136,    98,   94000000,   22267948,        0,  -71732052,          0
  8136,    99,   94000000,   27197712,        0,  -66802288,          0
  8136,   100,   94000000,   25265113,        0,  -68734887,          0
  8136,   101,   94000000,   27349050,        0,  -66650950,          0
  8136,   102,   94000000,   24652864,        0,  -69347136,          0
  8136,   103,   94000000,   26646682,        0,  -67353318,          0
  8136,   104,   94000000,   22666189,        0,  -71333811,          0
  8136,   105,   94000000,   24263175,        0,  -69736825,          0
  8136,   106,   94000000,   24622646,        0,  -69377354,          0
  8136,   107,   94000000,   24454225,        0,  -69545775,          0
  8136,   108,   94000000,   25688037,        0,  -68311963,          0
  8136,   109,   94000000,   24219358,        0,  -69780642,          0
  8136,   110,   94000000,   25236296,        0,  -68763704,          0
# task NAME=myapp PID=8142 COST=20850000 PERIOD=62000000 CPU=0
  8142,     2,   62000000,      35916,        0,  -61964084,          0
  8142,     3,   62000000,      93583,        0,  -61906417,          0
  8142,     4,   62000000,   33228569,        0,  -28771431,          0
  8142,     5,   62000000,   32982767,        0,  -29017233,          0
  8142,     6,   62000000,   30689419,        0,  -31310581,          0
  8142,     7,   62000000,   31830339,        0,  -30169661,          0
  8142,     8,   62000000,   32784602,        0,  -29215398,          0
  8142,     9,   62000000,   35039612,        0,  -26960388,          0
  8142,    10,   62000000,   30527346,        0,  -31472654,          0
  8142,    11,   62000000,   32725819,        0,  -29274181,          0
  8142,    12,   62000000,   32642253,        0,  -29357747,          0
  8142,    13,   62000000,   32651099,        0,  -29348901,          0
  8142,    14,   62000000,   30517958,        0,  -31482042,          0
  8142,    15,   62000000,   32454824,        0,  -29545176,          0
  8142,    16,   62000000,   30478608,        0,  -31521392,          0
  8142,    17,   62000000,   35314131,        0,  -26685869,          0
  8142,    18,   62000000,   29907241,        0,  -32092759,          0
  8142,    19,   62000000,   31932380,        0,  -30067620,          0
  8142,    20,   62000000,   33787252,        0,  -28212748,          0
  8142,    21,   62000000,   32491627,        0,  -29508373,          0
  8142,    22,   62000000,   33200917,        0,  -28799083,          0
  8142,    23,   62000000,   32865312,        0,  -29134688,          0
  8142,    24,   62000000,   33316586,        0,  -28683414,          0
  8142,    25,   62000000,   32553030,        0,  -29446970,          0
  8142,    26,   62000000,   30641237,        0,  -31358763,          0
  8142,    27,   62000000,   31440568,        0,  -30559432,          0
  8142,    28,   62000000,   30488895,        0,  -31511105,          0
  8142,    29,   62000000,   35044838,        0,  -26955162,          0
  8142,    30,   62000000,   33824126,        0,  -28175874,          0
  8142,    31,   62000000,   32204755,        0,  -29795245,          0
  8142,    32,   62000000,   30544049,        0,  -31455951,          0
  8142,    33,   62000000,   34966519,        0,  -27033481,          0
  8142,    34,   62000000,   33103937,        0,  -28896063,          0
  8142,    35,   62000000,   35427840,        0,  -26572160,          0
  8142,    36,   62000000,   32865405,        0,  -29134595,          0
  8142,    37,   62000000,   32352978,        0,  -29647022,          0
  8142,    38,   62000000,   30297890,        0,  -31702110,          0
  8142,    39,   62000000,   34918523,        0,  -27081477,          0
  8142,    40,   62000000,   31020755,        0,  -30979245,          0
  8142,    41,   62000000,   31541736,        0,  -30458264,          0
  8142,    42,   62000000,   33081881,        0,  -28918119,          0
  8142,    43,   62000000,   34591267,        0,  -27408733,          0
  8142,    44,   62000000,   34033700,        0,  -27966300,          0
  8142,    45,   62000000,   32500215,        0,  -29499785,          0
  8142,    46,   62000000,   30184644,        0,  -31815356,          0
  8142,    47,   62000000,   32982195,        0,  -29017805,          0
  8142,    48,   62000000,   33296098,        0,  -28703902,          0
  8142,    49,   62000000,   34948993,        0,  -27051007,          0
  8142,    50,   62000000,   30824113,        0,  -31175887,          0
  8142,    51,   62000000,   35581583,        0,  -26418417,          0
  8142,    52,   62000000,   32584684,        0,  -29415316,          0
  8142,    53,   62000000,   32464380,        0,  -29535620,          0
  8142,    54,   62000000,   33291381,        0,  -28708619,          0
  8142,    55,   62000000,   32547381,        0,  -29452619,          0
  8142,    56,   62000000,   33486334,        0,  -28513666,          0
  8142,    57,   62000000,   35322449,        0,  -26677551,          0
  8142,    58,   62000000,   30381566,        0,  -31618434,          0
  8142,    59,   62000000,   35053205,        0,  -26946795,          0
  8142,    60,   62000000,   33292826,        0,  -28707174,          0
  8142,    61,   62000000,   35946232,        0,  -26053768,          0
  8142,    62,   62000000,   30451490,        0,  -31548510,          0
  8142,    63,   62000000,   35473290,        0,  -26526710,          0
  8142,    64,   62000000,   36894686,        0,  -25105314,          0
  8142,    65,   62000000,   32957109,        0,  -29042891,          0
  8142,    66,   62000000,   30820901,        0,  -31179099,          0
  8142,    67,   62000000,   35117185,        0,  -26882815,          0
  8142,    68,   62000000,   30952576,        0,  -31047424,          0
  8142,    69,   62000000,   32548347,        0,  -29451653,          0
  8142,    70,   62000000,   31043564,        0,  -30956436,          0
  8142,    71,   62000000,   35473864,        0,  -26526136,          0
  8142,    72,   62000000,   32978634,        0,  -29021366,          0
  8142,    73,   62000000,   34952979,        0,  -27047021,          0
  8142,    74,   62000000,   30153487,        0,  -31846513,          0
  8142,    75,   62000000,   32949939,        0,  -29050061,          0
  8142,    76,   62000000,   33579256,        0,  -28420744,          0
  8142,    77,   62000000,   32533055,        0,  -29466945,          0
  8142,    78,   62000000,   29893660,        0,  -32106340,          0
  8142,    79,   62000000,   31906680,        0,  -30093320,          0
  8142,    80,   62000000,   30396163,        0,  -31603837,          0
  8142,    81,   62000000,   31916139,        0,  -30083861,          0
  8142,    82,   62000000,   32694328,        0,  -29305672,          0
  8142,    83,   62000000,   34970252,        0,  -27029748,          0
  8142,    84,   62000000,   33038182,        0,  -28961818,          0
  8142,    85,   62000000,   32494235,        0,  -29505765,          0
  8142,    86,   62000000,   32624772,        0,  -29375228,          0
  8142,    87,   62000000,   32198127,        0,  -29801873,          0
  8142,    88,   62000000,   32834792,        0,  -29165208,          0
  8142,    89,   62000000,   32948649,        0,  -29051351,          0
  8142,    90,   62000000,   30590240,        0,  -31409760,          0
  8142,    91,   62000000,   35503391,        0,  -26496609,          0
  8142,    92,   62000000,   36610744,        0,  -25389256,          0
  8142,    93,   62000000,   32492656,        0,  -29507344,          0
  8142,    94,   62000000,   31005154,        0,  -30994846,          0
  8142,    95,   62000000,   32525637,        0,  -29474363,          0
  8142,    96,   62000000,   30153996,        0,  -31846004,          0
  8142,    97,   62000000,   35378605,        0,  -26621395,          0
  8142,    98,   62000000,   33585024,        0,  -28414976,          0
  8142,    99,   62000000,   34666349,        0,  -27333651,          0
  8142,   100,   62000000,   33910039,        0,  -28089961,          0
  8142,   101,   62000000,   34617986,        0,  -27382014,          0
  8142,   102,   62000000,   30061480,        0,  -31938520,          0
  8142,   103,   62000000,   32574369,        0,  -29425631,          0
  8142,   104,   62000000,   30972188,        0,  -31027812,          0
  8142,   105,   62000000,   34967444,        0,  -27032556,          0
  8142,   106,   62000000,   34414360,        0,  -27585640,          0
  8142,   107,   62000000,   32884511,        0,  -29115489,          0
  8142,   108,   62000000,   34574503,        0,  -27425497,          0
  8142,   109,   62000000,   32378638,        0,  -29621362,          0
  8142,   110,   62000000,   32850966,        0,  -29149034,          0
  8142,   111,   62000000,   32526231,        0,  -29473769,          0
  8142,   112,   62000000,   30414851,        0,  -31585149,          0
  8142,   113,   62000000,   32063267,        0,  -29936733,          0
  8142,   114,   62000000,   33358610,        0,  -28641390,          0
  8142,   115,   62000000,   34924331,        0,  -27075669,          0
  8142,   116,   62000000,   30464420,        0,  -31535580,          0
  8142,   117,   62000000,   34655242,        0,  -27344758,          0
  8142,   118,   62000000,   30150584,        0,  -31849416,          0
  8142,   119,   62000000,   31859265,        0,  -30140735,          0
  8142,   120,   62000000,   32975898,        0,  -29024102,          0
  8142,   121,   62000000,   32070131,        0,  -29929869,          0
  8142,   122,   62000000,   30917295,        0,  -31082705,          0
  8142,   123,   62000000,   34913324,        0,  -27086676,          0
  8142,   124,   62000000,   32991550,        0,  -29008450,          0
  8142,   125,   62000000,   32053231,        0,  -29946769,          0
  8142,   126,   62000000,   34985153,        0,  -27014847,          0
  8142,   127,   62000000,   34773737,        0,  -27226263,          0
  8142,   128,   62000000,   33012334,        0,  -28987666,          0
  8142,   129,   62000000,   32412336,        0,  -29587664,          0
  8142,   130,   62000000,   32999524,        0,  -29000476,          0
  8142,   131,   62000000,   31527884,        0,  -30472116,          0
  8142,   132,   62000000,   32950052,        0,  -29049948,          0
  8142,   133,   62000000,   34256363,        0,  -27743637,          0
  8142,   134,   62000000,   30518776,        0,  -31481224,          0
  8142,   135,   62000000,   35967758,        0,  -26032242,          0
  8142,   136,   62000000,   30450274,        0,  -31549726,          0
  8142,   137,   62000000,   34890341,        0,  -27109659,          0
  8142,   138,   62000000,   32848268,        0,  -29151732,          0
  8142,   139,   62000000,   32003122,        0,  -29996878,          0
  8142,   140,   62000000,   30580906,        0,  -31419094,          0
  8142,   141,   62000000,   31719827,        0,  -30280173,          0
  8142,   142,   62000000,   33385374,        0,  -28614626,          0
  8142,   143,   62000000,   34773030,        0,  -27226970,          0
  8142,   144,   62000000,   31852215,        0,  -30147785,          0
  8142,   145,   62000000,   30442138,        0,  -31557862,          0
  8142,   146,   62000000,   35077591,        0,  -26922409,          0
  8142,   147,   62000000,   30042469,        0,  -31957531,          0
  8142,   148,   62000000,   33527497,        0,  -28472503,          0
  8142,   149,   62000000,   30548286,        0,  -31451714,          0
  8142,   150,   62000000,   34793847,        0,  -27206153,          0
  8142,   151,   62000000,   30689052,        0,  -31310948,          0
  8142,   152,   62000000,   32339179,        0,  -29660821,          0
  8142,   153,   62000000,   30450302,        0,  -31549698,          0
  8142,   154,   62000000,   32483125,        0,  -29516875,          0
  8142,   155,   62000000,   30744788,        0,  -31255212,          0
  8142,   156,   62000000,   32151519,        0,  -29848481,          0
  8142,   157,   62000000,   29516447,        0,  -32483553,          0
  8142,   158,   62000000,   31466743,        0,  -30533257,          0
  8142,   159,   62000000,   33523387,        0,  -28476613,          0
  8142,   160,   62000000,   32414614,        0,  -29585386,          0
  8142,   161,   62000000,   33322834,        0,  -28677166,          0
  8142,   162,   62000000,   32239472,        0,  -29760528,          0
  8142,   163,   62000000,   33347689,        0,  -28652311,          0
  8142,   164,   62000000,   32092052,        0,  -29907948,          0
  8142,   165,   62000000,   35210439,        0,  -26789561,          0
# task NAME=myapp PID=8146 COST=8813000 PERIOD=82000000 CPU=0
  8146,     2,   82000000,      34402,        0,  -81965598,          0
  8146,     3,   82000000,     116438,        0,  -81883562,          0
  8146,     4,   82000000,   12455227,        0,  -69544773,          0
  8146,     5,   82000000,   10976758,        0,  -71023242,          0
  8146,     6,   82000000,   15128233,        0,  -66871767,          0
  8146,     7,   82000000,   10881421,        0,  -71118579,          0
  8146,     8,   82000000,   12409876,        0,  -69590124,          0
  8146,     9,   82000000,   11052294,        0,  -70947706,          0
  8146,    10,   82000000,   12834234,        0,  -69165766,          0
  8146,    11,   82000000,    9936181,        0,  -72063819,          0
  8146,    12,   82000000,   11811591,        0,  -70188409,          0
  8146,    13,   82000000,   13175703,        0,  -68824297,          0
  8146,    14,   82000000,   12303030,        0,  -69696970,          0
  8146,    15,   82000000,   12582542,        0,  -69417458,          0
  8146,    16,   82000000,   12421694,        0,  -69578306,          0
  8146,    17,   82000000,   13439519,        0,  -68560481,          0
  8146,    18,   82000000,   10948296,        0,  -71051704,          0
  8146,    19,   82000000,   12698327,        0,  -69301673,          0
  8146,    20,   82000000,   12500757,        0,  -69499243,          0
  8146,    21,   82000000,   11644659,        0,  -70355341,          0
  8146,    22,   82000000,   12457364,        0,  -69542636,          0
  8146,    23,   82000000,   13204670,        0,  -68795330,          0
  8146,    24,   82000000,   12032748,        0,  -69967252,          0
  8146,    25,   82000000,   13179880,        0,  -68820120,          0
  8146,    26,   82000000,   11478690,        0,  -70521310,          0
  8146,    27,   82000000,   10427485,        0,  -71572515,          0
  8146,    28,   82000000,   10444951,        0,  -71555049,          0
  8146,    29,   82000000,   12574432,        0,  -69425568,          0
  8146,    30,   82000000,   10559976,        0,  -71440024,          0
  8146,    31,   82000000,   12968977,        0,  -69031023,          0
  8146,    32,   82000000,   10965696,        0,  -71034304,          0
  8146,    33,   82000000,   12977803,        0,  -69022197,          0
  8146,    34,   82000000,   10853746,        0,  -71146254,          0
  8146,    35,   82000000,   14233176,        0,  -67766824,          0
  8146,    36,   82000000,   12950810,        0,  -69049190,          0
  8146,    37,   82000000,   13525648,        0,  -68474352,          0
  8146,    38,   82000000,   10496962,        0,  -71503038,          0
  8146,    39,   82000000,   12407316,        0,  -69592684,          0
  8146,    40,   82000000,   18058581,        0,  -63941419,          0
  8146,    41,   82000000,   13344955,        0,  -68655045,          0
  8146,    42,   82000000,   10976524,        0,  -71023476,          0
  8146,    43,   82000000,   14990597,        0,  -67009403,          0
  8146,    44,   82000000,   16596112,        0,  -65403888,          0
  8146,    45,   82000000,   12445249,        0,  -69554751,          0
  8146,    46,   82000000,   11027342,        0,  -70972658,          0
  8146,    47,   82000000,   14882508,        0,  -67117492,          0
  8146,    48,   82000000,   10606445,        0,  -71393555,          0
  8146,    49,   82000000,   12873070,        0,  -69126930,          0
  8146,    50,   82000000,   12858744,        0,  -69141256,          0
  8146,    51,   82000000,   12543866,        0,  -69456134,          0
  8146,    52,   82000000,   10973107,        0,  -71026893,          0
  8146,    53,   82000000,   11923057,        0,  -70076943,          0
  8146,    54,   82000000,   12859946,        0,  -69140054,          0
  8146,    55,   82000000,   12434572,        0,  -69565428,          0
  8146,    56,   82000000,   10432442,        0,  -71567558,          0
  8146,    57,   82000000,   15244616,        0,  -66755384,          0
  8146,    58,   82000000,   10911110,        0,  -71088890,          0
  8146,    59,   82000000,   12017535,        0,  -69982465,          0
  8146,    60,   82000000,   10540485,        0,  -71459515,          0
  8146,    61,   82000000,   11992545,        0,  -70007455,          0
  8146,    62,   82000000,   10401047,        0,  -71598953,          0
  8146,    63,   82000000,   15048647,        0,  -66951353,          0
  8146,    64,   82000000,   12846198,        0,  -69153802,          0
  8146,    65,   82000000,   12984134,        0,  -69015866,          0
  8146,    66,   82000000,   12926194,        0,  -69073806,          0
  8146,    67,   82000000,   11899994,        0,  -70100006,          0
  8146,    68,   82000000,   12883753,        0,  -69116247,          0
  8146,    69,   82000000,   12881093,        0,  -69118907,          0
  8146,    70,   82000000,   13921977,        0,  -68078023,          0
  8146,    71,   82000000,   12504680,        0,  -69495320,          0
  8146,    72,   82000000,   12841726,        0,  -69158274,          0
  8146,    73,   82000000,   14933660,        0,  -67066340,          0
  8146,    74,   82000000,   10518090,        0,  -71481910,          0
  8146,    75,   82000000,   14983540,        0,  -67016460,          0
  8146,    76,   82000000,   10478965,        0,  -71521035,          0
  8146,    77,   82000000,   12263105,        0,  -69736895,          0
  8146,    78,   82000000,   10453493,        0,  -71546507,          0
  8146,    79,   82000000,   14999833,        0,  -67000167,          0
  8146,    80,   82000000,   14522071,        0,  -67477929,          0
  8146,    81,   82000000,   13891992,        0,  -68108008,          0
  8146,    82,   82000000,   10456576,        0,  -71543424,          0
  8146,    83,   82000000,   15248717,        0,  -66751283,          0
  8146,    84,   82000000,   10496282,        0,  -71503718,          0
  8146,    85,   82000000,   12579268,        0,  -69420732,          0
  8146,    86,   82000000,   10928477,        0,  -71071523,          0
  8146,    87,   82000000,   11940755,        0,  -70059245,          0
  8146,    88,   82000000,   12810580,        0,  -69189420,          0
  8146,    89,   82000000,   14787687,        0,  -67212313,          0
  8146,    90,   82000000,   13048978,        0,  -68951022,          0
  8146,    91,   82000000,   12554868,        0,  -69445132,          0
  8146,    92,   82000000,   10925356,        0,  -71074644,          0
  8146,    93,   82000000,   12541138,        0,  -69458862,          0
  8146,    94,   82000000,   16962562,        0,  -65037438,          0
  8146,    95,   82000000,   15520254,        0,  -66479746,          0
  8146,    96,   82000000,   14471087,        0,  -67528913,          0
  8146,    97,   82000000,   15057082,        0,  -66942918,          0
  8146,    98,   82000000,   12921919,        0,  -69078081,          0
  8146,    99,   82000000,   14916314,        0,  -67083686,          0
  8146,   100,   82000000,   10722157,        0,  -71277843,          0
  8146,   101,   82000000,   12687218,        0,  -69312782,          0
  8146,   102,   82000000,   10941280,        0,  -71058720,          0
  8146,   103,   82000000,   11953979,        0,  -70046021,          0
  8146,   104,   82000000,   12987204,        0,  -69012796,          0
  8146,   105,   82000000,   14868396,        0,  -67131604,          0
  8146,   106,   82000000,   12863439,        0,  -69136561,          0
  8146,   107,   82000000,   12428177,        0,  -69571823,          0
  8146,   108,   82000000,   10861568,        0,  -71138432,          0
  8146,   109,   82000000,   12477596,        0,  -69522404,          0
  8146,   110,   82000000,   10386481,        0,  -71613519,          0
  8146,   111,   82000000,   13455109,        0,  -68544891,          0
  8146,   112,   82000000,   12725923,        0,  -69274077,          0
  8146,   113,   82000000,   12920927,        0,  -69079073,          0
  8146,   114,   82000000,   10890278,        0,  -71109722,          0
  8146,   115,   82000000,   14742402,        0,  -67257598,          0
  8146,   116,   82000000,   11050516,        0,  -70949484,          0
  8146,   117,   82000000,   12471526,        0,  -69528474,          0
  8146,   118,   82000000,   10898559,        0,  -71101441,          0
  8146,   119,   82000000,   12022577,        0,  -69977423,          0
  8146,   120,   82000000,   10960628,        0,  -71039372,          0
  8146,   121,   82000000,   14772181,        0,  -67227819,          0
  8146,   122,   82000000,   12929229,        0,  -69070771,          0
  8146,   123,   82000000,   11992792,        0,  -70007208,          0
  8146,   124,   82000000,   10885349,        0,  -71114651,          0
  8146,   125,   82000000,   12929757,        0,  -69070243,          0
