# Task,   Job,     Period,   Response, DL Miss?,   Lateness,  Tardiness
# task NAME=myapp PID=7315 COST=9390000 PERIOD=50000000 CPU=0
  7315,     2,   50000000,      14523,        0,  -49985477,          0
  7315,     3,   50000000,     240656,        0,  -49759344,          0
  7315,     4,   50000000,    9364577,        0,  -40635423,          0
  7315,     5,   50000000,    9814380,        0,  -40185620,          0
  7315,     6,   50000000,    9389020,        0,  -40610980,          0
  7315,     7,   50000000,   13289861,        0,  -36710139,          0
  7315,     8,   50000000,   11024617,        0,  -38975383,          0
  7315,     9,   50000000,    9564733,        0,  -40435267,          0
  7315,    10,   50000000,    9363629,        0,  -40636371,          0
  7315,    11,   50000000,    9420883,        0,  -40579117,          0
  7315,    12,   50000000,    9430226,        0,  -40569774,          0
  7315,    13,   50000000,   10335032,        0,  -39664968,          0
  7315,    14,   50000000,    9407839,        0,  -40592161,          0
  7315,    15,   50000000,   11754025,        0,  -38245975,          0
  7315,    16,   50000000,    9398599,        0,  -40601401,          0
  7315,    17,   50000000,    9375652,        0,  -40624348,          0
  7315,    18,   50000000,    9661955,        0,  -40338045,          0
  7315,    19,   50000000,   20512055,        0,  -29487945,          0
  7315,    20,   50000000,    9426883,        0,  -40573117,          0
  7315,    21,   50000000,    9399051,        0,  -40600949,          0
  7315,    22,   50000000,    9374066,        0,  -40625934,          0
  7315,    23,   50000000,   13618765,        0,  -36381235,          0
  7315,    24,   50000000,    9409840,        0,  -40590160,          0
  7315,    25,   50000000,    9382333,        0,  -40617667,          0
  7315,    26,   50000000,    9398144,        0,  -40601856,          0
  7315,    27,   50000000,    9367740,        0,  -40632260,          0
  7315,    28,   50000000,    9660339,        0,  -40339661,          0
  7315,    29,   50000000,    9442089,        0,  -40557911,          0
  7315,    30,   50000000,    9455489,        0,  -40544511,          0
  7315,    31,   50000000,    9384198,        0,  -40615802,          0
  7315,    32,   50000000,    9417612,        0,  -40582388,          0
  7315,    33,   50000000,    9390732,        0,  -40609268,          0
  7315,    34,   50000000,    9379808,        0,  -40620192,          0
  7315,    35,   50000000,    9374864,        0,  -40625136,          0
  7315,    36,   50000000,    9369540,        0,  -40630460,          0
  7315,    37,   50000000,    9381666,        0,  -40618334,          0
  7315,    38,   50000000,    9413137,        0,  -40586863,          0
  7315,    39,   50000000,    9382409,        0,  -40617591,          0
  7315,    40,   50000000,    9372776,        0,  -40627224,          0
  7315,    41,   50000000,   11574213,        0,  -38425787,          0
  7315,    42,   50000000,    9435265,        0,  -40564735,          0
  7315,    43,   50000000,    9364646,        0,  -40635354,          0
  7315,    44,   50000000,    9462777,        0,  -40537223,          0
  7315,    45,   50000000,    9354192,        0,  -40645808,          0
  7315,    46,   50000000,    9348127,        0,  -40651873,          0
  7315,    47,   50000000,    9376056,        0,  -40623944,          0
  7315,    48,   50000000,    9385384,        0,  -40614616,          0
  7315,    49,   50000000,    9341771,        0,  -40658229,          0
  7315,    50,   50000000,    9385588,        0,  -40614412,          0
  7315,    51,   50000000,    9352893,        0,  -40647107,          0
  7315,    52,   50000000,    9507098,        0,  -40492902,          0
  7315,    53,   50000000,    9465121,        0,  -40534879,          0
  7315,    54,   50000000,    9376102,        0,  -40623898,          0
  7315,    55,   50000000,    9408518,        0,  -40591482,          0
  7315,    56,   50000000,   12441046,        0,  -37558954,          0
  7315,    57,   50000000,    9422014,        0,  -40577986,          0
  7315,    58,   50000000,   12434789,        0,  -37565211,          0
  7315,    59,   50000000,    9448654,        0,  -40551346,          0
  7315,    60,   50000000,    9409112,        0,  -40590888,          0
  7315,    61,   50000000,    9378090,        0,  -40621910,          0
  7315,    62,   50000000,    9372806,        0,  -40627194,          0
  7315,    63,   50000000,    9407086,        0,  -40592914,          0
  7315,    64,   50000000,    9411072,        0,  -40588928,          0
  7315,    65,   50000000,    9549984,        0,  -40450016,          0
  7315,    66,   50000000,    9379290,        0,  -40620710,          0
  7315,    67,   50000000,    9406886,        0,  -40593114,          0
  7315,    68,   50000000,    9372830,        0,  -40627170,          0
  7315,    69,   50000000,   16018012,        0,  -33981988,          0
  7315,    70,   50000000,   10233818,        0,  -39766182,          0
  7315,    71,   50000000,   17471883,        0,  -32528117,          0
  7315,    72,   50000000,    9374354,        0,  -40625646,          0
  7315,    73,   50000000,    9364465,        0,  -40635535,          0
  7315,    74,   50000000,    9383598,        0,  -40616402,          0
  7315,    75,   50000000,   12459399,        0,  -37540601,          0
  7315,    76,   50000000,    9418172,        0,  -40581828,          0
  7315,    77,   50000000,    9401507,        0,  -40598493,          0
  7315,    78,   50000000,    9369043,        0,  -40630957,          0
  7315,    79,   50000000,    9348720,        0,  -40651280,          0
  7315,    80,   50000000,    9382761,        0,  -40617239,          0
  7315,    81,   50000000,    9392220,        0,  -40607780,          0
  7315,    82,   50000000,    9415152,        0,  -40584848,          0
  7315,    83,   50000000,    9391800,        0,  -40608200,          0
  7315,    84,   50000000,   10503591,        0,  -39496409,          0
  7315,    85,   50000000,    9427771,        0,  -40572229,          0
  7315,    86,   50000000,   10140833,        0,  -39859167,          0
  7315,    87,   50000000,    9408157,        0,  -40591843,          0
  7315,    88,   50000000,   11244927,        0,  -38755073,          0
  7315,    89,   50000000,   12310309,        0,  -37689691,          0
  7315,    90,   50000000,    9400361,        0,  -40599639,          0
  7315,    91,   50000000,    9383025,        0,  -40616975,          0
  7315,    92,   50000000,    9379889,        0,  -40620111,          0
  7315,    93,   50000000,    9370106,        0,  -40629894,          0
  7315,    94,   50000000,    9453291,        0,  -40546709,          0
  7315,    95,   50000000,    9393166,        0,  -40606834,          0
  7315,    96,   50000000,    9365860,        0,  -40634140,          0
  7315,    97,   50000000,    9447099,        0,  -40552901,          0
  7315,    98,   50000000,    9393802,        0,  -40606198,          0
  7315,    99,   50000000,    9400235,        0,  -40599765,          0
  7315,   100,   50000000,   15311294,        0,  -34688706,          0
  7315,   101,   50000000,    9515247,        0,  -40484753,          0
  7315,   102,   50000000,    9427644,        0,  -40572356,          0
  7315,   103,   50000000,    9488053,        0,  -40511947,          0
  7315,   104,   50000000,    9331224,        0,  -40668776,          0
  7315,   105,   50000000,   14050095,        0,  -35949905,          0
  7315,   106,   50000000,    9358436,        0,  -40641564,          0
  7315,   107,   50000000,   10408567,        0,  -39591433,          0
  7315,   108,   50000000,   10109671,        0,  -39890329,          0
  7315,   109,   50000000,    9371235,        0,  -40628765,          0
  7315,   110,   50000000,    9429999,        0,  -40570001,          0
  7315,   111,   50000000,    9401440,        0,  -40598560,          0
  7315,   112,   50000000,    9352824,        0,  -40647176,          0
  7315,   113,   50000000,   20684465,        0,  -29315535,          0
  7315,   114,   50000000,   17548129,        0,  -32451871,          0
  7315,   115,   50000000,   10517011,        0,  -39482989,          0
  7315,   116,   50000000,    9399664,        0,  -40600336,          0
  7315,   117,   50000000,    9399143,        0,  -40600857,          0
  7315,   118,   50000000,   10307445,        0,  -39692555,          0
  7315,   119,   50000000,    9373782,        0,  -40626218,          0
  7315,   120,   50000000,    9370406,        0,  -40629594,          0
  7315,   121,   50000000,    9409634,        0,  -40590366,          0
  7315,   122,   50000000,    9402288,        0,  -40597712,          0
  7315,   123,   50000000,    9360633,        0,  -40639367,          0
  7315,   124,   50000000,    9452386,        0,  -40547614,          0
  7315,   125,   50000000,    9432833,        0,  -40567167,          0
  7315,   126,   50000000,    9437469,        0,  -40562531,          0
  7315,   127,   50000000,    9461448,        0,  -40538552,          0
  7315,   128,   50000000,    9398791,        0,  -40601209,          0
  7315,   129,   50000000,   16353391,        0,  -33646609,          0
  7315,   130,   50000000,   12430421,        0,  -37569579,          0
  7315,   131,   50000000,   10520327,        0,  -39479673,          0
  7315,   132,   50000000,    9348905,        0,  -40651095,          0
  7315,   133,   50000000,    9851573,        0,  -40148427,          0
  7315,   134,   50000000,    9414295,        0,  -40585705,          0
  7315,   135,   50000000,    9371837,        0,  -40628163,          0
  7315,   136,   50000000,   12869178,        0,  -37130822,          0
  7315,   137,   50000000,    9366801,        0,  -40633199,          0
  7315,   138,   50000000,    9411930,        0,  -40588070,          0
  7315,   139,   50000000,    9437747,        0,  -40562253,          0
  7315,   140,   50000000,    9409037,        0,  -40590963,          0
  7315,   141,   50000000,   11326179,        0,  -38673821,          0
  7315,   142,   50000000,    9398001,        0,  -40601999,          0
  7315,   143,   50000000,    9389200,        0,  -40610800,          0
  7315,   144,   50000000,    9354704,        0,  -40645296,          0
  7315,   145,   50000000,    9407453,        0,  -40592547,          0
  7315,   146,   50000000,   21999023,        0,  -28000977,          0
  7315,   147,   50000000,    9347751,        0,  -40652249,          0
  7315,   148,   50000000,    9397458,        0,  -40602542,          0
  7315,   149,   50000000,    9390324,        0,  -40609676,          0
  7315,   150,   50000000,    9368201,        0,  -40631799,          0
  7315,   151,   50000000,    9387335,        0,  -40612665,          0
  7315,   152,   50000000,   10339344,        0,  -39660656,          0
  7315,   153,   50000000,    9385523,        0,  -40614477,          0
  7315,   154,   50000000,    9374251,        0,  -40625749,          0
  7315,   155,   50000000,    9407484,        0,  -40592516,          0
  7315,   156,   50000000,    9367677,        0,  -40632323,          0
  7315,   157,   50000000,    9370993,        0,  -40629007,          0
  7315,   158,   50000000,    9401212,        0,  -40598788,          0
  7315,   159,   50000000,    9394357,        0,  -40605643,          0
  7315,   160,   50000000,    9389221,        0,  -40610779,          0
  7315,   161,   50000000,   15224287,        0,  -34775713,          0
  7315,   162,   50000000,    9366871,        0,  -40633129,          0
  7315,   163,   50000000,    9438118,        0,  -40561882,          0
  7315,   164,   50000000,    9439715,        0,  -40560285,          0
  7315,   165,   50000000,    9451128,        0,  -40548872,          0
  7315,   166,   50000000,    9390086,        0,  -40609914,          0
  7315,   167,   50000000,   14158936,        0,  -35841064,          0
  7315,   168,   50000000,    9378825,        0,  -40621175,          0
  7315,   169,   50000000,    9394370,        0,  -40605630,          0
  7315,   170,   50000000,    9344916,        0,  -40655084,          0
  7315,   171,   50000000,    9419832,        0,  -40580168,          0
  7315,   172,   50000000,    9356519,        0,  -40643481,          0
  7315,   173,   50000000,    9379255,        0,  -40620745,          0
  7315,   174,   50000000,    9352518,        0,  -40647482,          0
  7315,   175,   50000000,    9391577,        0,  -40608423,          0
  7315,   176,   50000000,    9343392,        0,  -40656608,          0
  7315,   177,   50000000,    9373853,        0,  -40626147,          0
  7315,   178,   50000000,   12635111,        0,  -37364889,          0
  7315,   179,   50000000,    9380557,        0,  -40619443,          0
  7315,   180,   50000000,    9597003,        0,  -40402997,          0
  7315,   181,   50000000,    9399596,        0,  -40600404,          0
  7315,   182,   50000000,    9388757,        0,  -40611243,          0
  7315,   183,   50000000,    9405537,        0,  -40594463,          0
  7315,   184,   50000000,    9445746,        0,  -40554254,          0
  7315,   185,   50000000,    9451427,        0,  -40548573,          0
  7315,   186,   50000000,    9500907,        0,  -40499093,          0
  7315,   187,   50000000,    9369991,        0,  -40630009,          0
  7315,   188,   50000000,   12910479,        0,  -37089521,          0
  7315,   189,   50000000,    9417742,        0,  -40582258,          0
  7315,   190,   50000000,    9386334,        0,  -40613666,          0
  7315,   191,   50000000,    9484123,        0,  -40515877,          0
  7315,   192,   50000000,    9372975,        0,  -40627025,          0
  7315,   193,   50000000,   15775654,        0,  -34224346,          0
  7315,   194,   50000000,    9407924,        0,  -40592076,          0
  7315,   195,   50000000,    9367553,        0,  -40632447,          0
  7315,   196,   50000000,    9423154,        0,  -40576846,          0
  7315,   197,   50000000,    9542057,        0,  -40457943,          0
  7315,   198,   50000000,    9386027,        0,  -40613973,          0
  7315,   199,   50000000,    9369541,        0,  -40630459,          0
  7315,   200,   50000000,    9417480,        0,  -40582520,          0
  7315,   201,   50000000,   13295030,        0,  -36704970,          0
  7315,   202,   50000000,    9401152,        0,  -40598848,          0
  7315,   203,   50000000,    9448047,        0,  -40551953,          0
  7315,   204,   50000000,    9429349,        0,  -40570651,          0
# task NAME=myapp PID=7319 COST=11538000 PERIOD=61000000 CPU=0
  7319,     2,   61000000,      14032,        0,  -60985968,          0
  7319,     3,   61000000,     213800,        0,  -60786200,          0
  7319,     4,   61000000,   11762781,        0,  -49237219,          0
  7319,     5,   61000000,   15220996,        0,  -45779004,          0
  7319,     6,   61000000,   11820252,        0,  -49179748,          0
  7319,     7,   61000000,   11595394,        0,  -49404606,          0
  7319,     8,   61000000,   11512472,        0,  -49487528,          0
  7319,     9,   61000000,   11496578,        0,  -49503422,          0
  7319,    10,   61000000,   11487333,        0,  -49512667,          0
  7319,    11,   61000000,   11492861,        0,  -49507139,          0
  7319,    12,   61000000,   11536724,        0,  -49463276,          0
  7319,    13,   61000000,   11497193,        0,  -49502807,          0
  7319,    14,   61000000,   12585240,        0,  -48414760,          0
  7319,    15,   61000000,   13214459,        0,  -47785541,          0
  7319,    16,   61000000,   11507862,        0,  -49492138,          0
  7319,    17,   61000000,   13491130,        0,  -47508870,          0
  7319,    18,   61000000,   12338429,        0,  -48661571,          0
  7319,    19,   61000000,   11497788,        0,  -49502212,          0
  7319,    20,   61000000,   15404421,        0,  -45595579,          0
  7319,    21,   61000000,   11502147,        0,  -49497853,          0
  7319,    22,   61000000,   11511084,        0,  -49488916,          0
  7319,    23,   61000000,   11541895,        0,  -49458105,          0
  7319,    24,   61000000,   14762479,        0,  -46237521,          0
  7319,    25,   61000000,   11520160,        0,  -49479840,          0
  7319,    26,   61000000,   11522592,        0,  -49477408,          0
  7319,    27,   61000000,   11518505,        0,  -49481495,          0
  7319,    28,   61000000,   11533115,        0,  -49466885,          0
  7319,    29,   61000000,   11535419,        0,  -49464581,          0
  7319,    30,   61000000,   11520078,        0,  -49479922,          0
  7319,    31,   61000000,   11518654,        0,  -49481346,          0
  7319,    32,   61000000,   11489634,        0,  -49510366,          0
  7319,    33,   61000000,   11531396,        0,  -49468604,          0
  7319,    34,   61000000,   19831757,        0,  -41168243,          0
  7319,    35,   61000000,   11585299,        0,  -49414701,          0
  7319,    36,   61000000,   11502126,        0,  -49497874,          0
  7319,    37,   61000000,   11465081,        0,  -49534919,          0
  7319,    38,   61000000,   11502033,        0,  -49497967,          0
  7319,    39,   61000000,   11547389,        0,  -49452611,          0
  7319,    40,   61000000,   11532214,        0,  -49467786,          0
  7319,    41,   61000000,   11807417,        0,  -49192583,          0
  7319,    42,   61000000,   11535959,        0,  -49464041,          0
  7319,    43,   61000000,   11907895,        0,  -49092105,          0
  7319,    44,   61000000,   11517326,        0,  -49482674,          0
  7319,    45,   61000000,   11762627,        0,  -49237373,          0
  7319,    46,   61000000,   11528486,        0,  -49471514,          0
  7319,    47,   61000000,   11778567,        0,  -49221433,          0
  7319,    48,   61000000,   11578765,        0,  -49421235,          0
  7319,    49,   61000000,   15630092,        0,  -45369908,          0
  7319,    50,   61000000,   11511323,        0,  -49488677,          0
  7319,    51,   61000000,   11534603,        0,  -49465397,          0
  7319,    52,   61000000,   11534172,        0,  -49465828,          0
  7319,    53,   61000000,   11519363,        0,  -49480637,          0
  7319,    54,   61000000,   11480417,        0,  -49519583,          0
  7319,    55,   61000000,   11498531,        0,  -49501469,          0
  7319,    56,   61000000,   11541661,        0,  -49458339,          0
  7319,    57,   61000000,   17215019,        0,  -43784981,          0
  7319,    58,   61000000,   11542669,        0,  -49457331,          0
  7319,    59,   61000000,   11503515,        0,  -49496485,          0
  7319,    60,   61000000,   11501465,        0,  -49498535,          0
  7319,    61,   61000000,   11692340,        0,  -49307660,          0
  7319,    62,   61000000,   11494883,        0,  -49505117,          0
  7319,    63,   61000000,   15395520,        0,  -45604480,          0
  7319,    64,   61000000,   11575512,        0,  -49424488,          0
  7319,    65,   61000000,   12448015,        0,  -48551985,          0
  7319,    66,   61000000,   11489452,        0,  -49510548,          0
  7319,    67,   61000000,   11529759,        0,  -49470241,          0
  7319,    68,   61000000,   11490711,        0,  -49509289,          0
  7319,    69,   61000000,   11496029,        0,  -49503971,          0
  7319,    70,   61000000,   11519620,        0,  -49480380,          0
  7319,    71,   61000000,   13968720,        0,  -47031280,          0
  7319,    72,   61000000,   11476613,        0,  -49523387,          0
  7319,    73,   61000000,   15404528,        0,  -45595472,          0
  7319,    74,   61000000,   11532511,        0,  -49467489,          0
  7319,    75,   61000000,   11510835,        0,  -49489165,          0
  7319,    76,   61000000,   11509402,        0,  -49490598,          0
  7319,    77,   61000000,   12528727,        0,  -48471273,          0
  7319,    78,   61000000,   11510828,        0,  -49489172,          0
  7319,    79,   61000000,   11622584,        0,  -49377416,          0
  7319,    80,   61000000,   11522879,        0,  -49477121,          0
  7319,    81,   61000000,   13664577,        0,  -47335423,          0
  7319,    82,   61000000,   11858262,        0,  -49141738,          0
  7319,    83,   61000000,   11556303,        0,  -49443697,          0
  7319,    84,   61000000,   11821170,        0,  -49178830,          0
  7319,    85,   61000000,   11513826,        0,  -49486174,          0
  7319,    86,   61000000,   11793209,        0,  -49206791,          0
  7319,    87,   61000000,   11499009,        0,  -49500991,          0
  7319,    88,   61000000,   11789236,        0,  -49210764,          0
  7319,    89,   61000000,   15424722,        0,  -45575278,          0
  7319,    90,   61000000,   11532230,        0,  -49467770,          0
  7319,    91,   61000000,   11456904,        0,  -49543096,          0
  7319,    92,   61000000,   11800962,        0,  -49199038,          0
  7319,    93,   61000000,   11565772,        0,  -49434228,          0
  7319,    94,   61000000,   16746115,        0,  -44253885,          0
  7319,    95,   61000000,   11543610,        0,  -49456390,          0
  7319,    96,   61000000,   11517476,        0,  -49482524,          0
  7319,    97,   61000000,   11576019,        0,  -49423981,          0
  7319,    98,   61000000,   11504719,        0,  -49495281,          0
  7319,    99,   61000000,   11650378,        0,  -49349622,          0
  7319,   100,   61000000,   11488060,        0,  -49511940,          0
  7319,   101,   61000000,   11525552,        0,  -49474448,          0
  7319,   102,   61000000,   15391069,        0,  -45608931,          0
  7319,   103,   61000000,   11565421,        0,  -49434579,          0
  7319,   104,   61000000,   11501251,        0,  -49498749,          0
  7319,   105,   61000000,   11490000,        0,  -49510000,          0
  7319,   106,   61000000,   11494336,        0,  -49505664,          0
  7319,   107,   61000000,   11488005,        0,  -49511995,          0
  7319,   108,   61000000,   14338933,        0,  -46661067,          0
  7319,   109,   61000000,   11511154,        0,  -49488846,          0
  7319,   110,   61000000,   15448903,        0,  -45551097,          0
  7319,   111,   61000000,   12983219,        0,  -48016781,          0
  7319,   112,   61000000,   15415017,        0,  -45584983,          0
  7319,   113,   61000000,   11498809,        0,  -49501191,          0
  7319,   114,   61000000,   11523060,        0,  -49476940,          0
  7319,   115,   61000000,   11468284,        0,  -49531716,          0
  7319,   116,   61000000,   11500453,        0,  -49499547,          0
  7319,   117,   61000000,   11509524,        0,  -49490476,          0
  7319,   118,   61000000,   11501266,        0,  -49498734,          0
  7319,   119,   61000000,   11477914,        0,  -49522086,          0
  7319,   120,   61000000,   11495958,        0,  -49504042,          0
  7319,   121,   61000000,   14498848,        0,  -46501152,          0
  7319,   122,   61000000,   15410289,        0,  -45589711,          0
  7319,   123,   61000000,   11507663,        0,  -49492337,          0
  7319,   124,   61000000,   16132866,        0,  -44867134,          0
  7319,   125,   61000000,   11755414,        0,  -49244586,          0
  7319,   126,   61000000,   11508527,        0,  -49491473,          0
  7319,   127,   61000000,   11786769,        0,  -49213231,          0
  7319,   128,   61000000,   13451750,        0,  -47548250,          0
  7319,   129,   61000000,   11797841,        0,  -49202159,          0
  7319,   130,   61000000,   11528333,        0,  -49471667,          0
  7319,   131,   61000000,   13739487,        0,  -47260513,          0
  7319,   132,   61000000,   11524072,        0,  -49475928,          0
  7319,   133,   61000000,   11477018,        0,  -49522982,          0
  7319,   134,   61000000,   11519739,        0,  -49480261,          0
  7319,   135,   61000000,   11476465,        0,  -49523535,          0
  7319,   136,   61000000,   11489630,        0,  -49510370,          0
  7319,   137,   61000000,   11537437,        0,  -49462563,          0
  7319,   138,   61000000,   11637261,        0,  -49362739,          0
  7319,   139,   61000000,   11541652,        0,  -49458348,          0
  7319,   140,   61000000,   11509848,        0,  -49490152,          0
  7319,   141,   61000000,   17754689,        0,  -43245311,          0
  7319,   142,   61000000,   11565914,        0,  -49434086,          0
  7319,   143,   61000000,   11490364,        0,  -49509636,          0
  7319,   144,   61000000,   11577951,        0,  -49422049,          0
  7319,   145,   61000000,   11545017,        0,  -49454983,          0
  7319,   146,   61000000,   11517182,        0,  -49482818,          0
  7319,   147,   61000000,   11564550,        0,  -49435450,          0
  7319,   148,   61000000,   14165308,        0,  -46834692,          0
  7319,   149,   61000000,   11495330,        0,  -49504670,          0
  7319,   150,   61000000,   11496869,        0,  -49503131,          0
  7319,   151,   61000000,   11493191,        0,  -49506809,          0
  7319,   152,   61000000,   11490814,        0,  -49509186,          0
  7319,   153,   61000000,   11555409,        0,  -49444591,          0
  7319,   154,   61000000,   11535633,        0,  -49464367,          0
  7319,   155,   61000000,   14931366,        0,  -46068634,          0
  7319,   156,   61000000,   12472006,        0,  -48527994,          0
  7319,   157,   61000000,   11575695,        0,  -49424305,          0
  7319,   158,   61000000,   11495857,        0,  -49504143,          0
  7319,   159,   61000000,   12562279,        0,  -48437721,          0
  7319,   160,   61000000,   11503379,        0,  -49496621,          0
  7319,   161,   61000000,   11522584,        0,  -49477416,          0
  7319,   162,   61000000,   12667826,        0,  -48332174,          0
  7319,   163,   61000000,   11487894,        0,  -49512106,          0
  7319,   164,   61000000,   11653143,        0,  -49346857,          0
  7319,   165,   61000000,   11508669,        0,  -49491331,          0
  7319,   166,   61000000,   11832331,        0,  -49167669,          0
  7319,   167,   61000000,   12567575,        0,  -48432425,          0
# task NAME=myapp PID=7323 COST=17001000 PERIOD=81000000 CPU=0
  7323,     2,   81000000,      14318,        0,  -80985682,          0
  7323,     3,   81000000,     272372,        0,  -80727628,          0
  7323,     4,   81000000,   16925004,        0,  -64074996,          0
  7323,     5,   81000000,   16945914,        0,  -64054086,          0
  7323,     6,   81000000,   16966900,        0,  -64033100,          0
  7323,     7,   81000000,   16873959,        0,  -64126041,          0
  7323,     8,   81000000,   16904651,        0,  -64095349,          0
  7323,     9,   81000000,   16942367,        0,  -64057633,          0
  7323,    10,   81000000,   24784615,        0,  -56215385,          0
  7323,    11,   81000000,   16908895,        0,  -64091105,          0
  7323,    12,   81000000,   16920233,        0,  -64079767,          0
  7323,    13,   81000000,   21104424,        0,  -59895576,          0
  7323,    14,   81000000,   17093026,        0,  -63906974,          0
  7323,    15,   81000000,   16948446,        0,  -64051554,          0
  7323,    16,   81000000,   17965228,        0,  -63034772,          0
  7323,    17,   81000000,   16923813,        0,  -64076187,          0
  7323,    18,   81000000,   16964769,        0,  -64035231,          0
  7323,    19,   81000000,   16909940,        0,  -64090060,          0
  7323,    20,   81000000,   16995278,        0,  -64004722,          0
  7323,    21,   81000000,   16944382,        0,  -64055618,          0
  7323,    22,   81000000,   16928979,        0,  -64071021,          0
  7323,    23,   81000000,   16903507,        0,  -64096493,          0
  7323,    24,   81000000,   16929703,        0,  -64070297,          0
  7323,    25,   81000000,   16888304,        0,  -64111696,          0
  7323,    26,   81000000,   16877418,        0,  -64122582,          0
  7323,    27,   81000000,   17213264,        0,  -63786736,          0
  7323,    28,   81000000,   16923945,        0,  -64076055,          0
  7323,    29,   81000000,   16946064,        0,  -64053936,          0
  7323,    30,   81000000,   17245143,        0,  -63754857,          0
  7323,    31,   81000000,   16917202,        0,  -64082798,          0
  7323,    32,   81000000,   16955942,        0,  -64044058,          0
  7323,    33,   81000000,   17228168,        0,  -63771832,          0
  7323,    34,   81000000,   16905510,        0,  -64094490,          0
  7323,    35,   81000000,   16888556,        0,  -64111444,          0
  7323,    36,   81000000,   16882083,        0,  -64117917,          0
  7323,    37,   81000000,   18097288,        0,  -62902712,          0
  7323,    38,   81000000,   16907633,        0,  -64092367,          0
  7323,    39,   81000000,   16983370,        0,  -64016630,          0
  7323,    40,   81000000,   16930888,        0,  -64069112,          0
  7323,    41,   81000000,   16930849,        0,  -64069151,          0
  7323,    42,   81000000,   16912008,        0,  -64087992,          0
  7323,    43,   81000000,   18482161,        0,  -62517839,          0
  7323,    44,   81000000,   17000977,        0,  -63999023,          0
  7323,    45,   81000000,   17989722,        0,  -63010278,          0
  7323,    46,   81000000,   23790705,        0,  -57209295,          0
  7323,    47,   81000000,   17215293,        0,  -63784707,          0
  7323,    48,   81000000,   16934428,        0,  -64065572,          0
  7323,    49,   81000000,   16910919,        0,  -64089081,          0
  7323,    50,   81000000,   17192759,        0,  -63807241,          0
  7323,    51,   81000000,   16915362,        0,  -64084638,          0
  7323,    52,   81000000,   16932112,        0,  -64067888,          0
  7323,    53,   81000000,   18022241,        0,  -62977759,          0
  7323,    54,   81000000,   16926314,        0,  -64073686,          0
  7323,    55,   81000000,   19856670,        0,  -61143330,          0
  7323,    56,   81000000,   16897909,        0,  -64102091,          0
  7323,    57,   81000000,   16905577,        0,  -64094423,          0
  7323,    58,   81000000,   16897559,        0,  -64102441,          0
  7323,    59,   81000000,   16895256,        0,  -64104744,          0
  7323,    60,   81000000,   16884433,        0,  -64115567,          0
  7323,    61,   81000000,   16944923,        0,  -64055077,          0
  7323,    62,   81000000,   17036741,        0,  -63963259,          0
  7323,    63,   81000000,   16903419,        0,  -64096581,          0
  7323,    64,   81000000,   17265053,        0,  -63734947,          0
  7323,    65,   81000000,   16939029,        0,  -64060971,          0
  7323,    66,   81000000,   16946711,        0,  -64053289,          0
  7323,    67,   81000000,   17234791,        0,  -63765209,          0
  7323,    68,   81000000,   16906314,        0,  -64093686,          0
  7323,    69,   81000000,   17025965,        0,  -63974035,          0
  7323,    70,   81000000,   16900791,        0,  -64099209,          0
  7323,    71,   81000000,   19279480,        0,  -61720520,          0
  7323,    72,   81000000,   16946962,        0,  -64053038,          0
  7323,    73,   81000000,   19282021,        0,  -61717979,          0
  7323,    74,   81000000,   19855420,        0,  -61144580,          0
  7323,    75,   81000000,   18054054,        0,  -62945946,          0
  7323,    76,   81000000,   17049202,        0,  -63950798,          0
  7323,    77,   81000000,   17362836,        0,  -63637164,          0
  7323,    78,   81000000,   18105152,        0,  -62894848,          0
  7323,    79,   81000000,   16911500,        0,  -64088500,          0
  7323,    80,   81000000,   17731244,        0,  -63268756,          0
  7323,    81,   81000000,   17246208,        0,  -63753792,          0
  7323,    82,   81000000,   16981445,        0,  -64018555,          0
  7323,    83,   81000000,   16904614,        0,  -64095386,          0
  7323,    84,   81000000,   17201370,        0,  -63798630,          0
  7323,    85,   81000000,   16938535,        0,  -64061465,          0
  7323,    86,   81000000,   16932615,        0,  -64067385,          0
  7323,    87,   81000000,   17228772,        0,  -63771228,          0
  7323,    88,   81000000,   16931789,        0,  -64068211,          0
  7323,    89,   81000000,   18819551,        0,  -62180449,          0
  7323,    90,   81000000,   16985791,        0,  -64014209,          0
  7323,    91,   81000000,   16906011,        0,  -64093989,          0
  7323,    92,   81000000,   17112907,        0,  -63887093,          0
  7323,    93,   81000000,   16908861,        0,  -64091139,          0
  7323,    94,   81000000,   16907707,        0,  -64092293,          0
  7323,    95,   81000000,   16879729,        0,  -64120271,          0
  7323,    96,   81000000,   16878903,        0,  -64121097,          0
  7323,    97,   81000000,   16917885,        0,  -64082115,          0
  7323,    98,   81000000,   16926605,        0,  -64073395,          0
  7323,    99,   81000000,   16903103,        0,  -64096897,          0
  7323,   100,   81000000,   16904992,        0,  -64095008,          0
  7323,   101,   81000000,   27350438,        0,  -53649562,          0
  7323,   102,   81000000,   18961470,        0,  -62038530,          0
  7323,   103,   81000000,   16962756,        0,  -64037244,          0
  7323,   104,   81000000,   17217116,        0,  -63782884,          0
  7323,   105,   81000000,   17154862,        0,  -63845138,          0
  7323,   106,   81000000,   16877282,        0,  -64122718,          0
  7323,   107,   81000000,   16889559,        0,  -64110441,          0
  7323,   108,   81000000,   16872503,        0,  -64127497,          0
  7323,   109,   81000000,   16918866,        0,  -64081134,          0
  7323,   110,   81000000,   16897770,        0,  -64102230,          0
  7323,   111,   81000000,   16887713,        0,  -64112287,          0
  7323,   112,   81000000,   16875702,        0,  -64124298,          0
  7323,   113,   81000000,   16890109,        0,  -64109891,          0
  7323,   114,   81000000,   17122857,        0,  -63877143,          0
  7323,   115,   81000000,   18173740,        0,  -62826260,          0
  7323,   116,   81000000,   18998329,        0,  -62001671,          0
  7323,   117,   81000000,   16930325,        0,  -64069675,          0
  7323,   118,   81000000,   18305158,        0,  -62694842,          0
  7323,   119,   81000000,   16901855,        0,  -64098145,          0
  7323,   120,   81000000,   16881810,        0,  -64118190,          0
  7323,   121,   81000000,   17169196,        0,  -63830804,          0
  7323,   122,   81000000,   17032591,        0,  -63967409,          0
  7323,   123,   81000000,   16914020,        0,  -64085980,          0
  7323,   124,   81000000,   16926385,        0,  -64073615,          0
  7323,   125,   81000000,   20258526,        0,  -60741474,          0
  7323,   126,   81000000,   16908562,        0,  -64091438,          0
  7323,   127,   81000000,   16969729,        0,  -64030271,          0
# task NAME=myapp PID=7327 COST=15923000 PERIOD=94000000 CPU=0
  7327,     2,   94000000,       3204,        0,  -93996796,          0
  7327,     3,   94000000,     269762,        0,  -93730238,          0
  7327,     4,   94000000,   15846712,        0,  -78153288,          0
  7327,     5,   94000000,   20051125,        0,  -73948875,          0
  7327,     6,   94000000,   15852141,        0,  -78147859,          0
  7327,     7,   94000000,   15848023,        0,  -78151977,          0
  7327,     8,   94000000,   15845564,        0,  -78154436,          0
  7327,     9,   94000000,   16144965,        0,  -77855035,          0
  7327,    10,   94000000,   15846052,        0,  -78153948,          0
  7327,    11,   94000000,   16933451,        0,  -77066549,          0
  7327,    12,   94000000,   15857537,        0,  -78142463,          0
  7327,    13,   94000000,   16152706,        0,  -77847294,          0
  7327,    14,   94000000,   19178687,        0,  -74821313,          0
  7327,    15,   94000000,   15830644,        0,  -78169356,          0
  7327,    16,   94000000,   15805846,        0,  -78194154,          0
  7327,    17,   94000000,   16126362,        0,  -77873638,          0
  7327,    18,   94000000,   15823975,        0,  -78176025,          0
  7327,    19,   94000000,   19281186,        0,  -74718814,          0
  7327,    20,   94000000,   15804454,        0,  -78195546,          0
  7327,    21,   94000000,   16095563,        0,  -77904437,          0
  7327,    22,   94000000,   15854242,        0,  -78145758,          0
  7327,    23,   94000000,   34082004,        0,  -59917996,          0
  7327,    24,   94000000,   15854738,        0,  -78145262,          0
  7327,    25,   94000000,   16148796,        0,  -77851204,          0
  7327,    26,   94000000,   18793760,        0,  -75206240,          0
  7327,    27,   94000000,   15894972,        0,  -78105028,          0
  7327,    28,   94000000,   15866845,        0,  -78133155,          0
  7327,    29,   94000000,   16140198,        0,  -77859802,          0
  7327,    30,   94000000,   15820482,        0,  -78179518,          0
  7327,    31,   94000000,   15870859,        0,  -78129141,          0
  7327,    32,   94000000,   15813937,        0,  -78186063,          0
  7327,    33,   94000000,   15957925,        0,  -78042075,          0
  7327,    34,   94000000,   21272933,        0,  -72727067,          0
  7327,    35,   94000000,   15848814,        0,  -78151186,          0
  7327,    36,   94000000,   16922731,        0,  -77077269,          0
  7327,    37,   94000000,   15874539,        0,  -78125461,          0
  7327,    38,   94000000,   15827305,        0,  -78172695,          0
  7327,    39,   94000000,   15890935,        0,  -78109065,          0
  7327,    40,   94000000,   20691202,        0,  -73308798,          0
  7327,    41,   94000000,   15839230,        0,  -78160770,          0
  7327,    42,   94000000,   16875588,        0,  -77124412,          0
  7327,    43,   94000000,   15848576,        0,  -78151424,          0
  7327,    44,   94000000,   19767696,        0,  -74232304,          0
  7327,    45,   94000000,   15872457,        0,  -78127543,          0
  7327,    46,   94000000,   18037540,        0,  -75962460,          0
  7327,    47,   94000000,   16912673,        0,  -77087327,          0
  7327,    48,   94000000,   15863269,        0,  -78136731,          0
  7327,    49,   94000000,   15845356,        0,  -78154644,          0
  7327,    50,   94000000,   15828135,        0,  -78171865,          0
  7327,    51,   94000000,   15860872,        0,  -78139128,          0
  7327,    52,   94000000,   16966410,        0,  -77033590,          0
  7327,    53,   94000000,   15873265,        0,  -78126735,          0
  7327,    54,   94000000,   15868393,        0,  -78131607,          0
  7327,    55,   94000000,   18920820,        0,  -75079180,          0
  7327,    56,   94000000,   15804502,        0,  -78195498,          0
  7327,    57,   94000000,   15901854,        0,  -78098146,          0
  7327,    58,   94000000,   18746219,        0,  -75253781,          0
  7327,    59,   94000000,   15856998,        0,  -78143002,          0
  7327,    60,   94000000,   15870107,        0,  -78129893,          0
  7327,    61,   94000000,   15821556,        0,  -78178444,          0
  7327,    62,   94000000,   15815446,        0,  -78184554,          0
  7327,    63,   94000000,   15837295,        0,  -78162705,          0
  7327,    64,   94000000,   15901075,        0,  -78098925,          0
  7327,    65,   94000000,   18969527,        0,  -75030473,          0
  7327,    66,   94000000,   17264497,        0,  -76735503,          0
  7327,    67,   94000000,   15840237,        0,  -78159763,          0
  7327,    68,   94000000,   15797655,        0,  -78202345,          0
  7327,    69,   94000000,   19240293,        0,  -74759707,          0
  7327,    70,   94000000,   15853637,        0,  -78146363,          0
  7327,    71,   94000000,   15829108,        0,  -78170892,          0
  7327,    72,   94000000,   15828913,        0,  -78171087,          0
  7327,    73,   94000000,   23664344,        0,  -70335656,          0
  7327,    74,   94000000,   15846084,        0,  -78153916,          0
  7327,    75,   94000000,   15845159,        0,  -78154841,          0
  7327,    76,   94000000,   15838925,        0,  -78161075,          0
  7327,    77,   94000000,   15826501,        0,  -78173499,          0
  7327,    78,   94000000,   20991724,        0,  -73008276,          0
  7327,    79,   94000000,   22526311,        0,  -71473689,          0
  7327,    80,   94000000,   15830529,        0,  -78169471,          0
  7327,    81,   94000000,   17588591,        0,  -76411409,          0
  7327,    82,   94000000,   15799646,        0,  -78200354,          0
  7327,    83,   94000000,   15859376,        0,  -78140624,          0
  7327,    84,   94000000,   15863818,        0,  -78136182,          0
  7327,    85,   94000000,   15897015,        0,  -78102985,          0
  7327,    86,   94000000,   22357957,        0,  -71642043,          0
  7327,    87,   94000000,   15891420,        0,  -78108580,          0
  7327,    88,   94000000,   15851457,        0,  -78148543,          0
  7327,    89,   94000000,   15870027,        0,  -78129973,          0
  7327,    90,   94000000,   15919219,        0,  -78080781,          0
  7327,    91,   94000000,   15862725,        0,  -78137275,          0
  7327,    92,   94000000,   21838397,        0,  -72161603,          0
  7327,    93,   94000000,   15848431,        0,  -78151569,          0
  7327,    94,   94000000,   16234999,        0,  -77765001,          0
  7327,    95,   94000000,   15890699,        0,  -78109301,          0
  7327,    96,   94000000,   15858657,        0,  -78141343,          0
  7327,    97,   94000000,   15804019,        0,  -78195981,          0
  7327,    98,   94000000,   16124484,        0,  -77875516,          0
  7327,    99,   94000000,   15832153,        0,  -78167847,          0
  7327,   100,   94000000,   15839692,        0,  -78160308,          0
  7327,   101,   94000000,   15841829,        0,  -78158171,          0
  7327,   102,   94000000,   22743776,        0,  -71256224,          0
  7327,   103,   94000000,   15880932,        0,  -78119068,          0
  7327,   104,   94000000,   15830625,        0,  -78169375,          0
  7327,   105,   94000000,   15890024,        0,  -78109976,          0
  7327,   106,   94000000,   16108349,        0,  -77891651,          0
  7327,   107,   94000000,   15849270,        0,  -78150730,          0
  7327,   108,   94000000,   15858017,        0,  -78141983,          0
  7327,   109,   94000000,   15917966,        0,  -78082034,          0
  7327,   110,   94000000,   16178107,        0,  -77821893,          0
# task NAME=myapp PID=7331 COST=20850000 PERIOD=62000000 CPU=0
  7331,     2,   62000000,      15461,        0,  -61984539,          0
  7331,     3,   62000000,     259277,        0,  -61740723,          0
  7331,     4,   62000000,   21039972,        0,  -40960028,          0
  7331,     5,   62000000,   24459447,        0,  -37540553,          0
  7331,     6,   62000000,   24356205,        0,  -37643795,          0
  7331,     7,   62000000,   21794311,        0,  -40205689,          0
  7331,     8,   62000000,   20997656,        0,  -41002344,          0
  7331,     9,   62000000,   23823924,        0,  -38176076,          0
  7331,    10,   62000000,   21019981,        0,  -40980019,          0
  7331,    11,   62000000,   21783441,        0,  -40216559,          0
  7331,    12,   62000000,   21066928,        0,  -40933072,          0
  7331,    13,   62000000,   20760384,        0,  -41239616,          0
  7331,    14,   62000000,   21157792,        0,  -40842208,          0
  7331,    15,   62000000,   23872574,        0,  -38127426,          0
  7331,    16,   62000000,   21915418,        0,  -40084582,          0
  7331,    17,   62000000,   21398749,        0,  -40601251,          0
  7331,    18,   62000000,   21033062,        0,  -40966938,          0
  7331,    19,   62000000,   23687768,        0,  -38312232,          0
  7331,    20,   62000000,   21291601,        0,  -40708399,          0
  7331,    21,   62000000,   20799111,        0,  -41200889,          0
  7331,    22,   62000000,   21991934,        0,  -40008066,          0
  7331,    23,   62000000,   20718064,        0,  -41281936,          0
  7331,    24,   62000000,   22105935,        0,  -39894065,          0
  7331,    25,   62000000,   20733597,        0,  -41266403,          0
  7331,    26,   62000000,   21087008,        0,  -40912992,          0
  7331,    27,   62000000,   20684855,        0,  -41315145,          0
  7331,    28,   62000000,   20997806,        0,  -41002194,          0
  7331,    29,   62000000,   20717557,        0,  -41282443,          0
  7331,    30,   62000000,   20999028,        0,  -41000972,          0
  7331,    31,   62000000,   23794932,        0,  -38205068,          0
  7331,    32,   62000000,   20769355,        0,  -41230645,          0
  7331,    33,   62000000,   20728182,        0,  -41271818,          0
  7331,    34,   62000000,   26020277,        0,  -35979723,          0
  7331,    35,   62000000,   21189610,        0,  -40810390,          0
  7331,    36,   62000000,   20743302,        0,  -41256698,          0
  7331,    37,   62000000,   23402608,        0,  -38597392,          0
  7331,    38,   62000000,   20672003,        0,  -41327997,          0
  7331,    39,   62000000,   20729671,        0,  -41270329,          0
  7331,    40,   62000000,   20727503,        0,  -41272497,          0
  7331,    41,   62000000,   22834848,        0,  -39165152,          0
  7331,    42,   62000000,   20767974,        0,  -41232026,          0
  7331,    43,   62000000,   20722902,        0,  -41277098,          0
  7331,    44,   62000000,   22727036,        0,  -39272964,          0
  7331,    45,   62000000,   20730630,        0,  -41269370,          0
  7331,    46,   62000000,   20755380,        0,  -41244620,          0
  7331,    47,   62000000,   20688894,        0,  -41311106,          0
  7331,    48,   62000000,   20764952,        0,  -41235048,          0
  7331,    49,   62000000,   20714095,        0,  -41285905,          0
  7331,    50,   62000000,   26611816,        0,  -35388184,          0
  7331,    51,   62000000,   20734011,        0,  -41265989,          0
  7331,    52,   62000000,   20744633,        0,  -41255367,          0
  7331,    53,   62000000,   20940353,        0,  -41059647,          0
  7331,    54,   62000000,   21352985,        0,  -40647015,          0
  7331,    55,   62000000,   20705487,        0,  -41294513,          0
  7331,    56,   62000000,   20817001,        0,  -41182999,          0
  7331,    57,   62000000,   20695279,        0,  -41304721,          0
  7331,    58,   62000000,   20745531,        0,  -41254469,          0
  7331,    59,   62000000,   20709794,        0,  -41290206,          0
  7331,    60,   62000000,   20793000,        0,  -41207000,          0
  7331,    61,   62000000,   20711689,        0,  -41288311,          0
  7331,    62,   62000000,   20794132,        0,  -41205868,          0
  7331,    63,   62000000,   20701347,        0,  -41298653,          0
  7331,    64,   62000000,   21797298,        0,  -40202702,          0
  7331,    65,   62000000,   20955731,        0,  -41044269,          0
  7331,    66,   62000000,   24853328,        0,  -37146672,          0
  7331,    67,   62000000,   20755202,        0,  -41244798,          0
  7331,    68,   62000000,   20708014,        0,  -41291986,          0
  7331,    69,   62000000,   20832346,        0,  -41167654,          0
  7331,    70,   62000000,   20727965,        0,  -41272035,          0
  7331,    71,   62000000,   20756140,        0,  -41243860,          0
  7331,    72,   62000000,   25583250,        0,  -36416750,          0
  7331,    73,   62000000,   20707289,        0,  -41292711,          0
  7331,    74,   62000000,   20740737,        0,  -41259263,          0
  7331,    75,   62000000,   22665009,        0,  -39334991,          0
  7331,    76,   62000000,   22676437,        0,  -39323563,          0
  7331,    77,   62000000,   20732869,        0,  -41267131,          0
  7331,    78,   62000000,   20730264,        0,  -41269736,          0
  7331,    79,   62000000,   20696471,        0,  -41303529,          0
  7331,    80,   62000000,   20760463,        0,  -41239537,          0
  7331,    81,   62000000,   20715587,        0,  -41284413,          0
  7331,    82,   62000000,   20733315,        0,  -41266685,          0
  7331,    83,   62000000,   22477703,        0,  -39522297,          0
  7331,    84,   62000000,   20750905,        0,  -41249095,          0
  7331,    85,   62000000,   20745578,        0,  -41254422,          0
  7331,    86,   62000000,   27295230,        0,  -34704770,          0
  7331,    87,   62000000,   24574084,        0,  -37425916,          0
  7331,    88,   62000000,   21011344,        0,  -40988656,          0
  7331,    89,   62000000,   20805407,        0,  -41194593,          0
  7331,    90,   62000000,   20742044,        0,  -41257956,          0
  7331,    91,   62000000,   20729932,        0,  -41270068,          0
  7331,    92,   62000000,   20695964,        0,  -41304036,          0
  7331,    93,   62000000,   20716121,        0,  -41283879,          0
  7331,    94,   62000000,   28054101,        0,  -33945899,          0
  7331,    95,   62000000,   20733695,        0,  -41266305,          0
  7331,    96,   62000000,   20695248,        0,  -41304752,          0
  7331,    97,   62000000,   20740982,        0,  -41259018,          0
  7331,    98,   62000000,   20716446,        0,  -41283554,          0
  7331,    99,   62000000,   20743210,        0,  -41256790,          0
  7331,   100,   62000000,   20728905,        0,  -41271095,          0
  7331,   101,   62000000,   20745593,        0,  -41254407,          0
  7331,   102,   62000000,   20735151,        0,  -41264849,          0
  7331,   103,   62000000,   20804744,        0,  -41195256,          0
  7331,   104,   62000000,   20893193,        0,  -41106807,          0
  7331,   105,   62000000,   20765517,        0,  -41234483,          0
  7331,   106,   62000000,   20718308,        0,  -41281692,          0
  7331,   107,   62000000,   20721633,        0,  -41278367,          0
  7331,   108,   62000000,   20745340,        0,  -41254660,          0
  7331,   109,   62000000,   30982443,        0,  -31017557,          0
  7331,   110,   62000000,   20693787,        0,  -41306213,          0
  7331,   111,   62000000,   20760806,        0,  -41239194,          0
  7331,   112,   62000000,   20739016,        0,  -41260984,          0
  7331,   113,   62000000,   20738777,        0,  -41261223,          0
  7331,   114,   62000000,   20750429,        0,  -41249571,          0
  7331,   115,   62000000,   21050732,        0,  -40949268,          0
  7331,   116,   62000000,   20827011,        0,  -41172989,          0
  7331,   117,   62000000,   22770144,        0,  -39229856,          0
  7331,   118,   62000000,   27916110,        0,  -34083890,          0
  7331,   119,   62000000,   20990457,        0,  -41009543,          0
  7331,   120,   62000000,   20723119,        0,  -41276881,          0
  7331,   121,   62000000,   20988331,        0,  -41011669,          0
  7331,   122,   62000000,   20731157,        0,  -41268843,          0
  7331,   123,   62000000,   21079496,        0,  -40920504,          0
  7331,   124,   62000000,   20708428,        0,  -41291572,          0
  7331,   125,   62000000,   21018015,        0,  -40981985,          0
  7331,   126,   62000000,   27238039,        0,  -34761961,          0
  7331,   127,   62000000,   21068127,        0,  -40931873,          0
  7331,   128,   62000000,   20739553,        0,  -41260447,          0
  7331,   129,   62000000,   24610893,        0,  -37389107,          0
  7331,   130,   62000000,   22662180,        0,  -39337820,          0
  7331,   131,   62000000,   21020340,        0,  -40979660,          0
  7331,   132,   62000000,   20816184,        0,  -41183816,          0
  7331,   133,   62000000,   21018125,        0,  -40981875,          0
  7331,   134,   62000000,   22218812,        0,  -39781188,          0
  7331,   135,   62000000,   21021016,        0,  -40978984,          0
  7331,   136,   62000000,   20760137,        0,  -41239863,          0
  7331,   137,   62000000,   20975862,        0,  -41024138,          0
  7331,   138,   62000000,   26949260,        0,  -35050740,          0
  7331,   139,   62000000,   22843497,        0,  -39156503,          0
  7331,   140,   62000000,   20755116,        0,  -41244884,          0
  7331,   141,   62000000,   21156581,        0,  -40843419,          0
  7331,   142,   62000000,   20891122,        0,  -41108878,          0
  7331,   143,   62000000,   21066051,        0,  -40933949,          0
  7331,   144,   62000000,   20791822,        0,  -41208178,          0
  7331,   145,   62000000,   21055228,        0,  -40944772,          0
  7331,   146,   62000000,   20775621,        0,  -41224379,          0
  7331,   147,   62000000,   21028327,        0,  -40971673,          0
  7331,   148,   62000000,   23068246,        0,  -38931754,          0
  7331,   149,   62000000,   21053645,        0,  -40946355,          0
  7331,   150,   62000000,   23805764,        0,  -38194236,          0
  7331,   151,   62000000,   21035774,        0,  -40964226,          0
  7331,   152,   62000000,   20726036,        0,  -41273964,          0
  7331,   153,   62000000,   21065269,        0,  -40934731,          0
  7331,   154,   62000000,   20745961,        0,  -41254039,          0
  7331,   155,   62000000,   22109878,        0,  -39890122,          0
  7331,   156,   62000000,   20768283,        0,  -41231717,          0
  7331,   157,   62000000,   20723432,        0,  -41276568,          0
  7331,   158,   62000000,   21357917,        0,  -40642083,          0
  7331,   159,   62000000,   20775333,        0,  -41224667,          0
  7331,   160,   62000000,   20754649,        0,  -41245351,          0
  7331,   161,   62000000,   20788062,        0,  -41211938,          0
  7331,   162,   62000000,   20733279,        0,  -41266721,          0
  7331,   163,   62000000,   20709902,        0,  -41290098,          0
  7331,   164,   62000000,   20916377,        0,  -41083623,          0
  7331,   165,   62000000,   21086460,        0,  -40913540,          0
# task NAME=myapp PID=7335 COST=8813000 PERIOD=82000000 CPU=0
  7335,     2,   82000000,      25206,        0,  -81974794,          0
  7335,     3,   82000000,     243875,        0,  -81756125,          0
  7335,     4,   82000000,    8799154,        0,  -73200846,          0
  7335,     5,   82000000,    8817935,        0,  -73182065,          0
  7335,     6,   82000000,    8831001,        0,  -73168999,          0
  7335,     7,   82000000,    9383966,        0,  -72616034,          0
  7335,     8,   82000000,    9067888,        0,  -72932112,          0
  7335,     9,   82000000,    8816683,        0,  -73183317,          0
  7335,    10,   82000000,    8783516,        0,  -73216484,          0
  7335,    11,   82000000,    8830404,        0,  -73169596,          0
  7335,    12,   82000000,    8825489,        0,  -73174511,          0
  7335,    13,   82000000,   12838201,        0,  -69161799,          0
  7335,    14,   82000000,    8788897,        0,  -73211103,          0
  7335,    15,   82000000,    9767710,        0,  -72232290,          0
  7335,    16,   82000000,    9144099,        0,  -72855901,          0
  7335,    17,   82000000,   10468274,        0,  -71531726,          0
  7335,    18,   82000000,    8819357,        0,  -73180643,          0
  7335,    19,   82000000,    9089169,        0,  -72910831,          0
  7335,    20,   82000000,   12852306,        0,  -69147694,          0
  7335,    21,   82000000,    8776027,        0,  -73223973,          0
  7335,    22,   82000000,   13184443,        0,  -68815557,          0
  7335,    23,   82000000,    8840564,        0,  -73159436,          0
  7335,    24,   82000000,    8811116,        0,  -73188884,          0
  7335,    25,   82000000,    8872269,        0,  -73127731,          0
  7335,    26,   82000000,   20146656,        0,  -61853344,          0
  7335,    27,   82000000,    8793110,        0,  -73206890,          0
  7335,    28,   82000000,    9407079,        0,  -72592921,          0
  7335,    29,   82000000,    8797348,        0,  -73202652,          0
  7335,    30,   82000000,    9471692,        0,  -72528308,          0
  7335,    31,   82000000,    8825345,        0,  -73174655,          0
  7335,    32,   82000000,    8861188,        0,  -73138812,          0
  7335,    33,   82000000,    9762145,        0,  -72237855,          0
  7335,    34,   82000000,    8799083,        0,  -73200917,          0
  7335,    35,   82000000,    8786439,        0,  -73213561,          0
  7335,    36,   82000000,   10391338,        0,  -71608662,          0
  7335,    37,   82000000,    8845194,        0,  -73154806,          0
  7335,    38,   82000000,   11712254,        0,  -70287746,          0
  7335,    39,   82000000,    8809363,        0,  -73190637,          0
  7335,    40,   82000000,    8850657,        0,  -73149343,          0
  7335,    41,   82000000,    8985211,        0,  -73014789,          0
  7335,    42,   82000000,    8804495,        0,  -73195505,          0
  7335,    43,   82000000,    8837686,        0,  -73162314,          0
  7335,    44,   82000000,    8808912,        0,  -73191088,          0
  7335,    45,   82000000,    9086715,        0,  -72913285,          0
  7335,    46,   82000000,    8792358,        0,  -73207642,          0
  7335,    47,   82000000,   15993739,        0,  -66006261,          0
  7335,    48,   82000000,    9140061,        0,  -72859939,          0
  7335,    49,   82000000,    9065362,        0,  -72934638,          0
  7335,    50,   82000000,   12857880,        0,  -69142120,          0
  7335,    51,   82000000,    9977681,        0,  -72022319,          0
  7335,    52,   82000000,    8826392,        0,  -73173608,          0
  7335,    53,   82000000,    8844176,        0,  -73155824,          0
  7335,    54,   82000000,    8816493,        0,  -73183507,          0
  7335,    55,   82000000,    8840089,        0,  -73159911,          0
  7335,    56,   82000000,    8787683,        0,  -73212317,          0
  7335,    57,   82000000,    8794345,        0,  -73205655,          0
  7335,    58,   82000000,    8807595,        0,  -73192405,          0
  7335,    59,   82000000,    8810371,        0,  -73189629,          0
  7335,    60,   82000000,    8774110,        0,  -73225890,          0
  7335,    61,   82000000,    8814227,        0,  -73185773,          0
  7335,    62,   82000000,    8806533,        0,  -73193467,          0
  7335,    63,   82000000,    8793673,        0,  -73206327,          0
  7335,    64,   82000000,    8814844,        0,  -73185156,          0
  7335,    65,   82000000,   11369404,        0,  -70630596,          0
  7335,    66,   82000000,    8812034,        0,  -73187966,          0
  7335,    67,   82000000,   10549104,        0,  -71450896,          0
  7335,    68,   82000000,   14661818,        0,  -67338182,          0
  7335,    69,   82000000,    8854007,        0,  -73145993,          0
  7335,    70,   82000000,   11342192,        0,  -70657808,          0
  7335,    71,   82000000,   11807052,        0,  -70192948,          0
  7335,    72,   82000000,    9123850,        0,  -72876150,          0
  7335,    73,   82000000,    8803398,        0,  -73196602,          0
  7335,    74,   82000000,    8777445,        0,  -73222555,          0
  7335,    75,   82000000,    8844233,        0,  -73155767,          0
  7335,    76,   82000000,    8966333,        0,  -73033667,          0
  7335,    77,   82000000,    9115267,        0,  -72884733,          0
  7335,    78,   82000000,    8842052,        0,  -73157948,          0
  7335,    79,   82000000,    8832216,        0,  -73167784,          0
  7335,    80,   82000000,    9084148,        0,  -72915852,          0
  7335,    81,   82000000,    8783648,        0,  -73216352,          0
  7335,    82,   82000000,    8848952,        0,  -73151048,          0
  7335,    83,   82000000,    8806600,        0,  -73193400,          0
  7335,    84,   82000000,   11899510,        0,  -70100490,          0
  7335,    85,   82000000,    8818149,        0,  -73181851,          0
  7335,    86,   82000000,    8866019,        0,  -73133981,          0
  7335,    87,   82000000,    8799997,        0,  -73200003,          0
  7335,    88,   82000000,   12303413,        0,  -69696587,          0
  7335,    89,   82000000,    8794507,        0,  -73205493,          0
  7335,    90,   82000000,   14537674,        0,  -67462326,          0
  7335,    91,   82000000,    8794442,        0,  -73205558,          0
  7335,    92,   82000000,    8770526,        0,  -73229474,          0
  7335,    93,   82000000,    8773287,        0,  -73226713,          0
  7335,    94,   82000000,    8794259,        0,  -73205741,          0
  7335,    95,   82000000,    8796478,        0,  -73203522,          0
  7335,    96,   82000000,   16183673,        0,  -65816327,          0
  7335,    97,   82000000,    8856268,        0,  -73143732,          0
  7335,    98,   82000000,    8802388,        0,  -73197612,          0
  7335,    99,   82000000,    8816788,        0,  -73183212,          0
  7335,   100,   82000000,    9493188,        0,  -72506812,          0
  7335,   101,   82000000,    8821090,        0,  -73178910,          0
  7335,   102,   82000000,    8964795,        0,  -73035205,          0
  7335,   103,   82000000,   10864822,        0,  -71135178,          0
  7335,   104,   82000000,   10363496,        0,  -71636504,          0
  7335,   105,   82000000,    8823976,        0,  -73176024,          0
  7335,   106,   82000000,    8818064,        0,  -73181936,          0
  7335,   107,   82000000,    9096633,        0,  -72903367,          0
  7335,   108,   82000000,    8845882,        0,  -73154118,          0
  7335,   109,   82000000,    9109243,        0,  -72890757,          0
  7335,   110,   82000000,    8788422,        0,  -73211578,          0
  7335,   111,   82000000,   13408588,        0,  -68591412,          0
  7335,   112,   82000000,    9112559,        0,  -72887441,          0
  7335,   113,   82000000,    8811195,        0,  -73188805,          0
  7335,   114,   82000000,    8786133,        0,  -73213867,          0
  7335,   115,   82000000,    8802846,        0,  -73197154,          0
  7335,   116,   82000000,    8814347,        0,  -73185653,          0
  7335,   117,   82000000,    8818081,        0,  -73181919,          0
  7335,   118,   82000000,    8839207,        0,  -73160793,          0
  7335,   119,   82000000,    8829730,        0,  -73170270,          0
  7335,   120,   82000000,    8807202,        0,  -73192798,          0
  7335,   121,   82000000,    8828896,        0,  -73171104,          0
  7335,   122,   82000000,    8852783,        0,  -73147217,          0
  7335,   123,   82000000,    8819918,        0,  -73180082,          0
  7335,   124,   82000000,    8849702,        0,  -73150298,          0
  7335,   125,   82000000,   10106434,        0,  -71893566,          0
