# Task,   Job,     Period,   Response, DL Miss?,   Lateness,  Tardiness
# task NAME=myapp PID=17405 COST=19894000 PERIOD=92000000 CPU=0
 17405,     2,   92000000,      12749,        0,  -91987251,          0
 17405,     3,   92000000,     108568,        0,  -91891432,          0
 17405,     4,   92000000,   30607793,        0,  -61392207,          0
 17405,     5,   92000000,   24301300,        0,  -67698700,          0
 17405,     6,   92000000,   19808821,        0,  -72191179,          0
 17405,     7,   92000000,   21352901,        0,  -70647099,          0
 17405,     8,   92000000,   20879475,        0,  -71120525,          0
 17405,     9,   92000000,   22446408,        0,  -69553592,          0
 17405,    10,   92000000,   19876330,        0,  -72123670,          0
 17405,    11,   92000000,   23776487,        0,  -68223513,          0
 17405,    12,   92000000,   19780765,        0,  -72219235,          0
 17405,    13,   92000000,   19814040,        0,  -72185960,          0
 17405,    14,   92000000,   19768054,        0,  -72231946,          0
 17405,    15,   92000000,   20064330,        0,  -71935670,          0
 17405,    16,   92000000,   19766572,        0,  -72233428,          0
 17405,    17,   92000000,   19790676,        0,  -72209324,          0
 17405,    18,   92000000,   21265373,        0,  -70734627,          0
 17405,    19,   92000000,   20051864,        0,  -71948136,          0
 17405,    20,   92000000,   23314178,        0,  -68685822,          0
 17405,    21,   92000000,   21833485,        0,  -70166515,          0
 17405,    22,   92000000,   19794647,        0,  -72205353,          0
 17405,    23,   92000000,   23165347,        0,  -68834653,          0
 17405,    24,   92000000,   21419975,        0,  -70580025,          0
 17405,    25,   92000000,   26570322,        0,  -65429678,          0
 17405,    26,   92000000,   20851673,        0,  -71148327,          0
 17405,    27,   92000000,   19800580,        0,  -72199420,          0
 17405,    28,   92000000,   22777266,        0,  -69222734,          0
 17405,    29,   92000000,   21717555,        0,  -70282445,          0
 17405,    30,   92000000,   26520174,        0,  -65479826,          0
 17405,    31,   92000000,   19733956,        0,  -72266044,          0
 17405,    32,   92000000,   19835574,        0,  -72164426,          0
 17405,    33,   92000000,   20144398,        0,  -71855602,          0
 17405,    34,   92000000,   20077655,        0,  -71922345,          0
 17405,    35,   92000000,   19796145,        0,  -72203855,          0
 17405,    36,   92000000,   19770839,        0,  -72229161,          0
 17405,    37,   92000000,   25810618,        0,  -66189382,          0
 17405,    38,   92000000,   19811911,        0,  -72188089,          0
 17405,    39,   92000000,   32809061,        0,  -59190939,          0
 17405,    40,   92000000,   19878518,        0,  -72121482,          0
 17405,    41,   92000000,   19800140,        0,  -72199860,          0
 17405,    42,   92000000,   25834146,        0,  -66165854,          0
 17405,    43,   92000000,   21779544,        0,  -70220456,          0
 17405,    44,   92000000,   23675347,        0,  -68324653,          0
 17405,    45,   92000000,   22872842,        0,  -69127158,          0
 17405,    46,   92000000,   19804600,        0,  -72195400,          0
 17405,    47,   92000000,   21965652,        0,  -70034348,          0
 17405,    48,   92000000,   19967705,        0,  -72032295,          0
 17405,    49,   92000000,   23111279,        0,  -68888721,          0
 17405,    50,   92000000,   24870048,        0,  -67129952,          0
 17405,    51,   92000000,   20024288,        0,  -71975712,          0
 17405,    52,   92000000,   21775601,        0,  -70224399,          0
 17405,    53,   92000000,   28628323,        0,  -63371677,          0
 17405,    54,   92000000,   19925170,        0,  -72074830,          0
 17405,    55,   92000000,   23718619,        0,  -68281381,          0
 17405,    56,   92000000,   22962017,        0,  -69037983,          0
 17405,    57,   92000000,   22576432,        0,  -69423568,          0
 17405,    58,   92000000,   35900725,        0,  -56099275,          0
 17405,    59,   92000000,   21577487,        0,  -70422513,          0
 17405,    60,   92000000,   24158906,        0,  -67841094,          0
 17405,    61,   92000000,   23733529,        0,  -68266471,          0
 17405,    62,   92000000,   19820617,        0,  -72179383,          0
 17405,    63,   92000000,   19780850,        0,  -72219150,          0
 17405,    64,   92000000,   20142080,        0,  -71857920,          0
 17405,    65,   92000000,   21353172,        0,  -70646828,          0
 17405,    66,   92000000,   22863617,        0,  -69136383,          0
 17405,    67,   92000000,   23153725,        0,  -68846275,          0
 17405,    68,   92000000,   20714723,        0,  -71285277,          0
 17405,    69,   92000000,   19810080,        0,  -72189920,          0
 17405,    70,   92000000,   19734469,        0,  -72265531,          0
 17405,    71,   92000000,   19783137,        0,  -72216863,          0
 17405,    72,   92000000,   20096730,        0,  -71903270,          0
 17405,    73,   92000000,   57276618,        0,  -34723382,          0
 17405,    74,   92000000,   23219471,        0,  -68780529,          0
 17405,    75,   92000000,   19807227,        0,  -72192773,          0
 17405,    76,   92000000,   24750914,        0,  -67249086,          0
 17405,    77,   92000000,   19776808,        0,  -72223192,          0
 17405,    78,   92000000,   19794037,        0,  -72205963,          0
 17405,    79,   92000000,   19778290,        0,  -72221710,          0
 17405,    80,   92000000,   22856031,        0,  -69143969,          0
 17405,    81,   92000000,   25497575,        0,  -66502425,          0
 17405,    82,   92000000,   19764117,        0,  -72235883,          0
 17405,    83,   92000000,   20040666,        0,  -71959334,          0
 17405,    84,   92000000,   23237377,        0,  -68762623,          0
 17405,    85,   92000000,   19814387,        0,  -72185613,          0
 17405,    86,   92000000,   19783307,        0,  -72216693,          0
 17405,    87,   92000000,   20857161,        0,  -71142839,          0
 17405,    88,   92000000,   26861496,        0,  -65138504,          0
 17405,    89,   92000000,   19781036,        0,  -72218964,          0
 17405,    90,   92000000,   29855217,        0,  -62144783,          0
 17405,    91,   92000000,   19797439,        0,  -72202561,          0
 17405,    92,   92000000,   20830920,        0,  -71169080,          0
 17405,    93,   92000000,   21215287,        0,  -70784713,          0
 17405,    94,   92000000,   32384421,        0,  -59615579,          0
 17405,    95,   92000000,   20823902,        0,  -71176098,          0
 17405,    96,   92000000,   23944224,        0,  -68055776,          0
 17405,    97,   92000000,   19787742,        0,  -72212258,          0
 17405,    98,   92000000,   20081454,        0,  -71918546,          0
 17405,    99,   92000000,   19769302,        0,  -72230698,          0
 17405,   100,   92000000,   21433164,        0,  -70566836,          0
 17405,   101,   92000000,   24809134,        0,  -67190866,          0
 17405,   102,   92000000,   20185165,        0,  -71814835,          0
 17405,   103,   92000000,   19802948,        0,  -72197052,          0
 17405,   104,   92000000,   22879459,        0,  -69120541,          0
 17405,   105,   92000000,   19869023,        0,  -72130977,          0
 17405,   106,   92000000,   20129227,        0,  -71870773,          0
 17405,   107,   92000000,   19786163,        0,  -72213837,          0
 17405,   108,   92000000,   24925204,        0,  -67074796,          0
 17405,   109,   92000000,   29871675,        0,  -62128325,          0
 17405,   110,   92000000,   19762418,        0,  -72237582,          0
 17405,   111,   92000000,   19879098,        0,  -72120902,          0
 17405,   112,   92000000,   20882602,        0,  -71117398,          0
# task NAME=myapp PID=17409 COST=9714000 PERIOD=47000000 CPU=0
 17409,     2,   47000000,      13789,        0,  -46986211,          0
 17409,     3,   47000000,      86422,        0,  -46913578,          0
 17409,     4,   47000000,    9721657,        0,  -37278343,          0
 17409,     5,   47000000,   23368960,        0,  -23631040,          0
 17409,     6,   47000000,    9710612,        0,  -37289388,          0
 17409,     7,   47000000,   10537439,        0,  -36462561,          0
 17409,     8,   47000000,   12609867,        0,  -34390133,          0
 17409,     9,   47000000,    9708602,        0,  -37291398,          0
 17409,    10,   47000000,    9697094,        0,  -37302906,          0
 17409,    11,   47000000,   16888394,        0,  -30111606,          0
 17409,    12,   47000000,    9698495,        0,  -37301505,          0
 17409,    13,   47000000,   12655485,        0,  -34344515,          0
 17409,    14,   47000000,   12940146,        0,  -34059854,          0
 17409,    15,   47000000,    9695054,        0,  -37304946,          0
 17409,    16,   47000000,    9961583,        0,  -37038417,          0
 17409,    17,   47000000,    9731131,        0,  -37268869,          0
 17409,    18,   47000000,    9685282,        0,  -37314718,          0
 17409,    19,   47000000,   14654807,        0,  -32345193,          0
 17409,    20,   47000000,    9698394,        0,  -37301606,          0
 17409,    21,   47000000,    9739721,        0,  -37260279,          0
 17409,    22,   47000000,    9778813,        0,  -37221187,          0
 17409,    23,   47000000,    9698902,        0,  -37301098,          0
 17409,    24,   47000000,   11416968,        0,  -35583032,          0
 17409,    25,   47000000,   11547681,        0,  -35452319,          0
 17409,    26,   47000000,    9810469,        0,  -37189531,          0
 17409,    27,   47000000,    9724230,        0,  -37275770,          0
 17409,    28,   47000000,    9667303,        0,  -37332697,          0
 17409,    29,   47000000,    9771622,        0,  -37228378,          0
 17409,    30,   47000000,    9735419,        0,  -37264581,          0
 17409,    31,   47000000,    9710154,        0,  -37289846,          0
 17409,    32,   47000000,    9952627,        0,  -37047373,          0
 17409,    33,   47000000,   13418685,        0,  -33581315,          0
 17409,    34,   47000000,   11756520,        0,  -35243480,          0
 17409,    35,   47000000,    9707181,        0,  -37292819,          0
 17409,    36,   47000000,    9661615,        0,  -37338385,          0
 17409,    37,   47000000,   11804839,        0,  -35195161,          0
 17409,    38,   47000000,    9718636,        0,  -37281364,          0
 17409,    39,   47000000,    9690912,        0,  -37309088,          0
 17409,    40,   47000000,   10040788,        0,  -36959212,          0
 17409,    41,   47000000,   17858053,        0,  -29141947,          0
 17409,    42,   47000000,   16146180,        0,  -30853820,          0
 17409,    43,   47000000,    9678023,        0,  -37321977,          0
 17409,    44,   47000000,    9716998,        0,  -37283002,          0
 17409,    45,   47000000,   10840088,        0,  -36159912,          0
 17409,    46,   47000000,    9696751,        0,  -37303249,          0
 17409,    47,   47000000,    9696689,        0,  -37303311,          0
 17409,    48,   47000000,   11755275,        0,  -35244725,          0
 17409,    49,   47000000,    9709745,        0,  -37290255,          0
 17409,    50,   47000000,    9796925,        0,  -37203075,          0
 17409,    51,   47000000,    9684767,        0,  -37315233,          0
 17409,    52,   47000000,   21284182,        0,  -25715818,          0
 17409,    53,   47000000,   10773929,        0,  -36226071,          0
 17409,    54,   47000000,    9687903,        0,  -37312097,          0
 17409,    55,   47000000,   10898968,        0,  -36101032,          0
 17409,    56,   47000000,    9953081,        0,  -37046919,          0
 17409,    57,   47000000,   11760496,        0,  -35239504,          0
 17409,    58,   47000000,    9699721,        0,  -37300279,          0
 17409,    59,   47000000,    9684233,        0,  -37315767,          0
 17409,    60,   47000000,   14839796,        0,  -32160204,          0
 17409,    61,   47000000,   13618063,        0,  -33381937,          0
 17409,    62,   47000000,    9711478,        0,  -37288522,          0
 17409,    63,   47000000,    9957378,        0,  -37042622,          0
 17409,    64,   47000000,    9699323,        0,  -37300677,          0
 17409,    65,   47000000,   12750967,        0,  -34249033,          0
 17409,    66,   47000000,   12335253,        0,  -34664747,          0
 17409,    67,   47000000,    9686072,        0,  -37313928,          0
 17409,    68,   47000000,    9682056,        0,  -37317944,          0
 17409,    69,   47000000,    9669955,        0,  -37330045,          0
 17409,    70,   47000000,   13245561,        0,  -33754439,          0
 17409,    71,   47000000,    9712689,        0,  -37287311,          0
 17409,    72,   47000000,    9670211,        0,  -37329789,          0
 17409,    73,   47000000,    9681850,        0,  -37318150,          0
 17409,    74,   47000000,   11818155,        0,  -35181845,          0
 17409,    75,   47000000,    9769404,        0,  -37230596,          0
 17409,    76,   47000000,   13513226,        0,  -33486774,          0
 17409,    77,   47000000,    9663654,        0,  -37336346,          0
 17409,    78,   47000000,   11756118,        0,  -35243882,          0
 17409,    79,   47000000,    9747245,        0,  -37252755,          0
 17409,    80,   47000000,    9697773,        0,  -37302227,          0
 17409,    81,   47000000,    9819703,        0,  -37180297,          0
 17409,    82,   47000000,    9893961,        0,  -37106039,          0
 17409,    83,   47000000,    9664724,        0,  -37335276,          0
 17409,    84,   47000000,    9815626,        0,  -37184374,          0
 17409,    85,   47000000,   10516570,        0,  -36483430,          0
 17409,    86,   47000000,   13487069,        0,  -33512931,          0
 17409,    87,   47000000,    9681687,        0,  -37318313,          0
 17409,    88,   47000000,    9778500,        0,  -37221500,          0
 17409,    89,   47000000,    9717665,        0,  -37282335,          0
 17409,    90,   47000000,    9719126,        0,  -37280874,          0
 17409,    91,   47000000,    9689864,        0,  -37310136,          0
 17409,    92,   47000000,    9703591,        0,  -37296409,          0
 17409,    93,   47000000,    9715809,        0,  -37284191,          0
 17409,    94,   47000000,    9698247,        0,  -37301753,          0
 17409,    95,   47000000,    9724521,        0,  -37275479,          0
 17409,    96,   47000000,   15806351,        0,  -31193649,          0
 17409,    97,   47000000,    9686459,        0,  -37313541,          0
 17409,    98,   47000000,    9720116,        0,  -37279884,          0
 17409,    99,   47000000,   10810611,        0,  -36189389,          0
 17409,   100,   47000000,   11800148,        0,  -35199852,          0
 17409,   101,   47000000,   13380308,        0,  -33619692,          0
 17409,   102,   47000000,    9659331,        0,  -37340669,          0
 17409,   103,   47000000,    9726486,        0,  -37273514,          0
 17409,   104,   47000000,    9690833,        0,  -37309167,          0
 17409,   105,   47000000,   10785374,        0,  -36214626,          0
 17409,   106,   47000000,    9746022,        0,  -37253978,          0
 17409,   107,   47000000,    9771327,        0,  -37228673,          0
 17409,   108,   47000000,    9705989,        0,  -37294011,          0
 17409,   109,   47000000,   12952690,        0,  -34047310,          0
 17409,   110,   47000000,   14740915,        0,  -32259085,          0
 17409,   111,   47000000,    9719200,        0,  -37280800,          0
 17409,   112,   47000000,   13509880,        0,  -33490120,          0
 17409,   113,   47000000,    9758746,        0,  -37241254,          0
 17409,   114,   47000000,    9712292,        0,  -37287708,          0
 17409,   115,   47000000,    9717234,        0,  -37282766,          0
 17409,   116,   47000000,    9698640,        0,  -37301360,          0
 17409,   117,   47000000,   10000479,        0,  -36999521,          0
 17409,   118,   47000000,   10285794,        0,  -36714206,          0
 17409,   119,   47000000,   11719530,        0,  -35280470,          0
 17409,   120,   47000000,   15616437,        0,  -31383563,          0
 17409,   121,   47000000,    9772398,        0,  -37227602,          0
 17409,   122,   47000000,   11180574,        0,  -35819426,          0
 17409,   123,   47000000,   12681057,        0,  -34318943,          0
 17409,   124,   47000000,   14149810,        0,  -32850190,          0
 17409,   125,   47000000,   11251588,        0,  -35748412,          0
 17409,   126,   47000000,    9696759,        0,  -37303241,          0
 17409,   127,   47000000,    9781590,        0,  -37218410,          0
 17409,   128,   47000000,    9697701,        0,  -37302299,          0
 17409,   129,   47000000,   15529712,        0,  -31470288,          0
 17409,   130,   47000000,   10323532,        0,  -36676468,          0
 17409,   131,   47000000,    9704496,        0,  -37295504,          0
 17409,   132,   47000000,    9715332,        0,  -37284668,          0
 17409,   133,   47000000,   10018375,        0,  -36981625,          0
 17409,   134,   47000000,    9743026,        0,  -37256974,          0
 17409,   135,   47000000,   13200507,        0,  -33799493,          0
 17409,   136,   47000000,    9661508,        0,  -37338492,          0
 17409,   137,   47000000,   11765466,        0,  -35234534,          0
 17409,   138,   47000000,   11115990,        0,  -35884010,          0
 17409,   139,   47000000,   10784528,        0,  -36215472,          0
 17409,   140,   47000000,   21306627,        0,  -25693373,          0
 17409,   141,   47000000,   11183383,        0,  -35816617,          0
 17409,   142,   47000000,    9973124,        0,  -37026876,          0
 17409,   143,   47000000,   13854756,        0,  -33145244,          0
 17409,   144,   47000000,    9729846,        0,  -37270154,          0
 17409,   145,   47000000,    9730153,        0,  -37269847,          0
 17409,   146,   47000000,   12414964,        0,  -34585036,          0
 17409,   147,   47000000,    9736117,        0,  -37263883,          0
 17409,   148,   47000000,    9732386,        0,  -37267614,          0
 17409,   149,   47000000,   10161759,        0,  -36838241,          0
 17409,   150,   47000000,   13042324,        0,  -33957676,          0
 17409,   151,   47000000,    9731417,        0,  -37268583,          0
 17409,   152,   47000000,    9681696,        0,  -37318304,          0
 17409,   153,   47000000,    9701903,        0,  -37298097,          0
 17409,   154,   47000000,   17767493,        0,  -29232507,          0
 17409,   155,   47000000,   11788044,        0,  -35211956,          0
 17409,   156,   47000000,    9704945,        0,  -37295055,          0
 17409,   157,   47000000,   10047363,        0,  -36952637,          0
 17409,   158,   47000000,   10850204,        0,  -36149796,          0
 17409,   159,   47000000,   10764875,        0,  -36235125,          0
 17409,   160,   47000000,    9719308,        0,  -37280692,          0
 17409,   161,   47000000,    9656602,        0,  -37343398,          0
 17409,   162,   47000000,    9856366,        0,  -37143634,          0
 17409,   163,   47000000,    9696478,        0,  -37303522,          0
 17409,   164,   47000000,    9742830,        0,  -37257170,          0
 17409,   165,   47000000,   10196795,        0,  -36803205,          0
 17409,   166,   47000000,    9701326,        0,  -37298674,          0
 17409,   167,   47000000,    9717472,        0,  -37282528,          0
 17409,   168,   47000000,    9690084,        0,  -37309916,          0
 17409,   169,   47000000,   10860557,        0,  -36139443,          0
 17409,   170,   47000000,    9692752,        0,  -37307248,          0
 17409,   171,   47000000,    9708697,        0,  -37291303,          0
 17409,   172,   47000000,   11710470,        0,  -35289530,          0
 17409,   173,   47000000,   15949633,        0,  -31050367,          0
 17409,   174,   47000000,   15307068,        0,  -31692932,          0
 17409,   175,   47000000,   10783500,        0,  -36216500,          0
 17409,   176,   47000000,    9705036,        0,  -37294964,          0
 17409,   177,   47000000,    9685575,        0,  -37314425,          0
 17409,   178,   47000000,    9697068,        0,  -37302932,          0
 17409,   179,   47000000,   16485463,        0,  -30514537,          0
 17409,   180,   47000000,   10658846,        0,  -36341154,          0
 17409,   181,   47000000,   24263569,        0,  -22736431,          0
 17409,   182,   47000000,   11970781,        0,  -35029219,          0
 17409,   183,   47000000,   17104472,        0,  -29895528,          0
 17409,   184,   47000000,   14741867,        0,  -32258133,          0
 17409,   185,   47000000,   14968986,        0,  -32031014,          0
 17409,   186,   47000000,   14470195,        0,  -32529805,          0
 17409,   187,   47000000,    9718251,        0,  -37281749,          0
 17409,   188,   47000000,   11317139,        0,  -35682861,          0
 17409,   189,   47000000,    9717285,        0,  -37282715,          0
 17409,   190,   47000000,    9666776,        0,  -37333224,          0
 17409,   191,   47000000,    9738303,        0,  -37261697,          0
 17409,   192,   47000000,    9698097,        0,  -37301903,          0
 17409,   193,   47000000,    9692658,        0,  -37307342,          0
 17409,   194,   47000000,   13613088,        0,  -33386912,          0
 17409,   195,   47000000,    9747765,        0,  -37252235,          0
 17409,   196,   47000000,   13742214,        0,  -33257786,          0
 17409,   197,   47000000,   15790733,        0,  -31209267,          0
 17409,   198,   47000000,    9775606,        0,  -37224394,          0
 17409,   199,   47000000,   11586898,        0,  -35413102,          0
 17409,   200,   47000000,    9714831,        0,  -37285169,          0
 17409,   201,   47000000,    9728401,        0,  -37271599,          0
 17409,   202,   47000000,    9789789,        0,  -37210211,          0
 17409,   203,   47000000,   12439543,        0,  -34560457,          0
 17409,   204,   47000000,    9700319,        0,  -37299681,          0
 17409,   205,   47000000,   13538256,        0,  -33461744,          0
 17409,   206,   47000000,    9782318,        0,  -37217682,          0
 17409,   207,   47000000,    9705543,        0,  -37294457,          0
 17409,   208,   47000000,    9701135,        0,  -37298865,          0
 17409,   209,   47000000,   12823933,        0,  -34176067,          0
 17409,   210,   47000000,    9765578,        0,  -37234422,          0
 17409,   211,   47000000,   11893162,        0,  -35106838,          0
 17409,   212,   47000000,    9673560,        0,  -37326440,          0
 17409,   213,   47000000,    9749497,        0,  -37250503,          0
 17409,   214,   47000000,    9669729,        0,  -37330271,          0
 17409,   215,   47000000,    9883746,        0,  -37116254,          0
 17409,   216,   47000000,    9681389,        0,  -37318611,          0
# task NAME=myapp PID=17413 COST=20708000 PERIOD=65000000 CPU=0
 17413,     2,   65000000,      14885,        0,  -64985115,          0
 17413,     3,   65000000,      93889,        0,  -64906111,          0
 17413,     4,   65000000,   20590080,        0,  -44409920,          0
 17413,     5,   65000000,   20619011,        0,  -44380989,          0
 17413,     6,   65000000,   24147029,        0,  -40852971,          0
 17413,     7,   65000000,   20611854,        0,  -44388146,          0
 17413,     8,   65000000,   20601451,        0,  -44398549,          0
 17413,     9,   65000000,   21220994,        0,  -43779006,          0
 17413,    10,   65000000,   20615585,        0,  -44384415,          0
 17413,    11,   65000000,   23000169,        0,  -41999831,          0
 17413,    12,   65000000,   20598893,        0,  -44401107,          0
 17413,    13,   65000000,   20613219,        0,  -44386781,          0
 17413,    14,   65000000,   23950992,        0,  -41049008,          0
 17413,    15,   65000000,   22772538,        0,  -42227462,          0
 17413,    16,   65000000,   20633355,        0,  -44366645,          0
 17413,    17,   65000000,   20614985,        0,  -44385015,          0
 17413,    18,   65000000,   20902974,        0,  -44097026,          0
 17413,    19,   65000000,   23511136,        0,  -41488864,          0
 17413,    20,   65000000,   21626235,        0,  -43373765,          0
 17413,    21,   65000000,   20610278,        0,  -44389722,          0
 17413,    22,   65000000,   20881587,        0,  -44118413,          0
 17413,    23,   65000000,   30438263,        0,  -34561737,          0
 17413,    24,   65000000,   23997673,        0,  -41002327,          0
 17413,    25,   65000000,   20572402,        0,  -44427598,          0
 17413,    26,   65000000,   20617447,        0,  -44382553,          0
 17413,    27,   65000000,   33851917,        0,  -31148083,          0
 17413,    28,   65000000,   20576486,        0,  -44423514,          0
 17413,    29,   65000000,   21733911,        0,  -43266089,          0
 17413,    30,   65000000,   20582551,        0,  -44417449,          0
 17413,    31,   65000000,   21292508,        0,  -43707492,          0
 17413,    32,   65000000,   24536677,        0,  -40463323,          0
 17413,    33,   65000000,   28937720,        0,  -36062280,          0
 17413,    34,   65000000,   20580088,        0,  -44419912,          0
 17413,    35,   65000000,   20634772,        0,  -44365228,          0
 17413,    36,   65000000,   21953111,        0,  -43046889,          0
 17413,    37,   65000000,   31924504,        0,  -33075496,          0
 17413,    38,   65000000,   21198567,        0,  -43801433,          0
 17413,    39,   65000000,   23685835,        0,  -41314165,          0
 17413,    40,   65000000,   20802778,        0,  -44197222,          0
 17413,    41,   65000000,   20598905,        0,  -44401095,          0
 17413,    42,   65000000,   32684978,        0,  -32315022,          0
 17413,    43,   65000000,   20966764,        0,  -44033236,          0
 17413,    44,   65000000,   21459261,        0,  -43540739,          0
 17413,    45,   65000000,   22520646,        0,  -42479354,          0
 17413,    46,   65000000,   20607873,        0,  -44392127,          0
 17413,    47,   65000000,   23796628,        0,  -41203372,          0
 17413,    48,   65000000,   21596285,        0,  -43403715,          0
 17413,    49,   65000000,   22660185,        0,  -42339815,          0
 17413,    50,   65000000,   20617809,        0,  -44382191,          0
 17413,    51,   65000000,   20578617,        0,  -44421383,          0
 17413,    52,   65000000,   20616436,        0,  -44383564,          0
 17413,    53,   65000000,   23345275,        0,  -41654725,          0
 17413,    54,   65000000,   20728628,        0,  -44271372,          0
 17413,    55,   65000000,   20606251,        0,  -44393749,          0
 17413,    56,   65000000,   20601477,        0,  -44398523,          0
 17413,    57,   65000000,   27273836,        0,  -37726164,          0
 17413,    58,   65000000,   20618520,        0,  -44381480,          0
 17413,    59,   65000000,   20656394,        0,  -44343606,          0
 17413,    60,   65000000,   20648201,        0,  -44351799,          0
 17413,    61,   65000000,   20609099,        0,  -44390901,          0
 17413,    62,   65000000,   24612380,        0,  -40387620,          0
 17413,    63,   65000000,   20580573,        0,  -44419427,          0
 17413,    64,   65000000,   20593952,        0,  -44406048,          0
 17413,    65,   65000000,   23554293,        0,  -41445707,          0
 17413,    66,   65000000,   27154227,        0,  -37845773,          0
 17413,    67,   65000000,   20583398,        0,  -44416602,          0
 17413,    68,   65000000,   20982494,        0,  -44017506,          0
 17413,    69,   65000000,   26906736,        0,  -38093264,          0
 17413,    70,   65000000,   20902032,        0,  -44097968,          0
 17413,    71,   65000000,   20597043,        0,  -44402957,          0
 17413,    72,   65000000,   20871650,        0,  -44128350,          0
 17413,    73,   65000000,   22723644,        0,  -42276356,          0
 17413,    74,   65000000,   20851517,        0,  -44148483,          0
 17413,    75,   65000000,   25599752,        0,  -39400248,          0
 17413,    76,   65000000,   20594778,        0,  -44405222,          0
 17413,    77,   65000000,   24918801,        0,  -40081199,          0
 17413,    78,   65000000,   20598227,        0,  -44401773,          0
 17413,    79,   65000000,   21058490,        0,  -43941510,          0
 17413,    80,   65000000,   20646470,        0,  -44353530,          0
 17413,    81,   65000000,   24699895,        0,  -40300105,          0
 17413,    82,   65000000,   20629710,        0,  -44370290,          0
 17413,    83,   65000000,   20620713,        0,  -44379287,          0
 17413,    84,   65000000,   20596427,        0,  -44403573,          0
 17413,    85,   65000000,   20595876,        0,  -44404124,          0
 17413,    86,   65000000,   20589097,        0,  -44410903,          0
 17413,    87,   65000000,   29083425,        0,  -35916575,          0
 17413,    88,   65000000,   20583011,        0,  -44416989,          0
 17413,    89,   65000000,   20751682,        0,  -44248318,          0
 17413,    90,   65000000,   20618790,        0,  -44381210,          0
 17413,    91,   65000000,   21320895,        0,  -43679105,          0
 17413,    92,   65000000,   20605583,        0,  -44394417,          0
 17413,    93,   65000000,   24768081,        0,  -40231919,          0
 17413,    94,   65000000,   22533049,        0,  -42466951,          0
 17413,    95,   65000000,   21944708,        0,  -43055292,          0
 17413,    96,   65000000,   20591709,        0,  -44408291,          0
 17413,    97,   65000000,   20907540,        0,  -44092460,          0
 17413,    98,   65000000,   20684981,        0,  -44315019,          0
 17413,    99,   65000000,   21951457,        0,  -43048543,          0
 17413,   100,   65000000,   24039504,        0,  -40960496,          0
 17413,   101,   65000000,   20712713,        0,  -44287287,          0
 17413,   102,   65000000,   20609325,        0,  -44390675,          0
 17413,   103,   65000000,   20630421,        0,  -44369579,          0
 17413,   104,   65000000,   22671881,        0,  -42328119,          0
 17413,   105,   65000000,   34211350,        0,  -30788650,          0
 17413,   106,   65000000,   20603803,        0,  -44396197,          0
 17413,   107,   65000000,   20688382,        0,  -44311618,          0
 17413,   108,   65000000,   20611347,        0,  -44388653,          0
 17413,   109,   65000000,   20927692,        0,  -44072308,          0
 17413,   110,   65000000,   20616401,        0,  -44383599,          0
 17413,   111,   65000000,   21900320,        0,  -43099680,          0
 17413,   112,   65000000,   20610820,        0,  -44389180,          0
 17413,   113,   65000000,   21678902,        0,  -43321098,          0
 17413,   114,   65000000,   20595407,        0,  -44404593,          0
 17413,   115,   65000000,   21800216,        0,  -43199784,          0
 17413,   116,   65000000,   20555055,        0,  -44444945,          0
 17413,   117,   65000000,   32555061,        0,  -32444939,          0
 17413,   118,   65000000,   21883231,        0,  -43116769,          0
 17413,   119,   65000000,   20617734,        0,  -44382266,          0
 17413,   120,   65000000,   21228603,        0,  -43771397,          0
 17413,   121,   65000000,   27915065,        0,  -37084935,          0
 17413,   122,   65000000,   20882307,        0,  -44117693,          0
 17413,   123,   65000000,   25619029,        0,  -39380971,          0
 17413,   124,   65000000,   22653528,        0,  -42346472,          0
 17413,   125,   65000000,   21662185,        0,  -43337815,          0
 17413,   126,   65000000,   21686677,        0,  -43313323,          0
 17413,   127,   65000000,   21163797,        0,  -43836203,          0
 17413,   128,   65000000,   20778724,        0,  -44221276,          0
 17413,   129,   65000000,   30656571,        0,  -34343429,          0
 17413,   130,   65000000,   20590362,        0,  -44409638,          0
 17413,   131,   65000000,   21653397,        0,  -43346603,          0
 17413,   132,   65000000,   25756716,        0,  -39243284,          0
 17413,   133,   65000000,   20591184,        0,  -44408816,          0
 17413,   134,   65000000,   22526823,        0,  -42473177,          0
 17413,   135,   65000000,   21654841,        0,  -43345159,          0
 17413,   136,   65000000,   20601077,        0,  -44398923,          0
 17413,   137,   65000000,   23662736,        0,  -41337264,          0
 17413,   138,   65000000,   22701513,        0,  -42298487,          0
 17413,   139,   65000000,   20600091,        0,  -44399909,          0
 17413,   140,   65000000,   20583451,        0,  -44416549,          0
 17413,   141,   65000000,   25955257,        0,  -39044743,          0
 17413,   142,   65000000,   20606551,        0,  -44393449,          0
 17413,   143,   65000000,   20894426,        0,  -44105574,          0
 17413,   144,   65000000,   20691879,        0,  -44308121,          0
 17413,   145,   65000000,   20866689,        0,  -44133311,          0
 17413,   146,   65000000,   20744229,        0,  -44255771,          0
 17413,   147,   65000000,   23609763,        0,  -41390237,          0
 17413,   148,   65000000,   20590538,        0,  -44409462,          0
 17413,   149,   65000000,   20866492,        0,  -44133508,          0
 17413,   150,   65000000,   20666348,        0,  -44333652,          0
 17413,   151,   65000000,   20605793,        0,  -44394207,          0
 17413,   152,   65000000,   20738987,        0,  -44261013,          0
 17413,   153,   65000000,   22847653,        0,  -42152347,          0
 17413,   154,   65000000,   20574328,        0,  -44425672,          0
 17413,   155,   65000000,   22068943,        0,  -42931057,          0
 17413,   156,   65000000,   24869139,        0,  -40130861,          0
 17413,   157,   65000000,   20643084,        0,  -44356916,          0
# task NAME=myapp PID=17417 COST=6173000 PERIOD=26000000 CPU=0
 17417,     2,   26000000,       3781,        0,  -25996219,          0
 17417,     3,   26000000,     105676,        0,  -25894324,          0
 17417,     4,   26000000,    6187316,        0,  -19812684,          0
 17417,     5,   26000000,    7074409,        0,  -18925591,          0
 17417,     6,   26000000,    6168438,        0,  -19831562,          0
 17417,     7,   26000000,   14531486,        0,  -11468514,          0
 17417,     8,   26000000,    6205004,        0,  -19794996,          0
 17417,     9,   26000000,    9384103,        0,  -16615897,          0
 17417,    10,   26000000,    6870329,        0,  -19129671,          0
 17417,    11,   26000000,   10895151,        0,  -15104849,          0
 17417,    12,   26000000,    6362374,        0,  -19637626,          0
 17417,    13,   26000000,    6203125,        0,  -19796875,          0
 17417,    14,   26000000,   10775290,        0,  -15224710,          0
 17417,    15,   26000000,    6226789,        0,  -19773211,          0
 17417,    16,   26000000,   11277601,        0,  -14722399,          0
 17417,    17,   26000000,    9991627,        0,  -16008373,          0
 17417,    18,   26000000,    6231202,        0,  -19768798,          0
 17417,    19,   26000000,    6228894,        0,  -19771106,          0
 17417,    20,   26000000,    7120590,        0,  -18879410,          0
 17417,    21,   26000000,    6985289,        0,  -19014711,          0
 17417,    22,   26000000,    6218639,        0,  -19781361,          0
 17417,    23,   26000000,    6227589,        0,  -19772411,          0
 17417,    24,   26000000,   11810534,        0,  -14189466,          0
 17417,    25,   26000000,    6178801,        0,  -19821199,          0
 17417,    26,   26000000,    6214130,        0,  -19785870,          0
 17417,    27,   26000000,    9062982,        0,  -16937018,          0
 17417,    28,   26000000,    6193830,        0,  -19806170,          0
 17417,    29,   26000000,    6224830,        0,  -19775170,          0
 17417,    30,   26000000,    6188979,        0,  -19811021,          0
 17417,    31,   26000000,    6170964,        0,  -19829036,          0
 17417,    32,   26000000,    6223319,        0,  -19776681,          0
 17417,    33,   26000000,    7282002,        0,  -18717998,          0
 17417,    34,   26000000,    7086993,        0,  -18913007,          0
 17417,    35,   26000000,    7513669,        0,  -18486331,          0
 17417,    36,   26000000,    7264292,        0,  -18735708,          0
 17417,    37,   26000000,    6197909,        0,  -19802091,          0
 17417,    38,   26000000,    6215806,        0,  -19784194,          0
 17417,    39,   26000000,    6528665,        0,  -19471335,          0
 17417,    40,   26000000,    6203952,        0,  -19796048,          0
 17417,    41,   26000000,    6499162,        0,  -19500838,          0
 17417,    42,   26000000,   19565273,        0,   -6434727,          0
 17417,    43,   26000000,    6301778,        0,  -19698222,          0
 17417,    44,   26000000,   12273600,        0,  -13726400,          0
 17417,    45,   26000000,    6493023,        0,  -19506977,          0
 17417,    46,   26000000,    6284635,        0,  -19715365,          0
 17417,    47,   26000000,    8800888,        0,  -17199112,          0
 17417,    48,   26000000,    6224317,        0,  -19775683,          0
 17417,    49,   26000000,    6176966,        0,  -19823034,          0
 17417,    50,   26000000,    6256122,        0,  -19743878,          0
 17417,    51,   26000000,    7094792,        0,  -18905208,          0
 17417,    52,   26000000,    6327134,        0,  -19672866,          0
 17417,    53,   26000000,   11975307,        0,  -14024693,          0
 17417,    54,   26000000,    6171609,        0,  -19828391,          0
 17417,    55,   26000000,    6246226,        0,  -19753774,          0
 17417,    56,   26000000,    6197296,        0,  -19802704,          0
 17417,    57,   26000000,   11497503,        0,  -14502497,          0
 17417,    58,   26000000,    6196114,        0,  -19803886,          0
 17417,    59,   26000000,    6691939,        0,  -19308061,          0
 17417,    60,   26000000,    6196140,        0,  -19803860,          0
 17417,    61,   26000000,    6189668,        0,  -19810332,          0
 17417,    62,   26000000,    8167191,        0,  -17832809,          0
 17417,    63,   26000000,    6232388,        0,  -19767612,          0
 17417,    64,   26000000,   10838363,        0,  -15161637,          0
 17417,    65,   26000000,    6450505,        0,  -19549495,          0
 17417,    66,   26000000,    9178735,        0,  -16821265,          0
 17417,    67,   26000000,    6195229,        0,  -19804771,          0
 17417,    68,   26000000,    6227568,        0,  -19772432,          0
 17417,    69,   26000000,    7293713,        0,  -18706287,          0
 17417,    70,   26000000,    6188667,        0,  -19811333,          0
 17417,    71,   26000000,    7754709,        0,  -18245291,          0
 17417,    72,   26000000,   15291140,        0,  -10708860,          0
 17417,    73,   26000000,    6189965,        0,  -19810035,          0
 17417,    74,   26000000,    9351301,        0,  -16648699,          0
 17417,    75,   26000000,    8336788,        0,  -17663212,          0
 17417,    76,   26000000,    6209826,        0,  -19790174,          0
 17417,    77,   26000000,    6169484,        0,  -19830516,          0
 17417,    78,   26000000,    7354350,        0,  -18645650,          0
 17417,    79,   26000000,    6181176,        0,  -19818824,          0
 17417,    80,   26000000,    6232682,        0,  -19767318,          0
 17417,    81,   26000000,    7278325,        0,  -18721675,          0
 17417,    82,   26000000,   18210597,        0,   -7789403,          0
 17417,    83,   26000000,    6217072,        0,  -19782928,          0
 17417,    84,   26000000,    7269860,        0,  -18730140,          0
 17417,    85,   26000000,    8483506,        0,  -17516494,          0
 17417,    86,   26000000,    6550639,        0,  -19449361,          0
 17417,    87,   26000000,    6212603,        0,  -19787397,          0
 17417,    88,   26000000,   14989961,        0,  -11010039,          0
 17417,    89,   26000000,   16370176,        0,   -9629824,          0
 17417,    90,   26000000,    6212296,        0,  -19787704,          0
 17417,    91,   26000000,    8253651,        0,  -17746349,          0
 17417,    92,   26000000,    6274416,        0,  -19725584,          0
 17417,    93,   26000000,    6249405,        0,  -19750595,          0
 17417,    94,   26000000,    6603969,        0,  -19396031,          0
 17417,    95,   26000000,    6297872,        0,  -19702128,          0
 17417,    96,   26000000,    6338819,        0,  -19661181,          0
 17417,    97,   26000000,   14041992,        0,  -11958008,          0
 17417,    98,   26000000,    6199144,        0,  -19800856,          0
 17417,    99,   26000000,    6177604,        0,  -19822396,          0
 17417,   100,   26000000,   13132264,        0,  -12867736,          0
 17417,   101,   26000000,    6206084,        0,  -19793916,          0
 17417,   102,   26000000,    7401331,        0,  -18598669,          0
 17417,   103,   26000000,    6285443,        0,  -19714557,          0
 17417,   104,   26000000,    7074767,        0,  -18925233,          0
 17417,   105,   26000000,    6537438,        0,  -19462562,          0
 17417,   106,   26000000,    6187471,        0,  -19812529,          0
 17417,   107,   26000000,    6230799,        0,  -19769201,          0
 17417,   108,   26000000,    7822787,        0,  -18177213,          0
 17417,   109,   26000000,    6224393,        0,  -19775607,          0
 17417,   110,   26000000,    6177394,        0,  -19822606,          0
 17417,   111,   26000000,   15947345,        0,  -10052655,          0
 17417,   112,   26000000,    6524581,        0,  -19475419,          0
 17417,   113,   26000000,    8787879,        0,  -17212121,          0
 17417,   114,   26000000,    6630367,        0,  -19369633,          0
 17417,   115,   26000000,    6216447,        0,  -19783553,          0
 17417,   116,   26000000,    6207693,        0,  -19792307,          0
 17417,   117,   26000000,   13938622,        0,  -12061378,          0
 17417,   118,   26000000,    6480812,        0,  -19519188,          0
 17417,   119,   26000000,    7327190,        0,  -18672810,          0
 17417,   120,   26000000,    6200455,        0,  -19799545,          0
 17417,   121,   26000000,   10179681,        0,  -15820319,          0
 17417,   122,   26000000,    6211435,        0,  -19788565,          0
 17417,   123,   26000000,    6196216,        0,  -19803784,          0
 17417,   124,   26000000,    7529263,        0,  -18470737,          0
 17417,   125,   26000000,    7215093,        0,  -18784907,          0
 17417,   126,   26000000,   11290869,        0,  -14709131,          0
 17417,   127,   26000000,    6237205,        0,  -19762795,          0
 17417,   128,   26000000,    8924263,        0,  -17075737,          0
 17417,   129,   26000000,    6251729,        0,  -19748271,          0
 17417,   130,   26000000,    6187556,        0,  -19812444,          0
 17417,   131,   26000000,    9931222,        0,  -16068778,          0
 17417,   132,   26000000,    6405073,        0,  -19594927,          0
 17417,   133,   26000000,    6205440,        0,  -19794560,          0
 17417,   134,   26000000,    7076282,        0,  -18923718,          0
 17417,   135,   26000000,    7183280,        0,  -18816720,          0
 17417,   136,   26000000,    6189474,        0,  -19810526,          0
 17417,   137,   26000000,    6175491,        0,  -19824509,          0
 17417,   138,   26000000,    7336136,        0,  -18663864,          0
 17417,   139,   26000000,    6249580,        0,  -19750420,          0
 17417,   140,   26000000,    6227782,        0,  -19772218,          0
 17417,   141,   26000000,    6425405,        0,  -19574595,          0
 17417,   142,   26000000,    6443080,        0,  -19556920,          0
 17417,   143,   26000000,    6281968,        0,  -19718032,          0
 17417,   144,   26000000,   16177891,        0,   -9822109,          0
 17417,   145,   26000000,    6206207,        0,  -19793793,          0
 17417,   146,   26000000,    7070254,        0,  -18929746,          0
 17417,   147,   26000000,    6172343,        0,  -19827657,          0
 17417,   148,   26000000,   13173777,        0,  -12826223,          0
 17417,   149,   26000000,    6164162,        0,  -19835838,          0
 17417,   150,   26000000,    6178435,        0,  -19821565,          0
 17417,   151,   26000000,    6199025,        0,  -19800975,          0
 17417,   152,   26000000,    6252223,        0,  -19747777,          0
 17417,   153,   26000000,    6213083,        0,  -19786917,          0
 17417,   154,   26000000,    6233244,        0,  -19766756,          0
 17417,   155,   26000000,    6324603,        0,  -19675397,          0
 17417,   156,   26000000,    6556878,        0,  -19443122,          0
 17417,   157,   26000000,    6174819,        0,  -19825181,          0
 17417,   158,   26000000,    6934591,        0,  -19065409,          0
 17417,   159,   26000000,    6219089,        0,  -19780911,          0
 17417,   160,   26000000,    6259883,        0,  -19740117,          0
 17417,   161,   26000000,    8741460,        0,  -17258540,          0
 17417,   162,   26000000,    6210457,        0,  -19789543,          0
 17417,   163,   26000000,    6215936,        0,  -19784064,          0
 17417,   164,   26000000,   11482474,        0,  -14517526,          0
 17417,   165,   26000000,   15249681,        0,  -10750319,          0
 17417,   166,   26000000,    6530705,        0,  -19469295,          0
 17417,   167,   26000000,    7156887,        0,  -18843113,          0
 17417,   168,   26000000,   15320733,        0,  -10679267,          0
 17417,   169,   26000000,    6206239,        0,  -19793761,          0
 17417,   170,   26000000,    6205976,        0,  -19794024,          0
 17417,   171,   26000000,   15560022,        0,  -10439978,          0
 17417,   172,   26000000,    6203829,        0,  -19796171,          0
 17417,   173,   26000000,    6185300,        0,  -19814700,          0
 17417,   174,   26000000,    9303441,        0,  -16696559,          0
 17417,   175,   26000000,    6172355,        0,  -19827645,          0
 17417,   176,   26000000,   19811967,        0,   -6188033,          0
 17417,   177,   26000000,   16880556,        0,   -9119444,          0
 17417,   178,   26000000,    6280740,        0,  -19719260,          0
 17417,   179,   26000000,    6170510,        0,  -19829490,          0
 17417,   180,   26000000,   15526275,        0,  -10473725,          0
 17417,   181,   26000000,   15255830,        0,  -10744170,          0
 17417,   182,   26000000,    6274504,        0,  -19725496,          0
 17417,   183,   26000000,    6187413,        0,  -19812587,          0
 17417,   184,   26000000,   10287357,        0,  -15712643,          0
 17417,   185,   26000000,    6175318,        0,  -19824682,          0
 17417,   186,   26000000,   17544676,        0,   -8455324,          0
 17417,   187,   26000000,    8999278,        0,  -17000722,          0
 17417,   188,   26000000,    6446060,        0,  -19553940,          0
 17417,   189,   26000000,    6196901,        0,  -19803099,          0
 17417,   190,   26000000,    7553194,        0,  -18446806,          0
 17417,   191,   26000000,    6285586,        0,  -19714414,          0
 17417,   192,   26000000,    6199875,        0,  -19800125,          0
 17417,   193,   26000000,    6269482,        0,  -19730518,          0
 17417,   194,   26000000,    9253047,        0,  -16746953,          0
 17417,   195,   26000000,    6220423,        0,  -19779577,          0
 17417,   196,   26000000,    6194563,        0,  -19805437,          0
 17417,   197,   26000000,    6223330,        0,  -19776670,          0
 17417,   198,   26000000,   12187837,        0,  -13812163,          0
 17417,   199,   26000000,    7255858,        0,  -18744142,          0
 17417,   200,   26000000,    6710085,        0,  -19289915,          0
 17417,   201,   26000000,    6986072,        0,  -19013928,          0
 17417,   202,   26000000,    6177904,        0,  -19822096,          0
 17417,   203,   26000000,    6210420,        0,  -19789580,          0
 17417,   204,   26000000,    8265202,        0,  -17734798,          0
 17417,   205,   26000000,    6340887,        0,  -19659113,          0
 17417,   206,   26000000,    6156235,        0,  -19843765,          0
 17417,   207,   26000000,    6175764,        0,  -19824236,          0
 17417,   208,   26000000,    6222442,        0,  -19777558,          0
 17417,   209,   26000000,    6214596,        0,  -19785404,          0
 17417,   210,   26000000,    6257452,        0,  -19742548,          0
 17417,   211,   26000000,    7245196,        0,  -18754804,          0
 17417,   212,   26000000,    7261445,        0,  -18738555,          0
 17417,   213,   26000000,    8311620,        0,  -17688380,          0
 17417,   214,   26000000,    8532394,        0,  -17467606,          0
 17417,   215,   26000000,    7251986,        0,  -18748014,          0
 17417,   216,   26000000,    6208576,        0,  -19791424,          0
 17417,   217,   26000000,    6157722,        0,  -19842278,          0
 17417,   218,   26000000,    6184994,        0,  -19815006,          0
 17417,   219,   26000000,   13575077,        0,  -12424923,          0
 17417,   220,   26000000,    7300408,        0,  -18699592,          0
 17417,   221,   26000000,    9723973,        0,  -16276027,          0
 17417,   222,   26000000,   17314681,        0,   -8685319,          0
 17417,   223,   26000000,    6357689,        0,  -19642311,          0
 17417,   224,   26000000,    6217223,        0,  -19782777,          0
 17417,   225,   26000000,   10262793,        0,  -15737207,          0
 17417,   226,   26000000,    8824744,        0,  -17175256,          0
 17417,   227,   26000000,    7254086,        0,  -18745914,          0
 17417,   228,   26000000,    6188031,        0,  -19811969,          0
 17417,   229,   26000000,    6197161,        0,  -19802839,          0
 17417,   230,   26000000,   13233588,        0,  -12766412,          0
 17417,   231,   26000000,   21397528,        0,   -4602472,          0
 17417,   232,   26000000,    6190967,        0,  -19809033,          0
 17417,   233,   26000000,    6206807,        0,  -19793193,          0
 17417,   234,   26000000,    6232610,        0,  -19767390,          0
 17417,   235,   26000000,    6194569,        0,  -19805431,          0
 17417,   236,   26000000,   10941569,        0,  -15058431,          0
 17417,   237,   26000000,    7275876,        0,  -18724124,          0
 17417,   238,   26000000,    6228692,        0,  -19771308,          0
 17417,   239,   26000000,    6199278,        0,  -19800722,          0
 17417,   240,   26000000,    6182820,        0,  -19817180,          0
 17417,   241,   26000000,   11084904,        0,  -14915096,          0
 17417,   242,   26000000,   12293855,        0,  -13706145,          0
 17417,   243,   26000000,    6532074,        0,  -19467926,          0
 17417,   244,   26000000,    8271167,        0,  -17728833,          0
 17417,   245,   26000000,   10243995,        0,  -15756005,          0
 17417,   246,   26000000,   20017041,        0,   -5982959,          0
 17417,   247,   26000000,    6210493,        0,  -19789507,          0
 17417,   248,   26000000,    7376949,        0,  -18623051,          0
 17417,   249,   26000000,   10403093,        0,  -15596907,          0
 17417,   250,   26000000,    6173744,        0,  -19826256,          0
 17417,   251,   26000000,    9599857,        0,  -16400143,          0
 17417,   252,   26000000,    6184528,        0,  -19815472,          0
 17417,   253,   26000000,    6236940,        0,  -19763060,          0
 17417,   254,   26000000,    6192603,        0,  -19807397,          0
 17417,   255,   26000000,    6781767,        0,  -19218233,          0
 17417,   256,   26000000,    6187765,        0,  -19812235,          0
 17417,   257,   26000000,    6217825,        0,  -19782175,          0
 17417,   258,   26000000,   13336553,        0,  -12663447,          0
 17417,   259,   26000000,    6191933,        0,  -19808067,          0
 17417,   260,   26000000,    9251482,        0,  -16748518,          0
 17417,   261,   26000000,   10206923,        0,  -15793077,          0
 17417,   262,   26000000,    6327008,        0,  -19672992,          0
 17417,   263,   26000000,    6176621,        0,  -19823379,          0
 17417,   264,   26000000,    6225576,        0,  -19774424,          0
 17417,   265,   26000000,    6488804,        0,  -19511196,          0
 17417,   266,   26000000,    7028213,        0,  -18971787,          0
 17417,   267,   26000000,    6624350,        0,  -19375650,          0
 17417,   268,   26000000,    6236833,        0,  -19763167,          0
 17417,   269,   26000000,    8262068,        0,  -17737932,          0
 17417,   270,   26000000,    6768165,        0,  -19231835,          0
 17417,   271,   26000000,   14479569,        0,  -11520431,          0
 17417,   272,   26000000,    7509810,        0,  -18490190,          0
 17417,   273,   26000000,    7280987,        0,  -18719013,          0
 17417,   274,   26000000,    6214443,        0,  -19785557,          0
 17417,   275,   26000000,   12443950,        0,  -13556050,          0
 17417,   276,   26000000,   11457009,        0,  -14542991,          0
 17417,   277,   26000000,    6229559,        0,  -19770441,          0
 17417,   278,   26000000,    6241741,        0,  -19758259,          0
 17417,   279,   26000000,    9967218,        0,  -16032782,          0
 17417,   280,   26000000,    6181483,        0,  -19818517,          0
 17417,   281,   26000000,    9263648,        0,  -16736352,          0
 17417,   282,   26000000,    7263566,        0,  -18736434,          0
 17417,   283,   26000000,    6178547,        0,  -19821453,          0
 17417,   284,   26000000,    6190083,        0,  -19809917,          0
 17417,   285,   26000000,    6195960,        0,  -19804040,          0
 17417,   286,   26000000,    7086123,        0,  -18913877,          0
 17417,   287,   26000000,    6223359,        0,  -19776641,          0
 17417,   288,   26000000,   12251265,        0,  -13748735,          0
 17417,   289,   26000000,    6164852,        0,  -19835148,          0
 17417,   290,   26000000,    6178894,        0,  -19821106,          0
 17417,   291,   26000000,   17818213,        0,   -8181787,          0
 17417,   292,   26000000,    6207206,        0,  -19792794,          0
 17417,   293,   26000000,    6271044,        0,  -19728956,          0
 17417,   294,   26000000,   15307817,        0,  -10692183,          0
 17417,   295,   26000000,    6189956,        0,  -19810044,          0
 17417,   296,   26000000,   11319408,        0,  -14680592,          0
 17417,   297,   26000000,   10096944,        0,  -15903056,          0
 17417,   298,   26000000,   11531400,        0,  -14468600,          0
 17417,   299,   26000000,    6739062,        0,  -19260938,          0
 17417,   300,   26000000,    6217411,        0,  -19782589,          0
 17417,   301,   26000000,    7136051,        0,  -18863949,          0
 17417,   302,   26000000,    6159869,        0,  -19840131,          0
 17417,   303,   26000000,    6214404,        0,  -19785596,          0
 17417,   304,   26000000,    6346388,        0,  -19653612,          0
 17417,   305,   26000000,    6216489,        0,  -19783511,          0
 17417,   306,   26000000,    6260693,        0,  -19739307,          0
 17417,   307,   26000000,    6213492,        0,  -19786508,          0
 17417,   308,   26000000,    6209972,        0,  -19790028,          0
 17417,   309,   26000000,    9376327,        0,  -16623673,          0
 17417,   310,   26000000,    6192400,        0,  -19807600,          0
 17417,   311,   26000000,    9335703,        0,  -16664297,          0
 17417,   312,   26000000,   14911371,        0,  -11088629,          0
 17417,   313,   26000000,    6167715,        0,  -19832285,          0
 17417,   314,   26000000,    6221528,        0,  -19778472,          0
 17417,   315,   26000000,    6463204,        0,  -19536796,          0
 17417,   316,   26000000,    6184842,        0,  -19815158,          0
 17417,   317,   26000000,    8336287,        0,  -17663713,          0
 17417,   318,   26000000,    9484155,        0,  -16515845,          0
 17417,   319,   26000000,    7006571,        0,  -18993429,          0
 17417,   320,   26000000,    6178165,        0,  -19821835,          0
 17417,   321,   26000000,   12163857,        0,  -13836143,          0
 17417,   322,   26000000,   12408076,        0,  -13591924,          0
 17417,   323,   26000000,    7284092,        0,  -18715908,          0
 17417,   324,   26000000,    6180354,        0,  -19819646,          0
 17417,   325,   26000000,   12046902,        0,  -13953098,          0
 17417,   326,   26000000,    6236174,        0,  -19763826,          0
 17417,   327,   26000000,   10424874,        0,  -15575126,          0
 17417,   328,   26000000,    6190370,        0,  -19809630,          0
 17417,   329,   26000000,    7087628,        0,  -18912372,          0
 17417,   330,   26000000,    8568542,        0,  -17431458,          0
 17417,   331,   26000000,    6178351,        0,  -19821649,          0
 17417,   332,   26000000,    6201888,        0,  -19798112,          0
 17417,   333,   26000000,    6206647,        0,  -19793353,          0
 17417,   334,   26000000,   11785507,        0,  -14214493,          0
 17417,   335,   26000000,    6170426,        0,  -19829574,          0
 17417,   336,   26000000,    7278269,        0,  -18721731,          0
 17417,   337,   26000000,    6211655,        0,  -19788345,          0
 17417,   338,   26000000,    6232130,        0,  -19767870,          0
 17417,   339,   26000000,    6485540,        0,  -19514460,          0
 17417,   340,   26000000,    6466963,        0,  -19533037,          0
 17417,   341,   26000000,    7260424,        0,  -18739576,          0
 17417,   342,   26000000,    6225755,        0,  -19774245,          0
 17417,   343,   26000000,    6222529,        0,  -19777471,          0
 17417,   344,   26000000,    8251775,        0,  -17748225,          0
 17417,   345,   26000000,    9759832,        0,  -16240168,          0
 17417,   346,   26000000,    6184379,        0,  -19815621,          0
 17417,   347,   26000000,    8856482,        0,  -17143518,          0
 17417,   348,   26000000,   11297609,        0,  -14702391,          0
 17417,   349,   26000000,    6176822,        0,  -19823178,          0
 17417,   350,   26000000,   11262480,        0,  -14737520,          0
 17417,   351,   26000000,    6184123,        0,  -19815877,          0
 17417,   352,   26000000,    6553122,        0,  -19446878,          0
 17417,   353,   26000000,    6226700,        0,  -19773300,          0
 17417,   354,   26000000,    7276348,        0,  -18723652,          0
 17417,   355,   26000000,    7091289,        0,  -18908711,          0
 17417,   356,   26000000,    6472027,        0,  -19527973,          0
 17417,   357,   26000000,    7267179,        0,  -18732821,          0
 17417,   358,   26000000,    6204506,        0,  -19795494,          0
 17417,   359,   26000000,    6232965,        0,  -19767035,          0
 17417,   360,   26000000,   10156397,        0,  -15843603,          0
 17417,   361,   26000000,    6224426,        0,  -19775574,          0
 17417,   362,   26000000,    7419685,        0,  -18580315,          0
 17417,   363,   26000000,    8442459,        0,  -17557541,          0
 17417,   364,   26000000,   10317517,        0,  -15682483,          0
 17417,   365,   26000000,    6619757,        0,  -19380243,          0
 17417,   366,   26000000,    7019928,        0,  -18980072,          0
 17417,   367,   26000000,    6247360,        0,  -19752640,          0
 17417,   368,   26000000,   10274436,        0,  -15725564,          0
 17417,   369,   26000000,    6233792,        0,  -19766208,          0
 17417,   370,   26000000,    6234418,        0,  -19765582,          0
 17417,   371,   26000000,    6223386,        0,  -19776614,          0
 17417,   372,   26000000,   10187890,        0,  -15812110,          0
 17417,   373,   26000000,    6235120,        0,  -19764880,          0
 17417,   374,   26000000,    7030970,        0,  -18969030,          0
 17417,   375,   26000000,    6204953,        0,  -19795047,          0
 17417,   376,   26000000,    6169725,        0,  -19830275,          0
 17417,   377,   26000000,    7045999,        0,  -18954001,          0
 17417,   378,   26000000,    8044937,        0,  -17955063,          0
 17417,   379,   26000000,   11169490,        0,  -14830510,          0
 17417,   380,   26000000,    6234590,        0,  -19765410,          0
 17417,   381,   26000000,    8337499,        0,  -17662501,          0
 17417,   382,   26000000,    6192715,        0,  -19807285,          0
 17417,   383,   26000000,    6173887,        0,  -19826113,          0
 17417,   384,   26000000,    6219894,        0,  -19780106,          0
 17417,   385,   26000000,   10739957,        0,  -15260043,          0
 17417,   386,   26000000,    9673215,        0,  -16326785,          0
 17417,   387,   26000000,    6443224,        0,  -19556776,          0
 17417,   388,   26000000,    6237534,        0,  -19762466,          0
# task NAME=myapp PID=17421 COST=25545000 PERIOD=85000000 CPU=0
 17421,     2,   85000000,      13153,        0,  -84986847,          0
 17421,     3,   85000000,     120219,        0,  -84879781,          0
 17421,     4,   85000000,   32398254,        0,  -52601746,          0
 17421,     5,   85000000,   25437754,        0,  -59562246,          0
 17421,     6,   85000000,   25406642,        0,  -59593358,          0
 17421,     7,   85000000,   29576103,        0,  -55423897,          0
 17421,     8,   85000000,   25374050,        0,  -59625950,          0
 17421,     9,   85000000,   25411162,        0,  -59588838,          0
 17421,    10,   85000000,   25653559,        0,  -59346441,          0
 17421,    11,   85000000,   25353025,        0,  -59646975,          0
 17421,    12,   85000000,   25470262,        0,  -59529738,          0
 17421,    13,   85000000,   25672038,        0,  -59327962,          0
 17421,    14,   85000000,   27450466,        0,  -57549534,          0
 17421,    15,   85000000,   32986539,        0,  -52013461,          0
 17421,    16,   85000000,   26469817,        0,  -58530183,          0
 17421,    17,   85000000,   25432378,        0,  -59567622,          0
 17421,    18,   85000000,   25378190,        0,  -59621810,          0
 17421,    19,   85000000,   25676431,        0,  -59323569,          0
 17421,    20,   85000000,   25377805,        0,  -59622195,          0
 17421,    21,   85000000,   27727184,        0,  -57272816,          0
 17421,    22,   85000000,   25683354,        0,  -59316646,          0
 17421,    23,   85000000,   25390770,        0,  -59609230,          0
 17421,    24,   85000000,   35699497,        0,  -49300503,          0
 17421,    25,   85000000,   26248494,        0,  -58751506,          0
 17421,    26,   85000000,   25435279,        0,  -59564721,          0
 17421,    27,   85000000,   25387597,        0,  -59612403,          0
 17421,    28,   85000000,   28456907,        0,  -56543093,          0
 17421,    29,   85000000,   34659587,        0,  -50340413,          0
 17421,    30,   85000000,   27456121,        0,  -57543879,          0
 17421,    31,   85000000,   25377649,        0,  -59622351,          0
 17421,    32,   85000000,   25444999,        0,  -59555001,          0
 17421,    33,   85000000,   26005597,        0,  -58994403,          0
 17421,    34,   85000000,   25378177,        0,  -59621823,          0
 17421,    35,   85000000,   25685582,        0,  -59314418,          0
 17421,    36,   85000000,   31112628,        0,  -53887372,          0
 17421,    37,   85000000,   25447611,        0,  -59552389,          0
 17421,    38,   85000000,   25675442,        0,  -59324558,          0
 17421,    39,   85000000,   25981566,        0,  -59018434,          0
 17421,    40,   85000000,   26618171,        0,  -58381829,          0
 17421,    41,   85000000,   25646390,        0,  -59353610,          0
 17421,    42,   85000000,   38492975,        0,  -46507025,          0
 17421,    43,   85000000,   32453989,        0,  -52546011,          0
 17421,    44,   85000000,   25665307,        0,  -59334693,          0
 17421,    45,   85000000,   26454372,        0,  -58545628,          0
 17421,    46,   85000000,   25470250,        0,  -59529750,          0
 17421,    47,   85000000,   25660071,        0,  -59339929,          0
 17421,    48,   85000000,   25392907,        0,  -59607093,          0
 17421,    49,   85000000,   27447124,        0,  -57552876,          0
 17421,    50,   85000000,   25441754,        0,  -59558246,          0
 17421,    51,   85000000,   25394013,        0,  -59605987,          0
 17421,    52,   85000000,   25374726,        0,  -59625274,          0
 17421,    53,   85000000,   25357164,        0,  -59642836,          0
 17421,    54,   85000000,   25373421,        0,  -59626579,          0
 17421,    55,   85000000,   29461264,        0,  -55538736,          0
 17421,    56,   85000000,   29520657,        0,  -55479343,          0
 17421,    57,   85000000,   25352489,        0,  -59647511,          0
 17421,    58,   85000000,   25367265,        0,  -59632735,          0
 17421,    59,   85000000,   29884823,        0,  -55115177,          0
 17421,    60,   85000000,   25652792,        0,  -59347208,          0
 17421,    61,   85000000,   25361020,        0,  -59638980,          0
 17421,    62,   85000000,   26304973,        0,  -58695027,          0
 17421,    63,   85000000,   25658011,        0,  -59341989,          0
 17421,    64,   85000000,   28985081,        0,  -56014919,          0
 17421,    65,   85000000,   25395196,        0,  -59604804,          0
 17421,    66,   85000000,   25673737,        0,  -59326263,          0
 17421,    67,   85000000,   25341939,        0,  -59658061,          0
 17421,    68,   85000000,   25376749,        0,  -59623251,          0
 17421,    69,   85000000,   25722067,        0,  -59277933,          0
 17421,    70,   85000000,   31522614,        0,  -53477386,          0
 17421,    71,   85000000,   25388855,        0,  -59611145,          0
 17421,    72,   85000000,   26571324,        0,  -58428676,          0
 17421,    73,   85000000,   27158071,        0,  -57841929,          0
 17421,    74,   85000000,   25434945,        0,  -59565055,          0
 17421,    75,   85000000,   25362044,        0,  -59637956,          0
 17421,    76,   85000000,   36098607,        0,  -48901393,          0
 17421,    77,   85000000,   25822833,        0,  -59177167,          0
 17421,    78,   85000000,   25386558,        0,  -59613442,          0
 17421,    79,   85000000,   34169898,        0,  -50830102,          0
 17421,    80,   85000000,   25411077,        0,  -59588923,          0
 17421,    81,   85000000,   31438160,        0,  -53561840,          0
 17421,    82,   85000000,   25444541,        0,  -59555459,          0
 17421,    83,   85000000,   33150437,        0,  -51849563,          0
 17421,    84,   85000000,   25366921,        0,  -59633079,          0
 17421,    85,   85000000,   27763483,        0,  -57236517,          0
 17421,    86,   85000000,   25347951,        0,  -59652049,          0
 17421,    87,   85000000,   29439285,        0,  -55560715,          0
 17421,    88,   85000000,   32232391,        0,  -52767609,          0
 17421,    89,   85000000,   26172748,        0,  -58827252,          0
 17421,    90,   85000000,   25422663,        0,  -59577337,          0
 17421,    91,   85000000,   25693833,        0,  -59306167,          0
 17421,    92,   85000000,   31066684,        0,  -53933316,          0
 17421,    93,   85000000,   25428468,        0,  -59571532,          0
 17421,    94,   85000000,   25705218,        0,  -59294782,          0
 17421,    95,   85000000,   41309966,        0,  -43690034,          0
 17421,    96,   85000000,   25399539,        0,  -59600461,          0
 17421,    97,   85000000,   29626276,        0,  -55373724,          0
 17421,    98,   85000000,   26499365,        0,  -58500635,          0
 17421,    99,   85000000,   25374746,        0,  -59625254,          0
 17421,   100,   85000000,   25395388,        0,  -59604612,          0
 17421,   101,   85000000,   25375651,        0,  -59624349,          0
 17421,   102,   85000000,   25346785,        0,  -59653215,          0
 17421,   103,   85000000,   25359355,        0,  -59640645,          0
 17421,   104,   85000000,   25510367,        0,  -59489633,          0
 17421,   105,   85000000,   25421476,        0,  -59578524,          0
 17421,   106,   85000000,   25539426,        0,  -59460574,          0
 17421,   107,   85000000,   25421092,        0,  -59578908,          0
 17421,   108,   85000000,   27810149,        0,  -57189851,          0
 17421,   109,   85000000,   25523962,        0,  -59476038,          0
 17421,   110,   85000000,   25737454,        0,  -59262546,          0
 17421,   111,   85000000,   25396803,        0,  -59603197,          0
 17421,   112,   85000000,   25378754,        0,  -59621246,          0
 17421,   113,   85000000,   25636679,        0,  -59363321,          0
 17421,   114,   85000000,   25478897,        0,  -59521103,          0
 17421,   115,   85000000,   25604487,        0,  -59395513,          0
 17421,   116,   85000000,   26188810,        0,  -58811190,          0
 17421,   117,   85000000,   25869051,        0,  -59130949,          0
 17421,   118,   85000000,   25396240,        0,  -59603760,          0
 17421,   119,   85000000,   25673925,        0,  -59326075,          0
 17421,   120,   85000000,   25439981,        0,  -59560019,          0
 17421,   121,   85000000,   26624575,        0,  -58375425,          0
# task NAME=myapp PID=17425 COST=30766000 PERIOD=87000000 CPU=0
 17425,     2,   87000000,      14142,        0,  -86985858,          0
 17425,     3,   87000000,     112404,        0,  -86887596,          0
 17425,     4,   87000000,   30844197,        0,  -56155803,          0
 17425,     5,   87000000,   30534885,        0,  -56465115,          0
 17425,     6,   87000000,   30543943,        0,  -56456057,          0
 17425,     7,   87000000,   30840434,        0,  -56159566,          0
 17425,     8,   87000000,   30618962,        0,  -56381038,          0
 17425,     9,   87000000,   30746639,        0,  -56253361,          0
 17425,    10,   87000000,   30969390,        0,  -56030610,          0
 17425,    11,   87000000,   30538302,        0,  -56461698,          0
 17425,    12,   87000000,   35514624,        0,  -51485376,          0
 17425,    13,   87000000,   30606830,        0,  -56393170,          0
 17425,    14,   87000000,   31807131,        0,  -55192869,          0
 17425,    15,   87000000,   31612755,        0,  -55387245,          0
 17425,    16,   87000000,   30532187,        0,  -56467813,          0
 17425,    17,   87000000,   30896036,        0,  -56103964,          0
 17425,    18,   87000000,   31038734,        0,  -55961266,          0
 17425,    19,   87000000,   30568503,        0,  -56431497,          0
 17425,    20,   87000000,   30854800,        0,  -56145200,          0
 17425,    21,   87000000,   33626075,        0,  -53373925,          0
 17425,    22,   87000000,   30529377,        0,  -56470623,          0
 17425,    23,   87000000,   30854010,        0,  -56145990,          0
 17425,    24,   87000000,   30512871,        0,  -56487129,          0
 17425,    25,   87000000,   30553512,        0,  -56446488,          0
 17425,    26,   87000000,   30567869,        0,  -56432131,          0
 17425,    27,   87000000,   30912224,        0,  -56087776,          0
 17425,    28,   87000000,   30594502,        0,  -56405498,          0
 17425,    29,   87000000,   30571867,        0,  -56428133,          0
 17425,    30,   87000000,   30860749,        0,  -56139251,          0
 17425,    31,   87000000,   30593893,        0,  -56406107,          0
 17425,    32,   87000000,   38670970,        0,  -48329030,          0
 17425,    33,   87000000,   30871991,        0,  -56128009,          0
 17425,    34,   87000000,   30591317,        0,  -56408683,          0
 17425,    35,   87000000,   30599620,        0,  -56400380,          0
 17425,    36,   87000000,   30572821,        0,  -56427179,          0
 17425,    37,   87000000,   30557308,        0,  -56442692,          0
 17425,    38,   87000000,   32570224,        0,  -54429776,          0
 17425,    39,   87000000,   34504206,        0,  -52495794,          0
 17425,    40,   87000000,   30880125,        0,  -56119875,          0
 17425,    41,   87000000,   30622010,        0,  -56377990,          0
 17425,    42,   87000000,   30596106,        0,  -56403894,          0
 17425,    43,   87000000,   30835058,        0,  -56164942,          0
 17425,    44,   87000000,   30585533,        0,  -56414467,          0
 17425,    45,   87000000,   30528087,        0,  -56471913,          0
 17425,    46,   87000000,   30879985,        0,  -56120015,          0
 17425,    47,   87000000,   30564851,        0,  -56435149,          0
 17425,    48,   87000000,   30505628,        0,  -56494372,          0
 17425,    49,   87000000,   33350288,        0,  -53649712,          0
 17425,    50,   87000000,   30890935,        0,  -56109065,          0
 17425,    51,   87000000,   30530653,        0,  -56469347,          0
 17425,    52,   87000000,   31995123,        0,  -55004877,          0
 17425,    53,   87000000,   30811343,        0,  -56188657,          0
 17425,    54,   87000000,   34508420,        0,  -52491580,          0
 17425,    55,   87000000,   32491191,        0,  -54508809,          0
 17425,    56,   87000000,   33837717,        0,  -53162283,          0
 17425,    57,   87000000,   39233679,        0,  -47766321,          0
 17425,    58,   87000000,   30514216,        0,  -56485784,          0
 17425,    59,   87000000,   30561443,        0,  -56438557,          0
 17425,    60,   87000000,   30575620,        0,  -56424380,          0
 17425,    61,   87000000,   30572392,        0,  -56427608,          0
 17425,    62,   87000000,   30567850,        0,  -56432150,          0
 17425,    63,   87000000,   30829578,        0,  -56170422,          0
 17425,    64,   87000000,   35420957,        0,  -51579043,          0
 17425,    65,   87000000,   30580408,        0,  -56419592,          0
 17425,    66,   87000000,   30829701,        0,  -56170299,          0
 17425,    67,   87000000,   30530795,        0,  -56469205,          0
 17425,    68,   87000000,   30557009,        0,  -56442991,          0
 17425,    69,   87000000,   30570186,        0,  -56429814,          0
 17425,    70,   87000000,   31405642,        0,  -55594358,          0
 17425,    71,   87000000,   30579778,        0,  -56420222,          0
 17425,    72,   87000000,   30640046,        0,  -56359954,          0
 17425,    73,   87000000,   33731712,        0,  -53268288,          0
 17425,    74,   87000000,   30535234,        0,  -56464766,          0
 17425,    75,   87000000,   30982240,        0,  -56017760,          0
 17425,    76,   87000000,   30943275,        0,  -56056725,          0
 17425,    77,   87000000,   55287018,        0,  -31712982,          0
 17425,    78,   87000000,   39173155,        0,  -47826845,          0
 17425,    79,   87000000,   30879165,        0,  -56120835,          0
 17425,    80,   87000000,   30547667,        0,  -56452333,          0
 17425,    81,   87000000,   32541496,        0,  -54458504,          0
 17425,    82,   87000000,   30538570,        0,  -56461430,          0
 17425,    83,   87000000,   30589318,        0,  -56410682,          0
 17425,    84,   87000000,   35778943,        0,  -51221057,          0
 17425,    85,   87000000,   30589134,        0,  -56410866,          0
 17425,    86,   87000000,   30829305,        0,  -56170695,          0
 17425,    87,   87000000,   30554097,        0,  -56445903,          0
 17425,    88,   87000000,   30926199,        0,  -56073801,          0
 17425,    89,   87000000,   30987539,        0,  -56012461,          0
 17425,    90,   87000000,   33469103,        0,  -53530897,          0
 17425,    91,   87000000,   30555966,        0,  -56444034,          0
 17425,    92,   87000000,   30627064,        0,  -56372936,          0
 17425,    93,   87000000,   33707924,        0,  -53292076,          0
 17425,    94,   87000000,   30595170,        0,  -56404830,          0
 17425,    95,   87000000,   35594780,        0,  -51405220,          0
 17425,    96,   87000000,   31614803,        0,  -55385197,          0
 17425,    97,   87000000,   30577931,        0,  -56422069,          0
 17425,    98,   87000000,   41957873,        0,  -45042127,          0
 17425,    99,   87000000,   30974883,        0,  -56025117,          0
 17425,   100,   87000000,   30694869,        0,  -56305131,          0
 17425,   101,   87000000,   30549154,        0,  -56450846,          0
 17425,   102,   87000000,   30952236,        0,  -56047764,          0
 17425,   103,   87000000,   30579887,        0,  -56420113,          0
 17425,   104,   87000000,   30622866,        0,  -56377134,          0
 17425,   105,   87000000,   30559963,        0,  -56440037,          0
 17425,   106,   87000000,   30840486,        0,  -56159514,          0
 17425,   107,   87000000,   36694390,        0,  -50305610,          0
 17425,   108,   87000000,   30533186,        0,  -56466814,          0
 17425,   109,   87000000,   30835253,        0,  -56164747,          0
 17425,   110,   87000000,   30551295,        0,  -56448705,          0
 17425,   111,   87000000,   35484394,        0,  -51515606,          0
 17425,   112,   87000000,   30794823,        0,  -56205177,          0
 17425,   113,   87000000,   31602348,        0,  -55397652,          0
 17425,   114,   87000000,   30555842,        0,  -56444158,          0
 17425,   115,   87000000,   30598114,        0,  -56401886,          0
 17425,   116,   87000000,   36927493,        0,  -50072507,          0
 17425,   117,   87000000,   31611057,        0,  -55388943,          0
 17425,   118,   87000000,   30619846,        0,  -56380154,          0
# task NAME=myapp PID=17428 COST=6509000 PERIOD=39000000 CPU=0
 17428,     2,   39000000,      24124,        0,  -38975876,          0
 17428,     3,   39000000,      89792,        0,  -38910208,          0
 17428,     4,   39000000,    6503143,        0,  -32496857,          0
 17428,     5,   39000000,   12318005,        0,  -26681995,          0
 17428,     6,   39000000,    6482440,        0,  -32517560,          0
 17428,     7,   39000000,   12261476,        0,  -26738524,          0
 17428,     8,   39000000,   10048575,        0,  -28951425,          0
 17428,     9,   39000000,    6599215,        0,  -32400785,          0
 17428,    10,   39000000,    7592652,        0,  -31407348,          0
 17428,    11,   39000000,    6560508,        0,  -32439492,          0
 17428,    12,   39000000,    6549114,        0,  -32450886,          0
 17428,    13,   39000000,    9401685,        0,  -29598315,          0
 17428,    14,   39000000,    6518735,        0,  -32481265,          0
 17428,    15,   39000000,   12867913,        0,  -26132087,          0
 17428,    16,   39000000,    6484409,        0,  -32515591,          0
 17428,    17,   39000000,   14779763,        0,  -24220237,          0
 17428,    18,   39000000,    6545640,        0,  -32454360,          0
 17428,    19,   39000000,   15421376,        0,  -23578624,          0
 17428,    20,   39000000,    6511631,        0,  -32488369,          0
 17428,    21,   39000000,    6512879,        0,  -32487121,          0
 17428,    22,   39000000,   10589752,        0,  -28410248,          0
 17428,    23,   39000000,    7617425,        0,  -31382575,          0
 17428,    24,   39000000,    6495137,        0,  -32504863,          0
 17428,    25,   39000000,    8215145,        0,  -30784855,          0
 17428,    26,   39000000,    7579450,        0,  -31420550,          0
 17428,    27,   39000000,    9603567,        0,  -29396433,          0
 17428,    28,   39000000,    6542472,        0,  -32457528,          0
 17428,    29,   39000000,   13413327,        0,  -25586673,          0
 17428,    30,   39000000,    6533260,        0,  -32466740,          0
 17428,    31,   39000000,    9328988,        0,  -29671012,          0
 17428,    32,   39000000,   10158236,        0,  -28841764,          0
 17428,    33,   39000000,    7591197,        0,  -31408803,          0
 17428,    34,   39000000,    6525068,        0,  -32474932,          0
 17428,    35,   39000000,    8602950,        0,  -30397050,          0
 17428,    36,   39000000,    6512067,        0,  -32487933,          0
 17428,    37,   39000000,   13299926,        0,  -25700074,          0
 17428,    38,   39000000,    6843614,        0,  -32156386,          0
 17428,    39,   39000000,   13217911,        0,  -25782089,          0
 17428,    40,   39000000,    6519336,        0,  -32480664,          0
 17428,    41,   39000000,    6519404,        0,  -32480596,          0
 17428,    42,   39000000,    7444069,        0,  -31555931,          0
 17428,    43,   39000000,   12723478,        0,  -26276522,          0
 17428,    44,   39000000,   10594336,        0,  -28405664,          0
 17428,    45,   39000000,   10292759,        0,  -28707241,          0
 17428,    46,   39000000,    6648490,        0,  -32351510,          0
 17428,    47,   39000000,    7614820,        0,  -31385180,          0
 17428,    48,   39000000,    6522278,        0,  -32477722,          0
 17428,    49,   39000000,   15449328,        0,  -23550672,          0
 17428,    50,   39000000,    6561771,        0,  -32438229,          0
 17428,    51,   39000000,    8682749,        0,  -30317251,          0
 17428,    52,   39000000,    9581850,        0,  -29418150,          0
 17428,    53,   39000000,    8400949,        0,  -30599051,          0
 17428,    54,   39000000,    6800285,        0,  -32199715,          0
 17428,    55,   39000000,   10794689,        0,  -28205311,          0
 17428,    56,   39000000,    8581078,        0,  -30418922,          0
 17428,    57,   39000000,    7594470,        0,  -31405530,          0
 17428,    58,   39000000,   10573614,        0,  -28426386,          0
 17428,    59,   39000000,    6501365,        0,  -32498635,          0
 17428,    60,   39000000,   10397371,        0,  -28602629,          0
 17428,    61,   39000000,    6537632,        0,  -32462368,          0
 17428,    62,   39000000,    9600900,        0,  -29399100,          0
 17428,    63,   39000000,    6568830,        0,  -32431170,          0
 17428,    64,   39000000,    6545093,        0,  -32454907,          0
 17428,    65,   39000000,    6606272,        0,  -32393728,          0
 17428,    66,   39000000,    6546230,        0,  -32453770,          0
 17428,    67,   39000000,    7600853,        0,  -31399147,          0
 17428,    68,   39000000,   16297756,        0,  -22702244,          0
 17428,    69,   39000000,   10359278,        0,  -28640722,          0
 17428,    70,   39000000,    6797850,        0,  -32202150,          0
 17428,    71,   39000000,    7583540,        0,  -31416460,          0
 17428,    72,   39000000,    6526167,        0,  -32473833,          0
 17428,    73,   39000000,    8149954,        0,  -30850046,          0
 17428,    74,   39000000,    6498279,        0,  -32501721,          0
 17428,    75,   39000000,   10175013,        0,  -28824987,          0
 17428,    76,   39000000,    8651548,        0,  -30348452,          0
 17428,    77,   39000000,    7392606,        0,  -31607394,          0
 17428,    78,   39000000,    7376606,        0,  -31623394,          0
 17428,    79,   39000000,    8646142,        0,  -30353858,          0
 17428,    80,   39000000,    6562058,        0,  -32437942,          0
 17428,    81,   39000000,    6564113,        0,  -32435887,          0
 17428,    82,   39000000,    6510227,        0,  -32489773,          0
 17428,    83,   39000000,    6550240,        0,  -32449760,          0
 17428,    84,   39000000,    6496023,        0,  -32503977,          0
 17428,    85,   39000000,   15343824,        0,  -23656176,          0
 17428,    86,   39000000,    6816534,        0,  -32183466,          0
 17428,    87,   39000000,    7586704,        0,  -31413296,          0
 17428,    88,   39000000,    6578381,        0,  -32421619,          0
 17428,    89,   39000000,   11559843,        0,  -27440157,          0
 17428,    90,   39000000,    6514756,        0,  -32485244,          0
 17428,    91,   39000000,   10605473,        0,  -28394527,          0
 17428,    92,   39000000,    6596728,        0,  -32403272,          0
 17428,    93,   39000000,    9589354,        0,  -29410646,          0
 17428,    94,   39000000,    6489982,        0,  -32510018,          0
 17428,    95,   39000000,   14602588,        0,  -24397412,          0
 17428,    96,   39000000,    6572210,        0,  -32427790,          0
 17428,    97,   39000000,    6506932,        0,  -32493068,          0
 17428,    98,   39000000,    6570096,        0,  -32429904,          0
 17428,    99,   39000000,    6500093,        0,  -32499907,          0
 17428,   100,   39000000,    6585757,        0,  -32414243,          0
 17428,   101,   39000000,    6524395,        0,  -32475605,          0
 17428,   102,   39000000,    6823522,        0,  -32176478,          0
 17428,   103,   39000000,    6532343,        0,  -32467657,          0
 17428,   104,   39000000,    6536449,        0,  -32463551,          0
 17428,   105,   39000000,   10447928,        0,  -28552072,          0
 17428,   106,   39000000,    6781422,        0,  -32218578,          0
 17428,   107,   39000000,    6594841,        0,  -32405159,          0
 17428,   108,   39000000,    7138686,        0,  -31861314,          0
 17428,   109,   39000000,    6922104,        0,  -32077896,          0
 17428,   110,   39000000,    6539694,        0,  -32460306,          0
 17428,   111,   39000000,   11832970,        0,  -27167030,          0
 17428,   112,   39000000,    7197614,        0,  -31802386,          0
 17428,   113,   39000000,    7582098,        0,  -31417902,          0
 17428,   114,   39000000,    6621278,        0,  -32378722,          0
 17428,   115,   39000000,   15283029,        0,  -23716971,          0
 17428,   116,   39000000,    6515220,        0,  -32484780,          0
 17428,   117,   39000000,    8591684,        0,  -30408316,          0
 17428,   118,   39000000,    6824515,        0,  -32175485,          0
 17428,   119,   39000000,   11584599,        0,  -27415401,          0
 17428,   120,   39000000,    6558114,        0,  -32441886,          0
 17428,   121,   39000000,   10599836,        0,  -28400164,          0
 17428,   122,   39000000,    6643720,        0,  -32356280,          0
 17428,   123,   39000000,    6506252,        0,  -32493748,          0
 17428,   124,   39000000,    6541601,        0,  -32458399,          0
 17428,   125,   39000000,   14622612,        0,  -24377388,          0
 17428,   126,   39000000,   14418864,        0,  -24581136,          0
 17428,   127,   39000000,    6525098,        0,  -32474902,          0
 17428,   128,   39000000,    6545443,        0,  -32454557,          0
 17428,   129,   39000000,    7501142,        0,  -31498858,          0
 17428,   130,   39000000,    8782060,        0,  -30217940,          0
 17428,   131,   39000000,    6573729,        0,  -32426271,          0
 17428,   132,   39000000,   13582548,        0,  -25417452,          0
 17428,   133,   39000000,   18056879,        0,  -20943121,          0
 17428,   134,   39000000,    8691053,        0,  -30308947,          0
 17428,   135,   39000000,    7379174,        0,  -31620826,          0
 17428,   136,   39000000,    9601849,        0,  -29398151,          0
 17428,   137,   39000000,    8593730,        0,  -30406270,          0
 17428,   138,   39000000,    6571779,        0,  -32428221,          0
 17428,   139,   39000000,   12679335,        0,  -26320665,          0
 17428,   140,   39000000,    8585466,        0,  -30414534,          0
 17428,   141,   39000000,    8614678,        0,  -30385322,          0
 17428,   142,   39000000,    6526620,        0,  -32473380,          0
 17428,   143,   39000000,    8645988,        0,  -30354012,          0
 17428,   144,   39000000,   19647388,        0,  -19352612,          0
 17428,   145,   39000000,    7512145,        0,  -31487855,          0
 17428,   146,   39000000,    6530129,        0,  -32469871,          0
 17428,   147,   39000000,   10326067,        0,  -28673933,          0
 17428,   148,   39000000,    6542440,        0,  -32457560,          0
 17428,   149,   39000000,   13633109,        0,  -25366891,          0
 17428,   150,   39000000,    6523006,        0,  -32476994,          0
 17428,   151,   39000000,   12767931,        0,  -26232069,          0
 17428,   152,   39000000,    6530080,        0,  -32469920,          0
 17428,   153,   39000000,    6529482,        0,  -32470518,          0
 17428,   154,   39000000,    8633313,        0,  -30366687,          0
 17428,   155,   39000000,   16104690,        0,  -22895310,          0
 17428,   156,   39000000,    6676115,        0,  -32323885,          0
 17428,   157,   39000000,    6563695,        0,  -32436305,          0
 17428,   158,   39000000,    6552899,        0,  -32447101,          0
 17428,   159,   39000000,    7610194,        0,  -31389806,          0
 17428,   160,   39000000,    6695161,        0,  -32304839,          0
 17428,   161,   39000000,   11808920,        0,  -27191080,          0
 17428,   162,   39000000,    6541089,        0,  -32458911,          0
 17428,   163,   39000000,    7876146,        0,  -31123854,          0
 17428,   164,   39000000,    6489154,        0,  -32510846,          0
 17428,   165,   39000000,   18641853,        0,  -20358147,          0
 17428,   166,   39000000,    7573417,        0,  -31426583,          0
 17428,   167,   39000000,   11573084,        0,  -27426916,          0
 17428,   168,   39000000,    6530641,        0,  -32469359,          0
 17428,   169,   39000000,   17971993,        0,  -21028007,          0
 17428,   170,   39000000,    6485808,        0,  -32514192,          0
 17428,   171,   39000000,   11136133,        0,  -27863867,          0
 17428,   172,   39000000,    6605021,        0,  -32394979,          0
 17428,   173,   39000000,   13648121,        0,  -25351879,          0
 17428,   174,   39000000,    6541270,        0,  -32458730,          0
 17428,   175,   39000000,    6525366,        0,  -32474634,          0
 17428,   176,   39000000,    6521565,        0,  -32478435,          0
 17428,   177,   39000000,    6543507,        0,  -32456493,          0
 17428,   178,   39000000,    6491582,        0,  -32508418,          0
 17428,   179,   39000000,   10645938,        0,  -28354062,          0
 17428,   180,   39000000,    7638257,        0,  -31361743,          0
 17428,   181,   39000000,    7650366,        0,  -31349634,          0
 17428,   182,   39000000,    9372256,        0,  -29627744,          0
 17428,   183,   39000000,    7619377,        0,  -31380623,          0
 17428,   184,   39000000,    6524158,        0,  -32475842,          0
 17428,   185,   39000000,    8388461,        0,  -30611539,          0
 17428,   186,   39000000,    6534649,        0,  -32465351,          0
 17428,   187,   39000000,   14065834,        0,  -24934166,          0
 17428,   188,   39000000,    6527511,        0,  -32472489,          0
 17428,   189,   39000000,    7637646,        0,  -31362354,          0
 17428,   190,   39000000,    9133526,        0,  -29866474,          0
 17428,   191,   39000000,    6548471,        0,  -32451529,          0
 17428,   192,   39000000,    7578864,        0,  -31421136,          0
 17428,   193,   39000000,    7758752,        0,  -31241248,          0
 17428,   194,   39000000,    6524094,        0,  -32475906,          0
 17428,   195,   39000000,   18144018,        0,  -20855982,          0
 17428,   196,   39000000,    6551041,        0,  -32448959,          0
 17428,   197,   39000000,    8639594,        0,  -30360406,          0
 17428,   198,   39000000,    6915809,        0,  -32084191,          0
 17428,   199,   39000000,   11325304,        0,  -27674696,          0
 17428,   200,   39000000,   11790667,        0,  -27209333,          0
 17428,   201,   39000000,   12726295,        0,  -26273705,          0
 17428,   202,   39000000,   15279005,        0,  -23720995,          0
 17428,   203,   39000000,   12704257,        0,  -26295743,          0
 17428,   204,   39000000,    9662645,        0,  -29337355,          0
 17428,   205,   39000000,    6578619,        0,  -32421381,          0
 17428,   206,   39000000,    6582314,        0,  -32417686,          0
 17428,   207,   39000000,   10901464,        0,  -28098536,          0
 17428,   208,   39000000,    7610326,        0,  -31389674,          0
 17428,   209,   39000000,    6527066,        0,  -32472934,          0
 17428,   210,   39000000,    7588818,        0,  -31411182,          0
 17428,   211,   39000000,    7930757,        0,  -31069243,          0
 17428,   212,   39000000,    6508647,        0,  -32491353,          0
 17428,   213,   39000000,   10486978,        0,  -28513022,          0
 17428,   214,   39000000,    6528182,        0,  -32471818,          0
 17428,   215,   39000000,   10317030,        0,  -28682970,          0
 17428,   216,   39000000,    6513572,        0,  -32486428,          0
 17428,   217,   39000000,    7583507,        0,  -31416493,          0
 17428,   218,   39000000,    8709811,        0,  -30290189,          0
 17428,   219,   39000000,    6520933,        0,  -32479067,          0
 17428,   220,   39000000,    6494169,        0,  -32505831,          0
 17428,   221,   39000000,    9846635,        0,  -29153365,          0
 17428,   222,   39000000,    7567642,        0,  -31432358,          0
 17428,   223,   39000000,    6549949,        0,  -32450051,          0
 17428,   224,   39000000,    6530059,        0,  -32469941,          0
 17428,   225,   39000000,   11568985,        0,  -27431015,          0
 17428,   226,   39000000,    7316428,        0,  -31683572,          0
 17428,   227,   39000000,    6929801,        0,  -32070199,          0
 17428,   228,   39000000,    6703453,        0,  -32296547,          0
 17428,   229,   39000000,    6572835,        0,  -32427165,          0
 17428,   230,   39000000,    6620500,        0,  -32379500,          0
 17428,   231,   39000000,    6499378,        0,  -32500622,          0
 17428,   232,   39000000,    6556666,        0,  -32443334,          0
 17428,   233,   39000000,   16593297,        0,  -22406703,          0
 17428,   234,   39000000,    6535717,        0,  -32464283,          0
 17428,   235,   39000000,   14046033,        0,  -24953967,          0
 17428,   236,   39000000,    6543043,        0,  -32456957,          0
 17428,   237,   39000000,   10859918,        0,  -28140082,          0
 17428,   238,   39000000,    6609043,        0,  -32390957,          0
 17428,   239,   39000000,    8499406,        0,  -30500594,          0
 17428,   240,   39000000,    6516812,        0,  -32483188,          0
 17428,   241,   39000000,   12049118,        0,  -26950882,          0
 17428,   242,   39000000,    6546409,        0,  -32453591,          0
 17428,   243,   39000000,    9520168,        0,  -29479832,          0
 17428,   244,   39000000,    6610268,        0,  -32389732,          0
 17428,   245,   39000000,    7498596,        0,  -31501404,          0
 17428,   246,   39000000,    6531581,        0,  -32468419,          0
 17428,   247,   39000000,    7598401,        0,  -31401599,          0
 17428,   248,   39000000,    6595480,        0,  -32404520,          0
 17428,   249,   39000000,    9292012,        0,  -29707988,          0
 17428,   250,   39000000,    6519878,        0,  -32480122,          0
 17428,   251,   39000000,    6773445,        0,  -32226555,          0
 17428,   252,   39000000,    6511857,        0,  -32488143,          0
 17428,   253,   39000000,    7611197,        0,  -31388803,          0
 17428,   254,   39000000,    7579267,        0,  -31420733,          0
 17428,   255,   39000000,    6509586,        0,  -32490414,          0
 17428,   256,   39000000,    6602774,        0,  -32397226,          0
 17428,   257,   39000000,    6551850,        0,  -32448150,          0
 17428,   258,   39000000,    6578618,        0,  -32421382,          0
 17428,   259,   39000000,    7882186,        0,  -31117814,          0
 17428,   260,   39000000,    6526862,        0,  -32473138,          0
