158 158 0
130 130 0
109 109 0
361 361 0
131 131 0
308 308 0
185 185 0
298 298 0
178 178 0
104 104 0
387 387 0
186 186 0
292 292 0
207 207 0
140 140 0
111 111 0
559 557 2
479 479 0
145 145 0
153 153 0
126 126 0
373 373 0
112 112 0
190 190 0
273 273 0
248 248 0
114 114 0
124 124 0
113 113 0
158 158 0
178 178 0
162 162 0
112 112 0
297 297 0
111 111 0
133 133 0
288 288 0
336 335 1
179 179 0
628 622 6
165 165 0
225 225 0
196 196 0
150 150 0
109 109 0
220 220 0
200 200 0
174 174 0
230 230 0
178 178 0
505 504 1
