870 870 1
935 935 1
1116 1116 1
815 815 1
1209 1209 1
650 650 1
1849 1849 1
775 775 1
1683 1683 1
960 960 1
983 983 1
982 982 1
1812 1812 1
1576 1576 1
674 674 1
848 848 1
1544 1544 1
651 651 1
1054 1054 1
844 844 1
1039 1039 1
1067 1067 1
1073 1073 1
826 826 1
561 561 1
 
2686 2686 1
1628 1628 1
1978 1978 1
1757 1757 1
2737 2737 1
2924 2924 1
2577 2577 1
3095 3095 1
2264 2264 1
1648 1648 1
2188 2188 1
1776 1776 1
1185 1185 1
1368 1368 1
1085 1085 1
1385 1385 1
1592 1592 1
1785 1785 1
2423 2423 1
1890 1890 1
2279 2279 1
2064 2064 1
3746 3746 1
1715 1715 1
1640 1640 1
 
4152 4152 1
4190 4190 1
3404 3404 1
4177 4177 1
4139 4139 1
2552 2552 1
3263 3263 1
3621 3621 1
5988 5988 1
2605 2605 1
2775 2775 1
3363 3363 1
2950 2950 1
4748 4748 1
2294 2294 1
2282 2282 1
3566 3566 1
3747 3747 1
4873 4873 1
3693 3693 1
2978 2978 1
3038 3038 1
2587 2587 1
2544 2544 1
5228 5228 1
 
2842 2842 1
3402 3402 1
5164 5164 1
3551 3551 1
4258 4258 1
3057 3057 1
4944 4944 1
3730 3730 1
4249 4249 1
3490 3490 1
4684 4684 1
4627 4627 1
3828 3828 1
6203 6203 1
4096 4096 1
3516 3516 1
3584 3584 1
4726 4726 1
6207 6207 1
5723 5723 1
4037 4037 1
7827 7827 1
3870 3870 1
3619 3619 1
3658 3658 1
 
4518 4518 1
5142 5142 1
4136 4136 1
7235 7235 1
4893 4893 1
4265 4265 1
5990 5990 1
5935 5935 1
4757 4757 1
4212 4212 1
3720 3720 1
4314 4314 1
6597 6597 1
5682 5682 1
5276 5276 1
5454 5454 1
4974 4974 1
5225 5225 1
6247 6247 1
5202 5202 1
3989 3989 1
6057 6057 1
4997 4997 1
4619 4619 1
5073 5073 1
 
6068 6068 1
4540 4540 1
5384 5384 1
6830 6830 1
6319 6319 1
5383 5383 1
7869 7869 1
4460 4460 1
5667 5667 1
6287 6287 1
4360 4360 1
3884 3884 1
6379 6379 1
6279 6279 1
6981 6981 1
6087 6087 1
4968 4968 1
6163 6163 1
5362 5362 1
5040 5040 1
5315 5315 1
7996 7996 1
7587 7587 1
5471 5471 1
4671 4671 1
 
6871 6871 1
6821 6821 1
7277 7277 1
6463 6463 1
7675 7675 1
8500 8500 1
7170 7170 1
10786 10786 1
9372 9372 1
9850 9850 1
6941 6941 1
6454 6454 1
6894 6894 1
7376 7376 1
4738 4738 1
7150 7150 1
9415 9415 1
6898 6898 1
7847 7847 1
8382 8382 1
8149 8149 1
8539 8539 1
9564 9564 1
5631 5631 1
7779 7779 1
 
5935 5935 1
10952 10952 1
8990 8990 1
7405 7405 1
7277 7277 1
7116 7116 1
9043 9043 1
8973 8973 1
8919 8919 1
9917 9917 1
6323 6323 1
9958 9958 1
8239 8239 1
8784 8784 1
7224 7224 1
8089 8089 1
8457 8457 1
9637 9637 1
10597 10597 1
8960 8960 1
6887 6887 1
8177 8177 1
8615 8615 1
8959 8959 1
6490 6490 1
 
9937 9937 1
8602 8602 1
8362 8362 1
10614 10614 1
9001 9001 1
8253 8253 1
7684 7684 1
10288 10288 1
8139 8139 1
11201 11201 1
11530 11530 1
9768 9768 1
9227 9227 1
11503 11503 1
10012 10012 1
9603 9603 1
9362 9362 1
8995 8995 1
16096 16096 1
14745 14745 1
8746 8746 1
8547 8547 1
8807 8807 1
8595 8595 1
9083 9083 1
 
13015 13015 1
11307 11307 1
9439 9439 1
13365 13365 1
9473 9473 1
13555 13555 1
10750 10750 1
10814 10814 1
11870 11870 1
9569 9569 1
12609 12609 1
12985 12985 1
9128 9128 1
13285 13285 1
9031 9031 1
12771 12771 1
9668 9668 1
10716 10716 1
11090 11090 1
10000 10000 1
9667 9667 1
11902 11902 1
10378 10378 1
12853 12853 1
9051 9051 1
 
12197 12197 1
15952 15952 1
12332 12332 1
12216 12217 0
10960 10960 1
14161 14161 1
10435 10435 1
14551 14551 1
10378 10378 1
10927 10927 1
15170 15170 1
15110 15110 1
10285 10285 1
12956 12956 1
10973 10973 1
12815 12815 1
10971 10971 1
10861 10861 1
11908 11908 1
9226 9226 1
13264 13264 1
9641 9641 1
12725 12725 1
10313 10313 1
11537 11537 1
 
17898 17898 1
13787 13787 1
14951 14951 1
13419 13419 1
16680 16680 1
13919 13919 1
14353 14353 1
12021 12021 1
12219 12219 1
15191 15191 1
12571 12571 1
11920 11920 1
12751 12751 1
12890 12890 1
10864 10864 1
13276 13276 1
14777 14777 1
13288 13288 1
17427 17427 1
10346 10346 1
11215 11215 1
13400 13400 1
13481 13481 1
11208 11208 1
11747 11747 1
 
13762 13762 1
14041 14041 1
14346 14346 1
14366 14366 1
13720 13720 1
12363 12363 1
13464 13464 1
13475 13475 1
11596 11596 1
14153 14153 1
17690 17690 1
10134 10134 1
15088 15088 1
17246 17246 1
14519 14519 1
16528 16528 1
12525 12525 1
14542 14542 1
10672 10672 1
15143 15143 1
12946 12946 1
14483 14483 1
18033 18033 1
16129 16129 1
12921 12921 1
 
15577 15577 1
13865 13865 1
15644 15644 1
16381 16381 1
17753 17753 1
18890 18891 0
15250 15250 1
13674 13674 1
13587 13587 1
18819 18819 1
14409 14409 1
14902 14902 1
15766 15766 1
13736 13736 1
14170 14170 1
16846 16846 1
15903 15903 1
15792 15792 1
13654 13654 1
15993 15993 1
17219 17219 1
16312 16313 0
17732 17732 1
14415 14415 1
13539 13539 1
 
15500 15500 1
19353 19353 1
17405 17406 0
14872 14872 1
15998 15998 1
15519 15519 1
13951 13951 1
16565 16565 1
16326 16326 1
14992 14992 1
18087 18087 1
17613 17613 1
16648 16648 1
17995 17995 1
12928 12928 1
14446 14447 0
16350 16350 1
17251 17251 1
15920 15920 1
13343 13343 1
18614 18614 1
14258 14258 1
19079 19080 0
15118 15118 1
13186 13186 1
 
15682 15682 1
17893 17895 0
14898 14898 1
15921 15921 1
20489 20489 1
16734 16734 1
21571 21571 1
18900 18902 0
18187 18187 1
15140 15140 1
16823 16823 1
15467 15467 1
16460 16460 1
14930 14930 1
15309 15310 0
18459 18459 1
16907 16908 0
16063 16063 1
16354 16354 1
16695 16695 1
17972 17972 1
16815 16815 1
16380 16380 1
19279 19279 1
18895 18896 0
 
24565 24566 0
27595 27595 1
19480 19481 0
15634 15635 0
18515 18517 0
15907 15907 1
20290 20290 1
16947 16947 1
16932 16932 1
22619 22619 1
17293 17293 1
21744 21744 1
18454 18454 1
19702 19703 0
17402 17402 1
22953 22953 1
17793 17793 1
17132 17132 1
19119 19121 0
21597 21598 0
17279 17279 1
18594 18594 1
18803 18803 1
18997 18998 0
18693 18694 0
 
15738 15738 1
18511 18512 0
16352 16352 1
19978 19978 1
16407 16407 1
16969 16969 1
20923 20925 0
21090 21090 1
17607 17607 1
17600 17600 1
18684 18685 0
16564 16564 1
27599 27601 0
21943 21944 0
23496 23498 0
24394 24394 1
19288 19289 0
21615 21617 0
22404 22404 1
22741 22741 1
22233 22233 1
20973 20973 1
19927 19927 1
18412 18412 1
20201 20201 1
 
18935 18935 1
20583 20584 0
17148 17148 1
20489 20489 1
16267 16267 1
22631 22632 0
19313 19313 1
19876 19877 0
20888 20888 1
19669 19670 0
21250 21251 0
22311 22311 1
23378 23378 1
21262 21262 1
22185 22185 1
20488 20488 1
17932 17932 1
17384 17384 1
44296 44296 1
25365 25370 0
20361 20362 0
24715 24715 1
23499 23502 0
18152 18152 1
20852 20853 0
 
25644 25645 0
25923 25925 0
23842 23845 0
21141 21142 0
21501 21503 0
19190 19193 0
21325 21325 1
19200 19201 0
22822 22823 0
21962 21964 0
17902 17902 1
25877 25880 0
23042 23045 0
21991 21993 0
19324 19324 1
21311 21312 0
21011 21011 1
21921 21923 0
21705 21708 0
21274 21274 1
18326 18326 1
24104 24105 0
17164 17165 0
31575 31575 1
22387 22388 0
 
11276 23765 0
11697 23817 0
13016 21618 0
14403 27405 0
12041 28393 0
11897 21372 0
9685 21588 0
8748 25960 0
9417 23772 0
9339 22443 0
10499 21375 0
10173 20320 0
11966 23710 0
12290 25258 0
12430 20989 0
10650 21717 0
10409 21312 0
9441 26552 0
9924 18021 0
13079 22458 0
10641 22476 0
11356 23805 0
12046 22022 0
11654 21373 0
10912 24480 0
 
===
