# Task,   Job,     Period,   Response, DL Miss?,   Lateness,  Tardiness
# task NAME=myapp PID=18799 COST=16399000 PERIOD=47000000 CPU=0
 18799,     2,   47000000,       5882,        0,  -46994118,          0
 18799,     3,   47000000,     162561,        0,  -46837439,          0
 18799,     4,   47000000,   27377038,        0,  -19622962,          0
 18799,     5,   47000000,   28249890,        0,  -18750110,          0
 18799,     6,   47000000,   29517632,        0,  -17482368,          0
 18799,     7,   47000000,   30266588,        0,  -16733412,          0
 18799,     8,   47000000,   30404934,        0,  -16595066,          0
 18799,     9,   47000000,   28295520,        0,  -18704480,          0
 18799,    10,   47000000,   29328660,        0,  -17671340,          0
 18799,    11,   47000000,   26307725,        0,  -20692275,          0
 18799,    12,   47000000,   27225136,        0,  -19774864,          0
 18799,    13,   47000000,   28277030,        0,  -18722970,          0
 18799,    14,   47000000,   29316982,        0,  -17683018,          0
 18799,    15,   47000000,   26255196,        0,  -20744804,          0
 18799,    16,   47000000,   27889841,        0,  -19110159,          0
 18799,    17,   47000000,   28280547,        0,  -18719453,          0
 18799,    18,   47000000,   29373729,        0,  -17626271,          0
 18799,    19,   47000000,   26440300,        0,  -20559700,          0
 18799,    20,   47000000,   29291457,        0,  -17708543,          0
 18799,    21,   47000000,   28290085,        0,  -18709915,          0
 18799,    22,   47000000,   29533970,        0,  -17466030,          0
 18799,    23,   47000000,   30322418,        0,  -16677582,          0
 18799,    24,   47000000,   31300547,        0,  -15699453,          0
 18799,    25,   47000000,   28217135,        0,  -18782865,          0
 18799,    26,   47000000,   29381212,        0,  -17618788,          0
 18799,    27,   47000000,   26584960,        0,  -20415040,          0
 18799,    28,   47000000,   27182777,        0,  -19817223,          0
 18799,    29,   47000000,   28280131,        0,  -18719869,          0
 18799,    30,   47000000,   29576958,        0,  -17423042,          0
 18799,    31,   47000000,   28244485,        0,  -18755515,          0
 18799,    32,   47000000,   29314444,        0,  -17685556,          0
 18799,    33,   47000000,   28266450,        0,  -18733550,          0
 18799,    34,   47000000,   31306830,        0,  -15693170,          0
 18799,    35,   47000000,   26249124,        0,  -20750876,          0
 18799,    36,   47000000,   31275701,        0,  -15724299,          0
 18799,    37,   47000000,   28293553,        0,  -18706447,          0
 18799,    38,   47000000,   31296850,        0,  -15703150,          0
 18799,    39,   47000000,   27444664,        0,  -19555336,          0
 18799,    40,   47000000,   27292706,        0,  -19707294,          0
 18799,    41,   47000000,   28345536,        0,  -18654464,          0
 18799,    42,   47000000,   29261990,        0,  -17738010,          0
 18799,    43,   47000000,   26494244,        0,  -20505756,          0
 18799,    44,   47000000,   29265944,        0,  -17734056,          0
 18799,    45,   47000000,   28422770,        0,  -18577230,          0
 18799,    46,   47000000,   29387288,        0,  -17612712,          0
 18799,    47,   47000000,   26280813,        0,  -20719187,          0
 18799,    48,   47000000,   31304882,        0,  -15695118,          0
 18799,    49,   47000000,   28327694,        0,  -18672306,          0
 18799,    50,   47000000,   29279092,        0,  -17720908,          0
 18799,    51,   47000000,   28730761,        0,  -18269239,          0
 18799,    52,   47000000,   27287776,        0,  -19712224,          0
 18799,    53,   47000000,   28312385,        0,  -18687615,          0
 18799,    54,   47000000,   29548562,        0,  -17451438,          0
 18799,    55,   47000000,   30247966,        0,  -16752034,          0
 18799,    56,   47000000,   29236957,        0,  -17763043,          0
 18799,    57,   47000000,   28358499,        0,  -18641501,          0
 18799,    58,   47000000,   29324689,        0,  -17675311,          0
 18799,    59,   47000000,   26558378,        0,  -20441622,          0
 18799,    60,   47000000,   27281174,        0,  -19718826,          0
 18799,    61,   47000000,   28251025,        0,  -18748975,          0
 18799,    62,   47000000,   29545013,        0,  -17454987,          0
 18799,    63,   47000000,   26338659,        0,  -20661341,          0
 18799,    64,   47000000,   27324674,        0,  -19675326,          0
 18799,    65,   47000000,   30252454,        0,  -16747546,          0
 18799,    66,   47000000,   29301558,        0,  -17698442,          0
 18799,    67,   47000000,   26271896,        0,  -20728104,          0
 18799,    68,   47000000,   27376231,        0,  -19623769,          0
 18799,    69,   47000000,   28208058,        0,  -18791942,          0
 18799,    70,   47000000,   29384399,        0,  -17615601,          0
 18799,    71,   47000000,   28206163,        0,  -18793837,          0
 18799,    72,   47000000,   27312140,        0,  -19687860,          0
 18799,    73,   47000000,   28286670,        0,  -18713330,          0
 18799,    74,   47000000,   29232260,        0,  -17767740,          0
 18799,    75,   47000000,   26483083,        0,  -20516917,          0
 18799,    76,   47000000,   31309026,        0,  -15690974,          0
 18799,    77,   47000000,   28178536,        0,  -18821464,          0
 18799,    78,   47000000,   29261365,        0,  -17738635,          0
 18799,    79,   47000000,   26300885,        0,  -20699115,          0
 18799,    80,   47000000,   27383872,        0,  -19616128,          0
 18799,    81,   47000000,   30210592,        0,  -16789408,          0
 18799,    82,   47000000,   29355846,        0,  -17644154,          0
 18799,    83,   47000000,   26590137,        0,  -20409863,          0
 18799,    84,   47000000,   29271903,        0,  -17728097,          0
 18799,    85,   47000000,   28395536,        0,  -18604464,          0
 18799,    86,   47000000,   29338402,        0,  -17661598,          0
 18799,    87,   47000000,   26296004,        0,  -20703996,          0
 18799,    88,   47000000,   31324867,        0,  -15675133,          0
 18799,    89,   47000000,   28934879,        0,  -18065121,          0
 18799,    90,   47000000,   29294492,        0,  -17705508,          0
 18799,    91,   47000000,   26610469,        0,  -20389531,          0
 18799,    92,   47000000,   27241228,        0,  -19758772,          0
 18799,    93,   47000000,   28291853,        0,  -18708147,          0
 18799,    94,   47000000,   29251894,        0,  -17748106,          0
 18799,    95,   47000000,   26346206,        0,  -20653794,          0
 18799,    96,   47000000,   27292933,        0,  -19707067,          0
 18799,    97,   47000000,   28331255,        0,  -18668745,          0
 18799,    98,   47000000,   29321805,        0,  -17678195,          0
 18799,    99,   47000000,   26502799,        0,  -20497201,          0
 18799,   100,   47000000,   27265917,        0,  -19734083,          0
 18799,   101,   47000000,   28290461,        0,  -18709539,          0
 18799,   102,   47000000,   29911673,        0,  -17088327,          0
 18799,   103,   47000000,   30343821,        0,  -16656179,          0
 18799,   104,   47000000,   27511890,        0,  -19488110,          0
 18799,   105,   47000000,   28261843,        0,  -18738157,          0
 18799,   106,   47000000,   29277583,        0,  -17722417,          0
 18799,   107,   47000000,   26214323,        0,  -20785677,          0
 18799,   108,   47000000,   29761479,        0,  -17238521,          0
 18799,   109,   47000000,   29353770,        0,  -17646230,          0
 18799,   110,   47000000,   29457712,        0,  -17542288,          0
 18799,   111,   47000000,   26253735,        0,  -20746265,          0
 18799,   112,   47000000,   29318682,        0,  -17681318,          0
 18799,   113,   47000000,   28310693,        0,  -18689307,          0
 18799,   114,   47000000,   29319412,        0,  -17680588,          0
 18799,   115,   47000000,   28221069,        0,  -18778931,          0
 18799,   116,   47000000,   31337837,        0,  -15662163,          0
 18799,   117,   47000000,   28302566,        0,  -18697434,          0
 18799,   118,   47000000,   29403045,        0,  -17596955,          0
 18799,   119,   47000000,   26321560,        0,  -20678440,          0
 18799,   120,   47000000,   27198616,        0,  -19801384,          0
 18799,   121,   47000000,   28307656,        0,  -18692344,          0
 18799,   122,   47000000,   29327453,        0,  -17672547,          0
 18799,   123,   47000000,   27013230,        0,  -19986770,          0
 18799,   124,   47000000,   27251816,        0,  -19748184,          0
 18799,   125,   47000000,   28527726,        0,  -18472274,          0
 18799,   126,   47000000,   29316317,        0,  -17683683,          0
 18799,   127,   47000000,   30264298,        0,  -16735702,          0
 18799,   128,   47000000,   27236882,        0,  -19763118,          0
 18799,   129,   47000000,   28307392,        0,  -18692608,          0
 18799,   130,   47000000,   29357684,        0,  -17642316,          0
 18799,   131,   47000000,   30561195,        0,  -16438805,          0
 18799,   132,   47000000,   27278607,        0,  -19721393,          0
 18799,   133,   47000000,   28321969,        0,  -18678031,          0
 18799,   134,   47000000,   29317502,        0,  -17682498,          0
 18799,   135,   47000000,   26196738,        0,  -20803262,          0
 18799,   136,   47000000,   27561126,        0,  -19438874,          0
 18799,   137,   47000000,   28244418,        0,  -18755582,          0
 18799,   138,   47000000,   29291544,        0,  -17708456,          0
 18799,   139,   47000000,   26245560,        0,  -20754440,          0
 18799,   140,   47000000,   27293833,        0,  -19706167,          0
 18799,   141,   47000000,   30283542,        0,  -16716458,          0
 18799,   142,   47000000,   29313013,        0,  -17686987,          0
 18799,   143,   47000000,   30382984,        0,  -16617016,          0
 18799,   144,   47000000,   29709050,        0,  -17290950,          0
 18799,   145,   47000000,   28274928,        0,  -18725072,          0
 18799,   146,   47000000,   29292302,        0,  -17707698,          0
 18799,   147,   47000000,   26533882,        0,  -20466118,          0
 18799,   148,   47000000,   29310601,        0,  -17689399,          0
 18799,   149,   47000000,   28319537,        0,  -18680463,          0
 18799,   150,   47000000,   29313272,        0,  -17686728,          0
 18799,   151,   47000000,   26186014,        0,  -20813986,          0
 18799,   152,   47000000,   27321860,        0,  -19678140,          0
 18799,   153,   47000000,   28402711,        0,  -18597289,          0
 18799,   154,   47000000,   29282823,        0,  -17717177,          0
 18799,   155,   47000000,   26229559,        0,  -20770441,          0
 18799,   156,   47000000,   27159844,        0,  -19840156,          0
 18799,   157,   47000000,   29831379,        0,  -17168621,          0
 18799,   158,   47000000,   29305275,        0,  -17694725,          0
 18799,   159,   47000000,   26356909,        0,  -20643091,          0
 18799,   160,   47000000,   27288189,        0,  -19711811,          0
 18799,   161,   47000000,   28303660,        0,  -18696340,          0
 18799,   162,   47000000,   29283581,        0,  -17716419,          0
 18799,   163,   47000000,   26556582,        0,  -20443418,          0
 18799,   164,   47000000,   27283165,        0,  -19716835,          0
 18799,   165,   47000000,   28383579,        0,  -18616421,          0
 18799,   166,   47000000,   29349099,        0,  -17650901,          0
 18799,   167,   47000000,   26275304,        0,  -20724696,          0
 18799,   168,   47000000,   27206911,        0,  -19793089,          0
 18799,   169,   47000000,   30320965,        0,  -16679035,          0
 18799,   170,   47000000,   29323231,        0,  -17676769,          0
 18799,   171,   47000000,   30588826,        0,  -16411174,          0
 18799,   172,   47000000,   27223804,        0,  -19776196,          0
 18799,   173,   47000000,   28375862,        0,  -18624138,          0
 18799,   174,   47000000,   29190625,        0,  -17809375,          0
 18799,   175,   47000000,   31295186,        0,  -15704814,          0
 18799,   176,   47000000,   27552555,        0,  -19447445,          0
 18799,   177,   47000000,   30349026,        0,  -16650974,          0
 18799,   178,   47000000,   29330819,        0,  -17669181,          0
 18799,   179,   47000000,   26564589,        0,  -20435411,          0
 18799,   180,   47000000,   27185847,        0,  -19814153,          0
 18799,   181,   47000000,   31431249,        0,  -15568751,          0
 18799,   182,   47000000,   29290012,        0,  -17709988,          0
 18799,   183,   47000000,   26228953,        0,  -20771047,          0
 18799,   184,   47000000,   27289251,        0,  -19710749,          0
 18799,   185,   47000000,   28306138,        0,  -18693862,          0
 18799,   186,   47000000,   29361510,        0,  -17638490,          0
 18799,   187,   47000000,   26524060,        0,  -20475940,          0
 18799,   188,   47000000,   27324130,        0,  -19675870,          0
 18799,   189,   47000000,   28256892,        0,  -18743108,          0
 18799,   190,   47000000,   29295781,        0,  -17704219,          0
 18799,   191,   47000000,   26195815,        0,  -20804185,          0
 18799,   192,   47000000,   27255676,        0,  -19744324,          0
 18799,   193,   47000000,   28253809,        0,  -18746191,          0
 18799,   194,   47000000,   31375313,        0,  -15624687,          0
 18799,   195,   47000000,   26547618,        0,  -20452382,          0
 18799,   196,   47000000,   27262522,        0,  -19737478,          0
 18799,   197,   47000000,   30343994,        0,  -16656006,          0
 18799,   198,   47000000,   29318435,        0,  -17681565,          0
 18799,   199,   47000000,   26247341,        0,  -20752659,          0
 18799,   200,   47000000,   27589284,        0,  -19410716,          0
 18799,   201,   47000000,   28294989,        0,  -18705011,          0
 18799,   202,   47000000,   29327058,        0,  -17672942,          0
 18799,   203,   47000000,   26285893,        0,  -20714107,          0
 18799,   204,   47000000,   27318930,        0,  -19681070,          0
 18799,   205,   47000000,   30476222,        0,  -16523778,          0
 18799,   206,   47000000,   29261740,        0,  -17738260,          0
 18799,   207,   47000000,   26263952,        0,  -20736048,          0
 18799,   208,   47000000,   27526793,        0,  -19473207,          0
 18799,   209,   47000000,   28260262,        0,  -18739738,          0
 18799,   210,   47000000,   29264412,        0,  -17735588,          0
 18799,   211,   47000000,   30282277,        0,  -16717723,          0
 18799,   212,   47000000,   27335671,        0,  -19664329,          0
 18799,   213,   47000000,   28302252,        0,  -18697748,          0
 18799,   214,   47000000,   30507982,        0,  -16492018,          0
 18799,   215,   47000000,   26294352,        0,  -20705648,          0
 18799,   216,   47000000,   27246723,        0,  -19753277,          0
# task NAME=myapp PID=18802 COST=17071000 PERIOD=57000000 CPU=0
 18802,     2,   57000000,       5880,        0,  -56994120,          0
 18802,     3,   57000000,     177493,        0,  -56822507,          0
 18802,     4,   57000000,   31981237,        0,  -25018763,          0
 18802,     5,   57000000,   30965912,        0,  -26034088,          0
 18802,     6,   57000000,   30021353,        0,  -26978647,          0
 18802,     7,   57000000,   28929443,        0,  -28070557,          0
 18802,     8,   57000000,   31874420,        0,  -25125580,          0
 18802,     9,   57000000,   31112162,        0,  -25887838,          0
 18802,    10,   57000000,   34026410,        0,  -22973590,          0
 18802,    11,   57000000,   28973818,        0,  -28026182,          0
 18802,    12,   57000000,   32261235,        0,  -24738765,          0
 18802,    13,   57000000,   30948517,        0,  -26051483,          0
 18802,    14,   57000000,   30238523,        0,  -26761477,          0
 18802,    15,   57000000,   32950730,        0,  -24049270,          0
 18802,    16,   57000000,   31914809,        0,  -25085191,          0
 18802,    17,   57000000,   30898295,        0,  -26101705,          0
 18802,    18,   57000000,   29883741,        0,  -27116259,          0
 18802,    19,   57000000,   28931462,        0,  -28068538,          0
 18802,    20,   57000000,   32927549,        0,  -24072451,          0
 18802,    21,   57000000,   30939494,        0,  -26060506,          0
 18802,    22,   57000000,   29996148,        0,  -27003852,          0
 18802,    23,   57000000,   34249751,        0,  -22750249,          0
 18802,    24,   57000000,   32119939,        0,  -24880061,          0
 18802,    25,   57000000,   31152573,        0,  -25847427,          0
 18802,    26,   57000000,   32459002,        0,  -24540998,          0
 18802,    27,   57000000,   28913041,        0,  -28086959,          0
 18802,    28,   57000000,   33919406,        0,  -23080594,          0
 18802,    29,   57000000,   31203099,        0,  -25796901,          0
 18802,    30,   57000000,   32265563,        0,  -24734437,          0
 18802,    31,   57000000,   28914736,        0,  -28085264,          0
 18802,    32,   57000000,   31930140,        0,  -25069860,          0
 18802,    33,   57000000,   30969937,        0,  -26030063,          0
 18802,    34,   57000000,   30257650,        0,  -26742350,          0
 18802,    35,   57000000,   28929487,        0,  -28070513,          0
 18802,    36,   57000000,   31964912,        0,  -25035088,          0
 18802,    37,   57000000,   30973890,        0,  -26026110,          0
 18802,    38,   57000000,   33985619,        0,  -23014381,          0
 18802,    39,   57000000,   31906149,        0,  -25093851,          0
 18802,    40,   57000000,   33930291,        0,  -23069709,          0
 18802,    41,   57000000,   30957838,        0,  -26042162,          0
 18802,    42,   57000000,   30047205,        0,  -26952795,          0
 18802,    43,   57000000,   32920727,        0,  -24079273,          0
 18802,    44,   57000000,   31973349,        0,  -25026651,          0
 18802,    45,   57000000,   30872921,        0,  -26127079,          0
 18802,    46,   57000000,   29932522,        0,  -27067478,          0
 18802,    47,   57000000,   28956127,        0,  -28043873,          0
 18802,    48,   57000000,   31929219,        0,  -25070781,          0
 18802,    49,   57000000,   31310212,        0,  -25689788,          0
 18802,    50,   57000000,   29933668,        0,  -27066332,          0
 18802,    51,   57000000,   33728435,        0,  -23271565,          0
 18802,    52,   57000000,   31987927,        0,  -25012073,          0
 18802,    53,   57000000,   31291022,        0,  -25708978,          0
 18802,    54,   57000000,   29960644,        0,  -27039356,          0
 18802,    55,   57000000,   28976495,        0,  -28023505,          0
 18802,    56,   57000000,   32261885,        0,  -24738115,          0
 18802,    57,   57000000,   31022211,        0,  -25977789,          0
 18802,    58,   57000000,   29863516,        0,  -27136484,          0
 18802,    59,   57000000,   28946874,        0,  -28053126,          0
 18802,    60,   57000000,   32189550,        0,  -24810450,          0
 18802,    61,   57000000,   30907323,        0,  -26092677,          0
 18802,    62,   57000000,   29990426,        0,  -27009574,          0
 18802,    63,   57000000,   28906305,        0,  -28093695,          0
 18802,    64,   57000000,   31885834,        0,  -25114166,          0
 18802,    65,   57000000,   30956894,        0,  -26043106,          0
 18802,    66,   57000000,   29931938,        0,  -27068062,          0
 18802,    67,   57000000,   29266023,        0,  -27733977,          0
 18802,    68,   57000000,   31971586,        0,  -25028414,          0
 18802,    69,   57000000,   30914537,        0,  -26085463,          0
 18802,    70,   57000000,   30041364,        0,  -26958636,          0
 18802,    71,   57000000,   32935620,        0,  -24064380,          0
 18802,    72,   57000000,   33953592,        0,  -23046408,          0
 18802,    73,   57000000,   32272623,        0,  -24727377,          0
 18802,    74,   57000000,   29983885,        0,  -27016115,          0
 18802,    75,   57000000,   28956869,        0,  -28043131,          0
 18802,    76,   57000000,   31849436,        0,  -25150564,          0
 18802,    77,   57000000,   31116543,        0,  -25883457,          0
 18802,    78,   57000000,   29868525,        0,  -27131475,          0
 18802,    79,   57000000,   28912461,        0,  -28087539,          0
 18802,    80,   57000000,   31962555,        0,  -25037445,          0
 18802,    81,   57000000,   31014794,        0,  -25985206,          0
 18802,    82,   57000000,   29998611,        0,  -27001389,          0
 18802,    83,   57000000,   28845581,        0,  -28154419,          0
 18802,    84,   57000000,   32235857,        0,  -24764143,          0
 18802,    85,   57000000,   30983018,        0,  -26016982,          0
 18802,    86,   57000000,   29954970,        0,  -27045030,          0
 18802,    87,   57000000,   31075492,        0,  -25924508,          0
 18802,    88,   57000000,   32016496,        0,  -24983504,          0
 18802,    89,   57000000,   32147619,        0,  -24852381,          0
 18802,    90,   57000000,   29948620,        0,  -27051380,          0
 18802,    91,   57000000,   31140795,        0,  -25859205,          0
 18802,    92,   57000000,   31946942,        0,  -25053058,          0
 18802,    93,   57000000,   31231098,        0,  -25768902,          0
 18802,    94,   57000000,   34001652,        0,  -22998348,          0
 18802,    95,   57000000,   28939036,        0,  -28060964,          0
 18802,    96,   57000000,   32053152,        0,  -24946848,          0
 18802,    97,   57000000,   30866160,        0,  -26133840,          0
 18802,    98,   57000000,   31078543,        0,  -25921457,          0
 18802,    99,   57000000,   33025252,        0,  -23974748,          0
 18802,   100,   57000000,   31884843,        0,  -25115157,          0
 18802,   101,   57000000,   31018294,        0,  -25981706,          0
 18802,   102,   57000000,   34170771,        0,  -22829229,          0
 18802,   103,   57000000,   28998410,        0,  -28001590,          0
 18802,   104,   57000000,   32195787,        0,  -24804213,          0
 18802,   105,   57000000,   31331933,        0,  -25668067,          0
 18802,   106,   57000000,   29979651,        0,  -27020349,          0
 18802,   107,   57000000,   28978247,        0,  -28021753,          0
 18802,   108,   57000000,   32050377,        0,  -24949623,          0
 18802,   109,   57000000,   30931355,        0,  -26068645,          0
 18802,   110,   57000000,   29976463,        0,  -27023537,          0
 18802,   111,   57000000,   29062050,        0,  -27937950,          0
 18802,   112,   57000000,   31931858,        0,  -25068142,          0
 18802,   113,   57000000,   31010988,        0,  -25989012,          0
 18802,   114,   57000000,   30927502,        0,  -26072498,          0
 18802,   115,   57000000,   28955646,        0,  -28044354,          0
 18802,   116,   57000000,   31945747,        0,  -25054253,          0
 18802,   117,   57000000,   30947568,        0,  -26052432,          0
 18802,   118,   57000000,   30015333,        0,  -26984667,          0
 18802,   119,   57000000,   29963494,        0,  -27036506,          0
 18802,   120,   57000000,   34055010,        0,  -22944990,          0
 18802,   121,   57000000,   30895526,        0,  -26104474,          0
 18802,   122,   57000000,   33915658,        0,  -23084342,          0
 18802,   123,   57000000,   28940168,        0,  -28059832,          0
 18802,   124,   57000000,   32233385,        0,  -24766615,          0
 18802,   125,   57000000,   30977136,        0,  -26022864,          0
 18802,   126,   57000000,   29902273,        0,  -27097727,          0
 18802,   127,   57000000,   32919474,        0,  -24080526,          0
 18802,   128,   57000000,   32255293,        0,  -24744707,          0
 18802,   129,   57000000,   30994645,        0,  -26005355,          0
 18802,   130,   57000000,   29969075,        0,  -27030925,          0
 18802,   131,   57000000,   29965564,        0,  -27034436,          0
 18802,   132,   57000000,   31986049,        0,  -25013951,          0
 18802,   133,   57000000,   30984244,        0,  -26015756,          0
 18802,   134,   57000000,   29930304,        0,  -27069696,          0
 18802,   135,   57000000,   28918517,        0,  -28081483,          0
 18802,   136,   57000000,   32024069,        0,  -24975931,          0
 18802,   137,   57000000,   30948612,        0,  -26051388,          0
 18802,   138,   57000000,   29962843,        0,  -27037157,          0
 18802,   139,   57000000,   29239892,        0,  -27760108,          0
 18802,   140,   57000000,   31929974,        0,  -25070026,          0
 18802,   141,   57000000,   30980692,        0,  -26019308,          0
 18802,   142,   57000000,   29953873,        0,  -27046127,          0
 18802,   143,   57000000,   28951910,        0,  -28048090,          0
 18802,   144,   57000000,   31914170,        0,  -25085830,          0
 18802,   145,   57000000,   30920079,        0,  -26079921,          0
 18802,   146,   57000000,   31937387,        0,  -25062613,          0
 18802,   147,   57000000,   28966071,        0,  -28033929,          0
 18802,   148,   57000000,   32291132,        0,  -24708868,          0
 18802,   149,   57000000,   30952057,        0,  -26047943,          0
 18802,   150,   57000000,   30191390,        0,  -26808610,          0
 18802,   151,   57000000,   29085890,        0,  -27914110,          0
 18802,   152,   57000000,   32047914,        0,  -24952086,          0
 18802,   153,   57000000,   30927694,        0,  -26072306,          0
 18802,   154,   57000000,   29918405,        0,  -27081595,          0
 18802,   155,   57000000,   33025912,        0,  -23974088,          0
 18802,   156,   57000000,   31996006,        0,  -25003994,          0
 18802,   157,   57000000,   30990828,        0,  -26009172,          0
 18802,   158,   57000000,   33884857,        0,  -23115143,          0
 18802,   159,   57000000,   29928372,        0,  -27071628,          0
 18802,   160,   57000000,   32024313,        0,  -24975687,          0
 18802,   161,   57000000,   31018089,        0,  -25981911,          0
 18802,   162,   57000000,   31926967,        0,  -25073033,          0
 18802,   163,   57000000,   29196005,        0,  -27803995,          0
 18802,   164,   57000000,   32037945,        0,  -24962055,          0
 18802,   165,   57000000,   31485811,        0,  -25514189,          0
 18802,   166,   57000000,   29971591,        0,  -27028409,          0
 18802,   167,   57000000,   28975130,        0,  -28024870,          0
 18802,   168,   57000000,   31934911,        0,  -25065089,          0
 18802,   169,   57000000,   32082096,        0,  -24917904,          0
 18802,   170,   57000000,   29960688,        0,  -27039312,          0
 18802,   171,   57000000,   28939453,        0,  -28060547,          0
 18802,   172,   57000000,   32355949,        0,  -24644051,          0
 18802,   173,   57000000,   30915080,        0,  -26084920,          0
 18802,   174,   57000000,   30257222,        0,  -26742778,          0
 18802,   175,   57000000,   29554904,        0,  -27445096,          0
 18802,   176,   57000000,   31946997,        0,  -25053003,          0
 18802,   177,   57000000,   31415259,        0,  -25584741,          0
 18802,   178,   57000000,   29960046,        0,  -27039954,          0
 18802,   179,   57000000,   28973300,        0,  -28026700,          0
# task NAME=myapp PID=18806 COST=13155000 PERIOD=97000000 CPU=0
 18806,     2,   97000000,      10854,        0,  -96989146,          0
 18806,     3,   97000000,     153913,        0,  -96846087,          0
 18806,     4,   97000000,   26179825,        0,  -70820175,          0
 18806,     5,   97000000,   23219490,        0,  -73780510,          0
 18806,     6,   97000000,   22194916,        0,  -74805084,          0
 18806,     7,   97000000,   21159589,        0,  -75840411,          0
 18806,     8,   97000000,   24246259,        0,  -72753741,          0
 18806,     9,   97000000,   23183362,        0,  -73816638,          0
 18806,    10,   97000000,   22411851,        0,  -74588149,          0
 18806,    11,   97000000,   21201236,        0,  -75798764,          0
 18806,    12,   97000000,   24211211,        0,  -72788789,          0
 18806,    13,   97000000,   25174125,        0,  -71825875,          0
 18806,    14,   97000000,   22193925,        0,  -74806075,          0
 18806,    15,   97000000,   21106550,        0,  -75893450,          0
 18806,    16,   97000000,   24168690,        0,  -72831310,          0
 18806,    17,   97000000,   23152237,        0,  -73847763,          0
 18806,    18,   97000000,   22189342,        0,  -74810658,          0
 18806,    19,   97000000,   21186183,        0,  -75813817,          0
 18806,    20,   97000000,   25732087,        0,  -71267913,          0
 18806,    21,   97000000,   23233859,        0,  -73766141,          0
 18806,    22,   97000000,   22203640,        0,  -74796360,          0
 18806,    23,   97000000,   21822866,        0,  -75177134,          0
 18806,    24,   97000000,   24227480,        0,  -72772520,          0
 18806,    25,   97000000,   24499277,        0,  -72500723,          0
 18806,    26,   97000000,   26247995,        0,  -70752005,          0
 18806,    27,   97000000,   21206604,        0,  -75793396,          0
 18806,    28,   97000000,   24168493,        0,  -72831507,          0
 18806,    29,   97000000,   23452684,        0,  -73547316,          0
 18806,    30,   97000000,   24233866,        0,  -72766134,          0
 18806,    31,   97000000,   21227353,        0,  -75772647,          0
 18806,    32,   97000000,   25419503,        0,  -71580497,          0
 18806,    33,   97000000,   24451544,        0,  -72548456,          0
 18806,    34,   97000000,   24188995,        0,  -72811005,          0
 18806,    35,   97000000,   21100722,        0,  -75899278,          0
 18806,    36,   97000000,   24197618,        0,  -72802382,          0
 18806,    37,   97000000,   23198128,        0,  -73801872,          0
 18806,    38,   97000000,   22480726,        0,  -74519274,          0
 18806,    39,   97000000,   21147320,        0,  -75852680,          0
 18806,    40,   97000000,   25175634,        0,  -71824366,          0
 18806,    41,   97000000,   25268944,        0,  -71731056,          0
 18806,    42,   97000000,   26214936,        0,  -70785064,          0
 18806,    43,   97000000,   21188977,        0,  -75811023,          0
 18806,    44,   97000000,   24234854,        0,  -72765146,          0
 18806,    45,   97000000,   23230417,        0,  -73769583,          0
 18806,    46,   97000000,   22123222,        0,  -74876778,          0
 18806,    47,   97000000,   21419839,        0,  -75580161,          0
 18806,    48,   97000000,   24197642,        0,  -72802358,          0
 18806,    49,   97000000,   23186814,        0,  -73813186,          0
 18806,    50,   97000000,   22162419,        0,  -74837581,          0
 18806,    51,   97000000,   25198399,        0,  -71801601,          0
 18806,    52,   97000000,   24506878,        0,  -72493122,          0
 18806,    53,   97000000,   23235408,        0,  -73764592,          0
 18806,    54,   97000000,   22200423,        0,  -74799577,          0
 18806,    55,   97000000,   21128918,        0,  -75871082,          0
 18806,    56,   97000000,   24281100,        0,  -72718900,          0
 18806,    57,   97000000,   23208797,        0,  -73791203,          0
 18806,    58,   97000000,   22192418,        0,  -74807582,          0
 18806,    59,   97000000,   21189137,        0,  -75810863,          0
 18806,    60,   97000000,   24271818,        0,  -72728182,          0
 18806,    61,   97000000,   23616908,        0,  -73383092,          0
 18806,    62,   97000000,   22241070,        0,  -74758930,          0
 18806,    63,   97000000,   25876871,        0,  -71123129,          0
 18806,    64,   97000000,   24198081,        0,  -72801919,          0
 18806,    65,   97000000,   25481035,        0,  -71518965,          0
 18806,    66,   97000000,   22127322,        0,  -74872678,          0
 18806,    67,   97000000,   23109650,        0,  -73890350,          0
 18806,    68,   97000000,   24220396,        0,  -72779604,          0
 18806,    69,   97000000,   23277084,        0,  -73722916,          0
 18806,    70,   97000000,   22121624,        0,  -74878376,          0
 18806,    71,   97000000,   21165128,        0,  -75834872,          0
 18806,    72,   97000000,   24226091,        0,  -72773909,          0
 18806,    73,   97000000,   25137314,        0,  -71862686,          0
 18806,    74,   97000000,   22264689,        0,  -74735311,          0
 18806,    75,   97000000,   21164834,        0,  -75835166,          0
 18806,    76,   97000000,   24188109,        0,  -72811891,          0
 18806,    77,   97000000,   23261066,        0,  -73738934,          0
 18806,    78,   97000000,   24149428,        0,  -72850572,          0
 18806,    79,   97000000,   21195144,        0,  -75804856,          0
 18806,    80,   97000000,   24185603,        0,  -72814397,          0
 18806,    81,   97000000,   23219673,        0,  -73780327,          0
 18806,    82,   97000000,   27213007,        0,  -69786993,          0
 18806,    83,   97000000,   25511897,        0,  -71488103,          0
 18806,    84,   97000000,   24213040,        0,  -72786960,          0
 18806,    85,   97000000,   23236078,        0,  -73763922,          0
 18806,    86,   97000000,   22145683,        0,  -74854317,          0
 18806,    87,   97000000,   21447176,        0,  -75552824,          0
 18806,    88,   97000000,   24208704,        0,  -72791296,          0
 18806,    89,   97000000,   23224358,        0,  -73775642,          0
 18806,    90,   97000000,   24023957,        0,  -72976043,          0
 18806,    91,   97000000,   21284163,        0,  -75715837,          0
 18806,    92,   97000000,   24213665,        0,  -72786335,          0
 18806,    93,   97000000,   23260299,        0,  -73739701,          0
 18806,    94,   97000000,   22222029,        0,  -74777971,          0
 18806,    95,   97000000,   21175110,        0,  -75824890,          0
 18806,    96,   97000000,   24447791,        0,  -72552209,          0
 18806,    97,   97000000,   23210886,        0,  -73789114,          0
 18806,    98,   97000000,   24160703,        0,  -72839297,          0
 18806,    99,   97000000,   25232716,        0,  -71767284,          0
 18806,   100,   97000000,   24219842,        0,  -72780158,          0
 18806,   101,   97000000,   24063314,        0,  -72936686,          0
 18806,   102,   97000000,   22176482,        0,  -74823518,          0
 18806,   103,   97000000,   21196936,        0,  -75803064,          0
 18806,   104,   97000000,   24192054,        0,  -72807946,          0
 18806,   105,   97000000,   23521431,        0,  -73478569,          0
 18806,   106,   97000000,   22203793,        0,  -74796207,          0
 18806,   107,   97000000,   21174025,        0,  -75825975,          0
# task NAME=myapp PID=18810 COST=31026000 PERIOD=94000000 CPU=0
 18810,     2,   94000000,       6184,        0,  -93993816,          0
 18810,     3,   94000000,     173830,        0,  -93826170,          0
 18810,     4,   94000000,   56605402,        0,  -37394598,          0
 18810,     5,   94000000,   58211134,        0,  -35788866,          0
 18810,     6,   94000000,   56229306,        0,  -37770694,          0
 18810,     7,   94000000,   54191515,        0,  -39808485,          0
 18810,     8,   94000000,   56253907,        0,  -37746093,          0
 18810,     9,   94000000,   54289531,        0,  -39710469,          0
 18810,    10,   94000000,   56268181,        0,  -37731819,          0
 18810,    11,   94000000,   57487229,        0,  -36512771,          0
 18810,    12,   94000000,   56327229,        0,  -37672771,          0
 18810,    13,   94000000,   58266525,        0,  -35733475,          0
 18810,    14,   94000000,   56210679,        0,  -37789321,          0
 18810,    15,   94000000,   55224860,        0,  -38775140,          0
 18810,    16,   94000000,   58233198,        0,  -35766802,          0
 18810,    17,   94000000,   56220088,        0,  -37779912,          0
 18810,    18,   94000000,   56270644,        0,  -37729356,          0
 18810,    19,   94000000,   54539908,        0,  -39460092,          0
 18810,    20,   94000000,   58689633,        0,  -35310367,          0
 18810,    21,   94000000,   54223442,        0,  -39776558,          0
 18810,    22,   94000000,   56372739,        0,  -37627261,          0
 18810,    23,   94000000,   54360048,        0,  -39639952,          0
 18810,    24,   94000000,   56357344,        0,  -37642656,          0
 18810,    25,   94000000,   54200203,        0,  -39799797,          0
 18810,    26,   94000000,   56329295,        0,  -37670705,          0
 18810,    27,   94000000,   54213891,        0,  -39786109,          0
 18810,    28,   94000000,   56234842,        0,  -37765158,          0
 18810,    29,   94000000,   58282253,        0,  -35717747,          0
 18810,    30,   94000000,   56306681,        0,  -37693319,          0
 18810,    31,   94000000,   57504206,        0,  -36495794,          0
 18810,    32,   94000000,   57417653,        0,  -36582347,          0
 18810,    33,   94000000,   54565391,        0,  -39434609,          0
 18810,    34,   94000000,   56301741,        0,  -37698259,          0
 18810,    35,   94000000,   54361050,        0,  -39638950,          0
 18810,    36,   94000000,   57874245,        0,  -36125755,          0
 18810,    37,   94000000,   54360276,        0,  -39639724,          0
 18810,    38,   94000000,   56248747,        0,  -37751253,          0
 18810,    39,   94000000,   54221375,        0,  -39778625,          0
 18810,    40,   94000000,   56126335,        0,  -37873665,          0
 18810,    41,   94000000,   54306614,        0,  -39693386,          0
 18810,    42,   94000000,   56166364,        0,  -37833636,          0
 18810,    43,   94000000,   54498725,        0,  -39501275,          0
 18810,    44,   94000000,   56340398,        0,  -37659602,          0
 18810,    45,   94000000,   54232571,        0,  -39767429,          0
 18810,    46,   94000000,   56294804,        0,  -37705196,          0
 18810,    47,   94000000,   54268534,        0,  -39731466,          0
 18810,    48,   94000000,   56602931,        0,  -37397069,          0
 18810,    49,   94000000,   57319212,        0,  -36680788,          0
 18810,    50,   94000000,   57343297,        0,  -36656703,          0
 18810,    51,   94000000,   54486080,        0,  -39513920,          0
 18810,    52,   94000000,   56578523,        0,  -37421477,          0
 18810,    53,   94000000,   58289856,        0,  -35710144,          0
 18810,    54,   94000000,   58331418,        0,  -35668582,          0
 18810,    55,   94000000,   54192591,        0,  -39807409,          0
 18810,    56,   94000000,   58349846,        0,  -35650154,          0
 18810,    57,   94000000,   54287487,        0,  -39712513,          0
 18810,    58,   94000000,   56308949,        0,  -37691051,          0
 18810,    59,   94000000,   54374322,        0,  -39625678,          0
 18810,    60,   94000000,   56246612,        0,  -37753388,          0
 18810,    61,   94000000,   54235577,        0,  -39764423,          0
 18810,    62,   94000000,   56237580,        0,  -37762420,          0
 18810,    63,   94000000,   56651405,        0,  -37348595,          0
 18810,    64,   94000000,   56602048,        0,  -37397952,          0
 18810,    65,   94000000,   58250419,        0,  -35749581,          0
 18810,    66,   94000000,   57057971,        0,  -36942029,          0
 18810,    67,   94000000,   58239661,        0,  -35760339,          0
 18810,    68,   94000000,   56605940,        0,  -37394060,          0
 18810,    69,   94000000,   57260931,        0,  -36739069,          0
 18810,    70,   94000000,   56288488,        0,  -37711512,          0
 18810,    71,   94000000,   57309232,        0,  -36690768,          0
 18810,    72,   94000000,   59265984,        0,  -34734016,          0
 18810,    73,   94000000,   58285415,        0,  -35714585,          0
 18810,    74,   94000000,   56683429,        0,  -37316571,          0
 18810,    75,   94000000,   54555960,        0,  -39444040,          0
 18810,    76,   94000000,   58256586,        0,  -35743414,          0
 18810,    77,   94000000,   54212575,        0,  -39787425,          0
 18810,    78,   94000000,   56296158,        0,  -37703842,          0
 18810,    79,   94000000,   54256870,        0,  -39743130,          0
 18810,    80,   94000000,   56541623,        0,  -37458377,          0
 18810,    81,   94000000,   54685198,        0,  -39314802,          0
 18810,    82,   94000000,   56178859,        0,  -37821141,          0
 18810,    83,   94000000,   54569294,        0,  -39430706,          0
 18810,    84,   94000000,   58706381,        0,  -35293619,          0
 18810,    85,   94000000,   54300552,        0,  -39699448,          0
 18810,    86,   94000000,   56341640,        0,  -37658360,          0
 18810,    87,   94000000,   58419400,        0,  -35580600,          0
 18810,    88,   94000000,   56254276,        0,  -37745724,          0
 18810,    89,   94000000,   54248790,        0,  -39751210,          0
 18810,    90,   94000000,   59304124,        0,  -34695876,          0
 18810,    91,   94000000,   54446188,        0,  -39553812,          0
 18810,    92,   94000000,   56318226,        0,  -37681774,          0
 18810,    93,   94000000,   56235781,        0,  -37764219,          0
 18810,    94,   94000000,   58220671,        0,  -35779329,          0
 18810,    95,   94000000,   54549685,        0,  -39450315,          0
 18810,    96,   94000000,   56513112,        0,  -37486888,          0
 18810,    97,   94000000,   54238933,        0,  -39761067,          0
 18810,    98,   94000000,   56318639,        0,  -37681361,          0
 18810,    99,   94000000,   54275506,        0,  -39724494,          0
 18810,   100,   94000000,   56555694,        0,  -37444306,          0
 18810,   101,   94000000,   54720315,        0,  -39279685,          0
 18810,   102,   94000000,   56271944,        0,  -37728056,          0
 18810,   103,   94000000,   54237204,        0,  -39762796,          0
 18810,   104,   94000000,   56219645,        0,  -37780355,          0
 18810,   105,   94000000,   54270493,        0,  -39729507,          0
 18810,   106,   94000000,   56205267,        0,  -37794733,          0
 18810,   107,   94000000,   58305558,        0,  -35694442,          0
 18810,   108,   94000000,   56241409,        0,  -37758591,          0
 18810,   109,   94000000,   57189654,        0,  -36810346,          0
 18810,   110,   94000000,   56417480,        0,  -37582520,          0
# task NAME=myapp PID=18815 COST=5432000 PERIOD=19000000 CPU=0
 18815,     2,   19000000,      11551,        0,  -18988449,          0
 18815,     3,   19000000,     170133,        0,  -18829867,          0
 18815,     4,   19000000,    6779052,        0,  -12220948,          0
 18815,     5,   19000000,    7821307,        0,  -11178693,          0
 18815,     6,   19000000,    8888911,        0,  -10111089,          0
 18815,     7,   19000000,    5798403,        0,  -13201597,          0
 18815,     8,   19000000,    8822597,        0,  -10177403,          0
 18815,     9,   19000000,    9806034,        0,   -9193966,          0
 18815,    10,   19000000,    8834337,        0,  -10165663,          0
 18815,    11,   19000000,    5784796,        0,  -13215204,          0
 18815,    12,   19000000,    6832070,        0,  -12167930,          0
 18815,    13,   19000000,    9843133,        0,   -9156867,          0
 18815,    14,   19000000,    9507773,        0,   -9492227,          0
 18815,    15,   19000000,    6844777,        0,  -12155223,          0
 18815,    16,   19000000,   10893880,        0,   -8106120,          0
 18815,    17,   19000000,    8932153,        0,  -10067847,          0
 18815,    18,   19000000,    8827727,        0,  -10172273,          0
 18815,    19,   19000000,    5761494,        0,  -13238506,          0
 18815,    20,   19000000,    7852847,        0,  -11147153,          0
 18815,    21,   19000000,    7832553,        0,  -11167447,          0
 18815,    22,   19000000,    8849198,        0,  -10150802,          0
 18815,    23,   19000000,    7796962,        0,  -11203038,          0
 18815,    24,   19000000,   10843666,        0,   -8156334,          0
 18815,    25,   19000000,    9826117,        0,   -9173883,          0
 18815,    26,   19000000,    9585946,        0,   -9414054,          0
 18815,    27,   19000000,    7813175,        0,  -11186825,          0
 18815,    28,   19000000,   10831517,        0,   -8168483,          0
 18815,    29,   19000000,    7820931,        0,  -11179069,          0
 18815,    30,   19000000,    8906448,        0,  -10093552,          0
 18815,    31,   19000000,    6201554,        0,  -12798446,          0
 18815,    32,   19000000,    7790343,        0,  -11209657,          0
 18815,    33,   19000000,    7845303,        0,  -11154697,          0
 18815,    34,   19000000,   10837964,        0,   -8162036,          0
 18815,    35,   19000000,    6641815,        0,  -12358185,          0
 18815,    36,   19000000,    6798649,        0,  -12201351,          0
 18815,    37,   19000000,    7933491,        0,  -11066509,          0
 18815,    38,   19000000,    8824228,        0,  -10175772,          0
 18815,    39,   19000000,    9797240,        0,   -9202760,          0
 18815,    40,   19000000,    6831238,        0,  -12168762,          0
 18815,    41,   19000000,    7793253,        0,  -11206747,          0
 18815,    42,   19000000,    8846290,        0,  -10153710,          0
 18815,    43,   19000000,   11838909,        0,   -7161091,          0
 18815,    44,   19000000,    8750233,        0,  -10249767,          0
 18815,    45,   19000000,    8306120,        0,  -10693880,          0
 18815,    46,   19000000,    8847272,        0,  -10152728,          0
 18815,    47,   19000000,    6977824,        0,  -12022176,          0
 18815,    48,   19000000,    7926037,        0,  -11073963,          0
 18815,    49,   19000000,    9831439,        0,   -9168561,          0
 18815,    50,   19000000,    8977247,        0,  -10022753,          0
 18815,    51,   19000000,    5759785,        0,  -13240215,          0
 18815,    52,   19000000,    8801482,        0,  -10198518,          0
 18815,    53,   19000000,    7826740,        0,  -11173260,          0
 18815,    54,   19000000,    8853442,        0,  -10146558,          0
 18815,    55,   19000000,    7853120,        0,  -11146880,          0
 18815,    56,   19000000,    6798510,        0,  -12201490,          0
 18815,    57,   19000000,    8519203,        0,  -10480797,          0
 18815,    58,   19000000,    8847803,        0,  -10152197,          0
 18815,    59,   19000000,    7802051,        0,  -11197949,          0
 18815,    60,   19000000,    8805139,        0,  -10194861,          0
 18815,    61,   19000000,    9800031,        0,   -9199969,          0
 18815,    62,   19000000,    8869452,        0,  -10130548,          0
 18815,    63,   19000000,   11831785,        0,   -7168215,          0
 18815,    64,   19000000,    6802847,        0,  -12197153,          0
 18815,    65,   19000000,    7819600,        0,  -11180400,          0
 18815,    66,   19000000,   10828724,        0,   -8171276,          0
 18815,    67,   19000000,    6487317,        0,  -12512683,          0
 18815,    68,   19000000,    6807591,        0,  -12192409,          0
 18815,    69,   19000000,    7846845,        0,  -11153155,          0
 18815,    70,   19000000,    8824517,        0,  -10175483,          0
 18815,    71,   19000000,    5861035,        0,  -13138965,          0
 18815,    72,   19000000,    8837762,        0,  -10162238,          0
 18815,    73,   19000000,    7818561,        0,  -11181439,          0
 18815,    74,   19000000,    8864317,        0,  -10135683,          0
 18815,    75,   19000000,    7786076,        0,  -11213924,          0
 18815,    76,   19000000,    7451161,        0,  -11548839,          0
 18815,    77,   19000000,    7816426,        0,  -11183574,          0
 18815,    78,   19000000,    8822491,        0,  -10177509,          0
 18815,    79,   19000000,    5769978,        0,  -13230022,          0
 18815,    80,   19000000,    6785355,        0,  -12214645,          0
 18815,    81,   19000000,    7892752,        0,  -11107248,          0
 18815,    82,   19000000,    8799669,        0,  -10200331,          0
 18815,    83,   19000000,    6031639,        0,  -12968361,          0
 18815,    84,   19000000,    6809741,        0,  -12190259,          0
 18815,    85,   19000000,    7884161,        0,  -11115839,          0
 18815,    86,   19000000,    8826368,        0,  -10173632,          0
 18815,    87,   19000000,    7812320,        0,  -11187680,          0
 18815,    88,   19000000,    6787548,        0,  -12212452,          0
 18815,    89,   19000000,    7883158,        0,  -11116842,          0
 18815,    90,   19000000,    8832070,        0,  -10167930,          0
 18815,    91,   19000000,    5779776,        0,  -13220224,          0
 18815,    92,   19000000,    6817146,        0,  -12182854,          0
 18815,    93,   19000000,    7825597,        0,  -11174403,          0
 18815,    94,   19000000,    8811541,        0,  -10188459,          0
 18815,    95,   19000000,    7770037,        0,  -11229963,          0
 18815,    96,   19000000,    7118321,        0,  -11881679,          0
 18815,    97,   19000000,    9834406,        0,   -9165594,          0
 18815,    98,   19000000,    8835975,        0,  -10164025,          0
 18815,    99,   19000000,    5828538,        0,  -13171462,          0
 18815,   100,   19000000,    8821721,        0,  -10178279,          0
 18815,   101,   19000000,    7826924,        0,  -11173076,          0
 18815,   102,   19000000,   10822602,        0,   -8177398,          0
 18815,   103,   19000000,    7776097,        0,  -11223903,          0
 18815,   104,   19000000,    6796661,        0,  -12203339,          0
 18815,   105,   19000000,    8141120,        0,  -10858880,          0
 18815,   106,   19000000,    9522682,        0,   -9477318,          0
 18815,   107,   19000000,    7622551,        0,  -11377449,          0
 18815,   108,   19000000,   10815575,        0,   -8184425,          0
 18815,   109,   19000000,    7871279,        0,  -11128721,          0
 18815,   110,   19000000,    8791604,        0,  -10208396,          0
 18815,   111,   19000000,    7817876,        0,  -11182124,          0
 18815,   112,   19000000,    8742249,        0,  -10257751,          0
 18815,   113,   19000000,    7815085,        0,  -11184915,          0
 18815,   114,   19000000,    8826505,        0,  -10173495,          0
 18815,   115,   19000000,    5852591,        0,  -13147409,          0
 18815,   116,   19000000,    9054512,        0,   -9945488,          0
 18815,   117,   19000000,    8636181,        0,  -10363819,          0
 18815,   118,   19000000,    8811205,        0,  -10188795,          0
 18815,   119,   19000000,    7825426,        0,  -11174574,          0
 18815,   120,   19000000,    6815531,        0,  -12184469,          0
 18815,   121,   19000000,    7962197,        0,  -11037803,          0
 18815,   122,   19000000,   10868826,        0,   -8131174,          0
 18815,   123,   19000000,   11894251,        0,   -7105749,          0
 18815,   124,   19000000,    7088888,        0,  -11911112,          0
 18815,   125,   19000000,    7820193,        0,  -11179807,          0
 18815,   126,   19000000,   10896664,        0,   -8103336,          0
 18815,   127,   19000000,    7822807,        0,  -11177193,          0
 18815,   128,   19000000,    6899687,        0,  -12100313,          0
 18815,   129,   19000000,    7863562,        0,  -11136438,          0
 18815,   130,   19000000,    8825789,        0,  -10174211,          0
 18815,   131,   19000000,    7811115,        0,  -11188885,          0
 18815,   132,   19000000,    6796534,        0,  -12203466,          0
 18815,   133,   19000000,    7834174,        0,  -11165826,          0
 18815,   134,   19000000,   10829928,        0,   -8170072,          0
 18815,   135,   19000000,    6302596,        0,  -12697404,          0
 18815,   136,   19000000,   12831061,        0,   -6168939,          0
 18815,   137,   19000000,    7844400,        0,  -11155600,          0
 18815,   138,   19000000,    8845079,        0,  -10154921,          0
 18815,   139,   19000000,    5970168,        0,  -13029832,          0
 18815,   140,   19000000,    8807884,        0,  -10192116,          0
 18815,   141,   19000000,    7843756,        0,  -11156244,          0
 18815,   142,   19000000,    9104725,        0,   -9895275,          0
 18815,   143,   19000000,    7835364,        0,  -11164636,          0
 18815,   144,   19000000,    6845018,        0,  -12154982,          0
 18815,   145,   19000000,    9325750,        0,   -9674250,          0
 18815,   146,   19000000,    9377013,        0,   -9622987,          0
 18815,   147,   19000000,    9850747,        0,   -9149253,          0
 18815,   148,   19000000,    8786344,        0,  -10213656,          0
 18815,   149,   19000000,    8625905,        0,  -10374095,          0
 18815,   150,   19000000,    8865280,        0,  -10134720,          0
 18815,   151,   19000000,    7800571,        0,  -11199429,          0
 18815,   152,   19000000,    8805338,        0,  -10194662,          0
 18815,   153,   19000000,    7917807,        0,  -11082193,          0
 18815,   154,   19000000,    8792976,        0,  -10207024,          0
 18815,   155,   19000000,    7758018,        0,  -11241982,          0
 18815,   156,   19000000,    8814108,        0,  -10185892,          0
 18815,   157,   19000000,    7822961,        0,  -11177039,          0
 18815,   158,   19000000,    8844791,        0,  -10155209,          0
 18815,   159,   19000000,    5834998,        0,  -13165002,          0
 18815,   160,   19000000,    6777339,        0,  -12222661,          0
 18815,   161,   19000000,    7803380,        0,  -11196620,          0
 18815,   162,   19000000,    9123250,        0,   -9876750,          0
 18815,   163,   19000000,    7811339,        0,  -11188661,          0
 18815,   164,   19000000,    6761409,        0,  -12238591,          0
 18815,   165,   19000000,    7845662,        0,  -11154338,          0
 18815,   166,   19000000,    8849362,        0,  -10150638,          0
 18815,   167,   19000000,    7953431,        0,  -11046569,          0
 18815,   168,   19000000,    9416150,        0,   -9583850,          0
 18815,   169,   19000000,    7846448,        0,  -11153552,          0
 18815,   170,   19000000,   10878234,        0,   -8121766,          0
 18815,   171,   19000000,    6983879,        0,  -12016121,          0
 18815,   172,   19000000,    8832506,        0,  -10167494,          0
 18815,   173,   19000000,    9307335,        0,   -9692665,          0
 18815,   174,   19000000,   10210540,        0,   -8789460,          0
 18815,   175,   19000000,    6049259,        0,  -12950741,          0
 18815,   176,   19000000,    6780059,        0,  -12219941,          0
 18815,   177,   19000000,    7831308,        0,  -11168692,          0
 18815,   178,   19000000,    8855434,        0,  -10144566,          0
 18815,   179,   19000000,    5784087,        0,  -13215913,          0
 18815,   180,   19000000,    6820138,        0,  -12179862,          0
 18815,   181,   19000000,    9124965,        0,   -9875035,          0
 18815,   182,   19000000,    8810549,        0,  -10189451,          0
 18815,   183,   19000000,    7863781,        0,  -11136219,          0
 18815,   184,   19000000,   11889771,        0,   -7110229,          0
 18815,   185,   19000000,    7836776,        0,  -11163224,          0
 18815,   186,   19000000,    8807086,        0,  -10192914,          0
 18815,   187,   19000000,    7766439,        0,  -11233561,          0
 18815,   188,   19000000,    6821222,        0,  -12178778,          0
 18815,   189,   19000000,    9036592,        0,   -9963408,          0
 18815,   190,   19000000,    8821799,        0,  -10178201,          0
 18815,   191,   19000000,    5810650,        0,  -13189350,          0
 18815,   192,   19000000,    8746843,        0,  -10253157,          0
 18815,   193,   19000000,    7850651,        0,  -11149349,          0
 18815,   194,   19000000,    8806090,        0,  -10193910,          0
 18815,   195,   19000000,    6623706,        0,  -12376294,          0
 18815,   196,   19000000,    6846903,        0,  -12153097,          0
 18815,   197,   19000000,    9818939,        0,   -9181061,          0
 18815,   198,   19000000,   10711632,        0,   -8288368,          0
 18815,   199,   19000000,    7835871,        0,  -11164129,          0
 18815,   200,   19000000,    6831252,        0,  -12168748,          0
 18815,   201,   19000000,    9832164,        0,   -9167836,          0
 18815,   202,   19000000,    8809084,        0,  -10190916,          0
 18815,   203,   19000000,    5792939,        0,  -13207061,          0
 18815,   204,   19000000,    8988513,        0,  -10011487,          0
 18815,   205,   19000000,    7860337,        0,  -11139663,          0
 18815,   206,   19000000,    8832287,        0,  -10167713,          0
 18815,   207,   19000000,    9853122,        0,   -9146878,          0
 18815,   208,   19000000,    9111590,        0,   -9888410,          0
 18815,   209,   19000000,    7820238,        0,  -11179762,          0
 18815,   210,   19000000,    8900034,        0,  -10099966,          0
 18815,   211,   19000000,    5764910,        0,  -13235090,          0
 18815,   212,   19000000,    6795237,        0,  -12204763,          0
 18815,   213,   19000000,    7850237,        0,  -11149763,          0
 18815,   214,   19000000,    8920547,        0,  -10079453,          0
 18815,   215,   19000000,    7869348,        0,  -11130652,          0
 18815,   216,   19000000,    6852834,        0,  -12147166,          0
 18815,   217,   19000000,    7863939,        0,  -11136061,          0
 18815,   218,   19000000,    8821365,        0,  -10178635,          0
 18815,   219,   19000000,    5858220,        0,  -13141780,          0
 18815,   220,   19000000,    8813444,        0,  -10186556,          0
 18815,   221,   19000000,    8146404,        0,  -10853596,          0
 18815,   222,   19000000,    8828526,        0,  -10171474,          0
 18815,   223,   19000000,    7777864,        0,  -11222136,          0
 18815,   224,   19000000,    6780674,        0,  -12219326,          0
 18815,   225,   19000000,    7816163,        0,  -11183837,          0
 18815,   226,   19000000,    8841919,        0,  -10158081,          0
 18815,   227,   19000000,    5845599,        0,  -13154401,          0
 18815,   228,   19000000,    9209052,        0,   -9790948,          0
 18815,   229,   19000000,    7814541,        0,  -11185459,          0
 18815,   230,   19000000,    8892718,        0,  -10107282,          0
 18815,   231,   19000000,    7786629,        0,  -11213371,          0
 18815,   232,   19000000,    7395857,        0,  -11604143,          0
 18815,   233,   19000000,    7843047,        0,  -11156953,          0
 18815,   234,   19000000,    9612793,        0,   -9387207,          0
 18815,   235,   19000000,    5816005,        0,  -13183995,          0
 18815,   236,   19000000,    6863414,        0,  -12136586,          0
 18815,   237,   19000000,    8136818,        0,  -10863182,          0
 18815,   238,   19000000,    8780256,        0,  -10219744,          0
 18815,   239,   19000000,    5877802,        0,  -13122198,          0
 18815,   240,   19000000,    8852887,        0,  -10147113,          0
 18815,   241,   19000000,    8119018,        0,  -10880982,          0
 18815,   242,   19000000,    8842229,        0,  -10157771,          0
 18815,   243,   19000000,    6983150,        0,  -12016850,          0
 18815,   244,   19000000,    6779324,        0,  -12220676,          0
 18815,   245,   19000000,    8645792,        0,  -10354208,          0
 18815,   246,   19000000,    8855529,        0,  -10144471,          0
 18815,   247,   19000000,    8348219,        0,  -10651781,          0
 18815,   248,   19000000,    6846062,        0,  -12153938,          0
 18815,   249,   19000000,    7826641,        0,  -11173359,          0
 18815,   250,   19000000,    8804896,        0,  -10195104,          0
 18815,   251,   19000000,    7783540,        0,  -11216460,          0
 18815,   252,   19000000,    8600421,        0,  -10399579,          0
 18815,   253,   19000000,    7826968,        0,  -11173032,          0
 18815,   254,   19000000,    8828536,        0,  -10171464,          0
 18815,   255,   19000000,    7802892,        0,  -11197108,          0
 18815,   256,   19000000,    6760701,        0,  -12239299,          0
 18815,   257,   19000000,    7809989,        0,  -11190011,          0
 18815,   258,   19000000,   10844965,        0,   -8155035,          0
 18815,   259,   19000000,    7779983,        0,  -11220017,          0
 18815,   260,   19000000,    8855254,        0,  -10144746,          0
 18815,   261,   19000000,    9808365,        0,   -9191635,          0
 18815,   262,   19000000,    8824294,        0,  -10175706,          0
 18815,   263,   19000000,    5781178,        0,  -13218822,          0
 18815,   264,   19000000,    6821241,        0,  -12178759,          0
 18815,   265,   19000000,    7896553,        0,  -11103447,          0
 18815,   266,   19000000,    8884345,        0,  -10115655,          0
 18815,   267,   19000000,    5809877,        0,  -13190123,          0
 18815,   268,   19000000,    8803839,        0,  -10196161,          0
 18815,   269,   19000000,    7820506,        0,  -11179494,          0
 18815,   270,   19000000,    8811343,        0,  -10188657,          0
 18815,   271,   19000000,    7766026,        0,  -11233974,          0
 18815,   272,   19000000,    6813684,        0,  -12186316,          0
 18815,   273,   19000000,    9847138,        0,   -9152862,          0
 18815,   274,   19000000,    8837182,        0,  -10162818,          0
 18815,   275,   19000000,    6934451,        0,  -12065549,          0
 18815,   276,   19000000,   10824042,        0,   -8175958,          0
 18815,   277,   19000000,    7849663,        0,  -11150337,          0
 18815,   278,   19000000,   10220831,        0,   -8779169,          0
 18815,   279,   19000000,    5854336,        0,  -13145664,          0
 18815,   280,   19000000,    7943381,        0,  -11056619,          0
 18815,   281,   19000000,    7920918,        0,  -11079082,          0
 18815,   282,   19000000,   10823338,        0,   -8176662,          0
 18815,   283,   19000000,    9842936,        0,   -9157064,          0
 18815,   284,   19000000,    6767792,        0,  -12232208,          0
 18815,   285,   19000000,    7837578,        0,  -11162422,          0
 18815,   286,   19000000,    8822204,        0,  -10177796,          0
 18815,   287,   19000000,    6063213,        0,  -12936787,          0
 18815,   288,   19000000,    8813070,        0,  -10186930,          0
 18815,   289,   19000000,    9834792,        0,   -9165208,          0
 18815,   290,   19000000,    8796665,        0,  -10203335,          0
 18815,   291,   19000000,    9854383,        0,   -9145617,          0
 18815,   292,   19000000,    6778873,        0,  -12221127,          0
 18815,   293,   19000000,    8937489,        0,  -10062511,          0
 18815,   294,   19000000,    9624312,        0,   -9375688,          0
 18815,   295,   19000000,    7748818,        0,  -11251182,          0
 18815,   296,   19000000,    7330194,        0,  -11669806,          0
 18815,   297,   19000000,    8025336,        0,  -10974664,          0
 18815,   298,   19000000,   10873034,        0,   -8126966,          0
 18815,   299,   19000000,    7847298,        0,  -11152702,          0
 18815,   300,   19000000,   11088136,        0,   -7911864,          0
 18815,   301,   19000000,    7811914,        0,  -11188086,          0
 18815,   302,   19000000,   10852866,        0,   -8147134,          0
 18815,   303,   19000000,    5784378,        0,  -13215622,          0
 18815,   304,   19000000,    7764931,        0,  -11235069,          0
 18815,   305,   19000000,    8502504,        0,  -10497496,          0
 18815,   306,   19000000,    9379835,        0,   -9620165,          0
 18815,   307,   19000000,    5896545,        0,  -13103455,          0
 18815,   308,   19000000,    8770688,        0,  -10229312,          0
 18815,   309,   19000000,    7798854,        0,  -11201146,          0
 18815,   310,   19000000,    8837396,        0,  -10162604,          0
 18815,   311,   19000000,    6032001,        0,  -12967999,          0
 18815,   312,   19000000,    8803236,        0,  -10196764,          0
 18815,   313,   19000000,    7792382,        0,  -11207618,          0
 18815,   314,   19000000,    8819695,        0,  -10180305,          0
 18815,   315,   19000000,    7976719,        0,  -11023281,          0
 18815,   316,   19000000,    6788199,        0,  -12211801,          0
 18815,   317,   19000000,    7868930,        0,  -11131070,          0
 18815,   318,   19000000,   10808803,        0,   -8191197,          0
 18815,   319,   19000000,    5797742,        0,  -13202258,          0
 18815,   320,   19000000,    8148695,        0,  -10851305,          0
 18815,   321,   19000000,    7862637,        0,  -11137363,          0
 18815,   322,   19000000,   10785638,        0,   -8214362,          0
 18815,   323,   19000000,    5872983,        0,  -13127017,          0
 18815,   324,   19000000,    6837676,        0,  -12162324,          0
 18815,   325,   19000000,    9865703,        0,   -9134297,          0
 18815,   326,   19000000,    8833592,        0,  -10166408,          0
 18815,   327,   19000000,    6997391,        0,  -12002609,          0
 18815,   328,   19000000,    8798659,        0,  -10201341,          0
 18815,   329,   19000000,    7951083,        0,  -11048917,          0
 18815,   330,   19000000,    8842780,        0,  -10157220,          0
 18815,   331,   19000000,    5801774,        0,  -13198226,          0
 18815,   332,   19000000,    6807797,        0,  -12192203,          0
 18815,   333,   19000000,    7837811,        0,  -11162189,          0
 18815,   334,   19000000,    8831916,        0,  -10168084,          0
 18815,   335,   19000000,    7763089,        0,  -11236911,          0
 18815,   336,   19000000,    6783042,        0,  -12216958,          0
 18815,   337,   19000000,    7838442,        0,  -11161558,          0
 18815,   338,   19000000,    8838499,        0,  -10161501,          0
 18815,   339,   19000000,    5815692,        0,  -13184308,          0
 18815,   340,   19000000,   12852109,        0,   -6147891,          0
 18815,   341,   19000000,    7811119,        0,  -11188881,          0
 18815,   342,   19000000,    9024815,        0,   -9975185,          0
 18815,   343,   19000000,    6700770,        0,  -12299230,          0
 18815,   344,   19000000,    6842479,        0,  -12157521,          0
 18815,   345,   19000000,    9835881,        0,   -9164119,          0
 18815,   346,   19000000,   11130031,        0,   -7869969,          0
 18815,   347,   19000000,    5866577,        0,  -13133423,          0
 18815,   348,   19000000,    6799300,        0,  -12200700,          0
 18815,   349,   19000000,    9808681,        0,   -9191319,          0
 18815,   350,   19000000,    8854352,        0,  -10145648,          0
 18815,   351,   19000000,    7682444,        0,  -11317556,          0
 18815,   352,   19000000,    6776806,        0,  -12223194,          0
 18815,   353,   19000000,    7821265,        0,  -11178735,          0
 18815,   354,   19000000,    8978432,        0,  -10021568,          0
 18815,   355,   19000000,    7817736,        0,  -11182264,          0
 18815,   356,   19000000,    8871852,        0,  -10128148,          0
 18815,   357,   19000000,    8512755,        0,  -10487245,          0
 18815,   358,   19000000,    8876779,        0,  -10123221,          0
 18815,   359,   19000000,    7803534,        0,  -11196466,          0
 18815,   360,   19000000,   10850085,        0,   -8149915,          0
 18815,   361,   19000000,    7866915,        0,  -11133085,          0
 18815,   362,   19000000,    8863045,        0,  -10136955,          0
 18815,   363,   19000000,    7873419,        0,  -11126581,          0
 18815,   364,   19000000,    6789159,        0,  -12210841,          0
 18815,   365,   19000000,    9754603,        0,   -9245397,          0
 18815,   366,   19000000,   11105051,        0,   -7894949,          0
 18815,   367,   19000000,    7736492,        0,  -11263508,          0
 18815,   368,   19000000,    6824050,        0,  -12175950,          0
 18815,   369,   19000000,    7779262,        0,  -11220738,          0
 18815,   370,   19000000,    8817558,        0,  -10182442,          0
 18815,   371,   19000000,    7794615,        0,  -11205385,          0
 18815,   372,   19000000,    7454351,        0,  -11545649,          0
 18815,   373,   19000000,    7853152,        0,  -11146848,          0
 18815,   374,   19000000,   10657210,        0,   -8342790,          0
 18815,   375,   19000000,    9827539,        0,   -9172461,          0
 18815,   376,   19000000,    8767992,        0,  -10232008,          0
 18815,   377,   19000000,    8385225,        0,  -10614775,          0
 18815,   378,   19000000,    8841559,        0,  -10158441,          0
 18815,   379,   19000000,    6130884,        0,  -12869116,          0
 18815,   380,   19000000,    6801672,        0,  -12198328,          0
 18815,   381,   19000000,    7841400,        0,  -11158600,          0
 18815,   382,   19000000,    8848548,        0,  -10151452,          0
 18815,   383,   19000000,    5786375,        0,  -13213625,          0
 18815,   384,   19000000,    6830194,        0,  -12169806,          0
 18815,   385,   19000000,    7801555,        0,  -11198445,          0
 18815,   386,   19000000,    8814424,        0,  -10185576,          0
 18815,   387,   19000000,    7782814,        0,  -11217186,          0
 18815,   388,   19000000,    6791594,        0,  -12208406,          0
 18815,   389,   19000000,    7832356,        0,  -11167644,          0
 18815,   390,   19000000,    8807872,        0,  -10192128,          0
 18815,   391,   19000000,    7823607,        0,  -11176393,          0
 18815,   392,   19000000,    6811229,        0,  -12188771,          0
 18815,   393,   19000000,    7841375,        0,  -11158625,          0
 18815,   394,   19000000,   10819463,        0,   -8180537,          0
 18815,   395,   19000000,    5822611,        0,  -13177389,          0
 18815,   396,   19000000,    8845550,        0,  -10154450,          0
 18815,   397,   19000000,    8911271,        0,  -10088729,          0
 18815,   398,   19000000,    8947958,        0,  -10052042,          0
 18815,   399,   19000000,    7805279,        0,  -11194721,          0
 18815,   400,   19000000,    6787873,        0,  -12212127,          0
 18815,   401,   19000000,    8144603,        0,  -10855397,          0
 18815,   402,   19000000,    8825205,        0,  -10174795,          0
 18815,   403,   19000000,    7788180,        0,  -11211820,          0
 18815,   404,   19000000,   10862608,        0,   -8137392,          0
 18815,   405,   19000000,    7811570,        0,  -11188430,          0
 18815,   406,   19000000,    8834555,        0,  -10165445,          0
 18815,   407,   19000000,    9821635,        0,   -9178365,          0
 18815,   408,   19000000,    6828276,        0,  -12171724,          0
 18815,   409,   19000000,    7822217,        0,  -11177783,          0
 18815,   410,   19000000,   10412016,        0,   -8587984,          0
 18815,   411,   19000000,    6769608,        0,  -12230392,          0
 18815,   412,   19000000,   11750757,        0,   -7249243,          0
 18815,   413,   19000000,    8946055,        0,  -10053945,          0
 18815,   414,   19000000,    8832376,        0,  -10167624,          0
 18815,   415,   19000000,    7793885,        0,  -11206115,          0
 18815,   416,   19000000,    8779768,        0,  -10220232,          0
 18815,   417,   19000000,    7797720,        0,  -11202280,          0
 18815,   418,   19000000,    8841752,        0,  -10158248,          0
 18815,   419,   19000000,    7799923,        0,  -11200077,          0
 18815,   420,   19000000,    8838500,        0,  -10161500,          0
 18815,   421,   19000000,    8958938,        0,  -10041062,          0
 18815,   422,   19000000,    8815431,        0,  -10184569,          0
 18815,   423,   19000000,    5826465,        0,  -13173535,          0
 18815,   424,   19000000,    6858351,        0,  -12141649,          0
 18815,   425,   19000000,    7835963,        0,  -11164037,          0
 18815,   426,   19000000,   10832718,        0,   -8167282,          0
 18815,   427,   19000000,    9878137,        0,   -9121863,          0
 18815,   428,   19000000,    8830825,        0,  -10169175,          0
 18815,   429,   19000000,    7827663,        0,  -11172337,          0
 18815,   430,   19000000,    8849137,        0,  -10150863,          0
 18815,   431,   19000000,    5827910,        0,  -13172090,          0
 18815,   432,   19000000,    6760670,        0,  -12239330,          0
 18815,   433,   19000000,    7859641,        0,  -11140359,          0
 18815,   434,   19000000,    9222811,        0,   -9777189,          0
 18815,   435,   19000000,    5811312,        0,  -13188688,          0
 18815,   436,   19000000,    6770464,        0,  -12229536,          0
 18815,   437,   19000000,    7866529,        0,  -11133471,          0
 18815,   438,   19000000,    9118542,        0,   -9881458,          0
 18815,   439,   19000000,    7826576,        0,  -11173424,          0
 18815,   440,   19000000,    7367684,        0,  -11632316,          0
 18815,   441,   19000000,    9878930,        0,   -9121070,          0
 18815,   442,   19000000,    8839764,        0,  -10160236,          0
 18815,   443,   19000000,    5796520,        0,  -13203480,          0
 18815,   444,   19000000,    6827808,        0,  -12172192,          0
 18815,   445,   19000000,    9671801,        0,   -9328199,          0
 18815,   446,   19000000,   10838140,        0,   -8161860,          0
 18815,   447,   19000000,    7782460,        0,  -11217540,          0
 18815,   448,   19000000,    8750617,        0,  -10249383,          0
 18815,   449,   19000000,    9840260,        0,   -9159740,          0
 18815,   450,   19000000,    8860317,        0,  -10139683,          0
 18815,   451,   19000000,    7823177,        0,  -11176823,          0
 18815,   452,   19000000,    6787187,        0,  -12212813,          0
 18815,   453,   19000000,    7877124,        0,  -11122876,          0
 18815,   454,   19000000,    8842588,        0,  -10157412,          0
 18815,   455,   19000000,    5883702,        0,  -13116298,          0
 18815,   456,   19000000,    6781407,        0,  -12218593,          0
 18815,   457,   19000000,    7798173,        0,  -11201827,          0
 18815,   458,   19000000,   10317317,        0,   -8682683,          0
 18815,   459,   19000000,    9842767,        0,   -9157233,          0
 18815,   460,   19000000,    6872814,        0,  -12127186,          0
 18815,   461,   19000000,    7795128,        0,  -11204872,          0
 18815,   462,   19000000,   10855496,        0,   -8144504,          0
 18815,   463,   19000000,    5799426,        0,  -13200574,          0
 18815,   464,   19000000,    8799463,        0,  -10200537,          0
 18815,   465,   19000000,    7877183,        0,  -11122817,          0
 18815,   466,   19000000,    8856188,        0,  -10143812,          0
 18815,   467,   19000000,    5817832,        0,  -13182168,          0
 18815,   468,   19000000,   12807566,        0,   -6192434,          0
 18815,   469,   19000000,    7792588,        0,  -11207412,          0
 18815,   470,   19000000,    9130341,        0,   -9869659,          0
 18815,   471,   19000000,    5831672,        0,  -13168328,          0
 18815,   472,   19000000,    6819447,        0,  -12180553,          0
 18815,   473,   19000000,    9892802,        0,   -9107198,          0
 18815,   474,   19000000,    8826800,        0,  -10173200,          0
 18815,   475,   19000000,    7821571,        0,  -11178429,          0
 18815,   476,   19000000,    6834820,        0,  -12165180,          0
 18815,   477,   19000000,    7917070,        0,  -11082930,          0
 18815,   478,   19000000,   10806257,        0,   -8193743,          0
 18815,   479,   19000000,    5810842,        0,  -13189158,          0
 18815,   480,   19000000,    8831567,        0,  -10168433,          0
 18815,   481,   19000000,    7851215,        0,  -11148785,          0
 18815,   482,   19000000,    9861899,        0,   -9138101,          0
 18815,   483,   19000000,    7802140,        0,  -11197860,          0
 18815,   484,   19000000,    8781394,        0,  -10218606,          0
 18815,   485,   19000000,    7885715,        0,  -11114285,          0
 18815,   486,   19000000,    8831349,        0,  -10168651,          0
 18815,   487,   19000000,    7791224,        0,  -11208776,          0
 18815,   488,   19000000,    8781221,        0,  -10218779,          0
 18815,   489,   19000000,    7825720,        0,  -11174280,          0
 18815,   490,   19000000,    8794084,        0,  -10205916,          0
 18815,   491,   19000000,    8073879,        0,  -10926121,          0
 18815,   492,   19000000,    6795355,        0,  -12204645,          0
 18815,   493,   19000000,    8990909,        0,  -10009091,          0
 18815,   494,   19000000,    8818437,        0,  -10181563,          0
 18815,   495,   19000000,    7850110,        0,  -11149890,          0
 18815,   496,   19000000,    6825166,        0,  -12174834,          0
 18815,   497,   19000000,    7811544,        0,  -11188456,          0
 18815,   498,   19000000,    8847160,        0,  -10152840,          0
 18815,   499,   19000000,    5852229,        0,  -13147771,          0
 18815,   500,   19000000,    7852789,        0,  -11147211,          0
 18815,   501,   19000000,    9815687,        0,   -9184313,          0
 18815,   502,   19000000,    8821354,        0,  -10178646,          0
 18815,   503,   19000000,    7824852,        0,  -11175148,          0
 18815,   504,   19000000,    6794206,        0,  -12205794,          0
 18815,   505,   19000000,    9843467,        0,   -9156533,          0
 18815,   506,   19000000,    8794368,        0,  -10205632,          0
 18815,   507,   19000000,    5890181,        0,  -13109819,          0
 18815,   508,   19000000,    6761925,        0,  -12238075,          0
 18815,   509,   19000000,    7798314,        0,  -11201686,          0
 18815,   510,   19000000,    8827081,        0,  -10172919,          0
 18815,   511,   19000000,    5816876,        0,  -13183124,          0
 18815,   512,   19000000,    6887618,        0,  -12112382,          0
 18815,   513,   19000000,    9848403,        0,   -9151597,          0
 18815,   514,   19000000,    9369537,        0,   -9630463,          0
 18815,   515,   19000000,    5732086,        0,  -13267914,          0
 18815,   516,   19000000,    6819788,        0,  -12180212,          0
 18815,   517,   19000000,    9832555,        0,   -9167445,          0
 18815,   518,   19000000,    8845264,        0,  -10154736,          0
 18815,   519,   19000000,    7757709,        0,  -11242291,          0
 18815,   520,   19000000,    6862760,        0,  -12137240,          0
 18815,   521,   19000000,    7813361,        0,  -11186639,          0
 18815,   522,   19000000,    8884351,        0,  -10115649,          0
 18815,   523,   19000000,    5794059,        0,  -13205941,          0
 18815,   524,   19000000,    7840533,        0,  -11159467,          0
 18815,   525,   19000000,    7789053,        0,  -11210947,          0
 18815,   526,   19000000,    8814954,        0,  -10185046,          0
 18815,   527,   19000000,    5785741,        0,  -13214259,          0
 18815,   528,   19000000,    6836902,        0,  -12163098,          0
 18815,   529,   19000000,    7844904,        0,  -11155096,          0
 18815,   530,   19000000,    8826639,        0,  -10173361,          0
