# Task,   Job,     Period,   Response, DL Miss?,   Lateness,  Tardiness
# task NAME=myapp PID=30878 COST=15656000 PERIOD=40000000 CPU=0
 30878,     2,   40000000,       6439,        0,  -39993561,          0
 30878,     3,   40000000,     156518,        0,  -39843482,          0
 30878,     4,   40000000,   26545797,        0,  -13454203,          0
 30878,     5,   40000000,   26901648,        0,  -13098352,          0
 30878,     6,   40000000,   26700526,        0,  -13299474,          0
 30878,     7,   40000000,   26603633,        0,  -13396367,          0
 30878,     8,   40000000,   26636830,        0,  -13363170,          0
 30878,     9,   40000000,   26535696,        0,  -13464304,          0
 30878,    10,   40000000,   26609606,        0,  -13390394,          0
 30878,    11,   40000000,   28448762,        0,  -11551238,          0
 30878,    12,   40000000,   28038894,        0,  -11961106,          0
 30878,    13,   40000000,   26695860,        0,  -13304140,          0
 30878,    14,   40000000,   26615555,        0,  -13384445,          0
 30878,    15,   40000000,   26875475,        0,  -13124525,          0
 30878,    16,   40000000,   26622176,        0,  -13377824,          0
 30878,    17,   40000000,   26622680,        0,  -13377320,          0
 30878,    18,   40000000,   26557404,        0,  -13442596,          0
 30878,    19,   40000000,   26579547,        0,  -13420453,          0
 30878,    20,   40000000,   27733108,        0,  -12266892,          0
 30878,    21,   40000000,   26644819,        0,  -13355181,          0
 30878,    22,   40000000,   26536627,        0,  -13463373,          0
 30878,    23,   40000000,   26649303,        0,  -13350697,          0
 30878,    24,   40000000,   26579737,        0,  -13420263,          0
 30878,    25,   40000000,   26577796,        0,  -13422204,          0
 30878,    26,   40000000,   26600702,        0,  -13399298,          0
 30878,    27,   40000000,   26733063,        0,  -13266937,          0
 30878,    28,   40000000,   26671364,        0,  -13328636,          0
 30878,    29,   40000000,   26599983,        0,  -13400017,          0
 30878,    30,   40000000,   26521372,        0,  -13478628,          0
 30878,    31,   40000000,   26518872,        0,  -13481128,          0
 30878,    32,   40000000,   28812490,        0,  -11187510,          0
 30878,    33,   40000000,   27128018,        0,  -12871982,          0
 30878,    34,   40000000,   26586512,        0,  -13413488,          0
 30878,    35,   40000000,   26627074,        0,  -13372926,          0
 30878,    36,   40000000,   26553093,        0,  -13446907,          0
 30878,    37,   40000000,   26586715,        0,  -13413285,          0
 30878,    38,   40000000,   26555388,        0,  -13444612,          0
 30878,    39,   40000000,   26579960,        0,  -13420040,          0
 30878,    40,   40000000,   26815034,        0,  -13184966,          0
 30878,    41,   40000000,   26608369,        0,  -13391631,          0
 30878,    42,   40000000,   26631407,        0,  -13368593,          0
 30878,    43,   40000000,   26795287,        0,  -13204713,          0
 30878,    44,   40000000,   26751827,        0,  -13248173,          0
 30878,    45,   40000000,   26581660,        0,  -13418340,          0
 30878,    46,   40000000,   26629202,        0,  -13370798,          0
 30878,    47,   40000000,   26688066,        0,  -13311934,          0
 30878,    48,   40000000,   26732401,        0,  -13267599,          0
 30878,    49,   40000000,   27887595,        0,  -12112405,          0
 30878,    50,   40000000,   26610955,        0,  -13389045,          0
 30878,    51,   40000000,   26558287,        0,  -13441713,          0
 30878,    52,   40000000,   26859525,        0,  -13140475,          0
 30878,    53,   40000000,   26526740,        0,  -13473260,          0
 30878,    54,   40000000,   26605727,        0,  -13394273,          0
 30878,    55,   40000000,   26728824,        0,  -13271176,          0
 30878,    56,   40000000,   26634817,        0,  -13365183,          0
 30878,    57,   40000000,   26505137,        0,  -13494863,          0
 30878,    58,   40000000,   26531235,        0,  -13468765,          0
 30878,    59,   40000000,   26698930,        0,  -13301070,          0
 30878,    60,   40000000,   26573046,        0,  -13426954,          0
 30878,    61,   40000000,   28566620,        0,  -11433380,          0
 30878,    62,   40000000,   27686379,        0,  -12313621,          0
 30878,    63,   40000000,   28670170,        0,  -11329830,          0
 30878,    64,   40000000,   26503579,        0,  -13496421,          0
 30878,    65,   40000000,   26828605,        0,  -13171395,          0
 30878,    66,   40000000,   26612477,        0,  -13387523,          0
 30878,    67,   40000000,   26619843,        0,  -13380157,          0
 30878,    68,   40000000,   26735008,        0,  -13264992,          0
 30878,    69,   40000000,   26596005,        0,  -13403995,          0
 30878,    70,   40000000,   26603827,        0,  -13396173,          0
 30878,    71,   40000000,   26632912,        0,  -13367088,          0
 30878,    72,   40000000,   26528846,        0,  -13471154,          0
 30878,    73,   40000000,   26555340,        0,  -13444660,          0
 30878,    74,   40000000,   26603092,        0,  -13396908,          0
 30878,    75,   40000000,   26557252,        0,  -13442748,          0
 30878,    76,   40000000,   26585978,        0,  -13414022,          0
 30878,    77,   40000000,   26716282,        0,  -13283718,          0
 30878,    78,   40000000,   26564995,        0,  -13435005,          0
 30878,    79,   40000000,   26659280,        0,  -13340720,          0
 30878,    80,   40000000,   26656857,        0,  -13343143,          0
 30878,    81,   40000000,   26630819,        0,  -13369181,          0
 30878,    82,   40000000,   26566525,        0,  -13433475,          0
 30878,    83,   40000000,   26575047,        0,  -13424953,          0
 30878,    84,   40000000,   26576510,        0,  -13423490,          0
 30878,    85,   40000000,   26609701,        0,  -13390299,          0
 30878,    86,   40000000,   26530309,        0,  -13469691,          0
 30878,    87,   40000000,   26567429,        0,  -13432571,          0
 30878,    88,   40000000,   26617344,        0,  -13382656,          0
 30878,    89,   40000000,   26684225,        0,  -13315775,          0
 30878,    90,   40000000,   26834544,        0,  -13165456,          0
 30878,    91,   40000000,   26550092,        0,  -13449908,          0
 30878,    92,   40000000,   26573383,        0,  -13426617,          0
 30878,    93,   40000000,   27651994,        0,  -12348006,          0
 30878,    94,   40000000,   26684195,        0,  -13315805,          0
 30878,    95,   40000000,   26621238,        0,  -13378762,          0
 30878,    96,   40000000,   26708087,        0,  -13291913,          0
 30878,    97,   40000000,   26618463,        0,  -13381537,          0
 30878,    98,   40000000,   26675069,        0,  -13324931,          0
 30878,    99,   40000000,   26912101,        0,  -13087899,          0
 30878,   100,   40000000,   26574609,        0,  -13425391,          0
 30878,   101,   40000000,   26705755,        0,  -13294245,          0
 30878,   102,   40000000,   26747654,        0,  -13252346,          0
 30878,   103,   40000000,   26610964,        0,  -13389036,          0
 30878,   104,   40000000,   26622089,        0,  -13377911,          0
 30878,   105,   40000000,   26682249,        0,  -13317751,          0
 30878,   106,   40000000,   26613609,        0,  -13386391,          0
 30878,   107,   40000000,   28625280,        0,  -11374720,          0
 30878,   108,   40000000,   26608354,        0,  -13391646,          0
 30878,   109,   40000000,   26616974,        0,  -13383026,          0
 30878,   110,   40000000,   26592774,        0,  -13407226,          0
 30878,   111,   40000000,   28584421,        0,  -11415579,          0
 30878,   112,   40000000,   26747774,        0,  -13252226,          0
 30878,   113,   40000000,   26627223,        0,  -13372777,          0
 30878,   114,   40000000,   26592666,        0,  -13407334,          0
 30878,   115,   40000000,   26851654,        0,  -13148346,          0
 30878,   116,   40000000,   28633127,        0,  -11366873,          0
 30878,   117,   40000000,   26622931,        0,  -13377069,          0
 30878,   118,   40000000,   26876362,        0,  -13123638,          0
 30878,   119,   40000000,   26589246,        0,  -13410754,          0
 30878,   120,   40000000,   26616189,        0,  -13383811,          0
 30878,   121,   40000000,   26618096,        0,  -13381904,          0
 30878,   122,   40000000,   26723458,        0,  -13276542,          0
 30878,   123,   40000000,   26572747,        0,  -13427253,          0
 30878,   124,   40000000,   26563825,        0,  -13436175,          0
 30878,   125,   40000000,   26666138,        0,  -13333862,          0
 30878,   126,   40000000,   26626068,        0,  -13373932,          0
 30878,   127,   40000000,   26633829,        0,  -13366171,          0
 30878,   128,   40000000,   26633680,        0,  -13366320,          0
 30878,   129,   40000000,   26672245,        0,  -13327755,          0
 30878,   130,   40000000,   26585783,        0,  -13414217,          0
 30878,   131,   40000000,   26565329,        0,  -13434671,          0
 30878,   132,   40000000,   26610764,        0,  -13389236,          0
 30878,   133,   40000000,   26627578,        0,  -13372422,          0
 30878,   134,   40000000,   26671534,        0,  -13328466,          0
 30878,   135,   40000000,   27317484,        0,  -12682516,          0
 30878,   136,   40000000,   26638379,        0,  -13361621,          0
 30878,   137,   40000000,   26571575,        0,  -13428425,          0
 30878,   138,   40000000,   26569867,        0,  -13430133,          0
 30878,   139,   40000000,   26626505,        0,  -13373495,          0
 30878,   140,   40000000,   26912464,        0,  -13087536,          0
 30878,   141,   40000000,   26580565,        0,  -13419435,          0
 30878,   142,   40000000,   26610446,        0,  -13389554,          0
 30878,   143,   40000000,   26667527,        0,  -13332473,          0
 30878,   144,   40000000,   26593735,        0,  -13406265,          0
 30878,   145,   40000000,   26596561,        0,  -13403439,          0
 30878,   146,   40000000,   26639690,        0,  -13360310,          0
 30878,   147,   40000000,   26572900,        0,  -13427100,          0
 30878,   148,   40000000,   26583162,        0,  -13416838,          0
 30878,   149,   40000000,   26541510,        0,  -13458490,          0
 30878,   150,   40000000,   26640825,        0,  -13359175,          0
 30878,   151,   40000000,   26616771,        0,  -13383229,          0
 30878,   152,   40000000,   26881222,        0,  -13118778,          0
 30878,   153,   40000000,   26596361,        0,  -13403639,          0
 30878,   154,   40000000,   26605475,        0,  -13394525,          0
 30878,   155,   40000000,   26648898,        0,  -13351102,          0
 30878,   156,   40000000,   26687440,        0,  -13312560,          0
 30878,   157,   40000000,   26559308,        0,  -13440692,          0
 30878,   158,   40000000,   26706565,        0,  -13293435,          0
 30878,   159,   40000000,   26669398,        0,  -13330602,          0
 30878,   160,   40000000,   26624031,        0,  -13375969,          0
 30878,   161,   40000000,   26603540,        0,  -13396460,          0
 30878,   162,   40000000,   26665700,        0,  -13334300,          0
 30878,   163,   40000000,   26644483,        0,  -13355517,          0
 30878,   164,   40000000,   26627670,        0,  -13372330,          0
 30878,   165,   40000000,   28936044,        0,  -11063956,          0
 30878,   166,   40000000,   26652872,        0,  -13347128,          0
 30878,   167,   40000000,   26556913,        0,  -13443087,          0
 30878,   168,   40000000,   26714125,        0,  -13285875,          0
 30878,   169,   40000000,   26611626,        0,  -13388374,          0
 30878,   170,   40000000,   26692939,        0,  -13307061,          0
 30878,   171,   40000000,   26676913,        0,  -13323087,          0
 30878,   172,   40000000,   26681884,        0,  -13318116,          0
 30878,   173,   40000000,   26665743,        0,  -13334257,          0
 30878,   174,   40000000,   27458934,        0,  -12541066,          0
 30878,   175,   40000000,   26532792,        0,  -13467208,          0
 30878,   176,   40000000,   26697907,        0,  -13302093,          0
 30878,   177,   40000000,   26635560,        0,  -13364440,          0
 30878,   178,   40000000,   26641281,        0,  -13358719,          0
 30878,   179,   40000000,   26752231,        0,  -13247769,          0
 30878,   180,   40000000,   26615218,        0,  -13384782,          0
 30878,   181,   40000000,   26671641,        0,  -13328359,          0
 30878,   182,   40000000,   26617143,        0,  -13382857,          0
 30878,   183,   40000000,   26603197,        0,  -13396803,          0
 30878,   184,   40000000,   26581401,        0,  -13418599,          0
 30878,   185,   40000000,   26670094,        0,  -13329906,          0
 30878,   186,   40000000,   27709731,        0,  -12290269,          0
 30878,   187,   40000000,   26609946,        0,  -13390054,          0
 30878,   188,   40000000,   26652486,        0,  -13347514,          0
 30878,   189,   40000000,   26724834,        0,  -13275166,          0
 30878,   190,   40000000,   26850473,        0,  -13149527,          0
 30878,   191,   40000000,   26641016,        0,  -13358984,          0
 30878,   192,   40000000,   26677631,        0,  -13322369,          0
 30878,   193,   40000000,   28815358,        0,  -11184642,          0
 30878,   194,   40000000,   26744116,        0,  -13255884,          0
 30878,   195,   40000000,   26567962,        0,  -13432038,          0
 30878,   196,   40000000,   26602751,        0,  -13397249,          0
 30878,   197,   40000000,   26684409,        0,  -13315591,          0
 30878,   198,   40000000,   26652346,        0,  -13347654,          0
 30878,   199,   40000000,   26648412,        0,  -13351588,          0
 30878,   200,   40000000,   26593567,        0,  -13406433,          0
 30878,   201,   40000000,   26578513,        0,  -13421487,          0
 30878,   202,   40000000,   26715292,        0,  -13284708,          0
 30878,   203,   40000000,   26545664,        0,  -13454336,          0
 30878,   204,   40000000,   28569833,        0,  -11430167,          0
 30878,   205,   40000000,   26659885,        0,  -13340115,          0
 30878,   206,   40000000,   28567702,        0,  -11432298,          0
 30878,   207,   40000000,   26694207,        0,  -13305793,          0
 30878,   208,   40000000,   26617907,        0,  -13382093,          0
 30878,   209,   40000000,   26580139,        0,  -13419861,          0
 30878,   210,   40000000,   26543283,        0,  -13456717,          0
 30878,   211,   40000000,   26607307,        0,  -13392693,          0
 30878,   212,   40000000,   26744231,        0,  -13255769,          0
 30878,   213,   40000000,   26639376,        0,  -13360624,          0
 30878,   214,   40000000,   26629146,        0,  -13370854,          0
 30878,   215,   40000000,   26965228,        0,  -13034772,          0
 30878,   216,   40000000,   26669900,        0,  -13330100,          0
 30878,   217,   40000000,   26594458,        0,  -13405542,          0
 30878,   218,   40000000,   26713591,        0,  -13286409,          0
 30878,   219,   40000000,   26608232,        0,  -13391768,          0
 30878,   220,   40000000,   26713909,        0,  -13286091,          0
 30878,   221,   40000000,   26557075,        0,  -13442925,          0
 30878,   222,   40000000,   26586084,        0,  -13413916,          0
 30878,   223,   40000000,   26650276,        0,  -13349724,          0
 30878,   224,   40000000,   26563517,        0,  -13436483,          0
 30878,   225,   40000000,   26615627,        0,  -13384373,          0
 30878,   226,   40000000,   26647944,        0,  -13352056,          0
 30878,   227,   40000000,   28462653,        0,  -11537347,          0
 30878,   228,   40000000,   26634294,        0,  -13365706,          0
 30878,   229,   40000000,   26570963,        0,  -13429037,          0
 30878,   230,   40000000,   28867112,        0,  -11132888,          0
 30878,   231,   40000000,   26586922,        0,  -13413078,          0
 30878,   232,   40000000,   26675168,        0,  -13324832,          0
 30878,   233,   40000000,   26552792,        0,  -13447208,          0
 30878,   234,   40000000,   26642521,        0,  -13357479,          0
 30878,   235,   40000000,   26569723,        0,  -13430277,          0
 30878,   236,   40000000,   26627220,        0,  -13372780,          0
 30878,   237,   40000000,   28545563,        0,  -11454437,          0
 30878,   238,   40000000,   26661731,        0,  -13338269,          0
 30878,   239,   40000000,   26654656,        0,  -13345344,          0
 30878,   240,   40000000,   26903436,        0,  -13096564,          0
 30878,   241,   40000000,   26553601,        0,  -13446399,          0
 30878,   242,   40000000,   26577216,        0,  -13422784,          0
 30878,   243,   40000000,   26630198,        0,  -13369802,          0
 30878,   244,   40000000,   26649646,        0,  -13350354,          0
 30878,   245,   40000000,   26565878,        0,  -13434122,          0
 30878,   246,   40000000,   26677484,        0,  -13322516,          0
 30878,   247,   40000000,   27920975,        0,  -12079025,          0
 30878,   248,   40000000,   26680532,        0,  -13319468,          0
 30878,   249,   40000000,   26658042,        0,  -13341958,          0
 30878,   250,   40000000,   26607862,        0,  -13392138,          0
 30878,   251,   40000000,   26560707,        0,  -13439293,          0
 30878,   252,   40000000,   26626592,        0,  -13373408,          0
 30878,   253,   40000000,   26645855,        0,  -13354145,          0
 30878,   254,   40000000,   26665752,        0,  -13334248,          0
# task NAME=myapp PID=30881 COST=14285000 PERIOD=47000000 CPU=0
 30881,     2,   47000000,      18861,        0,  -46981139,          0
 30881,     3,   47000000,     164028,        0,  -46835972,          0
 30881,     4,   47000000,   24282368,        0,  -22717632,          0
 30881,     5,   47000000,   25589125,        0,  -21410875,          0
 30881,     6,   47000000,   22266899,        0,  -24733101,          0
 30881,     7,   47000000,   23302117,        0,  -23697883,          0
 30881,     8,   47000000,   24269638,        0,  -22730362,          0
 30881,     9,   47000000,   25273118,        0,  -21726882,          0
 30881,    10,   47000000,   22252753,        0,  -24747247,          0
 30881,    11,   47000000,   23246402,        0,  -23753598,          0
 30881,    12,   47000000,   24280858,        0,  -22719142,          0
 30881,    13,   47000000,   25412250,        0,  -21587750,          0
 30881,    14,   47000000,   22227102,        0,  -24772898,          0
 30881,    15,   47000000,   23231575,        0,  -23768425,          0
 30881,    16,   47000000,   24269423,        0,  -22730577,          0
 30881,    17,   47000000,   25343636,        0,  -21656364,          0
 30881,    18,   47000000,   22250624,        0,  -24749376,          0
 30881,    19,   47000000,   23309059,        0,  -23690941,          0
 30881,    20,   47000000,   24322333,        0,  -22677667,          0
 30881,    21,   47000000,   25477627,        0,  -21522373,          0
 30881,    22,   47000000,   22397664,        0,  -24602336,          0
 30881,    23,   47000000,   23280276,        0,  -23719724,          0
 30881,    24,   47000000,   24261406,        0,  -22738594,          0
 30881,    25,   47000000,   25564057,        0,  -21435943,          0
 30881,    26,   47000000,   24222855,        0,  -22777145,          0
 30881,    27,   47000000,   23274417,        0,  -23725583,          0
 30881,    28,   47000000,   24304599,        0,  -22695401,          0
 30881,    29,   47000000,   25952338,        0,  -21047662,          0
 30881,    30,   47000000,   22224321,        0,  -24775679,          0
 30881,    31,   47000000,   23324789,        0,  -23675211,          0
 30881,    32,   47000000,   24338415,        0,  -22661585,          0
 30881,    33,   47000000,   25266679,        0,  -21733321,          0
 30881,    34,   47000000,   22238102,        0,  -24761898,          0
 30881,    35,   47000000,   23367222,        0,  -23632778,          0
 30881,    36,   47000000,   24419577,        0,  -22580423,          0
 30881,    37,   47000000,   25256939,        0,  -21743061,          0
 30881,    38,   47000000,   22339307,        0,  -24660693,          0
 30881,    39,   47000000,   23186405,        0,  -23813595,          0
 30881,    40,   47000000,   26811712,        0,  -20188288,          0
 30881,    41,   47000000,   25305541,        0,  -21694459,          0
 30881,    42,   47000000,   22388113,        0,  -24611887,          0
 30881,    43,   47000000,   23290567,        0,  -23709433,          0
 30881,    44,   47000000,   24291982,        0,  -22708018,          0
 30881,    45,   47000000,   25383833,        0,  -21616167,          0
 30881,    46,   47000000,   22232624,        0,  -24767376,          0
 30881,    47,   47000000,   23329988,        0,  -23670012,          0
 30881,    48,   47000000,   24307398,        0,  -22692602,          0
 30881,    49,   47000000,   25250579,        0,  -21749421,          0
 30881,    50,   47000000,   22177560,        0,  -24822440,          0
 30881,    51,   47000000,   23265345,        0,  -23734655,          0
 30881,    52,   47000000,   24354233,        0,  -22645767,          0
 30881,    53,   47000000,   25260085,        0,  -21739915,          0
 30881,    54,   47000000,   22254054,        0,  -24745946,          0
 30881,    55,   47000000,   23246280,        0,  -23753720,          0
 30881,    56,   47000000,   24368066,        0,  -22631934,          0
 30881,    57,   47000000,   25274273,        0,  -21725727,          0
 30881,    58,   47000000,   22309668,        0,  -24690332,          0
 30881,    59,   47000000,   23330941,        0,  -23669059,          0
 30881,    60,   47000000,   24938872,        0,  -22061128,          0
 30881,    61,   47000000,   25352351,        0,  -21647649,          0
 30881,    62,   47000000,   22282832,        0,  -24717168,          0
 30881,    63,   47000000,   23311760,        0,  -23688240,          0
 30881,    64,   47000000,   24376119,        0,  -22623881,          0
 30881,    65,   47000000,   25297095,        0,  -21702905,          0
 30881,    66,   47000000,   22496172,        0,  -24503828,          0
 30881,    67,   47000000,   23251321,        0,  -23748679,          0
 30881,    68,   47000000,   24243118,        0,  -22756882,          0
 30881,    69,   47000000,   25270586,        0,  -21729414,          0
 30881,    70,   47000000,   22203569,        0,  -24796431,          0
 30881,    71,   47000000,   23295380,        0,  -23704620,          0
 30881,    72,   47000000,   25326895,        0,  -21673105,          0
 30881,    73,   47000000,   25346074,        0,  -21653926,          0
 30881,    74,   47000000,   22410466,        0,  -24589534,          0
 30881,    75,   47000000,   23273147,        0,  -23726853,          0
 30881,    76,   47000000,   24217870,        0,  -22782130,          0
 30881,    77,   47000000,   25413137,        0,  -21586863,          0
 30881,    78,   47000000,   22261276,        0,  -24738724,          0
 30881,    79,   47000000,   23248039,        0,  -23751961,          0
 30881,    80,   47000000,   24266718,        0,  -22733282,          0
 30881,    81,   47000000,   25316751,        0,  -21683249,          0
 30881,    82,   47000000,   22196849,        0,  -24803151,          0
 30881,    83,   47000000,   23375308,        0,  -23624692,          0
 30881,    84,   47000000,   24325762,        0,  -22674238,          0
 30881,    85,   47000000,   25601904,        0,  -21398096,          0
 30881,    86,   47000000,   24241611,        0,  -22758389,          0
 30881,    87,   47000000,   23263548,        0,  -23736452,          0
 30881,    88,   47000000,   24385306,        0,  -22614694,          0
 30881,    89,   47000000,   26392540,        0,  -20607460,          0
 30881,    90,   47000000,   24349422,        0,  -22650578,          0
 30881,    91,   47000000,   23285427,        0,  -23714573,          0
 30881,    92,   47000000,   26400104,        0,  -20599896,          0
 30881,    93,   47000000,   25427177,        0,  -21572823,          0
 30881,    94,   47000000,   22264860,        0,  -24735140,          0
 30881,    95,   47000000,   23350450,        0,  -23649550,          0
 30881,    96,   47000000,   24236796,        0,  -22763204,          0
 30881,    97,   47000000,   25297841,        0,  -21702159,          0
 30881,    98,   47000000,   22538874,        0,  -24461126,          0
 30881,    99,   47000000,   25360345,        0,  -21639655,          0
 30881,   100,   47000000,   26314556,        0,  -20685444,          0
 30881,   101,   47000000,   27231433,        0,  -19768567,          0
 30881,   102,   47000000,   22319452,        0,  -24680548,          0
 30881,   103,   47000000,   23266263,        0,  -23733737,          0
 30881,   104,   47000000,   24309879,        0,  -22690121,          0
 30881,   105,   47000000,   27283553,        0,  -19716447,          0
 30881,   106,   47000000,   22268803,        0,  -24731197,          0
 30881,   107,   47000000,   23253338,        0,  -23746662,          0
 30881,   108,   47000000,   24305974,        0,  -22694026,          0
 30881,   109,   47000000,   25580073,        0,  -21419927,          0
 30881,   110,   47000000,   22249892,        0,  -24750108,          0
 30881,   111,   47000000,   24427962,        0,  -22572038,          0
 30881,   112,   47000000,   24265306,        0,  -22734694,          0
 30881,   113,   47000000,   25327745,        0,  -21672255,          0
 30881,   114,   47000000,   22281421,        0,  -24718579,          0
 30881,   115,   47000000,   23339252,        0,  -23660748,          0
 30881,   116,   47000000,   24309088,        0,  -22690912,          0
 30881,   117,   47000000,   25259576,        0,  -21740424,          0
 30881,   118,   47000000,   22232296,        0,  -24767704,          0
 30881,   119,   47000000,   23251725,        0,  -23748275,          0
 30881,   120,   47000000,   24313029,        0,  -22686971,          0
 30881,   121,   47000000,   25336137,        0,  -21663863,          0
 30881,   122,   47000000,   22367945,        0,  -24632055,          0
 30881,   123,   47000000,   23279280,        0,  -23720720,          0
 30881,   124,   47000000,   24286568,        0,  -22713432,          0
 30881,   125,   47000000,   25281017,        0,  -21718983,          0
 30881,   126,   47000000,   22298197,        0,  -24701803,          0
 30881,   127,   47000000,   23339273,        0,  -23660727,          0
 30881,   128,   47000000,   24348465,        0,  -22651535,          0
 30881,   129,   47000000,   25369710,        0,  -21630290,          0
 30881,   130,   47000000,   22365834,        0,  -24634166,          0
 30881,   131,   47000000,   23227689,        0,  -23772311,          0
 30881,   132,   47000000,   24264820,        0,  -22735180,          0
 30881,   133,   47000000,   25312569,        0,  -21687431,          0
 30881,   134,   47000000,   22232998,        0,  -24767002,          0
 30881,   135,   47000000,   23265444,        0,  -23734556,          0
 30881,   136,   47000000,   24257193,        0,  -22742807,          0
 30881,   137,   47000000,   25780562,        0,  -21219438,          0
 30881,   138,   47000000,   22296263,        0,  -24703737,          0
 30881,   139,   47000000,   23247038,        0,  -23752962,          0
 30881,   140,   47000000,   24299846,        0,  -22700154,          0
 30881,   141,   47000000,   27303362,        0,  -19696638,          0
 30881,   142,   47000000,   22242801,        0,  -24757199,          0
 30881,   143,   47000000,   23313211,        0,  -23686789,          0
 30881,   144,   47000000,   24301193,        0,  -22698807,          0
 30881,   145,   47000000,   25336367,        0,  -21663633,          0
 30881,   146,   47000000,   22307271,        0,  -24692729,          0
 30881,   147,   47000000,   23330406,        0,  -23669594,          0
 30881,   148,   47000000,   24371142,        0,  -22628858,          0
 30881,   149,   47000000,   25308302,        0,  -21691698,          0
 30881,   150,   47000000,   22276955,        0,  -24723045,          0
 30881,   151,   47000000,   23236298,        0,  -23763702,          0
 30881,   152,   47000000,   24309463,        0,  -22690537,          0
 30881,   153,   47000000,   25300586,        0,  -21699414,          0
 30881,   154,   47000000,   22292616,        0,  -24707384,          0
 30881,   155,   47000000,   23281771,        0,  -23718229,          0
 30881,   156,   47000000,   24445044,        0,  -22554956,          0
 30881,   157,   47000000,   27331576,        0,  -19668424,          0
 30881,   158,   47000000,   26321382,        0,  -20678618,          0
 30881,   159,   47000000,   23256831,        0,  -23743169,          0
 30881,   160,   47000000,   24354258,        0,  -22645742,          0
 30881,   161,   47000000,   25306398,        0,  -21693602,          0
 30881,   162,   47000000,   23717799,        0,  -23282201,          0
 30881,   163,   47000000,   23271657,        0,  -23728343,          0
 30881,   164,   47000000,   24291677,        0,  -22708323,          0
 30881,   165,   47000000,   25298984,        0,  -21701016,          0
 30881,   166,   47000000,   24814757,        0,  -22185243,          0
 30881,   167,   47000000,   23277372,        0,  -23722628,          0
 30881,   168,   47000000,   24320465,        0,  -22679535,          0
 30881,   169,   47000000,   25287898,        0,  -21712102,          0
 30881,   170,   47000000,   22344445,        0,  -24655555,          0
 30881,   171,   47000000,   23232507,        0,  -23767493,          0
 30881,   172,   47000000,   24240328,        0,  -22759672,          0
 30881,   173,   47000000,   25269722,        0,  -21730278,          0
 30881,   174,   47000000,   22365102,        0,  -24634898,          0
 30881,   175,   47000000,   23316218,        0,  -23683782,          0
 30881,   176,   47000000,   24296978,        0,  -22703022,          0
 30881,   177,   47000000,   25320262,        0,  -21679738,          0
 30881,   178,   47000000,   22207091,        0,  -24792909,          0
 30881,   179,   47000000,   23197078,        0,  -23802922,          0
 30881,   180,   47000000,   24365131,        0,  -22634869,          0
 30881,   181,   47000000,   25306670,        0,  -21693330,          0
 30881,   182,   47000000,   23361321,        0,  -23638679,          0
 30881,   183,   47000000,   23563655,        0,  -23436345,          0
 30881,   184,   47000000,   24283097,        0,  -22716903,          0
 30881,   185,   47000000,   25334444,        0,  -21665556,          0
 30881,   186,   47000000,   22348919,        0,  -24651081,          0
 30881,   187,   47000000,   23236223,        0,  -23763777,          0
 30881,   188,   47000000,   24231588,        0,  -22768412,          0
 30881,   189,   47000000,   25213259,        0,  -21786741,          0
 30881,   190,   47000000,   22265556,        0,  -24734444,          0
 30881,   191,   47000000,   23469803,        0,  -23530197,          0
 30881,   192,   47000000,   24265888,        0,  -22734112,          0
 30881,   193,   47000000,   25241360,        0,  -21758640,          0
 30881,   194,   47000000,   22255442,        0,  -24744558,          0
 30881,   195,   47000000,   23276376,        0,  -23723624,          0
 30881,   196,   47000000,   24296499,        0,  -22703501,          0
 30881,   197,   47000000,   25370667,        0,  -21629333,          0
 30881,   198,   47000000,   22280792,        0,  -24719208,          0
 30881,   199,   47000000,   23324010,        0,  -23675990,          0
 30881,   200,   47000000,   26933938,        0,  -20066062,          0
 30881,   201,   47000000,   25356710,        0,  -21643290,          0
 30881,   202,   47000000,   22570434,        0,  -24429566,          0
 30881,   203,   47000000,   23244330,        0,  -23755670,          0
 30881,   204,   47000000,   24333346,        0,  -22666654,          0
 30881,   205,   47000000,   25266150,        0,  -21733850,          0
 30881,   206,   47000000,   24800622,        0,  -22199378,          0
 30881,   207,   47000000,   23361240,        0,  -23638760,          0
 30881,   208,   47000000,   24414184,        0,  -22585816,          0
 30881,   209,   47000000,   25284588,        0,  -21715412,          0
 30881,   210,   47000000,   22530248,        0,  -24469752,          0
 30881,   211,   47000000,   23218963,        0,  -23781037,          0
 30881,   212,   47000000,   24306556,        0,  -22693444,          0
 30881,   213,   47000000,   25258195,        0,  -21741805,          0
 30881,   214,   47000000,   24218495,        0,  -22781505,          0
 30881,   215,   47000000,   23232150,        0,  -23767850,          0
 30881,   216,   47000000,   24333328,        0,  -22666672,          0
# task NAME=myapp PID=30885 COST=6803000 PERIOD=65000000 CPU=0
 30885,     2,   65000000,      11698,        0,  -64988302,          0
 30885,     3,   65000000,     172454,        0,  -64827546,          0
 30885,     4,   65000000,   11170593,        0,  -53829407,          0
 30885,     5,   65000000,   12212978,        0,  -52787022,          0
 30885,     6,   65000000,   11197970,        0,  -53802030,          0
 30885,     7,   65000000,   10137519,        0,  -54862481,          0
 30885,     8,   65000000,   11128100,        0,  -53871900,          0
 30885,     9,   65000000,   14126131,        0,  -50873869,          0
 30885,    10,   65000000,   11237496,        0,  -53762504,          0
 30885,    11,   65000000,   10177687,        0,  -54822313,          0
 30885,    12,   65000000,    9146539,        0,  -55853461,          0
 30885,    13,   65000000,   12223289,        0,  -52776711,          0
 30885,    14,   65000000,   11096064,        0,  -53903936,          0
 30885,    15,   65000000,   12069828,        0,  -52930172,          0
 30885,    16,   65000000,    9126155,        0,  -55873845,          0
 30885,    17,   65000000,   12189078,        0,  -52810922,          0
 30885,    18,   65000000,   11669143,        0,  -53330857,          0
 30885,    19,   65000000,   10914138,        0,  -54085862,          0
 30885,    20,   65000000,    9374013,        0,  -55625987,          0
 30885,    21,   65000000,   12165296,        0,  -52834704,          0
 30885,    22,   65000000,   11692892,        0,  -53307108,          0
 30885,    23,   65000000,   10103959,        0,  -54896041,          0
 30885,    24,   65000000,    9132924,        0,  -55867076,          0
 30885,    25,   65000000,   12175671,        0,  -52824329,          0
 30885,    26,   65000000,   11171479,        0,  -53828521,          0
 30885,    27,   65000000,   10157754,        0,  -54842246,          0
 30885,    28,   65000000,    9132197,        0,  -55867803,          0
 30885,    29,   65000000,   12323227,        0,  -52676773,          0
 30885,    30,   65000000,   11656793,        0,  -53343207,          0
 30885,    31,   65000000,   10110772,        0,  -54889228,          0
 30885,    32,   65000000,   11167332,        0,  -53832668,          0
 30885,    33,   65000000,   12174212,        0,  -52825788,          0
 30885,    34,   65000000,   11142575,        0,  -53857425,          0
 30885,    35,   65000000,   12063165,        0,  -52936835,          0
 30885,    36,   65000000,    9142112,        0,  -55857888,          0
 30885,    37,   65000000,   13854301,        0,  -51145699,          0
 30885,    38,   65000000,   11154855,        0,  -53845145,          0
 30885,    39,   65000000,   10188290,        0,  -54811710,          0
 30885,    40,   65000000,    9118763,        0,  -55881237,          0
 30885,    41,   65000000,   12174875,        0,  -52825125,          0
 30885,    42,   65000000,   12184007,        0,  -52815993,          0
 30885,    43,   65000000,   10245427,        0,  -54754573,          0
 30885,    44,   65000000,    9146485,        0,  -55853515,          0
 30885,    45,   65000000,   12213187,        0,  -52786813,          0
 30885,    46,   65000000,   11203830,        0,  -53796170,          0
 30885,    47,   65000000,   10639482,        0,  -54360518,          0
 30885,    48,   65000000,    9152456,        0,  -55847544,          0
 30885,    49,   65000000,   12194240,        0,  -52805760,          0
 30885,    50,   65000000,   11266835,        0,  -53733165,          0
 30885,    51,   65000000,   10214251,        0,  -54785749,          0
 30885,    52,   65000000,    9146668,        0,  -55853332,          0
 30885,    53,   65000000,   12201452,        0,  -52798548,          0
 30885,    54,   65000000,   13402065,        0,  -51597935,          0
 30885,    55,   65000000,   10123459,        0,  -54876541,          0
 30885,    56,   65000000,    9101759,        0,  -55898241,          0
 30885,    57,   65000000,   12151300,        0,  -52848700,          0
 30885,    58,   65000000,   11148556,        0,  -53851444,          0
 30885,    59,   65000000,   10159080,        0,  -54840920,          0
 30885,    60,   65000000,    9309541,        0,  -55690459,          0
 30885,    61,   65000000,   12238609,        0,  -52761391,          0
 30885,    62,   65000000,   11157664,        0,  -53842336,          0
 30885,    63,   65000000,   10133025,        0,  -54866975,          0
 30885,    64,   65000000,   11069886,        0,  -53930114,          0
 30885,    65,   65000000,   12137364,        0,  -52862636,          0
 30885,    66,   65000000,   13365495,        0,  -51634505,          0
 30885,    67,   65000000,   11172117,        0,  -53827883,          0
 30885,    68,   65000000,    9161646,        0,  -55838354,          0
 30885,    69,   65000000,   12129188,        0,  -52870812,          0
 30885,    70,   65000000,   11224796,        0,  -53775204,          0
 30885,    71,   65000000,   11213843,        0,  -53786157,          0
 30885,    72,   65000000,    9134402,        0,  -55865598,          0
 30885,    73,   65000000,   14187160,        0,  -50812840,          0
 30885,    74,   65000000,   11573476,        0,  -53426524,          0
 30885,    75,   65000000,   10279279,        0,  -54720721,          0
 30885,    76,   65000000,   10459791,        0,  -54540209,          0
 30885,    77,   65000000,   12159926,        0,  -52840074,          0
 30885,    78,   65000000,   11183590,        0,  -53816410,          0
 30885,    79,   65000000,   11105550,        0,  -53894450,          0
 30885,    80,   65000000,   11232059,        0,  -53767941,          0
 30885,    81,   65000000,   12182133,        0,  -52817867,          0
 30885,    82,   65000000,   11134520,        0,  -53865480,          0
 30885,    83,   65000000,   10976975,        0,  -54023025,          0
 30885,    84,   65000000,    9122467,        0,  -55877533,          0
 30885,    85,   65000000,   12174785,        0,  -52825215,          0
 30885,    86,   65000000,   11136399,        0,  -53863601,          0
 30885,    87,   65000000,   10105822,        0,  -54894178,          0
 30885,    88,   65000000,   10848455,        0,  -54151545,          0
 30885,    89,   65000000,   12222832,        0,  -52777168,          0
 30885,    90,   65000000,   11226019,        0,  -53773981,          0
 30885,    91,   65000000,   10203509,        0,  -54796491,          0
 30885,    92,   65000000,    9206374,        0,  -55793626,          0
 30885,    93,   65000000,   12152402,        0,  -52847598,          0
 30885,    94,   65000000,   12174623,        0,  -52825377,          0
 30885,    95,   65000000,   10836517,        0,  -54163483,          0
 30885,    96,   65000000,    9185980,        0,  -55814020,          0
 30885,    97,   65000000,   12106765,        0,  -52893235,          0
 30885,    98,   65000000,   11177481,        0,  -53822519,          0
 30885,    99,   65000000,   10160386,        0,  -54839614,          0
 30885,   100,   65000000,   13195288,        0,  -51804712,          0
 30885,   101,   65000000,   14200422,        0,  -50799578,          0
 30885,   102,   65000000,   13126413,        0,  -51873587,          0
 30885,   103,   65000000,   10200821,        0,  -54799179,          0
 30885,   104,   65000000,   11145312,        0,  -53854688,          0
 30885,   105,   65000000,   13644488,        0,  -51355512,          0
 30885,   106,   65000000,   11235420,        0,  -53764580,          0
 30885,   107,   65000000,   11183231,        0,  -53816769,          0
 30885,   108,   65000000,    9184167,        0,  -55815833,          0
 30885,   109,   65000000,   12167843,        0,  -52832157,          0
 30885,   110,   65000000,   11219745,        0,  -53780255,          0
 30885,   111,   65000000,   10109554,        0,  -54890446,          0
 30885,   112,   65000000,    9191048,        0,  -55808952,          0
 30885,   113,   65000000,   12134307,        0,  -52865693,          0
 30885,   114,   65000000,   11140399,        0,  -53859601,          0
 30885,   115,   65000000,   10133797,        0,  -54866203,          0
 30885,   116,   65000000,    9108875,        0,  -55891125,          0
 30885,   117,   65000000,   12157961,        0,  -52842039,          0
 30885,   118,   65000000,   13185933,        0,  -51814067,          0
 30885,   119,   65000000,   10131854,        0,  -54868146,          0
 30885,   120,   65000000,    9388459,        0,  -55611541,          0
 30885,   121,   65000000,   14708519,        0,  -50291481,          0
 30885,   122,   65000000,   11131338,        0,  -53868662,          0
 30885,   123,   65000000,   10149371,        0,  -54850629,          0
 30885,   124,   65000000,    9147057,        0,  -55852943,          0
 30885,   125,   65000000,   12167623,        0,  -52832377,          0
 30885,   126,   65000000,   11184970,        0,  -53815030,          0
 30885,   127,   65000000,   10159603,        0,  -54840397,          0
 30885,   128,   65000000,    9277048,        0,  -55722952,          0
 30885,   129,   65000000,   12141015,        0,  -52858985,          0
 30885,   130,   65000000,   11206768,        0,  -53793232,          0
 30885,   131,   65000000,   11198564,        0,  -53801436,          0
 30885,   132,   65000000,    9164504,        0,  -55835496,          0
 30885,   133,   65000000,   12182246,        0,  -52817754,          0
 30885,   134,   65000000,   11207945,        0,  -53792055,          0
 30885,   135,   65000000,   12143862,        0,  -52856138,          0
 30885,   136,   65000000,   10510960,        0,  -54489040,          0
 30885,   137,   65000000,   12143975,        0,  -52856025,          0
 30885,   138,   65000000,   11134552,        0,  -53865448,          0
 30885,   139,   65000000,   10116403,        0,  -54883597,          0
 30885,   140,   65000000,    9150494,        0,  -55849506,          0
 30885,   141,   65000000,   14428308,        0,  -50571692,          0
 30885,   142,   65000000,   11191426,        0,  -53808574,          0
 30885,   143,   65000000,   10212031,        0,  -54787969,          0
 30885,   144,   65000000,    9138736,        0,  -55861264,          0
 30885,   145,   65000000,   12173245,        0,  -52826755,          0
 30885,   146,   65000000,   11151828,        0,  -53848172,          0
 30885,   147,   65000000,   10114330,        0,  -54885670,          0
 30885,   148,   65000000,   10145408,        0,  -54854592,          0
 30885,   149,   65000000,   12145672,        0,  -52854328,          0
 30885,   150,   65000000,   12658383,        0,  -52341617,          0
 30885,   151,   65000000,   10128673,        0,  -54871327,          0
 30885,   152,   65000000,   10767562,        0,  -54232438,          0
 30885,   153,   65000000,   12167791,        0,  -52832209,          0
 30885,   154,   65000000,   11120266,        0,  -53879734,          0
 30885,   155,   65000000,   12136143,        0,  -52863857,          0
 30885,   156,   65000000,    9160667,        0,  -55839333,          0
 30885,   157,   65000000,   12214238,        0,  -52785762,          0
