297 297 0
232 230 2
122 121 1
225 223 2
107 100 7
299 295 4
127 118 9
261 261 0
147 147 0
106 106 0
138 132 6
223 221 2
914 794 120
182 182 0
300 300 0
176 175 1
505 499 6
1005 925 80
163 163 0
633 614 19
290 290 0
112 106 6
125 119 6
272 268 4
917 803 114
423 423 0
404 403 1
107 99 8
180 176 4
775 731 44
123 118 5
134 134 0
120 120 0
211 211 0
142 142 0
131 131 0
282 281 1
408 405 3
504 501 3
210 209 1
773 737 36
138 138 0
190 190 0
235 235 0
177 174 3
564 551 13
530 521 9
307 306 1
136 130 6
122 120 2
155 153 2
328 328 0
129 129 0
184 182 2
158 158 0
165 164 1
185 185 0
116 112 4
718 677 41
199 193 6
107 105 2
254 253 1
121 121 0
112 109 3
114 111 3
438 435 3
140 135 5
148 145 3
389 384 5
207 207 0
299 289 10
915 814 101
592 571 21
186 185 1
