875 875 1
949 949 1
1112 1112 1
814 814 1
1211 1211 1
649 649 1
1838 1838 1
774 774 1
1687 1687 1
962 962 1
983 983 1
982 982 1
1808 1808 1
1583 1583 1
675 675 1
853 853 1
983 983 1
649 649 1
1054 1054 1
847 847 1
1036 1036 1
1068 1068 1
1072 1072 1
826 826 1
562 562 1
 
2740 2740 1
1630 1630 1
2019 2019 1
1775 1775 1
2517 2517 1
2916 2916 1
2593 2593 1
3091 3091 1
2289 2289 1
1653 1653 1
2182 2182 1
1774 1774 1
1183 1183 1
1361 1361 1
1085 1085 1
1386 1386 1
1585 1585 1
1803 1803 1
2424 2424 1
1892 1892 1
2286 2286 1
2062 2062 1
3739 3739 1
1711 1711 1
1631 1631 1
 
4156 4156 1
4197 4197 1
3407 3407 1
4191 4191 1
4361 4361 1
2546 2546 1
3285 3285 1
3612 3612 1
5971 5971 1
2481 2481 1
2767 2767 1
3346 3346 1
2942 2942 1
4744 4744 1
2294 2294 1
2285 2285 1
3566 3566 1
3751 3751 1
4877 4877 1
3685 3685 1
2979 2979 1
3038 3038 1
2573 2573 1
2543 2543 1
5240 5240 1
 
2839 2839 1
3401 3401 1
5164 5164 1
3551 3551 1
4253 4253 1
3055 3055 1
4938 4938 1
3732 3732 1
4249 4249 1
3488 3488 1
4687 4687 1
4591 4591 1
3823 3823 1
6249 6249 1
4096 4096 1
3518 3518 1
3583 3583 1
4725 4725 1
6153 6153 1
5717 5717 1
4039 4039 1
7838 7838 1
3911 3911 1
3619 3619 1
3664 3664 1
 
4520 4520 1
5152 5152 1
4137 4137 1
7231 7231 1
4894 4894 1
4268 4268 1
5938 5938 1
5946 5946 1
4758 4758 1
4211 4211 1
3735 3735 1
4312 4312 1
6598 6598 1
5676 5676 1
5270 5270 1
5455 5455 1
4978 4978 1
5157 5157 1
6247 6247 1
5208 5208 1
3988 3988 1
6062 6062 1
4994 4994 1
4618 4618 1
5073 5073 1
 
6067 6067 1
4540 4540 1
5386 5386 1
6834 6834 1
6328 6328 1
5384 5384 1
7839 7839 1
4458 4458 1
5671 5671 1
5918 5918 1
4357 4357 1
3856 3856 1
6375 6375 1
6280 6280 1
6983 6983 1
6084 6084 1
4970 4970 1
6167 6167 1
5361 5361 1
6360 6360 1
6352 6352 1
6786 6786 1
6789 6789 1
5545 5545 1
4506 4506 1
 
7184 7184 1
6724 6724 1
7273 7273 1
6356 6356 1
7533 7533 1
8707 8707 1
6915 6915 1
10903 10903 1
9556 9556 1
10037 10037 1
6894 6894 1
6417 6417 1
6932 6932 1
7406 7406 1
4737 4737 1
7122 7122 1
9384 9384 1
6896 6896 1
9045 9045 1
8193 8193 1
8165 8165 1
8557 8557 1
9587 9587 1
5632 5632 1
7804 7804 1
 
5949 5949 1
10916 10916 1
8998 8998 1
7432 7432 1
7260 7260 1
7109 7109 1
9033 9033 1
8946 8946 1
8868 8868 1
9922 9922 1
6328 6328 1
9957 9957 1
8237 8237 1
8766 8766 1
7231 7231 1
8082 8082 1
8449 8449 1
9625 9625 1
10610 10610 1
8964 8964 1
6884 6884 1
8148 8148 1
8602 8602 1
8956 8956 1
6506 6506 1
 
9917 9917 1
8587 8587 1
8338 8338 1
10196 10196 1
8998 8998 1
8245 8245 1
7686 7686 1
9935 9935 1
8138 8138 1
11176 11176 1
11533 11533 1
9770 9770 1
9246 9246 1
11504 11504 1
10005 10005 1
9638 9638 1
9378 9378 1
12681 12681 1
11372 11372 1
10880 10880 1
8625 8625 1
8716 8716 1
8758 8758 1
8564 8564 1
10534 10534 1
 
12999 12999 1
11296 11296 1
9490 9490 1
13176 13176 1
9530 9530 1
13574 13574 1
10468 10468 1
10797 10797 1
11830 11830 1
9532 9532 1
12686 12686 1
12685 12685 1
9137 9137 1
12476 12476 1
9019 9019 1
12753 12753 1
9656 9656 1
10733 10733 1
11032 11032 1
10014 10014 1
9675 9675 1
11896 11896 1
10379 10379 1
12847 12847 1
9041 9041 1
 
12166 12166 1
15933 15933 1
12307 12307 1
12163 12163 1
10940 10940 1
13727 13727 1
10420 10420 1
14568 14568 1
10258 10258 1
10935 10935 1
15156 15156 1
15122 15122 1
10272 10272 1
12973 12973 1
11002 11002 1
12421 12421 1
10962 10962 1
10855 10855 1
11894 11894 1
10288 10288 1
13262 13262 1
9646 9646 1
12738 12738 1
10330 10330 1
18247 18247 1
 
11720 11720 1
13816 13816 1
14773 14773 1
13008 13008 1
17407 17407 1
13870 13870 1
14040 14040 1
11880 11880 1
12142 12142 1
15131 15131 1
12531 12531 1
12522 12522 1
12770 12770 1
12478 12478 1
10780 10780 1
13325 13325 1
14787 14787 1
13368 13368 1
17430 17430 1
10370 10370 1
11151 11151 1
13374 13374 1
13426 13426 1
11212 11212 1
11767 11767 1
 
13747 13748 0
14021 14022 0
14372 14372 1
14377 14377 1
13718 13718 1
12339 12339 1
13465 13465 1
13466 13466 1
11610 11610 1
14148 14148 1
17704 17704 1
10154 10154 1
15090 15090 1
17279 17279 1
14521 14521 1
16529 16529 1
12569 12569 1
14560 14560 1
10659 10659 1
15151 15151 1
12944 12944 1
23203 23203 1
12524 12524 1
15672 15672 1
12758 12758 1
 
15887 15887 1
13831 13831 1
15685 15685 1
16364 16364 1
17732 17732 1
16329 16329 1
15169 15169 1
13518 13518 1
13408 13408 1
18884 18884 1
14468 14469 0
14889 14889 1
17180 17180 1
13810 13810 1
14173 14173 1
16915 16915 1
15947 15947 1
15729 15729 1
13650 13650 1
15985 15985 1
17222 17222 1
16339 16339 1
17769 17769 1
14378 14378 1
13570 13570 1
 
15946 15946 1
19339 19339 1
16990 16990 1
14859 14859 1
16028 16028 1
15505 15505 1
13980 13980 1
16576 16576 1
16330 16330 1
14992 14992 1
18065 18065 1
17302 17302 1
16711 16712 0
17186 17186 1
13042 13042 1
14342 14342 1
16327 16327 1
16464 16464 1
15914 15914 1
13414 13414 1
18606 18606 1
14369 14369 1
19007 19007 1
14924 14924 1
13142 13142 1
 
15486 15486 1
16931 16931 1
14907 14908 0
15988 15988 1
20368 20369 0
16490 16490 1
21520 21521 0
18858 18858 1
18188 18189 0
15115 15115 1
16751 16751 1
15469 15469 1
16428 16428 1
14943 14943 1
15318 15318 1
18431 18431 1
16890 16890 1
16073 16073 1
16317 16317 1
16686 16686 1
17974 17974 1
16803 16803 1
16381 16381 1
19266 19266 1
18939 18939 1
 
24621 24621 1
23851 23853 0
19048 19048 1
15473 15473 1
18456 18457 0
15979 15980 0
20202 20202 1
17096 17096 1
16829 16829 1
22646 22646 1
17397 17397 1
21890 21890 1
17871 17871 1
19730 19731 0
17299 17299 1
23006 23007 0
17743 17743 1
17169 17169 1
19088 19088 1
21677 21677 1
17270 17270 1
18545 18545 1
20750 20750 1
19001 19002 0
18237 18238 0
 
15740 15740 1
18473 18474 0
15935 15935 1
19982 19982 1
16403 16403 1
16951 16951 1
20903 20904 0
21101 21101 1
17613 17613 1
17600 17600 1
18717 18717 1
31376 31376 1
20362 20362 1
18846 18847 0
23335 23336 0
22337 22338 0
17877 17879 0
21672 21673 0
22457 22457 1
22570 22570 1
22991 22994 0
21860 21860 1
19940 19941 0
18402 18403 0
20858 20858 1
 
18915 18915 1
20602 20602 1
17129 17129 1
20477 20478 0
16689 16689 1
22616 22618 0
19368 19369 0
20305 20306 0
20902 20903 0
19640 19640 1
21246 21246 1
22299 22299 1
23378 23379 0
21242 21242 1
22138 22138 1
20492 20492 1
17939 17939 1
17369 17369 1
23251 23251 1
25252 25254 0
20257 20257 1
24597 24600 0
23739 23739 1
18171 18171 1
20827 20827 1
 
25631 25634 0
23478 23478 1
23319 23321 0
21095 21095 1
21496 21497 0
19210 19213 0
21275 21275 1
19189 19191 0
22780 22780 1
21878 21879 0
17957 17958 0
25830 25833 0
23030 23036 0
21526 21529 0
19294 19294 1
21324 21325 0
21039 21040 0
21941 21943 0
21680 21683 0
21262 21262 1
18375 18376 0
24097 24097 1
17185 17186 0
25830 25830 1
22290 22292 0
 
18205 23605 0
16238 24460 0
15856 21604 0
20222 22957 0
12164 28380 0
15838 21874 0
19883 23843 0
14114 25991 0
11564 23785 0
12626 22428 0
19122 21408 0
16751 20316 0
17721 23713 0
14496 25296 0
18010 20963 0
13594 21718 0
13735 21275 0
13066 26590 0
16923 18043 0
12774 22436 0
13861 22460 0
12416 24182 0
16719 22017 0
15874 21370 0
13174 24459 0
 
===
