869 869 1
936 936 1
1115 1115 1
816 816 1
1212 1212 1
649 649 1
1839 1839 1
774 774 1
1686 1686 1
964 964 1
984 984 1
983 983 1
1807 1807 1
1580 1580 1
675 675 1
848 848 1
983 983 1
648 648 1
1052 1052 1
847 847 1
1038 1038 1
1068 1068 1
1071 1071 1
829 829 1
561 561 1
 
2694 2694 1
1627 1627 1
1974 1974 1
1763 1763 1
2514 2514 1
2924 2924 1
2579 2579 1
3094 3094 1
2270 2270 1
1651 1651 1
2183 2183 1
1769 1769 1
1184 1184 1
1384 1384 1
1085 1085 1
1394 1394 1
1589 1589 1
1791 1791 1
2423 2423 1
1893 1893 1
2280 2280 1
2056 2056 1
3755 3755 1
1717 1717 1
1636 1636 1
 
4156 4156 1
4193 4193 1
3398 3398 1
4186 4186 1
4136 4136 1
2548 2548 1
3286 3286 1
3608 3608 1
5989 5989 1
2496 2496 1
2787 2787 1
3376 3376 1
2966 2966 1
4754 4754 1
2295 2295 1
2279 2279 1
3568 3568 1
3744 3744 1
4874 4874 1
3683 3683 1
2977 2977 1
3036 3036 1
2583 2583 1
2543 2543 1
5230 5230 1
 
2839 2839 1
3404 3404 1
5177 5177 1
3550 3550 1
4258 4258 1
3053 3053 1
4942 4942 1
3730 3730 1
4252 4252 1
3490 3490 1
4682 4682 1
4655 4655 1
3826 3826 1
6207 6207 1
4097 4097 1
3518 3518 1
3584 3584 1
4731 4731 1
6210 6210 1
5716 5716 1
4032 4032 1
7825 7825 1
3873 3873 1
3623 3623 1
3657 3657 1
 
4515 4515 1
5141 5141 1
4143 4143 1
7239 7239 1
4901 4901 1
4266 4266 1
5994 5994 1
5939 5939 1
4753 4753 1
4214 4214 1
3722 3722 1
4320 4320 1
6603 6603 1
5694 5694 1
5271 5271 1
5456 5456 1
4972 4972 1
5231 5231 1
6246 6246 1
5212 5212 1
3987 3987 1
6057 6057 1
4992 4992 1
4616 4616 1
5079 5079 1
 
6063 6063 1
4535 4535 1
5378 5378 1
6834 6834 1
6333 6333 1
5384 5384 1
7838 7838 1
4456 4456 1
5675 5675 1
5928 5928 1
4362 4362 1
3855 3855 1
6381 6381 1
6295 6295 1
6983 6983 1
6092 6092 1
4968 4968 1
6160 6160 1
5360 5360 1
5045 5045 1
5313 5313 1
8092 8092 1
7914 7914 1
5466 5466 1
4641 4641 1
 
6877 6877 1
6369 6369 1
7322 7322 1
6747 6747 1
7643 7643 1
8481 8481 1
6897 6897 1
10769 10769 1
9402 9402 1
9867 9867 1
6904 6904 1
6452 6452 1
6863 6863 1
7391 7391 1
4761 4761 1
8286 8286 1
9422 9422 1
6892 6892 1
7784 7784 1
8404 8404 1
8150 8150 1
8543 8543 1
9563 9563 1
5628 5628 1
7785 7785 1
 
5925 5925 1
10921 10921 1
8983 8983 1
7420 7420 1
7272 7272 1
7130 7130 1
9042 9042 1
8957 8957 1
8903 8903 1
9926 9926 1
6324 6324 1
9959 9959 1
8247 8247 1
8772 8772 1
7233 7233 1
8092 8092 1
8452 8452 1
9632 9632 1
10618 10618 1
8962 8962 1
6886 6886 1
8151 8151 1
8616 8616 1
8955 8955 1
6495 6495 1
 
9947 9947 1
8590 8590 1
8354 8354 1
10603 10603 1
9004 9004 1
8245 8245 1
7681 7681 1
9934 9934 1
8147 8147 1
11226 11226 1
11542 11542 1
9787 9787 1
9220 9220 1
11522 11522 1
10004 10004 1
9607 9607 1
9382 9382 1
8988 8988 1
11593 11593 1
14308 14308 1
8683 8683 1
8530 8530 1
8753 8753 1
8523 8523 1
9445 9445 1
 
12952 12952 1
11359 11359 1
9434 9434 1
13216 13216 1
9455 9455 1
13597 13597 1
10759 10759 1
10812 10812 1
11894 11894 1
9543 9543 1
12591 12591 1
12961 12961 1
9133 9133 1
12382 12382 1
9016 9016 1
12754 12754 1
9672 9672 1
10726 10726 1
11108 11108 1
10005 10005 1
9669 9669 1
11916 11916 1
10388 10388 1
12865 12865 1
9046 9046 1
 
12203 12203 1
15971 15971 1
12321 12321 1
12197 12197 1
10944 10944 1
13730 13730 1
10417 10417 1
14546 14546 1
10370 10370 1
10936 10936 1
15179 15179 1
15107 15107 1
10286 10286 1
12968 12968 1
10977 10977 1
12794 12794 1
10967 10967 1
10869 10869 1
11883 11883 1
9225 9225 1
13250 13250 1
9639 9639 1
12727 12727 1
10314 10314 1
11535 11535 1
 
18259 18259 1
13724 13724 1
14830 14830 1
12983 12983 1
16877 16877 1
16126 16126 1
13877 13877 1
11924 11924 1
12214 12214 1
15234 15234 1
12624 12624 1
11968 11968 1
12773 12773 1
12890 12890 1
10901 10901 1
13296 13296 1
14770 14770 1
13287 13287 1
17459 17459 1
10368 10368 1
11194 11194 1
13371 13371 1
13447 13447 1
11223 11223 1
11717 11717 1
 
13765 13765 1
14027 14028 0
14351 14351 1
14358 14358 1
13710 13710 1
12340 12340 1
13484 13484 1
13476 13476 1
11618 11618 1
14181 14181 1
17705 17705 1
10160 10161 0
15111 15111 1
17263 17263 1
14521 14521 1
16519 16519 1
12533 12533 1
14556 14556 1
10658 10658 1
15145 15145 1
12941 12941 1
14477 14477 1
19483 19483 1
15960 15960 1
12878 12878 1
 
15672 15672 1
13862 13862 1
15704 15704 1
16759 16759 1
17775 17775 1
16242 16242 1
15102 15102 1
13565 13565 1
13674 13674 1
18840 18840 1
14551 14551 1
14887 14887 1
15741 15741 1
13754 13754 1
14184 14184 1
16872 16872 1
15883 15883 1
15757 15757 1
13652 13652 1
15981 15981 1
17240 17240 1
16330 16330 1
23180 23180 1
14380 14380 1
13552 13552 1
 
15507 15507 1
19333 19333 1
16984 16984 1
14870 14870 1
15999 15999 1
15500 15500 1
13927 13927 1
16568 16568 1
16390 16391 0
15003 15003 1
18062 18062 1
17305 17306 0
16659 16659 1
22598 22600 0
12908 12908 1
14394 14394 1
16299 16299 1
17241 17241 1
15917 15919 0
13352 13352 1
18660 18660 1
14180 14180 1
19035 19035 1
14919 14919 1
13129 13129 1
 
17026 17026 1
16994 16994 1
14894 14894 1
15935 15935 1
20508 20509 0
16660 16661 0
21562 21562 1
18861 18863 0
18172 18173 0
15141 15141 1
16835 16835 1
15462 15462 1
16452 16453 0
14935 14935 1
15297 15297 1
18465 18465 1
16891 16891 1
16065 16065 1
16306 16306 1
16698 16699 0
17945 17945 1
16775 16775 1
16404 16404 1
19277 19278 0
18938 18938 1
 
24617 24620 0
21679 21679 1
20467 20472 0
18354 18354 1
18568 18568 1
15981 15981 1
20249 20251 0
16934 16934 1
19425 19426 0
25896 25896 1
17326 17326 1
21819 21819 1
19507 19507 1
19723 19726 0
17448 17448 1
23014 23016 0
17775 17776 0
17144 17144 1
19098 19099 0
21613 21614 0
17262 17262 1
18531 18531 1
18780 18780 1
18977 18977 1
18699 18699 1
 
15734 15734 1
18503 18504 0
16350 16351 0
19950 19950 1
16387 16387 1
16948 16948 1
20921 20921 1
21100 21100 1
17605 17606 0
17602 17602 1
18685 18685 1
16569 16569 1
25021 25023 0
18184 18187 0
23403 23403 1
22508 22508 1
17834 17836 0
21709 21709 1
24581 24581 1
22820 22820 1
20691 20692 0
20925 20925 1
19911 19911 1
18403 18404 0
20270 20270 1
 
18949 18950 0
20616 20617 0
17146 17146 1
20466 20468 0
16201 16201 1
22636 22636 1
22430 22430 1
19856 19856 1
20880 20880 1
19673 19673 1
21243 21244 0
22299 22300 0
23407 23408 0
21254 21256 0
22152 22152 1
20491 20492 0
17941 17941 1
17388 17389 0
45763 45763 1
25273 25276 0
20978 20978 1
24754 24755 0
23624 23626 0
18202 18203 0
21624 21624 1
 
25656 25657 0
23494 23495 0
23879 23880 0
21129 21130 0
21479 21486 0
19207 19208 0
21311 21311 1
19156 19159 0
22800 22801 0
21917 21917 1
17891 17892 0
25875 25881 0
23056 23063 0
21986 21988 0
19294 19295 0
21316 21321 0
21024 21025 0
21936 21941 0
21689 21690 0
21282 21282 1
18345 18346 0
24094 24096 0
17176 17179 0
30310 30311 0
22317 22319 0
 
6810 23511 0
7170 23791 0
7645 22436 0
7864 23037 0
7787 28667 0
6739 20783 0
6470 21614 0
7037 25961 0
6663 23758 0
5839 22449 0
6836 21362 0
7277 21637 0
7086 23684 0
6215 25253 0
7047 20928 0
7785 21717 0
5637 21273 0
4785 26538 0
8319 18023 0
6548 22446 0
6766 22453 0
5254 23768 0
8214 22024 0
7905 21371 0
7046 24455 0
 
===
