# Task,   Job,     Period,   Response, DL Miss?,   Lateness,  Tardiness
# task NAME=myapp PID=2349 COST=9675000 PERIOD=48000000 CPU=0
  2349,     2,   48000000,       3332,        0,  -47996668,          0
  2349,     3,   48000000,     108309,        0,  -47891691,          0
  2349,     4,   48000000,    9646997,        0,  -38353003,          0
  2349,     5,   48000000,    9639112,        0,  -38360888,          0
  2349,     6,   48000000,    9650376,        0,  -38349624,          0
  2349,     7,   48000000,    9960023,        0,  -38039977,          0
  2349,     8,   48000000,    9650040,        0,  -38349960,          0
  2349,     9,   48000000,    9657899,        0,  -38342101,          0
  2349,    10,   48000000,    9682503,        0,  -38317497,          0
  2349,    11,   48000000,    9653183,        0,  -38346817,          0
  2349,    12,   48000000,    9680541,        0,  -38319459,          0
  2349,    13,   48000000,    9719078,        0,  -38280922,          0
  2349,    14,   48000000,    9630036,        0,  -38369964,          0
  2349,    15,   48000000,    9654967,        0,  -38345033,          0
  2349,    16,   48000000,    9787063,        0,  -38212937,          0
  2349,    17,   48000000,    9654956,        0,  -38345044,          0
  2349,    18,   48000000,    9698705,        0,  -38301295,          0
  2349,    19,   48000000,    9733230,        0,  -38266770,          0
  2349,    20,   48000000,    9943517,        0,  -38056483,          0
  2349,    21,   48000000,    9692822,        0,  -38307178,          0
  2349,    22,   48000000,    9670864,        0,  -38329136,          0
  2349,    23,   48000000,    9637227,        0,  -38362773,          0
  2349,    24,   48000000,    9659162,        0,  -38340838,          0
  2349,    25,   48000000,    9692688,        0,  -38307312,          0
  2349,    26,   48000000,    9702592,        0,  -38297408,          0
  2349,    27,   48000000,    9660084,        0,  -38339916,          0
  2349,    28,   48000000,    9976046,        0,  -38023954,          0
  2349,    29,   48000000,    9628566,        0,  -38371434,          0
  2349,    30,   48000000,    9737266,        0,  -38262734,          0
  2349,    31,   48000000,    9635472,        0,  -38364528,          0
  2349,    32,   48000000,    9641317,        0,  -38358683,          0
  2349,    33,   48000000,    9677699,        0,  -38322301,          0
  2349,    34,   48000000,    9655544,        0,  -38344456,          0
  2349,    35,   48000000,   13578526,        0,  -34421474,          0
  2349,    36,   48000000,    9662267,        0,  -38337733,          0
  2349,    37,   48000000,    9789117,        0,  -38210883,          0
  2349,    38,   48000000,    9652793,        0,  -38347207,          0
  2349,    39,   48000000,    9655773,        0,  -38344227,          0
  2349,    40,   48000000,    9640006,        0,  -38359994,          0
  2349,    41,   48000000,    9966559,        0,  -38033441,          0
  2349,    42,   48000000,    9623072,        0,  -38376928,          0
  2349,    43,   48000000,    9686009,        0,  -38313991,          0
  2349,    44,   48000000,    9680741,        0,  -38319259,          0
  2349,    45,   48000000,    9645525,        0,  -38354475,          0
  2349,    46,   48000000,    9664663,        0,  -38335337,          0
  2349,    47,   48000000,    9855797,        0,  -38144203,          0
  2349,    48,   48000000,    9659722,        0,  -38340278,          0
  2349,    49,   48000000,    9701222,        0,  -38298778,          0
  2349,    50,   48000000,    9621182,        0,  -38378818,          0
  2349,    51,   48000000,    9679136,        0,  -38320864,          0
  2349,    52,   48000000,    9652992,        0,  -38347008,          0
  2349,    53,   48000000,    9658732,        0,  -38341268,          0
  2349,    54,   48000000,    9985603,        0,  -38014397,          0
  2349,    55,   48000000,   11034812,        0,  -36965188,          0
  2349,    56,   48000000,    9715461,        0,  -38284539,          0
  2349,    57,   48000000,    9672962,        0,  -38327038,          0
  2349,    58,   48000000,    9654382,        0,  -38345618,          0
  2349,    59,   48000000,    9663835,        0,  -38336165,          0
  2349,    60,   48000000,   12352753,        0,  -35647247,          0
  2349,    61,   48000000,    9625648,        0,  -38374352,          0
  2349,    62,   48000000,    9696166,        0,  -38303834,          0
  2349,    63,   48000000,   13654051,        0,  -34345949,          0
  2349,    64,   48000000,    9646128,        0,  -38353872,          0
  2349,    65,   48000000,    9817669,        0,  -38182331,          0
  2349,    66,   48000000,    9656887,        0,  -38343113,          0
  2349,    67,   48000000,    9936569,        0,  -38063431,          0
  2349,    68,   48000000,    9643598,        0,  -38356402,          0
  2349,    69,   48000000,    9637056,        0,  -38362944,          0
  2349,    70,   48000000,    9663423,        0,  -38336577,          0
  2349,    71,   48000000,    9666330,        0,  -38333670,          0
  2349,    72,   48000000,    9720624,        0,  -38279376,          0
  2349,    73,   48000000,    9673594,        0,  -38326406,          0
  2349,    74,   48000000,   12176200,        0,  -35823800,          0
  2349,    75,   48000000,    9697042,        0,  -38302958,          0
  2349,    76,   48000000,    9662372,        0,  -38337628,          0
  2349,    77,   48000000,    9659022,        0,  -38340978,          0
  2349,    78,   48000000,    9655844,        0,  -38344156,          0
  2349,    79,   48000000,    9667794,        0,  -38332206,          0
  2349,    80,   48000000,    9998992,        0,  -38001008,          0
  2349,    81,   48000000,    9618741,        0,  -38381259,          0
  2349,    82,   48000000,    9629287,        0,  -38370713,          0
  2349,    83,   48000000,    9630530,        0,  -38369470,          0
  2349,    84,   48000000,    9698615,        0,  -38301385,          0
  2349,    85,   48000000,    9646643,        0,  -38353357,          0
  2349,    86,   48000000,    9653315,        0,  -38346685,          0
  2349,    87,   48000000,    9651176,        0,  -38348824,          0
  2349,    88,   48000000,    9674428,        0,  -38325572,          0
  2349,    89,   48000000,    9705216,        0,  -38294784,          0
  2349,    90,   48000000,    9686175,        0,  -38313825,          0
  2349,    91,   48000000,    9687299,        0,  -38312701,          0
  2349,    92,   48000000,    9741389,        0,  -38258611,          0
  2349,    93,   48000000,    9939517,        0,  -38060483,          0
  2349,    94,   48000000,    9629531,        0,  -38370469,          0
  2349,    95,   48000000,   16707403,        0,  -31292597,          0
  2349,    96,   48000000,    9687744,        0,  -38312256,          0
  2349,    97,   48000000,    9655873,        0,  -38344127,          0
  2349,    98,   48000000,    9648645,        0,  -38351355,          0
  2349,    99,   48000000,    9681967,        0,  -38318033,          0
  2349,   100,   48000000,    9684694,        0,  -38315306,          0
  2349,   101,   48000000,    9666515,        0,  -38333485,          0
  2349,   102,   48000000,    9654389,        0,  -38345611,          0
  2349,   103,   48000000,    9667729,        0,  -38332271,          0
  2349,   104,   48000000,    9708324,        0,  -38291676,          0
  2349,   105,   48000000,    9711342,        0,  -38288658,          0
  2349,   106,   48000000,    9973114,        0,  -38026886,          0
  2349,   107,   48000000,   11985412,        0,  -36014588,          0
  2349,   108,   48000000,    9671650,        0,  -38328350,          0
  2349,   109,   48000000,    9666589,        0,  -38333411,          0
  2349,   110,   48000000,    9664973,        0,  -38335027,          0
  2349,   111,   48000000,    9852501,        0,  -38147499,          0
  2349,   112,   48000000,    9647401,        0,  -38352599,          0
  2349,   113,   48000000,    9654972,        0,  -38345028,          0
  2349,   114,   48000000,    9700559,        0,  -38299441,          0
  2349,   115,   48000000,    9693642,        0,  -38306358,          0
  2349,   116,   48000000,    9661491,        0,  -38338509,          0
  2349,   117,   48000000,   10073462,        0,  -37926538,          0
  2349,   118,   48000000,    9694471,        0,  -38305529,          0
  2349,   119,   48000000,    9913726,        0,  -38086274,          0
  2349,   120,   48000000,    9715309,        0,  -38284691,          0
  2349,   121,   48000000,    9672631,        0,  -38327369,          0
  2349,   122,   48000000,   10507307,        0,  -37492693,          0
  2349,   123,   48000000,    9654336,        0,  -38345664,          0
  2349,   124,   48000000,    9659879,        0,  -38340121,          0
  2349,   125,   48000000,    9678056,        0,  -38321944,          0
  2349,   126,   48000000,    9687721,        0,  -38312279,          0
  2349,   127,   48000000,    9747158,        0,  -38252842,          0
  2349,   128,   48000000,    9647129,        0,  -38352871,          0
  2349,   129,   48000000,    9703473,        0,  -38296527,          0
  2349,   130,   48000000,    9635455,        0,  -38364545,          0
  2349,   131,   48000000,    9629971,        0,  -38370029,          0
  2349,   132,   48000000,    9909745,        0,  -38090255,          0
  2349,   133,   48000000,    9731862,        0,  -38268138,          0
  2349,   134,   48000000,    9629439,        0,  -38370561,          0
  2349,   135,   48000000,    9640127,        0,  -38359873,          0
  2349,   136,   48000000,    9651780,        0,  -38348220,          0
  2349,   137,   48000000,    9697061,        0,  -38302939,          0
  2349,   138,   48000000,    9652152,        0,  -38347848,          0
  2349,   139,   48000000,    9667380,        0,  -38332620,          0
  2349,   140,   48000000,   13799996,        0,  -34200004,          0
  2349,   141,   48000000,    9639611,        0,  -38360389,          0
  2349,   142,   48000000,    9664961,        0,  -38335039,          0
  2349,   143,   48000000,    9705917,        0,  -38294083,          0
  2349,   144,   48000000,    9662244,        0,  -38337756,          0
  2349,   145,   48000000,    9977923,        0,  -38022077,          0
  2349,   146,   48000000,   10970542,        0,  -37029458,          0
  2349,   147,   48000000,    9693754,        0,  -38306246,          0
  2349,   148,   48000000,    9684403,        0,  -38315597,          0
  2349,   149,   48000000,    9665450,        0,  -38334550,          0
  2349,   150,   48000000,    9659697,        0,  -38340303,          0
  2349,   151,   48000000,    9877153,        0,  -38122847,          0
  2349,   152,   48000000,    9620883,        0,  -38379117,          0
  2349,   153,   48000000,    9985834,        0,  -38014166,          0
  2349,   154,   48000000,    9639951,        0,  -38360049,          0
  2349,   155,   48000000,    9658027,        0,  -38341973,          0
  2349,   156,   48000000,    9626609,        0,  -38373391,          0
  2349,   157,   48000000,    9744798,        0,  -38255202,          0
  2349,   158,   48000000,    9652289,        0,  -38347711,          0
  2349,   159,   48000000,    9622032,        0,  -38377968,          0
  2349,   160,   48000000,    9673133,        0,  -38326867,          0
  2349,   161,   48000000,    9690127,        0,  -38309873,          0
  2349,   162,   48000000,    9685414,        0,  -38314586,          0
  2349,   163,   48000000,    9756138,        0,  -38243862,          0
  2349,   164,   48000000,    9632090,        0,  -38367910,          0
  2349,   165,   48000000,    9651141,        0,  -38348859,          0
  2349,   166,   48000000,    9941361,        0,  -38058639,          0
  2349,   167,   48000000,    9654121,        0,  -38345879,          0
  2349,   168,   48000000,    9667454,        0,  -38332546,          0
  2349,   169,   48000000,    9652912,        0,  -38347088,          0
  2349,   170,   48000000,    9693924,        0,  -38306076,          0
  2349,   171,   48000000,    9640651,        0,  -38359349,          0
  2349,   172,   48000000,    9647054,        0,  -38352946,          0
  2349,   173,   48000000,   12990152,        0,  -35009848,          0
  2349,   174,   48000000,    9773183,        0,  -38226817,          0
  2349,   175,   48000000,    9657166,        0,  -38342834,          0
  2349,   176,   48000000,    9655412,        0,  -38344588,          0
  2349,   177,   48000000,    9648650,        0,  -38351350,          0
  2349,   178,   48000000,    9676052,        0,  -38323948,          0
  2349,   179,   48000000,    9943689,        0,  -38056311,          0
  2349,   180,   48000000,    9638920,        0,  -38361080,          0
  2349,   181,   48000000,    9654849,        0,  -38345151,          0
  2349,   182,   48000000,    9626062,        0,  -38373938,          0
  2349,   183,   48000000,    9650698,        0,  -38349302,          0
  2349,   184,   48000000,    9652931,        0,  -38347069,          0
  2349,   185,   48000000,    9627622,        0,  -38372378,          0
  2349,   186,   48000000,    9651019,        0,  -38348981,          0
  2349,   187,   48000000,    9683207,        0,  -38316793,          0
  2349,   188,   48000000,    9648006,        0,  -38351994,          0
  2349,   189,   48000000,    9689741,        0,  -38310259,          0
  2349,   190,   48000000,    9646279,        0,  -38353721,          0
  2349,   191,   48000000,    9716735,        0,  -38283265,          0
  2349,   192,   48000000,    9955540,        0,  -38044460,          0
  2349,   193,   48000000,    9643093,        0,  -38356907,          0
  2349,   194,   48000000,    9620080,        0,  -38379920,          0
  2349,   195,   48000000,    9640131,        0,  -38359869,          0
  2349,   196,   48000000,    9627504,        0,  -38372496,          0
  2349,   197,   48000000,    9644219,        0,  -38355781,          0
  2349,   198,   48000000,   12230020,        0,  -35769980,          0
  2349,   199,   48000000,    9685653,        0,  -38314347,          0
  2349,   200,   48000000,    9648094,        0,  -38351906,          0
  2349,   201,   48000000,    9649321,        0,  -38350679,          0
  2349,   202,   48000000,    9684220,        0,  -38315780,          0
  2349,   203,   48000000,    9670683,        0,  -38329317,          0
  2349,   204,   48000000,    9699376,        0,  -38300624,          0
  2349,   205,   48000000,   10212556,        0,  -37787444,          0
  2349,   206,   48000000,    9653540,        0,  -38346460,          0
  2349,   207,   48000000,    9659633,        0,  -38340367,          0
  2349,   208,   48000000,    9786701,        0,  -38213299,          0
  2349,   209,   48000000,    9696512,        0,  -38303488,          0
  2349,   210,   48000000,    9675367,        0,  -38324633,          0
  2349,   211,   48000000,    9624185,        0,  -38375815,          0
  2349,   212,   48000000,    9685525,        0,  -38314475,          0
# task NAME=myapp PID=2352 COST=18600000 PERIOD=70000000 CPU=0
  2352,     2,   70000000,      21445,        0,  -69978555,          0
  2352,     3,   70000000,      88103,        0,  -69911897,          0
  2352,     4,   70000000,   18820964,        0,  -51179036,          0
  2352,     5,   70000000,   18496266,        0,  -51503734,          0
  2352,     6,   70000000,   18523910,        0,  -51476090,          0
  2352,     7,   70000000,   18494844,        0,  -51505156,          0
  2352,     8,   70000000,   19339800,        0,  -50660200,          0
  2352,     9,   70000000,   18502980,        0,  -51497020,          0
  2352,    10,   70000000,   18514948,        0,  -51485052,          0
  2352,    11,   70000000,   18780988,        0,  -51219012,          0
  2352,    12,   70000000,   18523914,        0,  -51476086,          0
  2352,    13,   70000000,   18778999,        0,  -51221001,          0
  2352,    14,   70000000,   21432587,        0,  -48567413,          0
  2352,    15,   70000000,   18503719,        0,  -51496281,          0
  2352,    16,   70000000,   18494189,        0,  -51505811,          0
  2352,    17,   70000000,   18460699,        0,  -51539301,          0
  2352,    18,   70000000,   18527258,        0,  -51472742,          0
  2352,    19,   70000000,   18496648,        0,  -51503352,          0
  2352,    20,   70000000,   18772522,        0,  -51227478,          0
  2352,    21,   70000000,   18492298,        0,  -51507702,          0
  2352,    22,   70000000,   18719130,        0,  -51280870,          0
  2352,    23,   70000000,   18546665,        0,  -51453335,          0
  2352,    24,   70000000,   18489123,        0,  -51510877,          0
  2352,    25,   70000000,   21054301,        0,  -48945699,          0
  2352,    26,   70000000,   18485276,        0,  -51514724,          0
  2352,    27,   70000000,   18672268,        0,  -51327732,          0
  2352,    28,   70000000,   18515925,        0,  -51484075,          0
  2352,    29,   70000000,   18834856,        0,  -51165144,          0
  2352,    30,   70000000,   18567146,        0,  -51432854,          0
  2352,    31,   70000000,   18531117,        0,  -51468883,          0
  2352,    32,   70000000,   19479862,        0,  -50520138,          0
  2352,    33,   70000000,   18493648,        0,  -51506352,          0
  2352,    34,   70000000,   18482477,        0,  -51517523,          0
  2352,    35,   70000000,   18550768,        0,  -51449232,          0
  2352,    36,   70000000,   19404253,        0,  -50595747,          0
  2352,    37,   70000000,   18492176,        0,  -51507824,          0
  2352,    38,   70000000,   18750429,        0,  -51249571,          0
  2352,    39,   70000000,   18503393,        0,  -51496607,          0
  2352,    40,   70000000,   18507062,        0,  -51492938,          0
  2352,    41,   70000000,   18499308,        0,  -51500692,          0
  2352,    42,   70000000,   23458868,        0,  -46541132,          0
  2352,    43,   70000000,   18615371,        0,  -51384629,          0
  2352,    44,   70000000,   18526383,        0,  -51473617,          0
  2352,    45,   70000000,   18761638,        0,  -51238362,          0
  2352,    46,   70000000,   18516737,        0,  -51483263,          0
  2352,    47,   70000000,   18491253,        0,  -51508747,          0
  2352,    48,   70000000,   18508090,        0,  -51491910,          0
  2352,    49,   70000000,   18507040,        0,  -51492960,          0
  2352,    50,   70000000,   18503909,        0,  -51496091,          0
  2352,    51,   70000000,   18540497,        0,  -51459503,          0
  2352,    52,   70000000,   18466393,        0,  -51533607,          0
  2352,    53,   70000000,   18528190,        0,  -51471810,          0
  2352,    54,   70000000,   18769519,        0,  -51230481,          0
  2352,    55,   70000000,   18522674,        0,  -51477326,          0
  2352,    56,   70000000,   18470578,        0,  -51529422,          0
  2352,    57,   70000000,   18536851,        0,  -51463149,          0
  2352,    58,   70000000,   18551561,        0,  -51448439,          0
  2352,    59,   70000000,   18541480,        0,  -51458520,          0
  2352,    60,   70000000,   18529645,        0,  -51470355,          0
  2352,    61,   70000000,   18853404,        0,  -51146596,          0
  2352,    62,   70000000,   18535321,        0,  -51464679,          0
  2352,    63,   70000000,   18761552,        0,  -51238448,          0
  2352,    64,   70000000,   18557448,        0,  -51442552,          0
  2352,    65,   70000000,   19615901,        0,  -50384099,          0
  2352,    66,   70000000,   18560216,        0,  -51439784,          0
  2352,    67,   70000000,   18500566,        0,  -51499434,          0
  2352,    68,   70000000,   18473274,        0,  -51526726,          0
  2352,    69,   70000000,   18553809,        0,  -51446191,          0
  2352,    70,   70000000,   18772415,        0,  -51227585,          0
  2352,    71,   70000000,   18497819,        0,  -51502181,          0
  2352,    72,   70000000,   18476051,        0,  -51523949,          0
  2352,    73,   70000000,   18518119,        0,  -51481881,          0
  2352,    74,   70000000,   18537337,        0,  -51462663,          0
  2352,    75,   70000000,   18497002,        0,  -51502998,          0
  2352,    76,   70000000,   18470684,        0,  -51529316,          0
  2352,    77,   70000000,   18505196,        0,  -51494804,          0
  2352,    78,   70000000,   18519439,        0,  -51480561,          0
  2352,    79,   70000000,   18775978,        0,  -51224022,          0
  2352,    80,   70000000,   18689701,        0,  -51310299,          0
  2352,    81,   70000000,   18506296,        0,  -51493704,          0
  2352,    82,   70000000,   18517454,        0,  -51482546,          0
  2352,    83,   70000000,   18463054,        0,  -51536946,          0
  2352,    84,   70000000,   18496429,        0,  -51503571,          0
  2352,    85,   70000000,   18534663,        0,  -51465337,          0
  2352,    86,   70000000,   18768798,        0,  -51231202,          0
  2352,    87,   70000000,   18522305,        0,  -51477695,          0
  2352,    88,   70000000,   18850285,        0,  -51149715,          0
  2352,    89,   70000000,   18481435,        0,  -51518565,          0
  2352,    90,   70000000,   18463171,        0,  -51536829,          0
  2352,    91,   70000000,   18530198,        0,  -51469802,          0
  2352,    92,   70000000,   18528685,        0,  -51471315,          0
  2352,    93,   70000000,   18469470,        0,  -51530530,          0
  2352,    94,   70000000,   18523542,        0,  -51476458,          0
  2352,    95,   70000000,   20704839,        0,  -49295161,          0
  2352,    96,   70000000,   18473642,        0,  -51526358,          0
  2352,    97,   70000000,   23561582,        0,  -46438418,          0
  2352,    98,   70000000,   18500737,        0,  -51499263,          0
  2352,    99,   70000000,   18553308,        0,  -51446692,          0
  2352,   100,   70000000,   18502470,        0,  -51497530,          0
  2352,   101,   70000000,   18475869,        0,  -51524131,          0
  2352,   102,   70000000,   18504657,        0,  -51495343,          0
  2352,   103,   70000000,   18597939,        0,  -51402061,          0
  2352,   104,   70000000,   18772790,        0,  -51227210,          0
  2352,   105,   70000000,   18547493,        0,  -51452507,          0
  2352,   106,   70000000,   18488068,        0,  -51511932,          0
  2352,   107,   70000000,   19646022,        0,  -50353978,          0
  2352,   108,   70000000,   18501959,        0,  -51498041,          0
  2352,   109,   70000000,   18486998,        0,  -51513002,          0
  2352,   110,   70000000,   18531302,        0,  -51468698,          0
  2352,   111,   70000000,   18800016,        0,  -51199984,          0
  2352,   112,   70000000,   18472833,        0,  -51527167,          0
  2352,   113,   70000000,   18776794,        0,  -51223206,          0
  2352,   114,   70000000,   18508538,        0,  -51491462,          0
  2352,   115,   70000000,   18485497,        0,  -51514503,          0
  2352,   116,   70000000,   18519336,        0,  -51480664,          0
  2352,   117,   70000000,   18502384,        0,  -51497616,          0
  2352,   118,   70000000,   18638425,        0,  -51361575,          0
  2352,   119,   70000000,   18550969,        0,  -51449031,          0
  2352,   120,   70000000,   18802759,        0,  -51197241,          0
  2352,   121,   70000000,   18477479,        0,  -51522521,          0
  2352,   122,   70000000,   18495387,        0,  -51504613,          0
  2352,   123,   70000000,   18512310,        0,  -51487690,          0
  2352,   124,   70000000,   18518156,        0,  -51481844,          0
  2352,   125,   70000000,   18508983,        0,  -51491017,          0
  2352,   126,   70000000,   18494664,        0,  -51505336,          0
  2352,   127,   70000000,   18565578,        0,  -51434422,          0
  2352,   128,   70000000,   18472141,        0,  -51527859,          0
  2352,   129,   70000000,   18825160,        0,  -51174840,          0
  2352,   130,   70000000,   18510942,        0,  -51489058,          0
  2352,   131,   70000000,   21423444,        0,  -48576556,          0
  2352,   132,   70000000,   18502825,        0,  -51497175,          0
  2352,   133,   70000000,   18530716,        0,  -51469284,          0
  2352,   134,   70000000,   18508666,        0,  -51491334,          0
  2352,   135,   70000000,   18557305,        0,  -51442695,          0
  2352,   136,   70000000,   18777485,        0,  -51222515,          0
  2352,   137,   70000000,   18495746,        0,  -51504254,          0
  2352,   138,   70000000,   18773070,        0,  -51226930,          0
  2352,   139,   70000000,   18493840,        0,  -51506160,          0
  2352,   140,   70000000,   18482145,        0,  -51517855,          0
  2352,   141,   70000000,   18653136,        0,  -51346864,          0
  2352,   142,   70000000,   18472233,        0,  -51527767,          0
  2352,   143,   70000000,   18546559,        0,  -51453441,          0
  2352,   144,   70000000,   18502562,        0,  -51497438,          0
  2352,   145,   70000000,   18754359,        0,  -51245641,          0
  2352,   146,   70000000,   18500255,        0,  -51499745,          0
# task NAME=myapp PID=2356 COST=15264000 PERIOD=77000000 CPU=0
  2356,     2,   77000000,      14340,        0,  -76985660,          0
  2356,     3,   77000000,      93116,        0,  -76906884,          0
  2356,     4,   77000000,   16189947,        0,  -60810053,          0
  2356,     5,   77000000,   15325000,        0,  -61675000,          0
  2356,     6,   77000000,   15188244,        0,  -61811756,          0
  2356,     7,   77000000,   15200699,        0,  -61799301,          0
  2356,     8,   77000000,   15174936,        0,  -61825064,          0
  2356,     9,   77000000,   15251839,        0,  -61748161,          0
  2356,    10,   77000000,   15225920,        0,  -61774080,          0
  2356,    11,   77000000,   15244943,        0,  -61755057,          0
  2356,    12,   77000000,   15477679,        0,  -61522321,          0
  2356,    13,   77000000,   17312398,        0,  -59687602,          0
  2356,    14,   77000000,   15193440,        0,  -61806560,          0
  2356,    15,   77000000,   16591438,        0,  -60408562,          0
  2356,    16,   77000000,   15323057,        0,  -61676943,          0
  2356,    17,   77000000,   15225688,        0,  -61774312,          0
  2356,    18,   77000000,   15188381,        0,  -61811619,          0
  2356,    19,   77000000,   15234123,        0,  -61765877,          0
  2356,    20,   77000000,   15199303,        0,  -61800697,          0
  2356,    21,   77000000,   15237321,        0,  -61762679,          0
  2356,    22,   77000000,   15184715,        0,  -61815285,          0
  2356,    23,   77000000,   17825759,        0,  -59174241,          0
  2356,    24,   77000000,   15203183,        0,  -61796817,          0
  2356,    25,   77000000,   15499303,        0,  -61500697,          0
  2356,    26,   77000000,   15222049,        0,  -61777951,          0
  2356,    27,   77000000,   15184641,        0,  -61815359,          0
  2356,    28,   77000000,   18383264,        0,  -58616736,          0
  2356,    29,   77000000,   15245822,        0,  -61754178,          0
  2356,    30,   77000000,   15221610,        0,  -61778390,          0
  2356,    31,   77000000,   15184841,        0,  -61815159,          0
  2356,    32,   77000000,   15216163,        0,  -61783837,          0
  2356,    33,   77000000,   15702935,        0,  -61297065,          0
  2356,    34,   77000000,   17290170,        0,  -59709830,          0
  2356,    35,   77000000,   15212679,        0,  -61787321,          0
  2356,    36,   77000000,   15220618,        0,  -61779382,          0
  2356,    37,   77000000,   15199793,        0,  -61800207,          0
  2356,    38,   77000000,   15471893,        0,  -61528107,          0
  2356,    39,   77000000,   15220959,        0,  -61779041,          0
  2356,    40,   77000000,   18268177,        0,  -58731823,          0
  2356,    41,   77000000,   15207049,        0,  -61792951,          0
  2356,    42,   77000000,   15215779,        0,  -61784221,          0
  2356,    43,   77000000,   15203376,        0,  -61796624,          0
  2356,    44,   77000000,   15229937,        0,  -61770063,          0
  2356,    45,   77000000,   15189167,        0,  -61810833,          0
  2356,    46,   77000000,   15483384,        0,  -61516616,          0
  2356,    47,   77000000,   15238861,        0,  -61761139,          0
  2356,    48,   77000000,   15164796,        0,  -61835204,          0
  2356,    49,   77000000,   15197826,        0,  -61802174,          0
  2356,    50,   77000000,   15189751,        0,  -61810249,          0
  2356,    51,   77000000,   15565373,        0,  -61434627,          0
  2356,    52,   77000000,   15187282,        0,  -61812718,          0
  2356,    53,   77000000,   15218022,        0,  -61781978,          0
  2356,    54,   77000000,   15241103,        0,  -61758897,          0
  2356,    55,   77000000,   16728669,        0,  -60271331,          0
  2356,    56,   77000000,   17939977,        0,  -59060023,          0
  2356,    57,   77000000,   15194674,        0,  -61805326,          0
  2356,    58,   77000000,   15185272,        0,  -61814728,          0
  2356,    59,   77000000,   15488133,        0,  -61511867,          0
  2356,    60,   77000000,   15236077,        0,  -61763923,          0
  2356,    61,   77000000,   15175688,        0,  -61824312,          0
  2356,    62,   77000000,   15206162,        0,  -61793838,          0
  2356,    63,   77000000,   15248998,        0,  -61751002,          0
  2356,    64,   77000000,   15468439,        0,  -61531561,          0
  2356,    65,   77000000,   15178925,        0,  -61821075,          0
  2356,    66,   77000000,   15191747,        0,  -61808253,          0
  2356,    67,   77000000,   15179636,        0,  -61820364,          0
  2356,    68,   77000000,   15165309,        0,  -61834691,          0
  2356,    69,   77000000,   15189379,        0,  -61810621,          0
  2356,    70,   77000000,   15169679,        0,  -61830321,          0
  2356,    71,   77000000,   15182247,        0,  -61817753,          0
  2356,    72,   77000000,   15487779,        0,  -61512221,          0
  2356,    73,   77000000,   15432861,        0,  -61567139,          0
  2356,    74,   77000000,   15193769,        0,  -61806231,          0
  2356,    75,   77000000,   15199370,        0,  -61800630,          0
  2356,    76,   77000000,   15164667,        0,  -61835333,          0
  2356,    77,   77000000,   15438487,        0,  -61561513,          0
  2356,    78,   77000000,   15485831,        0,  -61514169,          0
  2356,    79,   77000000,   15246815,        0,  -61753185,          0
  2356,    80,   77000000,   15231205,        0,  -61768795,          0
  2356,    81,   77000000,   15168610,        0,  -61831390,          0
  2356,    82,   77000000,   15178060,        0,  -61821940,          0
  2356,    83,   77000000,   15286607,        0,  -61713393,          0
  2356,    84,   77000000,   16230782,        0,  -60769218,          0
  2356,    85,   77000000,   15466962,        0,  -61533038,          0
  2356,    86,   77000000,   15245536,        0,  -61754464,          0
  2356,    87,   77000000,   15194654,        0,  -61805346,          0
  2356,    88,   77000000,   18069533,        0,  -58930467,          0
  2356,    89,   77000000,   15240548,        0,  -61759452,          0
  2356,    90,   77000000,   15478461,        0,  -61521539,          0
  2356,    91,   77000000,   15206153,        0,  -61793847,          0
  2356,    92,   77000000,   15199885,        0,  -61800115,          0
  2356,    93,   77000000,   15210767,        0,  -61789233,          0
  2356,    94,   77000000,   15262736,        0,  -61737264,          0
  2356,    95,   77000000,   15551210,        0,  -61448790,          0
  2356,    96,   77000000,   15227098,        0,  -61772902,          0
  2356,    97,   77000000,   15240319,        0,  -61759681,          0
  2356,    98,   77000000,   15559354,        0,  -61440646,          0
  2356,    99,   77000000,   15253069,        0,  -61746931,          0
  2356,   100,   77000000,   15212467,        0,  -61787533,          0
  2356,   101,   77000000,   15190582,        0,  -61809418,          0
  2356,   102,   77000000,   15213629,        0,  -61786371,          0
  2356,   103,   77000000,   15522885,        0,  -61477115,          0
  2356,   104,   77000000,   15207769,        0,  -61792231,          0
  2356,   105,   77000000,   15219709,        0,  -61780291,          0
  2356,   106,   77000000,   15637935,        0,  -61362065,          0
  2356,   107,   77000000,   16302719,        0,  -60697281,          0
  2356,   108,   77000000,   15199139,        0,  -61800861,          0
  2356,   109,   77000000,   16466998,        0,  -60533002,          0
  2356,   110,   77000000,   15207970,        0,  -61792030,          0
  2356,   111,   77000000,   15518073,        0,  -61481927,          0
  2356,   112,   77000000,   16129021,        0,  -60870979,          0
  2356,   113,   77000000,   15227074,        0,  -61772926,          0
  2356,   114,   77000000,   15193848,        0,  -61806152,          0
  2356,   115,   77000000,   15185254,        0,  -61814746,          0
  2356,   116,   77000000,   15188508,        0,  -61811492,          0
  2356,   117,   77000000,   15197130,        0,  -61802870,          0
  2356,   118,   77000000,   17269988,        0,  -59730012,          0
  2356,   119,   77000000,   15199035,        0,  -61800965,          0
  2356,   120,   77000000,   15173100,        0,  -61826900,          0
  2356,   121,   77000000,   15177520,        0,  -61822480,          0
  2356,   122,   77000000,   15192703,        0,  -61807297,          0
  2356,   123,   77000000,   15246168,        0,  -61753832,          0
  2356,   124,   77000000,   19194556,        0,  -57805444,          0
  2356,   125,   77000000,   15216941,        0,  -61783059,          0
  2356,   126,   77000000,   15255675,        0,  -61744325,          0
  2356,   127,   77000000,   15203363,        0,  -61796637,          0
  2356,   128,   77000000,   15224072,        0,  -61775928,          0
  2356,   129,   77000000,   16576743,        0,  -60423257,          0
  2356,   130,   77000000,   15190702,        0,  -61809298,          0
  2356,   131,   77000000,   15230259,        0,  -61769741,          0
  2356,   132,   77000000,   15240780,        0,  -61759220,          0
  2356,   133,   77000000,   15221214,        0,  -61778786,          0
# task NAME=myapp PID=2361 COST=11431000 PERIOD=85000000 CPU=0
  2361,     2,   85000000,       7193,        0,  -84992807,          0
  2361,     3,   85000000,      97826,        0,  -84902174,          0
  2361,     4,   85000000,   13305676,        0,  -71694324,          0
  2361,     5,   85000000,   11375608,        0,  -73624392,          0
  2361,     6,   85000000,   11409693,        0,  -73590307,          0
  2361,     7,   85000000,   11389066,        0,  -73610934,          0
  2361,     8,   85000000,   11419394,        0,  -73580606,          0
  2361,     9,   85000000,   11400536,        0,  -73599464,          0
  2361,    10,   85000000,   11381497,        0,  -73618503,          0
  2361,    11,   85000000,   11420757,        0,  -73579243,          0
  2361,    12,   85000000,   11375981,        0,  -73624019,          0
  2361,    13,   85000000,   11391108,        0,  -73608892,          0
  2361,    14,   85000000,   11374509,        0,  -73625491,          0
  2361,    15,   85000000,   11391069,        0,  -73608931,          0
  2361,    16,   85000000,   11396569,        0,  -73603431,          0
  2361,    17,   85000000,   11700558,        0,  -73299442,          0
  2361,    18,   85000000,   11388986,        0,  -73611014,          0
  2361,    19,   85000000,   11398302,        0,  -73601698,          0
  2361,    20,   85000000,   11672850,        0,  -73327150,          0
  2361,    21,   85000000,   11373798,        0,  -73626202,          0
  2361,    22,   85000000,   11377054,        0,  -73622946,          0
  2361,    23,   85000000,   11992908,        0,  -73007092,          0
  2361,    24,   85000000,   11431739,        0,  -73568261,          0
  2361,    25,   85000000,   11478216,        0,  -73521784,          0
  2361,    26,   85000000,   11449850,        0,  -73550150,          0
  2361,    27,   85000000,   11421156,        0,  -73578844,          0
  2361,    28,   85000000,   11514180,        0,  -73485820,          0
  2361,    29,   85000000,   11398235,        0,  -73601765,          0
  2361,    30,   85000000,   11413649,        0,  -73586351,          0
  2361,    31,   85000000,   11458950,        0,  -73541050,          0
  2361,    32,   85000000,   11421596,        0,  -73578404,          0
  2361,    33,   85000000,   11402310,        0,  -73597690,          0
  2361,    34,   85000000,   13431642,        0,  -71568358,          0
  2361,    35,   85000000,   11422774,        0,  -73577226,          0
  2361,    36,   85000000,   16167443,        0,  -68832557,          0
  2361,    37,   85000000,   11604783,        0,  -73395217,          0
  2361,    38,   85000000,   11407494,        0,  -73592506,          0
  2361,    39,   85000000,   11394610,        0,  -73605390,          0
  2361,    40,   85000000,   11510147,        0,  -73489853,          0
  2361,    41,   85000000,   11368504,        0,  -73631496,          0
  2361,    42,   85000000,   11654231,        0,  -73345769,          0
  2361,    43,   85000000,   11432893,        0,  -73567107,          0
  2361,    44,   85000000,   11437958,        0,  -73562042,          0
  2361,    45,   85000000,   11664194,        0,  -73335806,          0
  2361,    46,   85000000,   11368545,        0,  -73631455,          0
  2361,    47,   85000000,   11396353,        0,  -73603647,          0
  2361,    48,   85000000,   11679410,        0,  -73320590,          0
  2361,    49,   85000000,   11481971,        0,  -73518029,          0
  2361,    50,   85000000,   11391925,        0,  -73608075,          0
  2361,    51,   85000000,   11593823,        0,  -73406177,          0
  2361,    52,   85000000,   12220672,        0,  -72779328,          0
  2361,    53,   85000000,   11408352,        0,  -73591648,          0
  2361,    54,   85000000,   12546750,        0,  -72453250,          0
  2361,    55,   85000000,   14467247,        0,  -70532753,          0
  2361,    56,   85000000,   11397360,        0,  -73602640,          0
  2361,    57,   85000000,   11429594,        0,  -73570406,          0
  2361,    58,   85000000,   11401120,        0,  -73598880,          0
  2361,    59,   85000000,   11389484,        0,  -73610516,          0
  2361,    60,   85000000,   11410908,        0,  -73589092,          0
  2361,    61,   85000000,   11391403,        0,  -73608597,          0
  2361,    62,   85000000,   11365902,        0,  -73634098,          0
  2361,    63,   85000000,   11373762,        0,  -73626238,          0
  2361,    64,   85000000,   11391517,        0,  -73608483,          0
  2361,    65,   85000000,   11381860,        0,  -73618140,          0
  2361,    66,   85000000,   11437446,        0,  -73562554,          0
  2361,    67,   85000000,   11674833,        0,  -73325167,          0
  2361,    68,   85000000,   11369966,        0,  -73630034,          0
  2361,    69,   85000000,   11401370,        0,  -73598630,          0
  2361,    70,   85000000,   14806389,        0,  -70193611,          0
  2361,    71,   85000000,   11396181,        0,  -73603819,          0
  2361,    72,   85000000,   11373230,        0,  -73626770,          0
  2361,    73,   85000000,   11712075,        0,  -73287925,          0
  2361,    74,   85000000,   11395786,        0,  -73604214,          0
  2361,    75,   85000000,   11391705,        0,  -73608295,          0
  2361,    76,   85000000,   11381942,        0,  -73618058,          0
  2361,    77,   85000000,   11374328,        0,  -73625672,          0
  2361,    78,   85000000,   11389775,        0,  -73610225,          0
  2361,    79,   85000000,   11410407,        0,  -73589593,          0
  2361,    80,   85000000,   11403355,        0,  -73596645,          0
  2361,    81,   85000000,   11368930,        0,  -73631070,          0
  2361,    82,   85000000,   11375185,        0,  -73624815,          0
  2361,    83,   85000000,   11396651,        0,  -73603349,          0
  2361,    84,   85000000,   11389268,        0,  -73610732,          0
  2361,    85,   85000000,   11388952,        0,  -73611048,          0
  2361,    86,   85000000,   11370819,        0,  -73629181,          0
  2361,    87,   85000000,   11445860,        0,  -73554140,          0
  2361,    88,   85000000,   11404080,        0,  -73595920,          0
  2361,    89,   85000000,   11407466,        0,  -73592534,          0
  2361,    90,   85000000,   11526701,        0,  -73473299,          0
  2361,    91,   85000000,   11408092,        0,  -73591908,          0
  2361,    92,   85000000,   11673792,        0,  -73326208,          0
  2361,    93,   85000000,   11423624,        0,  -73576376,          0
  2361,    94,   85000000,   11439817,        0,  -73560183,          0
  2361,    95,   85000000,   11681295,        0,  -73318705,          0
  2361,    96,   85000000,   11399116,        0,  -73600884,          0
  2361,    97,   85000000,   11385164,        0,  -73614836,          0
  2361,    98,   85000000,   12030198,        0,  -72969802,          0
  2361,    99,   85000000,   15332780,        0,  -69667220,          0
  2361,   100,   85000000,   11385326,        0,  -73614674,          0
  2361,   101,   85000000,   13157899,        0,  -71842101,          0
  2361,   102,   85000000,   11401689,        0,  -73598311,          0
  2361,   103,   85000000,   11390756,        0,  -73609244,          0
  2361,   104,   85000000,   11378826,        0,  -73621174,          0
  2361,   105,   85000000,   11408901,        0,  -73591099,          0
  2361,   106,   85000000,   11391268,        0,  -73608732,          0
  2361,   107,   85000000,   11397028,        0,  -73602972,          0
  2361,   108,   85000000,   11421757,        0,  -73578243,          0
  2361,   109,   85000000,   11439539,        0,  -73560461,          0
  2361,   110,   85000000,   11418836,        0,  -73581164,          0
  2361,   111,   85000000,   11368423,        0,  -73631577,          0
  2361,   112,   85000000,   11409069,        0,  -73590931,          0
  2361,   113,   85000000,   11395693,        0,  -73604307,          0
  2361,   114,   85000000,   11387587,        0,  -73612413,          0
  2361,   115,   85000000,   11405253,        0,  -73594747,          0
  2361,   116,   85000000,   11369471,        0,  -73630529,          0
  2361,   117,   85000000,   11680106,        0,  -73319894,          0
  2361,   118,   85000000,   11374572,        0,  -73625428,          0
  2361,   119,   85000000,   11374972,        0,  -73625028,          0
  2361,   120,   85000000,   11674240,        0,  -73325760,          0
  2361,   121,   85000000,   11414627,        0,  -73585373,          0
