137 137 0
773 731 42
117 114 3
130 130 0
258 257 1
123 123 0
131 131 0
389 389 0
143 142 1
299 298 1
147 147 0
243 241 2
151 149 2
123 123 0
775 739 36
128 127 1
134 131 3
718 674 44
241 238 3
144 143 1
168 168 0
139 139 0
145 143 2
106 102 4
179 178 1
360 360 0
388 387 1
327 326 1
595 576 19
219 219 0
243 243 0
459 454 5
109 109 0
135 130 5
350 348 2
192 190 2
262 262 0
105 105 0
144 143 1
142 139 3
110 109 1
159 158 1
404 402 2
182 180 2
228 228 0
113 109 4
155 151 4
105 105 0
131 130 1
439 434 5
140 140 0
143 141 2
181 181 0
197 196 1
128 128 0
242 240 2
373 372 1
157 155 2
145 143 2
457 456 1
118 118 0
110 110 0
171 171 0
122 122 0
242 241 1
163 162 1
273 267 6
164 164 0
188 188 0
629 590 39
390 389 1
153 153 0
