# Task,   Job,     Period,   Response, DL Miss?,   Lateness,  Tardiness
# task NAME=myapp PID=2616 COST=21002000 PERIOD=56000000 CPU=0
  2616,     2,   56000000,       6257,        0,  -55993743,          0
  2616,     3,   56000000,     134936,        0,  -55865064,          0
  2616,     4,   56000000,   37990474,        0,  -18009526,          0
  2616,     5,   56000000,   37761260,        0,  -18238740,          0
  2616,     6,   56000000,   37997038,        0,  -18002962,          0
  2616,     7,   56000000,   37720627,        0,  -18279373,          0
  2616,     8,   56000000,   37671054,        0,  -18328946,          0
  2616,     9,   56000000,   37868828,        0,  -18131172,          0
  2616,    10,   56000000,   37681777,        0,  -18318223,          0
  2616,    11,   56000000,   37826523,        0,  -18173477,          0
  2616,    12,   56000000,   37768171,        0,  -18231829,          0
  2616,    13,   56000000,   37916357,        0,  -18083643,          0
  2616,    14,   56000000,   37733853,        0,  -18266147,          0
  2616,    15,   56000000,   37943119,        0,  -18056881,          0
  2616,    16,   56000000,   37690817,        0,  -18309183,          0
  2616,    17,   56000000,   37790375,        0,  -18209625,          0
  2616,    18,   56000000,   37767479,        0,  -18232521,          0
  2616,    19,   56000000,   37703432,        0,  -18296568,          0
  2616,    20,   56000000,   38060503,        0,  -17939497,          0
  2616,    21,   56000000,   37727728,        0,  -18272272,          0
  2616,    22,   56000000,   37976409,        0,  -18023591,          0
  2616,    23,   56000000,   37739774,        0,  -18260226,          0
  2616,    24,   56000000,   37989647,        0,  -18010353,          0
  2616,    25,   56000000,   39136329,        0,  -16863671,          0
  2616,    26,   56000000,   37763929,        0,  -18236071,          0
  2616,    27,   56000000,   37779453,        0,  -18220547,          0
  2616,    28,   56000000,   37726492,        0,  -18273508,          0
  2616,    29,   56000000,   37674459,        0,  -18325541,          0
  2616,    30,   56000000,   39795722,        0,  -16204278,          0
  2616,    31,   56000000,   37800391,        0,  -18199609,          0
  2616,    32,   56000000,   37697605,        0,  -18302395,          0
  2616,    33,   56000000,   38059121,        0,  -17940879,          0
  2616,    34,   56000000,   38675939,        0,  -17324061,          0
  2616,    35,   56000000,   37784409,        0,  -18215591,          0
  2616,    36,   56000000,   37729429,        0,  -18270571,          0
  2616,    37,   56000000,   37758641,        0,  -18241359,          0
  2616,    38,   56000000,   37709259,        0,  -18290741,          0
  2616,    39,   56000000,   37711481,        0,  -18288519,          0
  2616,    40,   56000000,   37961927,        0,  -18038073,          0
  2616,    41,   56000000,   35616762,        0,  -20383238,          0
  2616,    42,   56000000,   37919113,        0,  -18080887,          0
  2616,    43,   56000000,   35626343,        0,  -20373657,          0
  2616,    44,   56000000,   35623311,        0,  -20376689,          0
  2616,    45,   56000000,   39698235,        0,  -16301765,          0
  2616,    46,   56000000,   35609756,        0,  -20390244,          0
  2616,    47,   56000000,   37789110,        0,  -18210890,          0
  2616,    48,   56000000,   37775127,        0,  -18224873,          0
  2616,    49,   56000000,   38069994,        0,  -17930006,          0
  2616,    50,   56000000,   37841828,        0,  -18158172,          0
  2616,    51,   56000000,   37693561,        0,  -18306439,          0
  2616,    52,   56000000,   37788388,        0,  -18211612,          0
  2616,    53,   56000000,   37710097,        0,  -18289903,          0
  2616,    54,   56000000,   37687540,        0,  -18312460,          0
  2616,    55,   56000000,   37795248,        0,  -18204752,          0
  2616,    56,   56000000,   37708703,        0,  -18291297,          0
  2616,    57,   56000000,   37696192,        0,  -18303808,          0
  2616,    58,   56000000,   37758654,        0,  -18241346,          0
  2616,    59,   56000000,   37773823,        0,  -18226177,          0
  2616,    60,   56000000,   37902673,        0,  -18097327,          0
  2616,    61,   56000000,   37716645,        0,  -18283355,          0
  2616,    62,   56000000,   37740757,        0,  -18259243,          0
  2616,    63,   56000000,   37817565,        0,  -18182435,          0
  2616,    64,   56000000,   37790213,        0,  -18209787,          0
  2616,    65,   56000000,   37805561,        0,  -18194439,          0
  2616,    66,   56000000,   37720590,        0,  -18279410,          0
  2616,    67,   56000000,   37832411,        0,  -18167589,          0
  2616,    68,   56000000,   37691925,        0,  -18308075,          0
  2616,    69,   56000000,   37954027,        0,  -18045973,          0
  2616,    70,   56000000,   37829461,        0,  -18170539,          0
  2616,    71,   56000000,   37729967,        0,  -18270033,          0
  2616,    72,   56000000,   37744846,        0,  -18255154,          0
  2616,    73,   56000000,   38095604,        0,  -17904396,          0
  2616,    74,   56000000,   37767215,        0,  -18232785,          0
  2616,    75,   56000000,   37741645,        0,  -18258355,          0
  2616,    76,   56000000,   37712595,        0,  -18287405,          0
  2616,    77,   56000000,   37662222,        0,  -18337778,          0
  2616,    78,   56000000,   37949042,        0,  -18050958,          0
  2616,    79,   56000000,   37722630,        0,  -18277370,          0
  2616,    80,   56000000,   37773356,        0,  -18226644,          0
  2616,    81,   56000000,   37717814,        0,  -18282186,          0
  2616,    82,   56000000,   37817860,        0,  -18182140,          0
  2616,    83,   56000000,   37744965,        0,  -18255035,          0
  2616,    84,   56000000,   37779155,        0,  -18220845,          0
  2616,    85,   56000000,   37800826,        0,  -18199174,          0
  2616,    86,   56000000,   37784697,        0,  -18215303,          0
  2616,    87,   56000000,   37719923,        0,  -18280077,          0
  2616,    88,   56000000,   37691348,        0,  -18308652,          0
  2616,    89,   56000000,   37749358,        0,  -18250642,          0
  2616,    90,   56000000,   37813163,        0,  -18186837,          0
  2616,    91,   56000000,   37689343,        0,  -18310657,          0
  2616,    92,   56000000,   37707942,        0,  -18292058,          0
  2616,    93,   56000000,   37715856,        0,  -18284144,          0
  2616,    94,   56000000,   37773139,        0,  -18226861,          0
  2616,    95,   56000000,   37751286,        0,  -18248714,          0
  2616,    96,   56000000,   37762384,        0,  -18237616,          0
  2616,    97,   56000000,   35613095,        0,  -20386905,          0
  2616,    98,   56000000,   37684330,        0,  -18315670,          0
  2616,    99,   56000000,   37750651,        0,  -18249349,          0
  2616,   100,   56000000,   37720885,        0,  -18279115,          0
  2616,   101,   56000000,   37792873,        0,  -18207127,          0
  2616,   102,   56000000,   37868306,        0,  -18131694,          0
  2616,   103,   56000000,   39725438,        0,  -16274562,          0
  2616,   104,   56000000,   37800711,        0,  -18199289,          0
  2616,   105,   56000000,   37724354,        0,  -18275646,          0
  2616,   106,   56000000,   37713922,        0,  -18286078,          0
  2616,   107,   56000000,   37742758,        0,  -18257242,          0
  2616,   108,   56000000,   37810875,        0,  -18189125,          0
  2616,   109,   56000000,   37777325,        0,  -18222675,          0
  2616,   110,   56000000,   37690858,        0,  -18309142,          0
  2616,   111,   56000000,   37936955,        0,  -18063045,          0
  2616,   112,   56000000,   37788314,        0,  -18211686,          0
  2616,   113,   56000000,   37673732,        0,  -18326268,          0
  2616,   114,   56000000,   35626555,        0,  -20373445,          0
  2616,   115,   56000000,   35594095,        0,  -20405905,          0
  2616,   116,   56000000,   38098142,        0,  -17901858,          0
  2616,   117,   56000000,   37649977,        0,  -18350023,          0
  2616,   118,   56000000,   37993799,        0,  -18006201,          0
  2616,   119,   56000000,   37774619,        0,  -18225381,          0
  2616,   120,   56000000,   37893636,        0,  -18106364,          0
  2616,   121,   56000000,   37754507,        0,  -18245493,          0
  2616,   122,   56000000,   37729497,        0,  -18270503,          0
  2616,   123,   56000000,   37764790,        0,  -18235210,          0
  2616,   124,   56000000,   37813246,        0,  -18186754,          0
  2616,   125,   56000000,   39704688,        0,  -16295312,          0
  2616,   126,   56000000,   37845327,        0,  -18154673,          0
  2616,   127,   56000000,   37761544,        0,  -18238456,          0
  2616,   128,   56000000,   39240075,        0,  -16759925,          0
  2616,   129,   56000000,   37957258,        0,  -18042742,          0
  2616,   130,   56000000,   37699295,        0,  -18300705,          0
  2616,   131,   56000000,   37866154,        0,  -18133846,          0
  2616,   132,   56000000,   37798674,        0,  -18201326,          0
  2616,   133,   56000000,   37979048,        0,  -18020952,          0
  2616,   134,   56000000,   37709652,        0,  -18290348,          0
  2616,   135,   56000000,   37740472,        0,  -18259528,          0
  2616,   136,   56000000,   38256767,        0,  -17743233,          0
  2616,   137,   56000000,   38924190,        0,  -17075810,          0
  2616,   138,   56000000,   37848438,        0,  -18151562,          0
  2616,   139,   56000000,   37793958,        0,  -18206042,          0
  2616,   140,   56000000,   37831023,        0,  -18168977,          0
  2616,   141,   56000000,   35614972,        0,  -20385028,          0
  2616,   142,   56000000,   37613290,        0,  -18386710,          0
  2616,   143,   56000000,   39743397,        0,  -16256603,          0
  2616,   144,   56000000,   37733912,        0,  -18266088,          0
  2616,   145,   56000000,   37969277,        0,  -18030723,          0
  2616,   146,   56000000,   37875148,        0,  -18124852,          0
  2616,   147,   56000000,   37889888,        0,  -18110112,          0
  2616,   148,   56000000,   37843216,        0,  -18156784,          0
  2616,   149,   56000000,   37830926,        0,  -18169074,          0
  2616,   150,   56000000,   37732521,        0,  -18267479,          0
  2616,   151,   56000000,   37702009,        0,  -18297991,          0
  2616,   152,   56000000,   37730023,        0,  -18269977,          0
  2616,   153,   56000000,   37739731,        0,  -18260269,          0
  2616,   154,   56000000,   37755489,        0,  -18244511,          0
  2616,   155,   56000000,   37810063,        0,  -18189937,          0
  2616,   156,   56000000,   37897861,        0,  -18102139,          0
  2616,   157,   56000000,   37712431,        0,  -18287569,          0
  2616,   158,   56000000,   37795554,        0,  -18204446,          0
  2616,   159,   56000000,   37691437,        0,  -18308563,          0
  2616,   160,   56000000,   37756784,        0,  -18243216,          0
  2616,   161,   56000000,   37659611,        0,  -18340389,          0
  2616,   162,   56000000,   37779572,        0,  -18220428,          0
  2616,   163,   56000000,   37697969,        0,  -18302031,          0
  2616,   164,   56000000,   37793455,        0,  -18206545,          0
  2616,   165,   56000000,   37853675,        0,  -18146325,          0
  2616,   166,   56000000,   35615610,        0,  -20384390,          0
  2616,   167,   56000000,   39920142,        0,  -16079858,          0
  2616,   168,   56000000,   37842490,        0,  -18157510,          0
  2616,   169,   56000000,   37728967,        0,  -18271033,          0
  2616,   170,   56000000,   37714802,        0,  -18285198,          0
  2616,   171,   56000000,   37713829,        0,  -18286171,          0
  2616,   172,   56000000,   37727260,        0,  -18272740,          0
  2616,   173,   56000000,   37682455,        0,  -18317545,          0
  2616,   174,   56000000,   38032282,        0,  -17967718,          0
  2616,   175,   56000000,   37691515,        0,  -18308485,          0
  2616,   176,   56000000,   37840419,        0,  -18159581,          0
  2616,   177,   56000000,   37744736,        0,  -18255264,          0
  2616,   178,   56000000,   35611969,        0,  -20388031,          0
  2616,   179,   56000000,   37727477,        0,  -18272523,          0
  2616,   180,   56000000,   37739853,        0,  -18260147,          0
  2616,   181,   56000000,   37714127,        0,  -18285873,          0
  2616,   182,   56000000,   37750964,        0,  -18249036,          0
# task NAME=myapp PID=2619 COST=18381000 PERIOD=77000000 CPU=0
  2619,     2,   77000000,      10928,        0,  -76989072,          0
  2619,     3,   77000000,     124944,        0,  -76875056,          0
  2619,     4,   77000000,   30456905,        0,  -46543095,          0
  2619,     5,   77000000,   33249707,        0,  -43750293,          0
  2619,     6,   77000000,   32170472,        0,  -44829528,          0
  2619,     7,   77000000,   31257425,        0,  -45742575,          0
  2619,     8,   77000000,   30269323,        0,  -46730677,          0
  2619,     9,   77000000,   33195944,        0,  -43804056,          0
  2619,    10,   77000000,   33051366,        0,  -43948634,          0
  2619,    11,   77000000,   31194006,        0,  -45805994,          0
  2619,    12,   77000000,   30407573,        0,  -46592427,          0
  2619,    13,   77000000,   33236103,        0,  -43763897,          0
  2619,    14,   77000000,   32277879,        0,  -44722121,          0
  2619,    15,   77000000,   31530338,        0,  -45469662,          0
  2619,    16,   77000000,   30230367,        0,  -46769633,          0
  2619,    17,   77000000,   33515269,        0,  -43484731,          0
  2619,    18,   77000000,   32233925,        0,  -44766075,          0
  2619,    19,   77000000,   33786781,        0,  -43213219,          0
  2619,    20,   77000000,   30230514,        0,  -46769486,          0
  2619,    21,   77000000,   33126656,        0,  -43873344,          0
  2619,    22,   77000000,   32183333,        0,  -44816667,          0
  2619,    23,   77000000,   31127656,        0,  -45872344,          0
  2619,    24,   77000000,   30184726,        0,  -46815274,          0
  2619,    25,   77000000,   33501752,        0,  -43498248,          0
  2619,    26,   77000000,   34249847,        0,  -42750153,          0
  2619,    27,   77000000,   31225852,        0,  -45774148,          0
  2619,    28,   77000000,   30271571,        0,  -46728429,          0
  2619,    29,   77000000,   33265091,        0,  -43734909,          0
  2619,    30,   77000000,   32637169,        0,  -44362831,          0
  2619,    31,   77000000,   31174689,        0,  -45825311,          0
  2619,    32,   77000000,   30274266,        0,  -46725734,          0
  2619,    33,   77000000,   33259382,        0,  -43740618,          0
  2619,    34,   77000000,   34234903,        0,  -42765097,          0
  2619,    35,   77000000,   31179672,        0,  -45820328,          0
  2619,    36,   77000000,   30184516,        0,  -46815484,          0
  2619,    37,   77000000,   33176193,        0,  -43823807,          0
  2619,    38,   77000000,   32150644,        0,  -44849356,          0
  2619,    39,   77000000,   31119798,        0,  -45880202,          0
  2619,    40,   77000000,   32285863,        0,  -44714137,          0
  2619,    41,   77000000,   33237855,        0,  -43762145,          0
  2619,    42,   77000000,   34123353,        0,  -42876647,          0
  2619,    43,   77000000,   31260685,        0,  -45739315,          0
  2619,    44,   77000000,   30129189,        0,  -46870811,          0
  2619,    45,   77000000,   33363416,        0,  -43636584,          0
  2619,    46,   77000000,   32244858,        0,  -44755142,          0
  2619,    47,   77000000,   31207304,        0,  -45792696,          0
  2619,    48,   77000000,   30280817,        0,  -46719183,          0
  2619,    49,   77000000,   33206069,        0,  -43793931,          0
  2619,    50,   77000000,   32178178,        0,  -44821822,          0
  2619,    51,   77000000,   31449388,        0,  -45550612,          0
  2619,    52,   77000000,   30186866,        0,  -46813134,          0
  2619,    53,   77000000,   33344292,        0,  -43655708,          0
  2619,    54,   77000000,   32519421,        0,  -44480579,          0
  2619,    55,   77000000,   32165715,        0,  -44834285,          0
  2619,    56,   77000000,   30125918,        0,  -46874082,          0
  2619,    57,   77000000,   33171943,        0,  -43828057,          0
  2619,    58,   77000000,   32189598,        0,  -44810402,          0
  2619,    59,   77000000,   31457969,        0,  -45542031,          0
  2619,    60,   77000000,   30203906,        0,  -46796094,          0
  2619,    61,   77000000,   33248530,        0,  -43751470,          0
  2619,    62,   77000000,   32290118,        0,  -44709882,          0
  2619,    63,   77000000,   33863766,        0,  -43136234,          0
  2619,    64,   77000000,   30446739,        0,  -46553261,          0
  2619,    65,   77000000,   33310746,        0,  -43689254,          0
  2619,    66,   77000000,   32259416,        0,  -44740584,          0
  2619,    67,   77000000,   33319819,        0,  -43680181,          0
  2619,    68,   77000000,   30229530,        0,  -46770470,          0
  2619,    69,   77000000,   33259735,        0,  -43740265,          0
  2619,    70,   77000000,   34295817,        0,  -42704183,          0
  2619,    71,   77000000,   31153442,        0,  -45846558,          0
  2619,    72,   77000000,   30184263,        0,  -46815737,          0
  2619,    73,   77000000,   33259076,        0,  -43740924,          0
  2619,    74,   77000000,   32270032,        0,  -44729968,          0
  2619,    75,   77000000,   31190446,        0,  -45809554,          0
  2619,    76,   77000000,   30171944,        0,  -46828056,          0
  2619,    77,   77000000,   33416175,        0,  -43583825,          0
  2619,    78,   77000000,   32222618,        0,  -44777382,          0
  2619,    79,   77000000,   31184727,        0,  -45815273,          0
  2619,    80,   77000000,   30547598,        0,  -46452402,          0
  2619,    81,   77000000,   33302906,        0,  -43697094,          0
  2619,    82,   77000000,   32282928,        0,  -44717072,          0
  2619,    83,   77000000,   31187316,        0,  -45812684,          0
  2619,    84,   77000000,   30143770,        0,  -46856230,          0
  2619,    85,   77000000,   33202046,        0,  -43797954,          0
  2619,    86,   77000000,   32248012,        0,  -44751988,          0
  2619,    87,   77000000,   33654864,        0,  -43345136,          0
  2619,    88,   77000000,   30265676,        0,  -46734324,          0
  2619,    89,   77000000,   33186449,        0,  -43813551,          0
  2619,    90,   77000000,   32472949,        0,  -44527051,          0
  2619,    91,   77000000,   33132708,        0,  -43867292,          0
  2619,    92,   77000000,   30248811,        0,  -46751189,          0
  2619,    93,   77000000,   35277087,        0,  -41722913,          0
  2619,    94,   77000000,   32133471,        0,  -44866529,          0
  2619,    95,   77000000,   31186439,        0,  -45813561,          0
  2619,    96,   77000000,   30205494,        0,  -46794506,          0
  2619,    97,   77000000,   33283393,        0,  -43716607,          0
  2619,    98,   77000000,   32221696,        0,  -44778304,          0
  2619,    99,   77000000,   31269584,        0,  -45730416,          0
  2619,   100,   77000000,   30240791,        0,  -46759209,          0
  2619,   101,   77000000,   33475802,        0,  -43524198,          0
  2619,   102,   77000000,   32265751,        0,  -44734249,          0
  2619,   103,   77000000,   31564655,        0,  -45435345,          0
  2619,   104,   77000000,   30154171,        0,  -46845829,          0
  2619,   105,   77000000,   33229530,        0,  -43770470,          0
  2619,   106,   77000000,   32269599,        0,  -44730401,          0
  2619,   107,   77000000,   33154783,        0,  -43845217,          0
  2619,   108,   77000000,   30151010,        0,  -46848990,          0
  2619,   109,   77000000,   33197067,        0,  -43802933,          0
  2619,   110,   77000000,   32156801,        0,  -44843199,          0
  2619,   111,   77000000,   31164678,        0,  -45835322,          0
  2619,   112,   77000000,   30194711,        0,  -46805289,          0
  2619,   113,   77000000,   33244657,        0,  -43755343,          0
  2619,   114,   77000000,   32447667,        0,  -44552333,          0
  2619,   115,   77000000,   31215967,        0,  -45784033,          0
  2619,   116,   77000000,   30484144,        0,  -46515856,          0
  2619,   117,   77000000,   33235649,        0,  -43764351,          0
  2619,   118,   77000000,   32196187,        0,  -44803813,          0
  2619,   119,   77000000,   31195656,        0,  -45804344,          0
  2619,   120,   77000000,   32191034,        0,  -44808966,          0
  2619,   121,   77000000,   33172940,        0,  -43827060,          0
  2619,   122,   77000000,   32141684,        0,  -44858316,          0
  2619,   123,   77000000,   31270575,        0,  -45729425,          0
  2619,   124,   77000000,   30349917,        0,  -46650083,          0
  2619,   125,   77000000,   33224171,        0,  -43775829,          0
  2619,   126,   77000000,   32134353,        0,  -44865647,          0
  2619,   127,   77000000,   32824907,        0,  -44175093,          0
  2619,   128,   77000000,   31715977,        0,  -45284023,          0
  2619,   129,   77000000,   33473064,        0,  -43526936,          0
  2619,   130,   77000000,   32228283,        0,  -44771717,          0
  2619,   131,   77000000,   31167033,        0,  -45832967,          0
  2619,   132,   77000000,   30458954,        0,  -46541046,          0
  2619,   133,   77000000,   33238470,        0,  -43761530,          0
# task NAME=myapp PID=2623 COST=13596000 PERIOD=73000000 CPU=0
  2623,     2,   73000000,      17008,        0,  -72982992,          0
  2623,     3,   73000000,     131050,        0,  -72868950,          0
  2623,     4,   73000000,   21575135,        0,  -51424865,          0
  2623,     5,   73000000,   24700844,        0,  -48299156,          0
  2623,     6,   73000000,   23651265,        0,  -49348735,          0
  2623,     7,   73000000,   23148056,        0,  -49851944,          0
  2623,     8,   73000000,   21601521,        0,  -51398479,          0
  2623,     9,   73000000,   24923203,        0,  -48076797,          0
  2623,    10,   73000000,   25621675,        0,  -47378325,          0
  2623,    11,   73000000,   22635402,        0,  -50364598,          0
  2623,    12,   73000000,   21711093,        0,  -51288907,          0
  2623,    13,   73000000,   24690494,        0,  -48309506,          0
  2623,    14,   73000000,   23742470,        0,  -49257530,          0
  2623,    15,   73000000,   22569579,        0,  -50430421,          0
  2623,    16,   73000000,   21635011,        0,  -51364989,          0
  2623,    17,   73000000,   24618770,        0,  -48381230,          0
  2623,    18,   73000000,   23658457,        0,  -49341543,          0
  2623,    19,   73000000,   22575971,        0,  -50424029,          0
  2623,    20,   73000000,   24410190,        0,  -48589810,          0
  2623,    21,   73000000,   24753153,        0,  -48246847,          0
  2623,    22,   73000000,   23607619,        0,  -49392381,          0
  2623,    23,   73000000,   22551408,        0,  -50448592,          0
  2623,    24,   73000000,   21640326,        0,  -51359674,          0
  2623,    25,   73000000,   24629614,        0,  -48370386,          0
  2623,    26,   73000000,   23641290,        0,  -49358710,          0
  2623,    27,   73000000,   22589616,        0,  -50410384,          0
  2623,    28,   73000000,   21833754,        0,  -51166246,          0
  2623,    29,   73000000,   24695247,        0,  -48304753,          0
  2623,    30,   73000000,   23657787,        0,  -49342213,          0
  2623,    31,   73000000,   22532529,        0,  -50467471,          0
  2623,    32,   73000000,   21621840,        0,  -51378160,          0
  2623,    33,   73000000,   24630783,        0,  -48369217,          0
  2623,    34,   73000000,   23620858,        0,  -49379142,          0
  2623,    35,   73000000,   22629212,        0,  -50370788,          0
  2623,    36,   73000000,   23578736,        0,  -49421264,          0
  2623,    37,   73000000,   24668663,        0,  -48331337,          0
  2623,    38,   73000000,   25721826,        0,  -47278174,          0
  2623,    39,   73000000,   22694277,        0,  -50305723,          0
  2623,    40,   73000000,   21824165,        0,  -51175835,          0
  2623,    41,   73000000,   24778941,        0,  -48221059,          0
  2623,    42,   73000000,   23600142,        0,  -49399858,          0
  2623,    43,   73000000,   22607371,        0,  -50392629,          0
  2623,    44,   73000000,   21602617,        0,  -51397383,          0
  2623,    45,   73000000,   24890021,        0,  -48109979,          0
  2623,    46,   73000000,   23668494,        0,  -49331506,          0
  2623,    47,   73000000,   22656730,        0,  -50343270,          0
  2623,    48,   73000000,   21640799,        0,  -51359201,          0
  2623,    49,   73000000,   24707924,        0,  -48292076,          0
  2623,    50,   73000000,   23733243,        0,  -49266757,          0
  2623,    51,   73000000,   22666667,        0,  -50333333,          0
  2623,    52,   73000000,   21889074,        0,  -51110926,          0
  2623,    53,   73000000,   24627071,        0,  -48372929,          0
  2623,    54,   73000000,   23670373,        0,  -49329627,          0
  2623,    55,   73000000,   22606842,        0,  -50393158,          0
  2623,    56,   73000000,   21631774,        0,  -51368226,          0
  2623,    57,   73000000,   24653939,        0,  -48346061,          0
  2623,    58,   73000000,   23727065,        0,  -49272935,          0
  2623,    59,   73000000,   22604676,        0,  -50395324,          0
  2623,    60,   73000000,   21724630,        0,  -51275370,          0
  2623,    61,   73000000,   24652498,        0,  -48347502,          0
  2623,    62,   73000000,   23620988,        0,  -49379012,          0
  2623,    63,   73000000,   22740154,        0,  -50259846,          0
  2623,    64,   73000000,   21871050,        0,  -51128950,          0
  2623,    65,   73000000,   24740760,        0,  -48259240,          0
  2623,    66,   73000000,   25215300,        0,  -47784700,          0
  2623,    67,   73000000,   22632116,        0,  -50367884,          0
  2623,    68,   73000000,   23593753,        0,  -49406247,          0
  2623,    69,   73000000,   24777478,        0,  -48222522,          0
  2623,    70,   73000000,   23607183,        0,  -49392817,          0
  2623,    71,   73000000,   24628011,        0,  -48371989,          0
  2623,    72,   73000000,   22577904,        0,  -50422096,          0
  2623,    73,   73000000,   24675831,        0,  -48324169,          0
  2623,    74,   73000000,   23884503,        0,  -49115497,          0
  2623,    75,   73000000,   22645286,        0,  -50354714,          0
  2623,    76,   73000000,   21593340,        0,  -51406660,          0
  2623,    77,   73000000,   24623919,        0,  -48376081,          0
  2623,    78,   73000000,   23699373,        0,  -49300627,          0
  2623,    79,   73000000,   24521125,        0,  -48478875,          0
  2623,    80,   73000000,   21707712,        0,  -51292288,          0
  2623,    81,   73000000,   24839209,        0,  -48160791,          0
  2623,    82,   73000000,   23713063,        0,  -49286937,          0
  2623,    83,   73000000,   22539863,        0,  -50460137,          0
  2623,    84,   73000000,   21667918,        0,  -51332082,          0
  2623,    85,   73000000,   25090378,        0,  -47909622,          0
  2623,    86,   73000000,   25817446,        0,  -47182554,          0
  2623,    87,   73000000,   22659006,        0,  -50340994,          0
  2623,    88,   73000000,   21608919,        0,  -51391081,          0
  2623,    89,   73000000,   24655798,        0,  -48344202,          0
  2623,    90,   73000000,   23659620,        0,  -49340380,          0
  2623,    91,   73000000,   22715608,        0,  -50284392,          0
  2623,    92,   73000000,   21646397,        0,  -51353603,          0
  2623,    93,   73000000,   24829344,        0,  -48170656,          0
  2623,    94,   73000000,   23691139,        0,  -49308861,          0
  2623,    95,   73000000,   22660827,        0,  -50339173,          0
  2623,    96,   73000000,   21617298,        0,  -51382702,          0
  2623,    97,   73000000,   25851836,        0,  -47148164,          0
  2623,    98,   73000000,   23749658,        0,  -49250342,          0
  2623,    99,   73000000,   22555875,        0,  -50444125,          0
  2623,   100,   73000000,   21603075,        0,  -51396925,          0
  2623,   101,   73000000,   24570301,        0,  -48429699,          0
  2623,   102,   73000000,   25634767,        0,  -47365233,          0
  2623,   103,   73000000,   24653642,        0,  -48346358,          0
  2623,   104,   73000000,   23596833,        0,  -49403167,          0
  2623,   105,   73000000,   24871033,        0,  -48128967,          0
  2623,   106,   73000000,   23661293,        0,  -49338707,          0
  2623,   107,   73000000,   22601377,        0,  -50398623,          0
  2623,   108,   73000000,   21595987,        0,  -51404013,          0
  2623,   109,   73000000,   24640842,        0,  -48359158,          0
  2623,   110,   73000000,   25585548,        0,  -47414452,          0
  2623,   111,   73000000,   22844281,        0,  -50155719,          0
  2623,   112,   73000000,   21580407,        0,  -51419593,          0
  2623,   113,   73000000,   24671891,        0,  -48328109,          0
  2623,   114,   73000000,   23589162,        0,  -49410838,          0
  2623,   115,   73000000,   22699030,        0,  -50300970,          0
  2623,   116,   73000000,   23283743,        0,  -49716257,          0
  2623,   117,   73000000,   24674125,        0,  -48325875,          0
  2623,   118,   73000000,   23660215,        0,  -49339785,          0
  2623,   119,   73000000,   22597075,        0,  -50402925,          0
  2623,   120,   73000000,   21606392,        0,  -51393608,          0
  2623,   121,   73000000,   24710811,        0,  -48289189,          0
  2623,   122,   73000000,   23918937,        0,  -49081063,          0
  2623,   123,   73000000,   22664158,        0,  -50335842,          0
  2623,   124,   73000000,   21667679,        0,  -51332321,          0
  2623,   125,   73000000,   24727580,        0,  -48272420,          0
  2623,   126,   73000000,   23761712,        0,  -49238288,          0
  2623,   127,   73000000,   22801134,        0,  -50198866,          0
  2623,   128,   73000000,   21630366,        0,  -51369634,          0
  2623,   129,   73000000,   24822186,        0,  -48177814,          0
  2623,   130,   73000000,   23663114,        0,  -49336886,          0
  2623,   131,   73000000,   22714645,        0,  -50285355,          0
  2623,   132,   73000000,   21686799,        0,  -51313201,          0
  2623,   133,   73000000,   24655487,        0,  -48344513,          0
  2623,   134,   73000000,   23583006,        0,  -49416994,          0
  2623,   135,   73000000,   22597226,        0,  -50402774,          0
  2623,   136,   73000000,   22877524,        0,  -50122476,          0
  2623,   137,   73000000,   24590671,        0,  -48409329,          0
  2623,   138,   73000000,   23574715,        0,  -49425285,          0
  2623,   139,   73000000,   22656396,        0,  -50343604,          0
  2623,   140,   73000000,   21615596,        0,  -51384404,          0
