# Task,   Job,     Period,   Response, DL Miss?,   Lateness,  Tardiness
# task NAME=myapp PID=25605 COST=4423000 PERIOD=12000000 CPU=0
 25605,     2,   12000000,       8791,        0,  -11991209,          0
 25605,     3,   12000000,     196997,        0,  -11803003,          0
 25605,     4,   12000000,    4839266,        0,   -7160734,          0
 25605,     5,   12000000,    4844244,        0,   -7155756,          0
 25605,     6,   12000000,    5592845,        0,   -6407155,          0
 25605,     7,   12000000,    4870328,        0,   -7129672,          0
 25605,     8,   12000000,    4833695,        0,   -7166305,          0
 25605,     9,   12000000,    4910346,        0,   -7089654,          0
 25605,    10,   12000000,    6822843,        0,   -5177157,          0
 25605,    11,   12000000,    5121838,        0,   -6878162,          0
 25605,    12,   12000000,    4806749,        0,   -7193251,          0
 25605,    13,   12000000,    6884035,        0,   -5115965,          0
 25605,    14,   12000000,    4804837,        0,   -7195163,          0
 25605,    15,   12000000,    4872091,        0,   -7127909,          0
 25605,    16,   12000000,    4844443,        0,   -7155557,          0
 25605,    17,   12000000,    4804462,        0,   -7195538,          0
 25605,    18,   12000000,    4916429,        0,   -7083571,          0
 25605,    19,   12000000,    6843497,        0,   -5156503,          0
 25605,    20,   12000000,    4905235,        0,   -7094765,          0
 25605,    21,   12000000,    6847375,        0,   -5152625,          0
 25605,    22,   12000000,    4840024,        0,   -7159976,          0
 25605,    23,   12000000,    4877230,        0,   -7122770,          0
 25605,    24,   12000000,    6836038,        0,   -5163962,          0
 25605,    25,   12000000,    4804910,        0,   -7195090,          0
 25605,    26,   12000000,    4875412,        0,   -7124588,          0
 25605,    27,   12000000,    6833693,        0,   -5166307,          0
 25605,    28,   12000000,    4863698,        0,   -7136302,          0
 25605,    29,   12000000,    4841889,        0,   -7158111,          0
 25605,    30,   12000000,    4895390,        0,   -7104610,          0
 25605,    31,   12000000,    6816829,        0,   -5183171,          0
 25605,    32,   12000000,    4830075,        0,   -7169925,          0
 25605,    33,   12000000,    4847406,        0,   -7152594,          0
 25605,    34,   12000000,    4829878,        0,   -7170122,          0
 25605,    35,   12000000,    4835803,        0,   -7164197,          0
 25605,    36,   12000000,    4845750,        0,   -7154250,          0
 25605,    37,   12000000,    4824911,        0,   -7175089,          0
 25605,    38,   12000000,    4834718,        0,   -7165282,          0
 25605,    39,   12000000,    4856045,        0,   -7143955,          0
 25605,    40,   12000000,    4879681,        0,   -7120319,          0
 25605,    41,   12000000,    5279526,        0,   -6720474,          0
 25605,    42,   12000000,    4863281,        0,   -7136719,          0
 25605,    43,   12000000,    6852966,        0,   -5147034,          0
 25605,    44,   12000000,    4833067,        0,   -7166933,          0
 25605,    45,   12000000,    4859548,        0,   -7140452,          0
 25605,    46,   12000000,    4857423,        0,   -7142577,          0
 25605,    47,   12000000,    4857425,        0,   -7142575,          0
 25605,    48,   12000000,    5915441,        0,   -6084559,          0
 25605,    49,   12000000,    6145692,        0,   -5854308,          0
 25605,    50,   12000000,    4936576,        0,   -7063424,          0
 25605,    51,   12000000,    4873149,        0,   -7126851,          0
 25605,    52,   12000000,    4879115,        0,   -7120885,          0
 25605,    53,   12000000,    4833827,        0,   -7166173,          0
 25605,    54,   12000000,    4849994,        0,   -7150006,          0
 25605,    55,   12000000,    4815033,        0,   -7184967,          0
 25605,    56,   12000000,    4848240,        0,   -7151760,          0
 25605,    57,   12000000,    5023505,        0,   -6976495,          0
 25605,    58,   12000000,    6470626,        0,   -5529374,          0
 25605,    59,   12000000,    6912930,        0,   -5087070,          0
 25605,    60,   12000000,    4860493,        0,   -7139507,          0
 25605,    61,   12000000,    4839431,        0,   -7160569,          0
 25605,    62,   12000000,    4890236,        0,   -7109764,          0
 25605,    63,   12000000,    5158345,        0,   -6841655,          0
 25605,    64,   12000000,    6868949,        0,   -5131051,          0
 25605,    65,   12000000,    6832445,        0,   -5167555,          0
 25605,    66,   12000000,    6323372,        0,   -5676628,          0
 25605,    67,   12000000,    6817014,        0,   -5182986,          0
 25605,    68,   12000000,    4847168,        0,   -7152832,          0
 25605,    69,   12000000,    4817133,        0,   -7182867,          0
 25605,    70,   12000000,    6873096,        0,   -5126904,          0
 25605,    71,   12000000,    4854027,        0,   -7145973,          0
 25605,    72,   12000000,    5731352,        0,   -6268648,          0
 25605,    73,   12000000,    6835996,        0,   -5164004,          0
 25605,    74,   12000000,    4868371,        0,   -7131629,          0
 25605,    75,   12000000,    4905943,        0,   -7094057,          0
 25605,    76,   12000000,    4948981,        0,   -7051019,          0
 25605,    77,   12000000,    4901089,        0,   -7098911,          0
 25605,    78,   12000000,    6865005,        0,   -5134995,          0
 25605,    79,   12000000,    4902711,        0,   -7097289,          0
 25605,    80,   12000000,    5949188,        0,   -6050812,          0
 25605,    81,   12000000,    4837089,        0,   -7162911,          0
 25605,    82,   12000000,    5870102,        0,   -6129898,          0
 25605,    83,   12000000,    4848843,        0,   -7151157,          0
 25605,    84,   12000000,    5130949,        0,   -6869051,          0
 25605,    85,   12000000,    6827266,        0,   -5172734,          0
 25605,    86,   12000000,    4855942,        0,   -7144058,          0
 25605,    87,   12000000,    4846853,        0,   -7153147,          0
 25605,    88,   12000000,    5834217,        0,   -6165783,          0
 25605,    89,   12000000,    4822457,        0,   -7177543,          0
 25605,    90,   12000000,    4839756,        0,   -7160244,          0
 25605,    91,   12000000,    4896716,        0,   -7103284,          0
 25605,    92,   12000000,    4868383,        0,   -7131617,          0
 25605,    93,   12000000,    6870193,        0,   -5129807,          0
 25605,    94,   12000000,    6882149,        0,   -5117851,          0
 25605,    95,   12000000,    6880904,        0,   -5119096,          0
 25605,    96,   12000000,    6647384,        0,   -5352616,          0
 25605,    97,   12000000,    4847477,        0,   -7152523,          0
 25605,    98,   12000000,    4867523,        0,   -7132477,          0
 25605,    99,   12000000,    6852022,        0,   -5147978,          0
 25605,   100,   12000000,    6878451,        0,   -5121549,          0
 25605,   101,   12000000,    6847743,        0,   -5152257,          0
 25605,   102,   12000000,    6856267,        0,   -5143733,          0
 25605,   103,   12000000,    4868625,        0,   -7131375,          0
 25605,   104,   12000000,    4852972,        0,   -7147028,          0
 25605,   105,   12000000,    4899913,        0,   -7100087,          0
 25605,   106,   12000000,    6828000,        0,   -5172000,          0
 25605,   107,   12000000,    4855333,        0,   -7144667,          0
 25605,   108,   12000000,    4826194,        0,   -7173806,          0
 25605,   109,   12000000,    6856163,        0,   -5143837,          0
 25605,   110,   12000000,    5530317,        0,   -6469683,          0
 25605,   111,   12000000,    4907179,        0,   -7092821,          0
 25605,   112,   12000000,    4844885,        0,   -7155115,          0
 25605,   113,   12000000,    4868928,        0,   -7131072,          0
 25605,   114,   12000000,    4877060,        0,   -7122940,          0
 25605,   115,   12000000,    6261950,        0,   -5738050,          0
 25605,   116,   12000000,    4856074,        0,   -7143926,          0
 25605,   117,   12000000,    6859985,        0,   -5140015,          0
 25605,   118,   12000000,    6884129,        0,   -5115871,          0
 25605,   119,   12000000,    4906448,        0,   -7093552,          0
 25605,   120,   12000000,    4880484,        0,   -7119516,          0
 25605,   121,   12000000,    4858440,        0,   -7141560,          0
 25605,   122,   12000000,    6884456,        0,   -5115544,          0
 25605,   123,   12000000,    4826975,        0,   -7173025,          0
 25605,   124,   12000000,    5811386,        0,   -6188614,          0
 25605,   125,   12000000,    4846239,        0,   -7153761,          0
 25605,   126,   12000000,    4907860,        0,   -7092140,          0
 25605,   127,   12000000,    4869124,        0,   -7130876,          0
 25605,   128,   12000000,    4852494,        0,   -7147506,          0
 25605,   129,   12000000,    4855333,        0,   -7144667,          0
 25605,   130,   12000000,    4826731,        0,   -7173269,          0
 25605,   131,   12000000,    5503802,        0,   -6496198,          0
 25605,   132,   12000000,    6279981,        0,   -5720019,          0
 25605,   133,   12000000,    4844632,        0,   -7155368,          0
 25605,   134,   12000000,    6158772,        0,   -5841228,          0
 25605,   135,   12000000,    4886710,        0,   -7113290,          0
 25605,   136,   12000000,    5160420,        0,   -6839580,          0
 25605,   137,   12000000,    6839586,        0,   -5160414,          0
 25605,   138,   12000000,    6846484,        0,   -5153516,          0
 25605,   139,   12000000,    4910371,        0,   -7089629,          0
 25605,   140,   12000000,    4897037,        0,   -7102963,          0
 25605,   141,   12000000,    4815281,        0,   -7184719,          0
 25605,   142,   12000000,    4822516,        0,   -7177484,          0
 25605,   143,   12000000,    4868652,        0,   -7131348,          0
 25605,   144,   12000000,    4857694,        0,   -7142306,          0
 25605,   145,   12000000,    6961643,        0,   -5038357,          0
 25605,   146,   12000000,    6860168,        0,   -5139832,          0
 25605,   147,   12000000,    6833819,        0,   -5166181,          0
 25605,   148,   12000000,    4939922,        0,   -7060078,          0
 25605,   149,   12000000,    4829128,        0,   -7170872,          0
 25605,   150,   12000000,    6209013,        0,   -5790987,          0
 25605,   151,   12000000,    6851008,        0,   -5148992,          0
 25605,   152,   12000000,    6855631,        0,   -5144369,          0
 25605,   153,   12000000,    4867101,        0,   -7132899,          0
 25605,   154,   12000000,    6169361,        0,   -5830639,          0
 25605,   155,   12000000,    4832272,        0,   -7167728,          0
 25605,   156,   12000000,    4845730,        0,   -7154270,          0
 25605,   157,   12000000,    4890279,        0,   -7109721,          0
 25605,   158,   12000000,    4828592,        0,   -7171408,          0
 25605,   159,   12000000,    5858415,        0,   -6141585,          0
 25605,   160,   12000000,    6907165,        0,   -5092835,          0
 25605,   161,   12000000,    6803133,        0,   -5196867,          0
 25605,   162,   12000000,    6360757,        0,   -5639243,          0
 25605,   163,   12000000,    4850939,        0,   -7149061,          0
 25605,   164,   12000000,    5829410,        0,   -6170590,          0
 25605,   165,   12000000,    4913338,        0,   -7086662,          0
 25605,   166,   12000000,    6847539,        0,   -5152461,          0
 25605,   167,   12000000,    6881119,        0,   -5118881,          0
 25605,   168,   12000000,    6826383,        0,   -5173617,          0
 25605,   169,   12000000,    6879522,        0,   -5120478,          0
 25605,   170,   12000000,    6908414,        0,   -5091586,          0
 25605,   171,   12000000,    4912304,        0,   -7087696,          0
 25605,   172,   12000000,    4893950,        0,   -7106050,          0
 25605,   173,   12000000,    4899450,        0,   -7100550,          0
 25605,   174,   12000000,    4852337,        0,   -7147663,          0
 25605,   175,   12000000,    6850375,        0,   -5149625,          0
 25605,   176,   12000000,    6833063,        0,   -5166937,          0
 25605,   177,   12000000,    6816957,        0,   -5183043,          0
 25605,   178,   12000000,    6000065,        0,   -5999935,          0
 25605,   179,   12000000,    4891904,        0,   -7108096,          0
 25605,   180,   12000000,    4849764,        0,   -7150236,          0
 25605,   181,   12000000,    4822846,        0,   -7177154,          0
 25605,   182,   12000000,    6858097,        0,   -5141903,          0
 25605,   183,   12000000,    6871874,        0,   -5128126,          0
 25605,   184,   12000000,    4841019,        0,   -7158981,          0
 25605,   185,   12000000,    4877791,        0,   -7122209,          0
 25605,   186,   12000000,    6342129,        0,   -5657871,          0
 25605,   187,   12000000,    4908803,        0,   -7091197,          0
 25605,   188,   12000000,    5127492,        0,   -6872508,          0
 25605,   189,   12000000,    6884491,        0,   -5115509,          0
 25605,   190,   12000000,    6895144,        0,   -5104856,          0
 25605,   191,   12000000,    5979890,        0,   -6020110,          0
 25605,   192,   12000000,    6441779,        0,   -5558221,          0
 25605,   193,   12000000,    4870979,        0,   -7129021,          0
 25605,   194,   12000000,    4828655,        0,   -7171345,          0
 25605,   195,   12000000,    6860165,        0,   -5139835,          0
 25605,   196,   12000000,    6841615,        0,   -5158385,          0
 25605,   197,   12000000,    6877553,        0,   -5122447,          0
 25605,   198,   12000000,    4830644,        0,   -7169356,          0
 25605,   199,   12000000,    4850906,        0,   -7149094,          0
 25605,   200,   12000000,    6850040,        0,   -5149960,          0
 25605,   201,   12000000,    6873012,        0,   -5126988,          0
 25605,   202,   12000000,    6854067,        0,   -5145933,          0
 25605,   203,   12000000,    6862425,        0,   -5137575,          0
 25605,   204,   12000000,    4871914,        0,   -7128086,          0
 25605,   205,   12000000,    4877001,        0,   -7122999,          0
 25605,   206,   12000000,    6848488,        0,   -5151512,          0
 25605,   207,   12000000,    4879805,        0,   -7120195,          0
 25605,   208,   12000000,    4865112,        0,   -7134888,          0
 25605,   209,   12000000,    5130400,        0,   -6869600,          0
 25605,   210,   12000000,    5765924,        0,   -6234076,          0
 25605,   211,   12000000,    4854295,        0,   -7145705,          0
 25605,   212,   12000000,    6830516,        0,   -5169484,          0
 25605,   213,   12000000,    4851067,        0,   -7148933,          0
 25605,   214,   12000000,    5449254,        0,   -6550746,          0
 25605,   215,   12000000,    4901798,        0,   -7098202,          0
 25605,   216,   12000000,    4869526,        0,   -7130474,          0
 25605,   217,   12000000,    6877059,        0,   -5122941,          0
 25605,   218,   12000000,    6166467,        0,   -5833533,          0
 25605,   219,   12000000,    4863933,        0,   -7136067,          0
 25605,   220,   12000000,    4863407,        0,   -7136593,          0
 25605,   221,   12000000,    4931171,        0,   -7068829,          0
 25605,   222,   12000000,    4890612,        0,   -7109388,          0
 25605,   223,   12000000,    4831159,        0,   -7168841,          0
 25605,   224,   12000000,    5852131,        0,   -6147869,          0
 25605,   225,   12000000,    5359886,        0,   -6640114,          0
 25605,   226,   12000000,    4944523,        0,   -7055477,          0
 25605,   227,   12000000,    5955381,        0,   -6044619,          0
 25605,   228,   12000000,    6846864,        0,   -5153136,          0
 25605,   229,   12000000,    6558209,        0,   -5441791,          0
 25605,   230,   12000000,    5553740,        0,   -6446260,          0
 25605,   231,   12000000,    4873635,        0,   -7126365,          0
 25605,   232,   12000000,    6853550,        0,   -5146450,          0
 25605,   233,   12000000,    6793068,        0,   -5206932,          0
 25605,   234,   12000000,    4862941,        0,   -7137059,          0
 25605,   235,   12000000,    6832328,        0,   -5167672,          0
 25605,   236,   12000000,    4856564,        0,   -7143436,          0
 25605,   237,   12000000,    4853307,        0,   -7146693,          0
 25605,   238,   12000000,    4842451,        0,   -7157549,          0
 25605,   239,   12000000,    4926782,        0,   -7073218,          0
 25605,   240,   12000000,    7127714,        0,   -4872286,          0
 25605,   241,   12000000,    6924023,        0,   -5075977,          0
 25605,   242,   12000000,    4879173,        0,   -7120827,          0
 25605,   243,   12000000,    5337683,        0,   -6662317,          0
 25605,   244,   12000000,    4855450,        0,   -7144550,          0
 25605,   245,   12000000,    4955473,        0,   -7044527,          0
 25605,   246,   12000000,    6044011,        0,   -5955989,          0
 25605,   247,   12000000,    4866034,        0,   -7133966,          0
 25605,   248,   12000000,    6844653,        0,   -5155347,          0
 25605,   249,   12000000,    6846675,        0,   -5153325,          0
 25605,   250,   12000000,    4873510,        0,   -7126490,          0
 25605,   251,   12000000,    4841788,        0,   -7158212,          0
 25605,   252,   12000000,    5966461,        0,   -6033539,          0
 25605,   253,   12000000,    6903523,        0,   -5096477,          0
 25605,   254,   12000000,    6851417,        0,   -5148583,          0
 25605,   255,   12000000,    4869597,        0,   -7130403,          0
 25605,   256,   12000000,    6894700,        0,   -5105300,          0
 25605,   257,   12000000,    6890913,        0,   -5109087,          0
 25605,   258,   12000000,    6855385,        0,   -5144615,          0
 25605,   259,   12000000,    6842857,        0,   -5157143,          0
 25605,   260,   12000000,    6855375,        0,   -5144625,          0
 25605,   261,   12000000,    7197167,        0,   -4802833,          0
 25605,   262,   12000000,    4841553,        0,   -7158447,          0
 25605,   263,   12000000,    4856031,        0,   -7143969,          0
 25605,   264,   12000000,    6835965,        0,   -5164035,          0
 25605,   265,   12000000,    6833503,        0,   -5166497,          0
 25605,   266,   12000000,    4821649,        0,   -7178351,          0
 25605,   267,   12000000,    5786207,        0,   -6213793,          0
 25605,   268,   12000000,    4925782,        0,   -7074218,          0
 25605,   269,   12000000,    6874271,        0,   -5125729,          0
 25605,   270,   12000000,    4867385,        0,   -7132615,          0
 25605,   271,   12000000,    4830124,        0,   -7169876,          0
 25605,   272,   12000000,    5902332,        0,   -6097668,          0
 25605,   273,   12000000,    6187545,        0,   -5812455,          0
 25605,   274,   12000000,    4908627,        0,   -7091373,          0
 25605,   275,   12000000,    4900875,        0,   -7099125,          0
 25605,   276,   12000000,    5946935,        0,   -6053065,          0
 25605,   277,   12000000,    4901849,        0,   -7098151,          0
 25605,   278,   12000000,    4852514,        0,   -7147486,          0
 25605,   279,   12000000,    5533715,        0,   -6466285,          0
 25605,   280,   12000000,    4867628,        0,   -7132372,          0
 25605,   281,   12000000,    6196888,        0,   -5803112,          0
 25605,   282,   12000000,    4868272,        0,   -7131728,          0
 25605,   283,   12000000,    5994530,        0,   -6005470,          0
 25605,   284,   12000000,    4913662,        0,   -7086338,          0
 25605,   285,   12000000,    4854174,        0,   -7145826,          0
 25605,   286,   12000000,    6848715,        0,   -5151285,          0
 25605,   287,   12000000,    4864802,        0,   -7135198,          0
 25605,   288,   12000000,    4876349,        0,   -7123651,          0
 25605,   289,   12000000,    4829642,        0,   -7170358,          0
 25605,   290,   12000000,    4842701,        0,   -7157299,          0
 25605,   291,   12000000,    4935092,        0,   -7064908,          0
 25605,   292,   12000000,    4901486,        0,   -7098514,          0
 25605,   293,   12000000,    4854269,        0,   -7145731,          0
 25605,   294,   12000000,    5052945,        0,   -6947055,          0
 25605,   295,   12000000,    4922983,        0,   -7077017,          0
 25605,   296,   12000000,    4811899,        0,   -7188101,          0
 25605,   297,   12000000,    4815710,        0,   -7184290,          0
 25605,   298,   12000000,    4865715,        0,   -7134285,          0
 25605,   299,   12000000,    4871601,        0,   -7128399,          0
 25605,   300,   12000000,    4843211,        0,   -7156789,          0
 25605,   301,   12000000,    4860597,        0,   -7139403,          0
 25605,   302,   12000000,    5861230,        0,   -6138770,          0
 25605,   303,   12000000,    5769350,        0,   -6230650,          0
 25605,   304,   12000000,    4902016,        0,   -7097984,          0
 25605,   305,   12000000,    4881273,        0,   -7118727,          0
 25605,   306,   12000000,    4883644,        0,   -7116356,          0
 25605,   307,   12000000,    6831111,        0,   -5168889,          0
 25605,   308,   12000000,    4858128,        0,   -7141872,          0
 25605,   309,   12000000,    4817766,        0,   -7182234,          0
 25605,   310,   12000000,    4858793,        0,   -7141207,          0
 25605,   311,   12000000,    4855405,        0,   -7144595,          0
 25605,   312,   12000000,    4851235,        0,   -7148765,          0
 25605,   313,   12000000,    4935300,        0,   -7064700,          0
 25605,   314,   12000000,    4853794,        0,   -7146206,          0
 25605,   315,   12000000,    4987923,        0,   -7012077,          0
 25605,   316,   12000000,    4848092,        0,   -7151908,          0
 25605,   317,   12000000,    4857517,        0,   -7142483,          0
 25605,   318,   12000000,    4870045,        0,   -7129955,          0
 25605,   319,   12000000,    4848862,        0,   -7151138,          0
 25605,   320,   12000000,    5327529,        0,   -6672471,          0
 25605,   321,   12000000,    4836267,        0,   -7163733,          0
 25605,   322,   12000000,    4798430,        0,   -7201570,          0
 25605,   323,   12000000,    4845705,        0,   -7154295,          0
 25605,   324,   12000000,    4899319,        0,   -7100681,          0
 25605,   325,   12000000,    6848401,        0,   -5151599,          0
 25605,   326,   12000000,    6436723,        0,   -5563277,          0
 25605,   327,   12000000,    4895207,        0,   -7104793,          0
 25605,   328,   12000000,    4850840,        0,   -7149160,          0
 25605,   329,   12000000,    4937661,        0,   -7062339,          0
 25605,   330,   12000000,    6242082,        0,   -5757918,          0
 25605,   331,   12000000,    4871351,        0,   -7128649,          0
 25605,   332,   12000000,    6140107,        0,   -5859893,          0
 25605,   333,   12000000,    6859468,        0,   -5140532,          0
 25605,   334,   12000000,    5149097,        0,   -6850903,          0
 25605,   335,   12000000,    4857498,        0,   -7142502,          0
 25605,   336,   12000000,    4824945,        0,   -7175055,          0
 25605,   337,   12000000,    4845398,        0,   -7154602,          0
 25605,   338,   12000000,    4881550,        0,   -7118450,          0
 25605,   339,   12000000,    4879351,        0,   -7120649,          0
 25605,   340,   12000000,    4908278,        0,   -7091722,          0
 25605,   341,   12000000,    4870538,        0,   -7129462,          0
 25605,   342,   12000000,    6876556,        0,   -5123444,          0
 25605,   343,   12000000,    6865089,        0,   -5134911,          0
 25605,   344,   12000000,    6919220,        0,   -5080780,          0
 25605,   345,   12000000,    4845192,        0,   -7154808,          0
 25605,   346,   12000000,    4855987,        0,   -7144013,          0
 25605,   347,   12000000,    4868167,        0,   -7131833,          0
 25605,   348,   12000000,    6841729,        0,   -5158271,          0
 25605,   349,   12000000,    4921897,        0,   -7078103,          0
 25605,   350,   12000000,    6846655,        0,   -5153345,          0
 25605,   351,   12000000,    6881964,        0,   -5118036,          0
 25605,   352,   12000000,    6888550,        0,   -5111450,          0
 25605,   353,   12000000,    6882623,        0,   -5117377,          0
 25605,   354,   12000000,    4860411,        0,   -7139589,          0
 25605,   355,   12000000,    4868386,        0,   -7131614,          0
 25605,   356,   12000000,    4943355,        0,   -7056645,          0
 25605,   357,   12000000,    6876607,        0,   -5123393,          0
 25605,   358,   12000000,    4908418,        0,   -7091582,          0
 25605,   359,   12000000,    5936426,        0,   -6063574,          0
 25605,   360,   12000000,    6852256,        0,   -5147744,          0
 25605,   361,   12000000,    4978473,        0,   -7021527,          0
 25605,   362,   12000000,    5830933,        0,   -6169067,          0
 25605,   363,   12000000,    4967449,        0,   -7032551,          0
 25605,   364,   12000000,    4832325,        0,   -7167675,          0
 25605,   365,   12000000,    5139162,        0,   -6860838,          0
 25605,   366,   12000000,    4873299,        0,   -7126701,          0
 25605,   367,   12000000,    4834117,        0,   -7165883,          0
 25605,   368,   12000000,    4894239,        0,   -7105761,          0
 25605,   369,   12000000,    5110335,        0,   -6889665,          0
 25605,   370,   12000000,    6911397,        0,   -5088603,          0
 25605,   371,   12000000,    4887090,        0,   -7112910,          0
 25605,   372,   12000000,    6864093,        0,   -5135907,          0
 25605,   373,   12000000,    4934062,        0,   -7065938,          0
 25605,   374,   12000000,    6843608,        0,   -5156392,          0
 25605,   375,   12000000,    6887743,        0,   -5112257,          0
 25605,   376,   12000000,    6831947,        0,   -5168053,          0
 25605,   377,   12000000,    4833571,        0,   -7166429,          0
 25605,   378,   12000000,    5554418,        0,   -6445582,          0
 25605,   379,   12000000,    4848910,        0,   -7151090,          0
 25605,   380,   12000000,    4857689,        0,   -7142311,          0
 25605,   381,   12000000,    6803814,        0,   -5196186,          0
 25605,   382,   12000000,    6885974,        0,   -5114026,          0
 25605,   383,   12000000,    6926141,        0,   -5073859,          0
 25605,   384,   12000000,    6815692,        0,   -5184308,          0
 25605,   385,   12000000,    4873861,        0,   -7126139,          0
 25605,   386,   12000000,    5173349,        0,   -6826651,          0
 25605,   387,   12000000,    6839574,        0,   -5160426,          0
 25605,   388,   12000000,    6313120,        0,   -5686880,          0
 25605,   389,   12000000,    4847204,        0,   -7152796,          0
 25605,   390,   12000000,    6589975,        0,   -5410025,          0
 25605,   391,   12000000,    6844732,        0,   -5155268,          0
 25605,   392,   12000000,    4912787,        0,   -7087213,          0
 25605,   393,   12000000,    4814866,        0,   -7185134,          0
 25605,   394,   12000000,    6896841,        0,   -5103159,          0
 25605,   395,   12000000,    4887493,        0,   -7112507,          0
 25605,   396,   12000000,    6941132,        0,   -5058868,          0
 25605,   397,   12000000,    6871160,        0,   -5128840,          0
 25605,   398,   12000000,    6852543,        0,   -5147457,          0
 25605,   399,   12000000,    4841696,        0,   -7158304,          0
 25605,   400,   12000000,    4891739,        0,   -7108261,          0
 25605,   401,   12000000,    6855605,        0,   -5144395,          0
 25605,   402,   12000000,    4874987,        0,   -7125013,          0
 25605,   403,   12000000,    6857048,        0,   -5142952,          0
 25605,   404,   12000000,    4865914,        0,   -7134086,          0
 25605,   405,   12000000,    6840637,        0,   -5159363,          0
 25605,   406,   12000000,    6846736,        0,   -5153264,          0
 25605,   407,   12000000,    4821510,        0,   -7178490,          0
 25605,   408,   12000000,    4832661,        0,   -7167339,          0
 25605,   409,   12000000,    4829526,        0,   -7170474,          0
 25605,   410,   12000000,    4873081,        0,   -7126919,          0
 25605,   411,   12000000,    6876906,        0,   -5123094,          0
 25605,   412,   12000000,    6796555,        0,   -5203445,          0
 25605,   413,   12000000,    4827962,        0,   -7172038,          0
 25605,   414,   12000000,    6828295,        0,   -5171705,          0
 25605,   415,   12000000,    6816224,        0,   -5183776,          0
 25605,   416,   12000000,    6834456,        0,   -5165544,          0
 25605,   417,   12000000,    4906474,        0,   -7093526,          0
 25605,   418,   12000000,    5828375,        0,   -6171625,          0
 25605,   419,   12000000,    4893665,        0,   -7106335,          0
 25605,   420,   12000000,    6871430,        0,   -5128570,          0
 25605,   421,   12000000,    4869548,        0,   -7130452,          0
 25605,   422,   12000000,    5383117,        0,   -6616883,          0
 25605,   423,   12000000,    6869189,        0,   -5130811,          0
 25605,   424,   12000000,    6903852,        0,   -5096148,          0
 25605,   425,   12000000,    4842087,        0,   -7157913,          0
 25605,   426,   12000000,    4863837,        0,   -7136163,          0
 25605,   427,   12000000,    6845372,        0,   -5154628,          0
 25605,   428,   12000000,    4836935,        0,   -7163065,          0
 25605,   429,   12000000,    4869346,        0,   -7130654,          0
 25605,   430,   12000000,    6842913,        0,   -5157087,          0
 25605,   431,   12000000,    6830409,        0,   -5169591,          0
 25605,   432,   12000000,    4865764,        0,   -7134236,          0
 25605,   433,   12000000,    6856987,        0,   -5143013,          0
 25605,   434,   12000000,    4823632,        0,   -7176368,          0
 25605,   435,   12000000,    4828179,        0,   -7171821,          0
 25605,   436,   12000000,    4894270,        0,   -7105730,          0
 25605,   437,   12000000,    5076043,        0,   -6923957,          0
 25605,   438,   12000000,    5269322,        0,   -6730678,          0
 25605,   439,   12000000,    6844297,        0,   -5155703,          0
 25605,   440,   12000000,    4873898,        0,   -7126102,          0
 25605,   441,   12000000,    4890848,        0,   -7109152,          0
 25605,   442,   12000000,    4824707,        0,   -7175293,          0
 25605,   443,   12000000,    4858177,        0,   -7141823,          0
 25605,   444,   12000000,    6826138,        0,   -5173862,          0
 25605,   445,   12000000,    4840374,        0,   -7159626,          0
 25605,   446,   12000000,    4957145,        0,   -7042855,          0
 25605,   447,   12000000,    6841331,        0,   -5158669,          0
 25605,   448,   12000000,    4883993,        0,   -7116007,          0
 25605,   449,   12000000,    6106296,        0,   -5893704,          0
 25605,   450,   12000000,    4814788,        0,   -7185212,          0
 25605,   451,   12000000,    6863157,        0,   -5136843,          0
 25605,   452,   12000000,    5941365,        0,   -6058635,          0
 25605,   453,   12000000,    5058410,        0,   -6941590,          0
 25605,   454,   12000000,    5433618,        0,   -6566382,          0
 25605,   455,   12000000,    4925997,        0,   -7074003,          0
 25605,   456,   12000000,    8981910,        0,   -3018090,          0
 25605,   457,   12000000,    4885559,        0,   -7114441,          0
 25605,   458,   12000000,    4911092,        0,   -7088908,          0
 25605,   459,   12000000,    7112592,        0,   -4887408,          0
 25605,   460,   12000000,    4844207,        0,   -7155793,          0
 25605,   461,   12000000,    6861694,        0,   -5138306,          0
 25605,   462,   12000000,    6861578,        0,   -5138422,          0
 25605,   463,   12000000,    6834915,        0,   -5165085,          0
 25605,   464,   12000000,    4827742,        0,   -7172258,          0
 25605,   465,   12000000,    5475998,        0,   -6524002,          0
 25605,   466,   12000000,    6840969,        0,   -5159031,          0
 25605,   467,   12000000,    4842417,        0,   -7157583,          0
 25605,   468,   12000000,    5891901,        0,   -6108099,          0
 25605,   469,   12000000,    6996570,        0,   -5003430,          0
 25605,   470,   12000000,    6867429,        0,   -5132571,          0
 25605,   471,   12000000,    4842724,        0,   -7157276,          0
 25605,   472,   12000000,    4861647,        0,   -7138353,          0
 25605,   473,   12000000,    4864183,        0,   -7135817,          0
 25605,   474,   12000000,    4873219,        0,   -7126781,          0
 25605,   475,   12000000,    4894003,        0,   -7105997,          0
 25605,   476,   12000000,    4868139,        0,   -7131861,          0
 25605,   477,   12000000,    6909054,        0,   -5090946,          0
 25605,   478,   12000000,    4840616,        0,   -7159384,          0
 25605,   479,   12000000,    4833437,        0,   -7166563,          0
 25605,   480,   12000000,    4942869,        0,   -7057131,          0
 25605,   481,   12000000,    4842568,        0,   -7157432,          0
 25605,   482,   12000000,    4861905,        0,   -7138095,          0
 25605,   483,   12000000,    6836650,        0,   -5163350,          0
 25605,   484,   12000000,    4852041,        0,   -7147959,          0
 25605,   485,   12000000,    4840049,        0,   -7159951,          0
 25605,   486,   12000000,    6855317,        0,   -5144683,          0
 25605,   487,   12000000,    4840819,        0,   -7159181,          0
 25605,   488,   12000000,    5049342,        0,   -6950658,          0
 25605,   489,   12000000,    4919153,        0,   -7080847,          0
 25605,   490,   12000000,    5172768,        0,   -6827232,          0
 25605,   491,   12000000,    4863782,        0,   -7136218,          0
 25605,   492,   12000000,    4831942,        0,   -7168058,          0
 25605,   493,   12000000,    4815894,        0,   -7184106,          0
 25605,   494,   12000000,    4946738,        0,   -7053262,          0
 25605,   495,   12000000,    4957742,        0,   -7042258,          0
 25605,   496,   12000000,    4857289,        0,   -7142711,          0
 25605,   497,   12000000,    4954172,        0,   -7045828,          0
 25605,   498,   12000000,    4866354,        0,   -7133646,          0
 25605,   499,   12000000,    4872886,        0,   -7127114,          0
 25605,   500,   12000000,    4856070,        0,   -7143930,          0
 25605,   501,   12000000,    6850086,        0,   -5149914,          0
 25605,   502,   12000000,    6813023,        0,   -5186977,          0
 25605,   503,   12000000,    4874687,        0,   -7125313,          0
 25605,   504,   12000000,    6661777,        0,   -5338223,          0
 25605,   505,   12000000,    4858280,        0,   -7141720,          0
 25605,   506,   12000000,    6861952,        0,   -5138048,          0
 25605,   507,   12000000,    6897002,        0,   -5102998,          0
 25605,   508,   12000000,    6845347,        0,   -5154653,          0
 25605,   509,   12000000,    6873430,        0,   -5126570,          0
 25605,   510,   12000000,    6814856,        0,   -5185144,          0
 25605,   511,   12000000,    5175464,        0,   -6824536,          0
 25605,   512,   12000000,    4873116,        0,   -7126884,          0
 25605,   513,   12000000,    5753316,        0,   -6246684,          0
 25605,   514,   12000000,    6887859,        0,   -5112141,          0
 25605,   515,   12000000,    6853994,        0,   -5146006,          0
 25605,   516,   12000000,    4893891,        0,   -7106109,          0
 25605,   517,   12000000,    5688458,        0,   -6311542,          0
 25605,   518,   12000000,    4921270,        0,   -7078730,          0
 25605,   519,   12000000,    4830013,        0,   -7169987,          0
 25605,   520,   12000000,    4847370,        0,   -7152630,          0
 25605,   521,   12000000,    6949962,        0,   -5050038,          0
 25605,   522,   12000000,    4827399,        0,   -7172601,          0
 25605,   523,   12000000,    6883480,        0,   -5116520,          0
 25605,   524,   12000000,    6883480,        0,   -5116520,          0
 25605,   525,   12000000,    4833918,        0,   -7166082,          0
 25605,   526,   12000000,    6878280,        0,   -5121720,          0
 25605,   527,   12000000,    4906457,        0,   -7093543,          0
 25605,   528,   12000000,    5150757,        0,   -6849243,          0
 25605,   529,   12000000,    4861312,        0,   -7138688,          0
 25605,   530,   12000000,    4902189,        0,   -7097811,          0
 25605,   531,   12000000,    4864067,        0,   -7135933,          0
 25605,   532,   12000000,    5508869,        0,   -6491131,          0
 25605,   533,   12000000,    4849580,        0,   -7150420,          0
 25605,   534,   12000000,    4858035,        0,   -7141965,          0
 25605,   535,   12000000,    4851714,        0,   -7148286,          0
 25605,   536,   12000000,    6899481,        0,   -5100519,          0
 25605,   537,   12000000,    4877529,        0,   -7122471,          0
 25605,   538,   12000000,    4897443,        0,   -7102557,          0
 25605,   539,   12000000,    4864450,        0,   -7135550,          0
 25605,   540,   12000000,    4840185,        0,   -7159815,          0
 25605,   541,   12000000,    4851937,        0,   -7148063,          0
 25605,   542,   12000000,    6622227,        0,   -5377773,          0
 25605,   543,   12000000,    6862065,        0,   -5137935,          0
 25605,   544,   12000000,    5947304,        0,   -6052696,          0
 25605,   545,   12000000,    4869944,        0,   -7130056,          0
 25605,   546,   12000000,    4921815,        0,   -7078185,          0
 25605,   547,   12000000,    6827049,        0,   -5172951,          0
 25605,   548,   12000000,    6823964,        0,   -5176036,          0
 25605,   549,   12000000,    6880972,        0,   -5119028,          0
 25605,   550,   12000000,    6846312,        0,   -5153688,          0
 25605,   551,   12000000,    4855648,        0,   -7144352,          0
 25605,   552,   12000000,    6031770,        0,   -5968230,          0
 25605,   553,   12000000,    4853836,        0,   -7146164,          0
 25605,   554,   12000000,    6866388,        0,   -5133612,          0
 25605,   555,   12000000,    6937227,        0,   -5062773,          0
 25605,   556,   12000000,    6886514,        0,   -5113486,          0
 25605,   557,   12000000,    6838040,        0,   -5161960,          0
 25605,   558,   12000000,    4917825,        0,   -7082175,          0
 25605,   559,   12000000,    6883757,        0,   -5116243,          0
 25605,   560,   12000000,    6877234,        0,   -5122766,          0
 25605,   561,   12000000,    4859175,        0,   -7140825,          0
 25605,   562,   12000000,    6850643,        0,   -5149357,          0
 25605,   563,   12000000,    7120658,        0,   -4879342,          0
 25605,   564,   12000000,    6244778,        0,   -5755222,          0
 25605,   565,   12000000,    6861800,        0,   -5138200,          0
 25605,   566,   12000000,    6829274,        0,   -5170726,          0
 25605,   567,   12000000,    4846576,        0,   -7153424,          0
 25605,   568,   12000000,    6994362,        0,   -5005638,          0
 25605,   569,   12000000,    6943827,        0,   -5056173,          0
 25605,   570,   12000000,    6780821,        0,   -5219179,          0
 25605,   571,   12000000,    6818860,        0,   -5181140,          0
 25605,   572,   12000000,    4856767,        0,   -7143233,          0
 25605,   573,   12000000,    6844844,        0,   -5155156,          0
 25605,   574,   12000000,    6877351,        0,   -5122649,          0
 25605,   575,   12000000,    6801286,        0,   -5198714,          0
 25605,   576,   12000000,    6770796,        0,   -5229204,          0
 25605,   577,   12000000,    4854858,        0,   -7145142,          0
 25605,   578,   12000000,    4844205,        0,   -7155795,          0
 25605,   579,   12000000,    5846571,        0,   -6153429,          0
 25605,   580,   12000000,    6844343,        0,   -5155657,          0
 25605,   581,   12000000,    4986498,        0,   -7013502,          0
 25605,   582,   12000000,    4893912,        0,   -7106088,          0
 25605,   583,   12000000,    4832856,        0,   -7167144,          0
 25605,   584,   12000000,    5119772,        0,   -6880228,          0
 25605,   585,   12000000,    4843550,        0,   -7156450,          0
 25605,   586,   12000000,    6840328,        0,   -5159672,          0
 25605,   587,   12000000,    4874594,        0,   -7125406,          0
 25605,   588,   12000000,    4900907,        0,   -7099093,          0
 25605,   589,   12000000,    7401210,        0,   -4598790,          0
 25605,   590,   12000000,    4845216,        0,   -7154784,          0
 25605,   591,   12000000,    4847618,        0,   -7152382,          0
 25605,   592,   12000000,    6879742,        0,   -5120258,          0
 25605,   593,   12000000,    5978937,        0,   -6021063,          0
 25605,   594,   12000000,    4886058,        0,   -7113942,          0
 25605,   595,   12000000,    4845119,        0,   -7154881,          0
 25605,   596,   12000000,    5689394,        0,   -6310606,          0
 25605,   597,   12000000,    6880645,        0,   -5119355,          0
 25605,   598,   12000000,    4896698,        0,   -7103302,          0
 25605,   599,   12000000,    6821430,        0,   -5178570,          0
 25605,   600,   12000000,    6882167,        0,   -5117833,          0
 25605,   601,   12000000,    4836079,        0,   -7163921,          0
 25605,   602,   12000000,    4880232,        0,   -7119768,          0
 25605,   603,   12000000,    6861136,        0,   -5138864,          0
 25605,   604,   12000000,    6853568,        0,   -5146432,          0
 25605,   605,   12000000,    6904303,        0,   -5095697,          0
 25605,   606,   12000000,    6817038,        0,   -5182962,          0
 25605,   607,   12000000,    6121878,        0,   -5878122,          0
 25605,   608,   12000000,    6865465,        0,   -5134535,          0
 25605,   609,   12000000,    6420892,        0,   -5579108,          0
 25605,   610,   12000000,    4841001,        0,   -7158999,          0
 25605,   611,   12000000,    4855700,        0,   -7144300,          0
 25605,   612,   12000000,    6405652,        0,   -5594348,          0
 25605,   613,   12000000,    6810561,        0,   -5189439,          0
 25605,   614,   12000000,    5831012,        0,   -6168988,          0
 25605,   615,   12000000,    5170442,        0,   -6829558,          0
 25605,   616,   12000000,    6920012,        0,   -5079988,          0
 25605,   617,   12000000,    4899848,        0,   -7100152,          0
 25605,   618,   12000000,    4834190,        0,   -7165810,          0
 25605,   619,   12000000,    4863473,        0,   -7136527,          0
 25605,   620,   12000000,    4850711,        0,   -7149289,          0
 25605,   621,   12000000,    6872545,        0,   -5127455,          0
 25605,   622,   12000000,    6889120,        0,   -5110880,          0
 25605,   623,   12000000,    5425190,        0,   -6574810,          0
 25605,   624,   12000000,    4855635,        0,   -7144365,          0
 25605,   625,   12000000,    4856535,        0,   -7143465,          0
 25605,   626,   12000000,    6867509,        0,   -5132491,          0
 25605,   627,   12000000,    6831608,        0,   -5168392,          0
 25605,   628,   12000000,    4812276,        0,   -7187724,          0
 25605,   629,   12000000,    8884311,        0,   -3115689,          0
 25605,   630,   12000000,    4841149,        0,   -7158851,          0
 25605,   631,   12000000,    4856923,        0,   -7143077,          0
 25605,   632,   12000000,    6849952,        0,   -5150048,          0
 25605,   633,   12000000,    5376741,        0,   -6623259,          0
 25605,   634,   12000000,    4870562,        0,   -7129438,          0
 25605,   635,   12000000,    4872725,        0,   -7127275,          0
 25605,   636,   12000000,    7131278,        0,   -4868722,          0
 25605,   637,   12000000,    6853906,        0,   -5146094,          0
 25605,   638,   12000000,    6913752,        0,   -5086248,          0
 25605,   639,   12000000,    4867380,        0,   -7132620,          0
 25605,   640,   12000000,    4877130,        0,   -7122870,          0
 25605,   641,   12000000,    6975221,        0,   -5024779,          0
 25605,   642,   12000000,    4879846,        0,   -7120154,          0
 25605,   643,   12000000,    6882715,        0,   -5117285,          0
 25605,   644,   12000000,    6865321,        0,   -5134679,          0
 25605,   645,   12000000,    6868395,        0,   -5131605,          0
 25605,   646,   12000000,    5948295,        0,   -6051705,          0
 25605,   647,   12000000,    4880015,        0,   -7119985,          0
 25605,   648,   12000000,    6789443,        0,   -5210557,          0
 25605,   649,   12000000,    6415913,        0,   -5584087,          0
 25605,   650,   12000000,    4854462,        0,   -7145538,          0
 25605,   651,   12000000,    5870316,        0,   -6129684,          0
 25605,   652,   12000000,    5126709,        0,   -6873291,          0
 25605,   653,   12000000,    6393224,        0,   -5606776,          0
 25605,   654,   12000000,    6876645,        0,   -5123355,          0
 25605,   655,   12000000,    5178942,        0,   -6821058,          0
 25605,   656,   12000000,    4852436,        0,   -7147564,          0
 25605,   657,   12000000,    6840570,        0,   -5159430,          0
 25605,   658,   12000000,    4873538,        0,   -7126462,          0
 25605,   659,   12000000,    6854481,        0,   -5145519,          0
 25605,   660,   12000000,    4907572,        0,   -7092428,          0
 25605,   661,   12000000,    6840953,        0,   -5159047,          0
 25605,   662,   12000000,    4880144,        0,   -7119856,          0
 25605,   663,   12000000,    4838211,        0,   -7161789,          0
 25605,   664,   12000000,    4808352,        0,   -7191648,          0
 25605,   665,   12000000,    4859492,        0,   -7140508,          0
 25605,   666,   12000000,    6828403,        0,   -5171597,          0
 25605,   667,   12000000,    5720218,        0,   -6279782,          0
 25605,   668,   12000000,    5948802,        0,   -6051198,          0
 25605,   669,   12000000,    4843255,        0,   -7156745,          0
 25605,   670,   12000000,    6962780,        0,   -5037220,          0
 25605,   671,   12000000,    6838594,        0,   -5161406,          0
 25605,   672,   12000000,    6814192,        0,   -5185808,          0
 25605,   673,   12000000,    6863139,        0,   -5136861,          0
 25605,   674,   12000000,    4847139,        0,   -7152861,          0
 25605,   675,   12000000,    4835571,        0,   -7164429,          0
 25605,   676,   12000000,    4835116,        0,   -7164884,          0
 25605,   677,   12000000,    4851335,        0,   -7148665,          0
 25605,   678,   12000000,    6816708,        0,   -5183292,          0
 25605,   679,   12000000,    6859404,        0,   -5140596,          0
 25605,   680,   12000000,    6862012,        0,   -5137988,          0
 25605,   681,   12000000,    4862584,        0,   -7137416,          0
 25605,   682,   12000000,    4838876,        0,   -7161124,          0
 25605,   683,   12000000,    6862255,        0,   -5137745,          0
 25605,   684,   12000000,    5078396,        0,   -6921604,          0
 25605,   685,   12000000,    4855130,        0,   -7144870,          0
 25605,   686,   12000000,    4921644,        0,   -7078356,          0
 25605,   687,   12000000,    6860137,        0,   -5139863,          0
 25605,   688,   12000000,    5225404,        0,   -6774596,          0
 25605,   689,   12000000,    6849959,        0,   -5150041,          0
 25605,   690,   12000000,    6234484,        0,   -5765516,          0
 25605,   691,   12000000,    4870076,        0,   -7129924,          0
 25605,   692,   12000000,    5755705,        0,   -6244295,          0
 25605,   693,   12000000,    8891462,        0,   -3108538,          0
 25605,   694,   12000000,    4859884,        0,   -7140116,          0
 25605,   695,   12000000,    6846614,        0,   -5153386,          0
 25605,   696,   12000000,    6838280,        0,   -5161720,          0
 25605,   697,   12000000,    6665579,        0,   -5334421,          0
 25605,   698,   12000000,    4874371,        0,   -7125629,          0
 25605,   699,   12000000,    6794979,        0,   -5205021,          0
 25605,   700,   12000000,    4835532,        0,   -7164468,          0
 25605,   701,   12000000,    6896702,        0,   -5103298,          0
 25605,   702,   12000000,    4941112,        0,   -7058888,          0
 25605,   703,   12000000,    6855510,        0,   -5144490,          0
 25605,   704,   12000000,    6904721,        0,   -5095279,          0
 25605,   705,   12000000,    4870632,        0,   -7129368,          0
 25605,   706,   12000000,    4864185,        0,   -7135815,          0
 25605,   707,   12000000,    4924376,        0,   -7075624,          0
 25605,   708,   12000000,    6218848,        0,   -5781152,          0
 25605,   709,   12000000,    5150760,        0,   -6849240,          0
 25605,   710,   12000000,    6883076,        0,   -5116924,          0
 25605,   711,   12000000,    6061285,        0,   -5938715,          0
 25605,   712,   12000000,    4811608,        0,   -7188392,          0
 25605,   713,   12000000,    6856381,        0,   -5143619,          0
 25605,   714,   12000000,    4858576,        0,   -7141424,          0
 25605,   715,   12000000,    4891100,        0,   -7108900,          0
 25605,   716,   12000000,    8889269,        0,   -3110731,          0
 25605,   717,   12000000,    6851377,        0,   -5148623,          0
 25605,   718,   12000000,    6843727,        0,   -5156273,          0
 25605,   719,   12000000,    4850788,        0,   -7149212,          0
 25605,   720,   12000000,    4858366,        0,   -7141634,          0
 25605,   721,   12000000,    4851486,        0,   -7148514,          0
 25605,   722,   12000000,    6876259,        0,   -5123741,          0
 25605,   723,   12000000,    5874795,        0,   -6125205,          0
 25605,   724,   12000000,    6853098,        0,   -5146902,          0
 25605,   725,   12000000,    4833970,        0,   -7166030,          0
 25605,   726,   12000000,    4843858,        0,   -7156142,          0
 25605,   727,   12000000,    8894518,        0,   -3105482,          0
 25605,   728,   12000000,    4923849,        0,   -7076151,          0
 25605,   729,   12000000,    5261451,        0,   -6738549,          0
 25605,   730,   12000000,    6846097,        0,   -5153903,          0
 25605,   731,   12000000,    6853190,        0,   -5146810,          0
 25605,   732,   12000000,    6839492,        0,   -5160508,          0
 25605,   733,   12000000,    6936286,        0,   -5063714,          0
 25605,   734,   12000000,    4848610,        0,   -7151390,          0
 25605,   735,   12000000,    5995339,        0,   -6004661,          0
 25605,   736,   12000000,    6843927,        0,   -5156073,          0
 25605,   737,   12000000,    4882439,        0,   -7117561,          0
 25605,   738,   12000000,    6841413,        0,   -5158587,          0
 25605,   739,   12000000,    6884095,        0,   -5115905,          0
 25605,   740,   12000000,    5176848,        0,   -6823152,          0
 25605,   741,   12000000,    4910460,        0,   -7089540,          0
 25605,   742,   12000000,    6376496,        0,   -5623504,          0
 25605,   743,   12000000,    4868378,        0,   -7131622,          0
 25605,   744,   12000000,    4916863,        0,   -7083137,          0
 25605,   745,   12000000,    4926575,        0,   -7073425,          0
 25605,   746,   12000000,    6828210,        0,   -5171790,          0
 25605,   747,   12000000,    4849471,        0,   -7150529,          0
 25605,   748,   12000000,    6829752,        0,   -5170248,          0
 25605,   749,   12000000,    4884535,        0,   -7115465,          0
 25605,   750,   12000000,    4880407,        0,   -7119593,          0
 25605,   751,   12000000,    4848599,        0,   -7151401,          0
 25605,   752,   12000000,    4830534,        0,   -7169466,          0
 25605,   753,   12000000,    6836360,        0,   -5163640,          0
 25605,   754,   12000000,    5655944,        0,   -6344056,          0
 25605,   755,   12000000,    6948325,        0,   -5051675,          0
 25605,   756,   12000000,    6834379,        0,   -5165621,          0
 25605,   757,   12000000,    4882711,        0,   -7117289,          0
 25605,   758,   12000000,    4896644,        0,   -7103356,          0
 25605,   759,   12000000,    4866583,        0,   -7133417,          0
 25605,   760,   12000000,    4904846,        0,   -7095154,          0
 25605,   761,   12000000,    7184361,        0,   -4815639,          0
 25605,   762,   12000000,    4836263,        0,   -7163737,          0
 25605,   763,   12000000,    4878407,        0,   -7121593,          0
 25605,   764,   12000000,    5522082,        0,   -6477918,          0
 25605,   765,   12000000,    4962554,        0,   -7037446,          0
 25605,   766,   12000000,    5584275,        0,   -6415725,          0
 25605,   767,   12000000,    6876292,        0,   -5123708,          0
 25605,   768,   12000000,    4914967,        0,   -7085033,          0
 25605,   769,   12000000,    4894660,        0,   -7105340,          0
 25605,   770,   12000000,    4842063,        0,   -7157937,          0
 25605,   771,   12000000,    4828695,        0,   -7171305,          0
 25605,   772,   12000000,    4867051,        0,   -7132949,          0
 25605,   773,   12000000,    4858803,        0,   -7141197,          0
 25605,   774,   12000000,    4872183,        0,   -7127817,          0
 25605,   775,   12000000,    4903243,        0,   -7096757,          0
 25605,   776,   12000000,    4831803,        0,   -7168197,          0
 25605,   777,   12000000,    4849124,        0,   -7150876,          0
 25605,   778,   12000000,    4892678,        0,   -7107322,          0
 25605,   779,   12000000,    5441760,        0,   -6558240,          0
 25605,   780,   12000000,    4840819,        0,   -7159181,          0
 25605,   781,   12000000,    4896923,        0,   -7103077,          0
 25605,   782,   12000000,    4934242,        0,   -7065758,          0
 25605,   783,   12000000,    4823428,        0,   -7176572,          0
 25605,   784,   12000000,    4875800,        0,   -7124200,          0
 25605,   785,   12000000,    4849486,        0,   -7150514,          0
 25605,   786,   12000000,    4898208,        0,   -7101792,          0
 25605,   787,   12000000,    6844426,        0,   -5155574,          0
 25605,   788,   12000000,    4899790,        0,   -7100210,          0
 25605,   789,   12000000,    6907568,        0,   -5092432,          0
 25605,   790,   12000000,    6837179,        0,   -5162821,          0
 25605,   791,   12000000,    4890075,        0,   -7109925,          0
 25605,   792,   12000000,    4955754,        0,   -7044246,          0
 25605,   793,   12000000,    4801506,        0,   -7198494,          0
 25605,   794,   12000000,    4889189,        0,   -7110811,          0
 25605,   795,   12000000,    6907731,        0,   -5092269,          0
 25605,   796,   12000000,    4841365,        0,   -7158635,          0
 25605,   797,   12000000,    6860378,        0,   -5139622,          0
 25605,   798,   12000000,    6851151,        0,   -5148849,          0
 25605,   799,   12000000,    4848577,        0,   -7151423,          0
 25605,   800,   12000000,    4925899,        0,   -7074101,          0
 25605,   801,   12000000,    4914757,        0,   -7085243,          0
 25605,   802,   12000000,    5900092,        0,   -6099908,          0
 25605,   803,   12000000,    5758903,        0,   -6241097,          0
 25605,   804,   12000000,    4863330,        0,   -7136670,          0
 25605,   805,   12000000,    6124582,        0,   -5875418,          0
 25605,   806,   12000000,    4903167,        0,   -7096833,          0
 25605,   807,   12000000,    4835364,        0,   -7164636,          0
 25605,   808,   12000000,    4946884,        0,   -7053116,          0
 25605,   809,   12000000,    4849335,        0,   -7150665,          0
 25605,   810,   12000000,    4870299,        0,   -7129701,          0
 25605,   811,   12000000,    6860167,        0,   -5139833,          0
 25605,   812,   12000000,    6884391,        0,   -5115609,          0
 25605,   813,   12000000,    5225213,        0,   -6774787,          0
 25605,   814,   12000000,    6928328,        0,   -5071672,          0
 25605,   815,   12000000,    4862156,        0,   -7137844,          0
 25605,   816,   12000000,    4797947,        0,   -7202053,          0
 25605,   817,   12000000,    4878102,        0,   -7121898,          0
 25605,   818,   12000000,    4843037,        0,   -7156963,          0
 25605,   819,   12000000,    6847928,        0,   -5152072,          0
 25605,   820,   12000000,    4863979,        0,   -7136021,          0
 25605,   821,   12000000,    4853101,        0,   -7146899,          0
 25605,   822,   12000000,    4879709,        0,   -7120291,          0
 25605,   823,   12000000,    4827717,        0,   -7172283,          0
 25605,   824,   12000000,    5880946,        0,   -6119054,          0
 25605,   825,   12000000,    4855954,        0,   -7144046,          0
 25605,   826,   12000000,    6837761,        0,   -5162239,          0
 25605,   827,   12000000,    4867540,        0,   -7132460,          0
 25605,   828,   12000000,    4863958,        0,   -7136042,          0
 25605,   829,   12000000,    4865558,        0,   -7134442,          0
 25605,   830,   12000000,    6854445,        0,   -5145555,          0
 25605,   831,   12000000,    4914991,        0,   -7085009,          0
 25605,   832,   12000000,    4853313,        0,   -7146687,          0
 25605,   833,   12000000,    4852437,        0,   -7147563,          0
 25605,   834,   12000000,    6939041,        0,   -5060959,          0
 25605,   835,   12000000,    6829815,        0,   -5170185,          0
 25605,   836,   12000000,    6853375,        0,   -5146625,          0
 25605,   837,   12000000,    6872817,        0,   -5127183,          0
# task NAME=myapp PID=25608 COST=29262000 PERIOD=89000000 CPU=0
 25608,     2,   89000000,       6953,        0,  -88993047,          0
 25608,     3,   89000000,     208392,        0,  -88791608,          0
 25608,     4,   89000000,   55705244,        0,  -33294756,          0
 25608,     5,   89000000,   54892889,        0,  -34107111,          0
 25608,     6,   89000000,   53683721,        0,  -35316279,          0
 25608,     7,   89000000,   54684922,        0,  -34315078,          0
 25608,     8,   89000000,   55939203,        0,  -33060797,          0
 25608,     9,   89000000,   54673456,        0,  -34326544,          0
 25608,    10,   89000000,   51565032,        0,  -37434968,          0
 25608,    11,   89000000,   52939002,        0,  -36060998,          0
 25608,    12,   89000000,   55677775,        0,  -33322225,          0
 25608,    13,   89000000,   54668996,        0,  -34331004,          0
 25608,    14,   89000000,   51572597,        0,  -37427403,          0
 25608,    15,   89000000,   52848900,        0,  -36151100,          0
 25608,    16,   89000000,   55694078,        0,  -33305922,          0
 25608,    17,   89000000,   52572154,        0,  -36427846,          0
 25608,    18,   89000000,   51603384,        0,  -37396616,          0
 25608,    19,   89000000,   50598340,        0,  -38401660,          0
 25608,    20,   89000000,   53604133,        0,  -35395867,          0
 25608,    21,   89000000,   54708280,        0,  -34291720,          0
 25608,    22,   89000000,   53924072,        0,  -35075928,          0
 25608,    23,   89000000,   50592407,        0,  -38407593,          0
 25608,    24,   89000000,   55660313,        0,  -33339687,          0
 25608,    25,   89000000,   54936699,        0,  -34063301,          0
 25608,    26,   89000000,   53574583,        0,  -35425417,          0
 25608,    27,   89000000,   52669874,        0,  -36330126,          0
 25608,    28,   89000000,   53557648,        0,  -35442352,          0
 25608,    29,   89000000,   54682120,        0,  -34317880,          0
 25608,    30,   89000000,   51568614,        0,  -37431386,          0
 25608,    31,   89000000,   52824846,        0,  -36175154,          0
 25608,    32,   89000000,   55960999,        0,  -33039001,          0
 25608,    33,   89000000,   54878348,        0,  -34121652,          0
 25608,    34,   89000000,   51583089,        0,  -37416911,          0
 25608,    35,   89000000,   50541941,        0,  -38458059,          0
 25608,    36,   89000000,   55699399,        0,  -33300601,          0
 25608,    37,   89000000,   54764328,        0,  -34235672,          0
 25608,    38,   89000000,   51575667,        0,  -37424333,          0
 25608,    39,   89000000,   52893070,        0,  -36106930,          0
 25608,    40,   89000000,   55730095,        0,  -33269905,          0
 25608,    41,   89000000,   52509346,        0,  -36490654,          0
 25608,    42,   89000000,   53878116,        0,  -35121884,          0
 25608,    43,   89000000,   52779823,        0,  -36220177,          0
 25608,    44,   89000000,   55661006,        0,  -33338994,          0
 25608,    45,   89000000,   54730822,        0,  -34269178,          0
 25608,    46,   89000000,   51555316,        0,  -37444684,          0
 25608,    47,   89000000,   50585596,        0,  -38414404,          0
 25608,    48,   89000000,   57761933,        0,  -31238067,          0
 25608,    49,   89000000,   54924344,        0,  -34075656,          0
 25608,    50,   89000000,   53895245,        0,  -35104755,          0
 25608,    51,   89000000,   50599627,        0,  -38400373,          0
 25608,    52,   89000000,   53557524,        0,  -35442476,          0
 25608,    53,   89000000,   55019819,        0,  -33980181,          0
 25608,    54,   89000000,   51555633,        0,  -37444367,          0
 25608,    55,   89000000,   50612460,        0,  -38387540,          0
 25608,    56,   89000000,   55928951,        0,  -33071049,          0
 25608,    57,   89000000,   52581752,        0,  -36418248,          0
 25608,    58,   89000000,   51624386,        0,  -37375614,          0
 25608,    59,   89000000,   50625260,        0,  -38374740,          0
 25608,    60,   89000000,   55980643,        0,  -33019357,          0
 25608,    61,   89000000,   54667515,        0,  -34332485,          0
 25608,    62,   89000000,   53717037,        0,  -35282963,          0
 25608,    63,   89000000,   52572042,        0,  -36427958,          0
 25608,    64,   89000000,   55684661,        0,  -33315339,          0
 25608,    65,   89000000,   54747854,        0,  -34252146,          0
 25608,    66,   89000000,   51642744,        0,  -37357256,          0
 25608,    67,   89000000,   52811064,        0,  -36188936,          0
 25608,    68,   89000000,   55748837,        0,  -33251163,          0
 25608,    69,   89000000,   52560661,        0,  -36439339,          0
 25608,    70,   89000000,   53663726,        0,  -35336274,          0
 25608,    71,   89000000,   52873684,        0,  -36126316,          0
 25608,    72,   89000000,   55670970,        0,  -33329030,          0
 25608,    73,   89000000,   54745780,        0,  -34254220,          0
 25608,    74,   89000000,   51572680,        0,  -37427320,          0
 25608,    75,   89000000,   50601743,        0,  -38398257,          0
 25608,    76,   89000000,   55736168,        0,  -33263832,          0
 25608,    77,   89000000,   54846663,        0,  -34153337,          0
 25608,    78,   89000000,   53811281,        0,  -35188719,          0
 25608,    79,   89000000,   50591504,        0,  -38408496,          0
 25608,    80,   89000000,   55725283,        0,  -33274717,          0
 25608,    81,   89000000,   54966590,        0,  -34033410,          0
 25608,    82,   89000000,   51566856,        0,  -37433144,          0
 25608,    83,   89000000,   52698802,        0,  -36301198,          0
 25608,    84,   89000000,   55891696,        0,  -33108304,          0
 25608,    85,   89000000,   52579386,        0,  -36420614,          0
 25608,    86,   89000000,   51588482,        0,  -37411518,          0
 25608,    87,   89000000,   52664468,        0,  -36335532,          0
 25608,    88,   89000000,   55934298,        0,  -33065702,          0
 25608,    89,   89000000,   52565805,        0,  -36434195,          0
 25608,    90,   89000000,   53888262,        0,  -35111738,          0
 25608,    91,   89000000,   50628841,        0,  -38371159,          0
 25608,    92,   89000000,   55738515,        0,  -33261485,          0
 25608,    93,   89000000,   54744800,        0,  -34255200,          0
 25608,    94,   89000000,   55767203,        0,  -33232797,          0
 25608,    95,   89000000,   53788172,        0,  -35211828,          0
 25608,    96,   89000000,   53604584,        0,  -35395416,          0
 25608,    97,   89000000,   54657438,        0,  -34342562,          0
 25608,    98,   89000000,   51585266,        0,  -37414734,          0
 25608,    99,   89000000,   50590753,        0,  -38409247,          0
 25608,   100,   89000000,   53626742,        0,  -35373258,          0
 25608,   101,   89000000,   54651509,        0,  -34348491,          0
 25608,   102,   89000000,   53707843,        0,  -35292157,          0
 25608,   103,   89000000,   50582504,        0,  -38417496,          0
 25608,   104,   89000000,   55508471,        0,  -33491529,          0
 25608,   105,   89000000,   54750726,        0,  -34249274,          0
 25608,   106,   89000000,   51563261,        0,  -37436739,          0
 25608,   107,   89000000,   50499844,        0,  -38500156,          0
 25608,   108,   89000000,   55688767,        0,  -33311233,          0
 25608,   109,   89000000,   53186517,        0,  -35813483,          0
 25608,   110,   89000000,   51610884,        0,  -37389116,          0
 25608,   111,   89000000,   52740063,        0,  -36259937,          0
 25608,   112,   89000000,   55758051,        0,  -33241949,          0
 25608,   113,   89000000,   54673979,        0,  -34326021,          0
 25608,   114,   89000000,   53708583,        0,  -35291417,          0
 25608,   115,   89000000,   52837686,        0,  -36162314,          0
 25608,   116,   89000000,   55979323,        0,  -33020677,          0
# task NAME=myapp PID=25613 COST=9749000 PERIOD=95000000 CPU=0
 25613,     2,   95000000,      14968,        0,  -94985032,          0
 25613,     3,   95000000,     204549,        0,  -94795451,          0
 25613,     4,   95000000,   15191354,        0,  -79808646,          0
 25613,     5,   95000000,   15990055,        0,  -79009945,          0
 25613,     6,   95000000,   18920891,        0,  -76079109,          0
 25613,     7,   95000000,   13944342,        0,  -81055658,          0
 25613,     8,   95000000,   16888163,        0,  -78111837,          0
 25613,     9,   95000000,   15905998,        0,  -79094002,          0
 25613,    10,   95000000,   16912470,        0,  -78087530,          0
 25613,    11,   95000000,   13989824,        0,  -81010176,          0
 25613,    12,   95000000,   14915525,        0,  -80084475,          0
 25613,    13,   95000000,   16013774,        0,  -78986226,          0
 25613,    14,   95000000,   16965101,        0,  -78034899,          0
 25613,    15,   95000000,   15929254,        0,  -79070746,          0
 25613,    16,   95000000,   15828542,        0,  -79171458,          0
 25613,    17,   95000000,   15941770,        0,  -79058230,          0
 25613,    18,   95000000,   16968320,        0,  -78031680,          0
 25613,    19,   95000000,   15917558,        0,  -79082442,          0
 25613,    20,   95000000,   15021467,        0,  -79978533,          0
 25613,    21,   95000000,   15952565,        0,  -79047435,          0
 25613,    22,   95000000,   17018066,        0,  -77981934,          0
 25613,    23,   95000000,   14980706,        0,  -80019294,          0
 25613,    24,   95000000,   17027985,        0,  -77972015,          0
 25613,    25,   95000000,   16197159,        0,  -78802841,          0
 25613,    26,   95000000,   16995142,        0,  -78004858,          0
 25613,    27,   95000000,   16962365,        0,  -78037635,          0
 25613,    28,   95000000,   16965559,        0,  -78034441,          0
 25613,    29,   95000000,   16258755,        0,  -78741245,          0
 25613,    30,   95000000,   17016609,        0,  -77983391,          0
 25613,    31,   95000000,   13945156,        0,  -81054844,          0
 25613,    32,   95000000,   15031432,        0,  -79968568,          0
 25613,    33,   95000000,   15968126,        0,  -79031874,          0
 25613,    34,   95000000,   16971540,        0,  -78028460,          0
 25613,    35,   95000000,   13930029,        0,  -81069971,          0
 25613,    36,   95000000,   14955418,        0,  -80044582,          0
 25613,    37,   95000000,   15962958,        0,  -79037042,          0
 25613,    38,   95000000,   16970754,        0,  -78029246,          0
 25613,    39,   95000000,   13923278,        0,  -81076722,          0
 25613,    40,   95000000,   14893167,        0,  -80106833,          0
 25613,    41,   95000000,   15969982,        0,  -79030018,          0
 25613,    42,   95000000,   16914022,        0,  -78085978,          0
 25613,    43,   95000000,   13886341,        0,  -81113659,          0
 25613,    44,   95000000,   14984245,        0,  -80015755,          0
 25613,    45,   95000000,   15971579,        0,  -79028421,          0
 25613,    46,   95000000,   17201026,        0,  -77798974,          0
 25613,    47,   95000000,   13942063,        0,  -81057937,          0
 25613,    48,   95000000,   14914428,        0,  -80085572,          0
 25613,    49,   95000000,   15960304,        0,  -79039696,          0
 25613,    50,   95000000,   16920476,        0,  -78079524,          0
 25613,    51,   95000000,   13983415,        0,  -81016585,          0
 25613,    52,   95000000,   14959801,        0,  -80040199,          0
 25613,    53,   95000000,   15930652,        0,  -79069348,          0
 25613,    54,   95000000,   17231165,        0,  -77768835,          0
 25613,    55,   95000000,   13868502,        0,  -81131498,          0
 25613,    56,   95000000,   14889417,        0,  -80110583,          0
 25613,    57,   95000000,   16133691,        0,  -78866309,          0
 25613,    58,   95000000,   16960455,        0,  -78039545,          0
 25613,    59,   95000000,   13944198,        0,  -81055802,          0
 25613,    60,   95000000,   14944162,        0,  -80055838,          0
 25613,    61,   95000000,   16018219,        0,  -78981781,          0
 25613,    62,   95000000,   16927335,        0,  -78072665,          0
 25613,    63,   95000000,   15931113,        0,  -79068887,          0
 25613,    64,   95000000,   14901919,        0,  -80098081,          0
 25613,    65,   95000000,   15931722,        0,  -79068278,          0
 25613,    66,   95000000,   16956632,        0,  -78043368,          0
 25613,    67,   95000000,   13923691,        0,  -81076309,          0
 25613,    68,   95000000,   14891789,        0,  -80108211,          0
 25613,    69,   95000000,   15973805,        0,  -79026195,          0
 25613,    70,   95000000,   16995257,        0,  -78004743,          0
 25613,    71,   95000000,   14142334,        0,  -80857666,          0
 25613,    72,   95000000,   14935685,        0,  -80064315,          0
 25613,    73,   95000000,   15979642,        0,  -79020358,          0
 25613,    74,   95000000,   16958550,        0,  -78041450,          0
 25613,    75,   95000000,   14579150,        0,  -80420850,          0
 25613,    76,   95000000,   14947584,        0,  -80052416,          0
 25613,    77,   95000000,   17970423,        0,  -77029577,          0
 25613,    78,   95000000,   16965839,        0,  -78034161,          0
 25613,    79,   95000000,   16225067,        0,  -78774933,          0
 25613,    80,   95000000,   16924056,        0,  -78075944,          0
 25613,    81,   95000000,   15959413,        0,  -79040587,          0
 25613,    82,   95000000,   16972116,        0,  -78027884,          0
 25613,    83,   95000000,   13884836,        0,  -81115164,          0
 25613,    84,   95000000,   14884251,        0,  -80115749,          0
 25613,    85,   95000000,   16173855,        0,  -78826145,          0
 25613,    86,   95000000,   16950666,        0,  -78049334,          0
 25613,    87,   95000000,   13993439,        0,  -81006561,          0
 25613,    88,   95000000,   14931645,        0,  -80068355,          0
 25613,    89,   95000000,   16015925,        0,  -78984075,          0
 25613,    90,   95000000,   16934881,        0,  -78065119,          0
 25613,    91,   95000000,   13918413,        0,  -81081587,          0
 25613,    92,   95000000,   14889037,        0,  -80110963,          0
 25613,    93,   95000000,   16172601,        0,  -78827399,          0
 25613,    94,   95000000,   16986727,        0,  -78013273,          0
 25613,    95,   95000000,   15472275,        0,  -79527725,          0
 25613,    96,   95000000,   14933276,        0,  -80066724,          0
 25613,    97,   95000000,   15960381,        0,  -79039619,          0
 25613,    98,   95000000,   17004170,        0,  -77995830,          0
 25613,    99,   95000000,   14024067,        0,  -80975933,          0
 25613,   100,   95000000,   15077579,        0,  -79922421,          0
 25613,   101,   95000000,   16096404,        0,  -78903596,          0
 25613,   102,   95000000,   16938962,        0,  -78061038,          0
 25613,   103,   95000000,   13899002,        0,  -81100998,          0
 25613,   104,   95000000,   14985747,        0,  -80014253,          0
 25613,   105,   95000000,   15972891,        0,  -79027109,          0
 25613,   106,   95000000,   16981492,        0,  -78018508,          0
 25613,   107,   95000000,   14029438,        0,  -80970562,          0
 25613,   108,   95000000,   14938391,        0,  -80061609,          0
 25613,   109,   95000000,   15966164,        0,  -79033836,          0
