# Task,   Job,     Period,   Response, DL Miss?,   Lateness,  Tardiness
# task NAME=myapp PID=28152 COST=23537000 PERIOD=73000000 CPU=0
 28152,     2,   73000000,       5583,        0,  -72994417,          0
 28152,     3,   73000000,      90915,        0,  -72909085,          0
 28152,     4,   73000000,   40786075,        0,  -32213925,          0
 28152,     5,   73000000,   44189840,        0,  -28810160,          0
 28152,     6,   73000000,   42877246,        0,  -30122754,          0
 28152,     7,   73000000,   41744091,        0,  -31255909,          0
 28152,     8,   73000000,   40828400,        0,  -32171600,          0
 28152,     9,   73000000,   43823861,        0,  -29176139,          0
 28152,    10,   73000000,   43094454,        0,  -29905546,          0
 28152,    11,   73000000,   41788578,        0,  -31211422,          0
 28152,    12,   73000000,   40976389,        0,  -32023611,          0
 28152,    13,   73000000,   44049169,        0,  -28950831,          0
 28152,    14,   73000000,   43035493,        0,  -29964507,          0
 28152,    15,   73000000,   41744151,        0,  -31255849,          0
 28152,    16,   73000000,   40746483,        0,  -32253517,          0
 28152,    17,   73000000,   44110065,        0,  -28889935,          0
 28152,    18,   73000000,   44067251,        0,  -28932749,          0
 28152,    19,   73000000,   42051939,        0,  -30948061,          0
 28152,    20,   73000000,   40749730,        0,  -32250270,          0
 28152,    21,   73000000,   44385357,        0,  -28614643,          0
 28152,    22,   73000000,   42853853,        0,  -30146147,          0
 28152,    23,   73000000,   41873815,        0,  -31126185,          0
 28152,    24,   73000000,   40995580,        0,  -32004420,          0
 28152,    25,   73000000,   43907484,        0,  -29092516,          0
 28152,    26,   73000000,   42849538,        0,  -30150462,          0
 28152,    27,   73000000,   41793174,        0,  -31206826,          0
 28152,    28,   73000000,   40905092,        0,  -32094908,          0
 28152,    29,   73000000,   43802904,        0,  -29197096,          0
 28152,    30,   73000000,   42882324,        0,  -30117676,          0
 28152,    31,   73000000,   41878302,        0,  -31121698,          0
 28152,    32,   73000000,   40688615,        0,  -32311385,          0
 28152,    33,   73000000,   43805726,        0,  -29194274,          0
 28152,    34,   73000000,   42905512,        0,  -30094488,          0
 28152,    35,   73000000,   41808336,        0,  -31191664,          0
 28152,    36,   73000000,   40814724,        0,  -32185276,          0
 28152,    37,   73000000,   43766663,        0,  -29233337,          0
 28152,    38,   73000000,   43105202,        0,  -29894798,          0
 28152,    39,   73000000,   41807401,        0,  -31192599,          0
 28152,    40,   73000000,   40816294,        0,  -32183706,          0
 28152,    41,   73000000,   43798682,        0,  -29201318,          0
 28152,    42,   73000000,   42769944,        0,  -30230056,          0
 28152,    43,   73000000,   41730411,        0,  -31269589,          0
 28152,    44,   73000000,   40962558,        0,  -32037442,          0
 28152,    45,   73000000,   43728041,        0,  -29271959,          0
 28152,    46,   73000000,   43109139,        0,  -29890861,          0
 28152,    47,   73000000,   41735608,        0,  -31264392,          0
 28152,    48,   73000000,   41111915,        0,  -31888085,          0
 28152,    49,   73000000,   43848981,        0,  -29151019,          0
 28152,    50,   73000000,   42795179,        0,  -30204821,          0
 28152,    51,   73000000,   41731486,        0,  -31268514,          0
 28152,    52,   73000000,   40890832,        0,  -32109168,          0
 28152,    53,   73000000,   44129382,        0,  -28870618,          0
 28152,    54,   73000000,   42770494,        0,  -30229506,          0
 28152,    55,   73000000,   42107112,        0,  -30892888,          0
 28152,    56,   73000000,   40721568,        0,  -32278432,          0
 28152,    57,   73000000,   43874031,        0,  -29125969,          0
 28152,    58,   73000000,   43234502,        0,  -29765498,          0
 28152,    59,   73000000,   41700697,        0,  -31299303,          0
 28152,    60,   73000000,   42141840,        0,  -30858160,          0
 28152,    61,   73000000,   43801265,        0,  -29198735,          0
 28152,    62,   73000000,   43108419,        0,  -29891581,          0
 28152,    63,   73000000,   41841899,        0,  -31158101,          0
 28152,    64,   73000000,   40933267,        0,  -32066733,          0
 28152,    65,   73000000,   44047026,        0,  -28952974,          0
 28152,    66,   73000000,   44421809,        0,  -28578191,          0
 28152,    67,   73000000,   41799822,        0,  -31200178,          0
 28152,    68,   73000000,   40809171,        0,  -32190829,          0
 28152,    69,   73000000,   43801210,        0,  -29198790,          0
 28152,    70,   73000000,   42883680,        0,  -30116320,          0
 28152,    71,   73000000,   41802790,        0,  -31197210,          0
 28152,    72,   73000000,   41221837,        0,  -31778163,          0
 28152,    73,   73000000,   43828678,        0,  -29171322,          0
 28152,    74,   73000000,   42936842,        0,  -30063158,          0
 28152,    75,   73000000,   41815977,        0,  -31184023,          0
 28152,    76,   73000000,   42869308,        0,  -30130692,          0
 28152,    77,   73000000,   43857763,        0,  -29142237,          0
 28152,    78,   73000000,   42817095,        0,  -30182905,          0
 28152,    79,   73000000,   42082746,        0,  -30917254,          0
 28152,    80,   73000000,   40837376,        0,  -32162624,          0
 28152,    81,   73000000,   43794728,        0,  -29205272,          0
 28152,    82,   73000000,   42808977,        0,  -30191023,          0
 28152,    83,   73000000,   41802967,        0,  -31197033,          0
 28152,    84,   73000000,   40988551,        0,  -32011449,          0
 28152,    85,   73000000,   43810487,        0,  -29189513,          0
 28152,    86,   73000000,   42841886,        0,  -30158114,          0
 28152,    87,   73000000,   41743755,        0,  -31256245,          0
 28152,    88,   73000000,   40851682,        0,  -32148318,          0
 28152,    89,   73000000,   43885449,        0,  -29114551,          0
 28152,    90,   73000000,   42751651,        0,  -30248349,          0
 28152,    91,   73000000,   43298435,        0,  -29701565,          0
 28152,    92,   73000000,   40915107,        0,  -32084893,          0
 28152,    93,   73000000,   43774337,        0,  -29225663,          0
 28152,    94,   73000000,   43079382,        0,  -29920618,          0
 28152,    95,   73000000,   41805200,        0,  -31194800,          0
 28152,    96,   73000000,   40879319,        0,  -32120681,          0
 28152,    97,   73000000,   43878170,        0,  -29121830,          0
 28152,    98,   73000000,   42819703,        0,  -30180297,          0
 28152,    99,   73000000,   41863835,        0,  -31136165,          0
 28152,   100,   73000000,   40846406,        0,  -32153594,          0
 28152,   101,   73000000,   44151697,        0,  -28848303,          0
 28152,   102,   73000000,   42870577,        0,  -30129423,          0
 28152,   103,   73000000,   42066768,        0,  -30933232,          0
 28152,   104,   73000000,   40778979,        0,  -32221021,          0
 28152,   105,   73000000,   43715922,        0,  -29284078,          0
 28152,   106,   73000000,   43099972,        0,  -29900028,          0
 28152,   107,   73000000,   41843108,        0,  -31156892,          0
 28152,   108,   73000000,   41091386,        0,  -31908614,          0
 28152,   109,   73000000,   43857002,        0,  -29142998,          0
 28152,   110,   73000000,   42788964,        0,  -30211036,          0
 28152,   111,   73000000,   41796218,        0,  -31203782,          0
 28152,   112,   73000000,   40731031,        0,  -32268969,          0
 28152,   113,   73000000,   44121192,        0,  -28878808,          0
 28152,   114,   73000000,   42771335,        0,  -30228665,          0
 28152,   115,   73000000,   42072571,        0,  -30927429,          0
 28152,   116,   73000000,   40751046,        0,  -32248954,          0
 28152,   117,   73000000,   43877114,        0,  -29122886,          0
 28152,   118,   73000000,   42873039,        0,  -30126961,          0
 28152,   119,   73000000,   41845316,        0,  -31154684,          0
 28152,   120,   73000000,   41091530,        0,  -31908470,          0
 28152,   121,   73000000,   43802037,        0,  -29197963,          0
 28152,   122,   73000000,   42909108,        0,  -30090892,          0
 28152,   123,   73000000,   41924159,        0,  -31075841,          0
 28152,   124,   73000000,   40816434,        0,  -32183566,          0
 28152,   125,   73000000,   43882874,        0,  -29117126,          0
 28152,   126,   73000000,   42723062,        0,  -30276938,          0
 28152,   127,   73000000,   42102444,        0,  -30897556,          0
 28152,   128,   73000000,   40764472,        0,  -32235528,          0
 28152,   129,   73000000,   43833424,        0,  -29166576,          0
 28152,   130,   73000000,   42964627,        0,  -30035373,          0
 28152,   131,   73000000,   41992007,        0,  -31007993,          0
 28152,   132,   73000000,   41084939,        0,  -31915061,          0
 28152,   133,   73000000,   43773996,        0,  -29226004,          0
 28152,   134,   73000000,   42867756,        0,  -30132244,          0
 28152,   135,   73000000,   41825896,        0,  -31174104,          0
 28152,   136,   73000000,   40785162,        0,  -32214838,          0
 28152,   137,   73000000,   43783004,        0,  -29216996,          0
 28152,   138,   73000000,   42786940,        0,  -30213060,          0
 28152,   139,   73000000,   42031674,        0,  -30968326,          0
 28152,   140,   73000000,   41898300,        0,  -31101700,          0
# task NAME=myapp PID=28156 COST=5190000 PERIOD=42000000 CPU=0
 28156,     2,   42000000,       6343,        0,  -41993657,          0
 28156,     3,   42000000,      83573,        0,  -41916427,          0
 28156,     4,   42000000,    8278055,        0,  -33721945,          0
 28156,     5,   42000000,    6271340,        0,  -35728660,          0
 28156,     6,   42000000,    8315556,        0,  -33684444,          0
 28156,     7,   42000000,    6260150,        0,  -35739850,          0
 28156,     8,   42000000,    8289325,        0,  -33710675,          0
 28156,     9,   42000000,    8246610,        0,  -33753390,          0
 28156,    10,   42000000,    8280302,        0,  -33719698,          0
 28156,    11,   42000000,    8302834,        0,  -33697166,          0
 28156,    12,   42000000,    8705314,        0,  -33294686,          0
 28156,    13,   42000000,    6262593,        0,  -35737407,          0
 28156,    14,   42000000,   10352461,        0,  -31647539,          0
 28156,    15,   42000000,    6278353,        0,  -35721647,          0
 28156,    16,   42000000,   10305284,        0,  -31694716,          0
 28156,    17,   42000000,    6240756,        0,  -35759244,          0
 28156,    18,   42000000,    8304001,        0,  -33695999,          0
 28156,    19,   42000000,    6943759,        0,  -35056241,          0
 28156,    20,   42000000,    8325285,        0,  -33674715,          0
 28156,    21,   42000000,    6304386,        0,  -35695614,          0
 28156,    22,   42000000,    8313926,        0,  -33686074,          0
 28156,    23,   42000000,    6348598,        0,  -35651402,          0
 28156,    24,   42000000,   10451801,        0,  -31548199,          0
 28156,    25,   42000000,    6272738,        0,  -35727262,          0
 28156,    26,   42000000,    8317474,        0,  -33682526,          0
 28156,    27,   42000000,    6270391,        0,  -35729609,          0
 28156,    28,   42000000,   10339141,        0,  -31660859,          0
 28156,    29,   42000000,    7320617,        0,  -34679383,          0
 28156,    30,   42000000,    8349948,        0,  -33650052,          0
 28156,    31,   42000000,    6965971,        0,  -35034029,          0
 28156,    32,   42000000,    8338251,        0,  -33661749,          0
 28156,    33,   42000000,    6240860,        0,  -35759140,          0
 28156,    34,   42000000,    8600578,        0,  -33399422,          0
 28156,    35,   42000000,    7599211,        0,  -34400789,          0
 28156,    36,   42000000,    8337343,        0,  -33662657,          0
 28156,    37,   42000000,    6516687,        0,  -35483313,          0
 28156,    38,   42000000,    8256150,        0,  -33743850,          0
 28156,    39,   42000000,    8345999,        0,  -33654001,          0
 28156,    40,   42000000,    8287299,        0,  -33712701,          0
 28156,    41,   42000000,    8120515,        0,  -33879485,          0
 28156,    42,   42000000,   10402022,        0,  -31597978,          0
 28156,    43,   42000000,    8251399,        0,  -33748601,          0
 28156,    44,   42000000,    8401899,        0,  -33598101,          0
 28156,    45,   42000000,    8253116,        0,  -33746884,          0
 28156,    46,   42000000,    8334539,        0,  -33665461,          0
 28156,    47,   42000000,    8265969,        0,  -33734031,          0
 28156,    48,   42000000,    8281595,        0,  -33718405,          0
 28156,    49,   42000000,    6263237,        0,  -35736763,          0
 28156,    50,   42000000,    8320095,        0,  -33679905,          0
 28156,    51,   42000000,    6262414,        0,  -35737586,          0
 28156,    52,   42000000,    8351140,        0,  -33648860,          0
 28156,    53,   42000000,    6350694,        0,  -35649306,          0
 28156,    54,   42000000,    8546694,        0,  -33453306,          0
 28156,    55,   42000000,    6305864,        0,  -35694136,          0
 28156,    56,   42000000,    8275443,        0,  -33724557,          0
 28156,    57,   42000000,    8206023,        0,  -33793977,          0
 28156,    58,   42000000,    8314504,        0,  -33685496,          0
 28156,    59,   42000000,    6294020,        0,  -35705980,          0
 28156,    60,   42000000,    8322356,        0,  -33677644,          0
 28156,    61,   42000000,    6330956,        0,  -35669044,          0
 28156,    62,   42000000,   10300206,        0,  -31699794,          0
 28156,    63,   42000000,    8251086,        0,  -33748914,          0
 28156,    64,   42000000,    8568397,        0,  -33431603,          0
 28156,    65,   42000000,    6306305,        0,  -35693695,          0
 28156,    66,   42000000,   10318246,        0,  -31681754,          0
 28156,    67,   42000000,    6251206,        0,  -35748794,          0
 28156,    68,   42000000,    8294492,        0,  -33705508,          0
 28156,    69,   42000000,    8315960,        0,  -33684040,          0
 28156,    70,   42000000,    8366123,        0,  -33633877,          0
 28156,    71,   42000000,    6291170,        0,  -35708830,          0
 28156,    72,   42000000,    8326961,        0,  -33673039,          0
 28156,    73,   42000000,    9408079,        0,  -32591921,          0
 28156,    74,   42000000,    8330734,        0,  -33669266,          0
 28156,    75,   42000000,    6279470,        0,  -35720530,          0
 28156,    76,   42000000,    8359800,        0,  -33640200,          0
 28156,    77,   42000000,    6246301,        0,  -35753699,          0
 28156,    78,   42000000,    9064407,        0,  -32935593,          0
 28156,    79,   42000000,    8238850,        0,  -33761150,          0
 28156,    80,   42000000,    8290646,        0,  -33709354,          0
 28156,    81,   42000000,    6308322,        0,  -35691678,          0
 28156,    82,   42000000,    8698157,        0,  -33301843,          0
 28156,    83,   42000000,    8272349,        0,  -33727651,          0
 28156,    84,   42000000,    8297676,        0,  -33702324,          0
 28156,    85,   42000000,    6301202,        0,  -35698798,          0
 28156,    86,   42000000,    8359821,        0,  -33640179,          0
 28156,    87,   42000000,    6258247,        0,  -35741753,          0
 28156,    88,   42000000,    8317128,        0,  -33682872,          0
 28156,    89,   42000000,    8110565,        0,  -33889435,          0
 28156,    90,   42000000,    8260748,        0,  -33739252,          0
 28156,    91,   42000000,    9396288,        0,  -32603712,          0
 28156,    92,   42000000,   10123650,        0,  -31876350,          0
 28156,    93,   42000000,    6355450,        0,  -35644550,          0
 28156,    94,   42000000,    8316344,        0,  -33683656,          0
 28156,    95,   42000000,    6394120,        0,  -35605880,          0
 28156,    96,   42000000,    8280639,        0,  -33719361,          0
 28156,    97,   42000000,    6318242,        0,  -35681758,          0
 28156,    98,   42000000,    8328716,        0,  -33671284,          0
 28156,    99,   42000000,   10307857,        0,  -31692143,          0
 28156,   100,   42000000,    8303094,        0,  -33696906,          0
 28156,   101,   42000000,    8291712,        0,  -33708288,          0
 28156,   102,   42000000,   10320138,        0,  -31679862,          0
 28156,   103,   42000000,    6278343,        0,  -35721657,          0
 28156,   104,   42000000,    8331186,        0,  -33668814,          0
 28156,   105,   42000000,    6311332,        0,  -35688668,          0
 28156,   106,   42000000,    8381739,        0,  -33618261,          0
 28156,   107,   42000000,    6317656,        0,  -35682344,          0
 28156,   108,   42000000,    8317929,        0,  -33682071,          0
 28156,   109,   42000000,    6389634,        0,  -35610366,          0
 28156,   110,   42000000,    8354329,        0,  -33645671,          0
 28156,   111,   42000000,    6388171,        0,  -35611829,          0
 28156,   112,   42000000,   10304003,        0,  -31695997,          0
 28156,   113,   42000000,    6254653,        0,  -35745347,          0
 28156,   114,   42000000,   10376378,        0,  -31623622,          0
 28156,   115,   42000000,    6513436,        0,  -35486564,          0
 28156,   116,   42000000,    8308782,        0,  -33691218,          0
 28156,   117,   42000000,    6355930,        0,  -35644070,          0
 28156,   118,   42000000,    8310797,        0,  -33689203,          0
 28156,   119,   42000000,    8340221,        0,  -33659779,          0
 28156,   120,   42000000,    8283845,        0,  -33716155,          0
 28156,   121,   42000000,    6348886,        0,  -35651114,          0
 28156,   122,   42000000,    8319964,        0,  -33680036,          0
 28156,   123,   42000000,    6315922,        0,  -35684078,          0
 28156,   124,   42000000,    8311673,        0,  -33688327,          0
 28156,   125,   42000000,   10321974,        0,  -31678026,          0
 28156,   126,   42000000,    8355121,        0,  -33644879,          0
 28156,   127,   42000000,    6255323,        0,  -35744677,          0
 28156,   128,   42000000,    8315756,        0,  -33684244,          0
 28156,   129,   42000000,    6269381,        0,  -35730619,          0
 28156,   130,   42000000,    8314937,        0,  -33685063,          0
 28156,   131,   42000000,    6348147,        0,  -35651853,          0
 28156,   132,   42000000,    8329726,        0,  -33670274,          0
 28156,   133,   42000000,    6334592,        0,  -35665408,          0
 28156,   134,   42000000,    8252341,        0,  -33747659,          0
 28156,   135,   42000000,    6326950,        0,  -35673050,          0
 28156,   136,   42000000,    8307104,        0,  -33692896,          0
 28156,   137,   42000000,    6284714,        0,  -35715286,          0
 28156,   138,   42000000,    8306398,        0,  -33693602,          0
 28156,   139,   42000000,    8305109,        0,  -33694891,          0
 28156,   140,   42000000,    8429618,        0,  -33570382,          0
 28156,   141,   42000000,    8512180,        0,  -33487820,          0
 28156,   142,   42000000,    8326886,        0,  -33673114,          0
 28156,   143,   42000000,    7496143,        0,  -34503857,          0
 28156,   144,   42000000,    8641588,        0,  -33358412,          0
 28156,   145,   42000000,    7331531,        0,  -34668469,          0
 28156,   146,   42000000,    8309025,        0,  -33690975,          0
 28156,   147,   42000000,    6577698,        0,  -35422302,          0
 28156,   148,   42000000,    8335242,        0,  -33664758,          0
 28156,   149,   42000000,    8300434,        0,  -33699566,          0
 28156,   150,   42000000,    8608395,        0,  -33391605,          0
 28156,   151,   42000000,    6299156,        0,  -35700844,          0
 28156,   152,   42000000,    8304845,        0,  -33695155,          0
 28156,   153,   42000000,    6579408,        0,  -35420592,          0
 28156,   154,   42000000,    8350235,        0,  -33649765,          0
 28156,   155,   42000000,    6325352,        0,  -35674648,          0
 28156,   156,   42000000,   10288990,        0,  -31711010,          0
 28156,   157,   42000000,    6292853,        0,  -35707147,          0
 28156,   158,   42000000,    8341772,        0,  -33658228,          0
 28156,   159,   42000000,    6628657,        0,  -35371343,          0
 28156,   160,   42000000,    8300749,        0,  -33699251,          0
 28156,   161,   42000000,    6332478,        0,  -35667522,          0
 28156,   162,   42000000,    9127363,        0,  -32872637,          0
 28156,   163,   42000000,    6316832,        0,  -35683168,          0
 28156,   164,   42000000,   10256539,        0,  -31743461,          0
 28156,   165,   42000000,    8211758,        0,  -33788242,          0
 28156,   166,   42000000,    8326440,        0,  -33673560,          0
 28156,   167,   42000000,    8277258,        0,  -33722742,          0
 28156,   168,   42000000,    8367368,        0,  -33632632,          0
 28156,   169,   42000000,    6300921,        0,  -35699079,          0
 28156,   170,   42000000,    8297985,        0,  -33702015,          0
 28156,   171,   42000000,    6299535,        0,  -35700465,          0
 28156,   172,   42000000,    8334781,        0,  -33665219,          0
 28156,   173,   42000000,    8344424,        0,  -33655576,          0
 28156,   174,   42000000,    8311294,        0,  -33688706,          0
 28156,   175,   42000000,    6252143,        0,  -35747857,          0
 28156,   176,   42000000,    8322275,        0,  -33677725,          0
 28156,   177,   42000000,    6270477,        0,  -35729523,          0
 28156,   178,   42000000,   10297380,        0,  -31702620,          0
 28156,   179,   42000000,    6278916,        0,  -35721084,          0
 28156,   180,   42000000,    8319672,        0,  -33680328,          0
 28156,   181,   42000000,    6285635,        0,  -35714365,          0
 28156,   182,   42000000,    8333708,        0,  -33666292,          0
 28156,   183,   42000000,    6262153,        0,  -35737847,          0
 28156,   184,   42000000,    9447496,        0,  -32552504,          0
 28156,   185,   42000000,    6687824,        0,  -35312176,          0
 28156,   186,   42000000,    8322707,        0,  -33677293,          0
 28156,   187,   42000000,    6342049,        0,  -35657951,          0
 28156,   188,   42000000,    8926415,        0,  -33073585,          0
 28156,   189,   42000000,    6702454,        0,  -35297546,          0
 28156,   190,   42000000,    8400321,        0,  -33599679,          0
 28156,   191,   42000000,    6286373,        0,  -35713627,          0
 28156,   192,   42000000,    8331127,        0,  -33668873,          0
 28156,   193,   42000000,    6271308,        0,  -35728692,          0
 28156,   194,   42000000,    8324936,        0,  -33675064,          0
 28156,   195,   42000000,    6341355,        0,  -35658645,          0
 28156,   196,   42000000,    8728390,        0,  -33271610,          0
 28156,   197,   42000000,    6256053,        0,  -35743947,          0
 28156,   198,   42000000,    8249801,        0,  -33750199,          0
 28156,   199,   42000000,    8459389,        0,  -33540611,          0
 28156,   200,   42000000,   10332780,        0,  -31667220,          0
 28156,   201,   42000000,    6302512,        0,  -35697488,          0
 28156,   202,   42000000,    8700664,        0,  -33299336,          0
 28156,   203,   42000000,    8062804,        0,  -33937196,          0
 28156,   204,   42000000,    8352836,        0,  -33647164,          0
 28156,   205,   42000000,    7313670,        0,  -34686330,          0
 28156,   206,   42000000,    8333338,        0,  -33666662,          0
 28156,   207,   42000000,    8323783,        0,  -33676217,          0
 28156,   208,   42000000,    8340508,        0,  -33659492,          0
 28156,   209,   42000000,    6284789,        0,  -35715211,          0
 28156,   210,   42000000,    8463730,        0,  -33536270,          0
 28156,   211,   42000000,    7574892,        0,  -34425108,          0
 28156,   212,   42000000,    8362094,        0,  -33637906,          0
 28156,   213,   42000000,    6268884,        0,  -35731116,          0
 28156,   214,   42000000,    8346089,        0,  -33653911,          0
 28156,   215,   42000000,    6290865,        0,  -35709135,          0
 28156,   216,   42000000,    8305324,        0,  -33694676,          0
 28156,   217,   42000000,    8283724,        0,  -33716276,          0
 28156,   218,   42000000,    8293230,        0,  -33706770,          0
 28156,   219,   42000000,    6269854,        0,  -35730146,          0
 28156,   220,   42000000,    8279504,        0,  -33720496,          0
 28156,   221,   42000000,    6580312,        0,  -35419688,          0
 28156,   222,   42000000,    8310598,        0,  -33689402,          0
 28156,   223,   42000000,    6286170,        0,  -35713830,          0
 28156,   224,   42000000,    8294747,        0,  -33705253,          0
 28156,   225,   42000000,    8302743,        0,  -33697257,          0
 28156,   226,   42000000,   10220567,        0,  -31779433,          0
 28156,   227,   42000000,    6279285,        0,  -35720715,          0
 28156,   228,   42000000,    8306953,        0,  -33693047,          0
 28156,   229,   42000000,    8264119,        0,  -33735881,          0
 28156,   230,   42000000,    8311723,        0,  -33688277,          0
 28156,   231,   42000000,    6325303,        0,  -35674697,          0
 28156,   232,   42000000,    8317935,        0,  -33682065,          0
 28156,   233,   42000000,    8278400,        0,  -33721600,          0
 28156,   234,   42000000,   10383433,        0,  -31616567,          0
 28156,   235,   42000000,    8272773,        0,  -33727227,          0
 28156,   236,   42000000,    8336664,        0,  -33663336,          0
 28156,   237,   42000000,    6398652,        0,  -35601348,          0
 28156,   238,   42000000,    8309131,        0,  -33690869,          0
 28156,   239,   42000000,    6275645,        0,  -35724355,          0
 28156,   240,   42000000,    8317149,        0,  -33682851,          0
 28156,   241,   42000000,    7361043,        0,  -34638957,          0
 28156,   242,   42000000,    8960620,        0,  -33039380,          0
# task NAME=myapp PID=28160 COST=6096000 PERIOD=19000000 CPU=0
 28160,     2,   19000000,      39083,        0,  -18960917,          0
 28160,     3,   19000000,      87457,        0,  -18912543,          0
 28160,     4,   19000000,   10145169,        0,   -8854831,          0
 28160,     5,   19000000,    9162436,        0,   -9837564,          0
 28160,     6,   19000000,    6554924,        0,  -12445076,          0
 28160,     7,   19000000,    9138759,        0,   -9861241,          0
 28160,     8,   19000000,    8175247,        0,  -10824753,          0
 28160,     9,   19000000,    9216143,        0,   -9783857,          0
 28160,    10,   19000000,    7228907,        0,  -11771093,          0
 28160,    11,   19000000,    9146311,        0,   -9853689,          0
 28160,    12,   19000000,   10455386,        0,   -8544614,          0
 28160,    13,   19000000,    9135357,        0,   -9864643,          0
 28160,    14,   19000000,    6111602,        0,  -12888398,          0
 28160,    15,   19000000,    8214772,        0,  -10785228,          0
 28160,    16,   19000000,   10275293,        0,   -8724707,          0
 28160,    17,   19000000,   10720895,        0,   -8279105,          0
 28160,    18,   19000000,    7041390,        0,  -11958610,          0
 28160,    19,   19000000,    9086873,        0,   -9913127,          0
 28160,    20,   19000000,    8663349,        0,  -10336651,          0
 28160,    21,   19000000,   11209851,        0,   -7790149,          0
 28160,    22,   19000000,    6179707,        0,  -12820293,          0
 28160,    23,   19000000,    7395596,        0,  -11604404,          0
 28160,    24,   19000000,    8553040,        0,  -10446960,          0
 28160,    25,   19000000,    9168280,        0,   -9831720,          0
 28160,    26,   19000000,    6327585,        0,  -12672415,          0
 28160,    27,   19000000,    7144397,        0,  -11855603,          0
 28160,    28,   19000000,    8178439,        0,  -10821561,          0
 28160,    29,   19000000,    9159282,        0,   -9840718,          0
 28160,    30,   19000000,    6515039,        0,  -12484961,          0
 28160,    31,   19000000,    7232715,        0,  -11767285,          0
 28160,    32,   19000000,   10459276,        0,   -8540724,          0
 28160,    33,   19000000,    9162791,        0,   -9837209,          0
 28160,    34,   19000000,    8109858,        0,  -10890142,          0
 28160,    35,   19000000,    7152582,        0,  -11847418,          0
 28160,    36,   19000000,    8172220,        0,  -10827780,          0
 28160,    37,   19000000,    9186358,        0,   -9813642,          0
 28160,    38,   19000000,    6594426,        0,  -12405574,          0
 28160,    39,   19000000,    7138453,        0,  -11861547,          0
 28160,    40,   19000000,    8211501,        0,  -10788499,          0
 28160,    41,   19000000,    9220201,        0,   -9779799,          0
 28160,    42,   19000000,    6549541,        0,  -12450459,          0
 28160,    43,   19000000,    7093910,        0,  -11906090,          0
 28160,    44,   19000000,    8103301,        0,  -10896699,          0
 28160,    45,   19000000,    9170988,        0,   -9829012,          0
 28160,    46,   19000000,    6690135,        0,  -12309865,          0
 28160,    47,   19000000,    9798737,        0,   -9201263,          0
 28160,    48,   19000000,    8192768,        0,  -10807232,          0
 28160,    49,   19000000,    9154215,        0,   -9845785,          0
 28160,    50,   19000000,    9131797,        0,   -9868203,          0
 28160,    51,   19000000,    9182761,        0,   -9817239,          0
 28160,    52,   19000000,    8143004,        0,  -10856996,          0
 28160,    53,   19000000,    9171015,        0,   -9828985,          0
 28160,    54,   19000000,    8121346,        0,  -10878654,          0
 28160,    55,   19000000,    7141275,        0,  -11858725,          0
 28160,    56,   19000000,    8127224,        0,  -10872776,          0
 28160,    57,   19000000,    9149564,        0,   -9850436,          0
 28160,    58,   19000000,    8135401,        0,  -10864599,          0
 28160,    59,   19000000,    7195882,        0,  -11804118,          0
 28160,    60,   19000000,    8113090,        0,  -10886910,          0
 28160,    61,   19000000,   11192953,        0,   -7807047,          0
 28160,    62,   19000000,    8211334,        0,  -10788666,          0
 28160,    63,   19000000,    7139213,        0,  -11860787,          0
 28160,    64,   19000000,    8128763,        0,  -10871237,          0
 28160,    65,   19000000,   11470975,        0,   -7529025,          0
 28160,    66,   19000000,    8216063,        0,  -10783937,          0
 28160,    67,   19000000,    7086437,        0,  -11913563,          0
 28160,    68,   19000000,    8159807,        0,  -10840193,          0
 28160,    69,   19000000,    9131847,        0,   -9868153,          0
 28160,    70,   19000000,    6180819,        0,  -12819181,          0
 28160,    71,   19000000,    9126663,        0,   -9873337,          0
 28160,    72,   19000000,    8175203,        0,  -10824797,          0
 28160,    73,   19000000,    9219990,        0,   -9780010,          0
 28160,    74,   19000000,    6164684,        0,  -12835316,          0
 28160,    75,   19000000,    7151960,        0,  -11848040,          0
 28160,    76,   19000000,    8148864,        0,  -10851136,          0
 28160,    77,   19000000,    9213109,        0,   -9786891,          0
 28160,    78,   19000000,   10420953,        0,   -8579047,          0
 28160,    79,   19000000,    7132139,        0,  -11867861,          0
 28160,    80,   19000000,    8218040,        0,  -10781960,          0
 28160,    81,   19000000,   11143970,        0,   -7856030,          0
 28160,    82,   19000000,    6105340,        0,  -12894660,          0
 28160,    83,   19000000,    7096933,        0,  -11903067,          0
 28160,    84,   19000000,    8162610,        0,  -10837390,          0
 28160,    85,   19000000,    9140618,        0,   -9859382,          0
 28160,    86,   19000000,    8154797,        0,  -10845203,          0
 28160,    87,   19000000,    7142363,        0,  -11857637,          0
 28160,    88,   19000000,    9254777,        0,   -9745223,          0
 28160,    89,   19000000,    9154197,        0,   -9845803,          0
 28160,    90,   19000000,    6531421,        0,  -12468579,          0
 28160,    91,   19000000,    9510391,        0,   -9489609,          0
 28160,    92,   19000000,    8186294,        0,  -10813706,          0
 28160,    93,   19000000,   10952183,        0,   -8047817,          0
 28160,    94,   19000000,    6145000,        0,  -12855000,          0
 28160,    95,   19000000,    7160446,        0,  -11839554,          0
 28160,    96,   19000000,    8161830,        0,  -10838170,          0
 28160,    97,   19000000,    9147661,        0,   -9852339,          0
 28160,    98,   19000000,    7057523,        0,  -11942477,          0
 28160,    99,   19000000,    7176997,        0,  -11823003,          0
 28160,   100,   19000000,    8159690,        0,  -10840310,          0
 28160,   101,   19000000,    9168905,        0,   -9831095,          0
 28160,   102,   19000000,    7233967,        0,  -11766033,          0
 28160,   103,   19000000,    7147186,        0,  -11852814,          0
 28160,   104,   19000000,    8181959,        0,  -10818041,          0
 28160,   105,   19000000,    9154072,        0,   -9845928,          0
 28160,   106,   19000000,    6141720,        0,  -12858280,          0
 28160,   107,   19000000,    7106063,        0,  -11893937,          0
 28160,   108,   19000000,    8182131,        0,  -10817869,          0
 28160,   109,   19000000,    9194271,        0,   -9805729,          0
 28160,   110,   19000000,    6476230,        0,  -12523770,          0
 28160,   111,   19000000,    9499414,        0,   -9500586,          0
 28160,   112,   19000000,    8159495,        0,  -10840505,          0
 28160,   113,   19000000,    9170426,        0,   -9829574,          0
 28160,   114,   19000000,    6145081,        0,  -12854919,          0
 28160,   115,   19000000,    9272379,        0,   -9727621,          0
 28160,   116,   19000000,    8128307,        0,  -10871693,          0
 28160,   117,   19000000,   10560990,        0,   -8439010,          0
 28160,   118,   19000000,    8147342,        0,  -10852658,          0
 28160,   119,   19000000,    9127514,        0,   -9872486,          0
 28160,   120,   19000000,   10233080,        0,   -8766920,          0
 28160,   121,   19000000,    9162308,        0,   -9837692,          0
 28160,   122,   19000000,    8156967,        0,  -10843033,          0
 28160,   123,   19000000,    7113194,        0,  -11886806,          0
 28160,   124,   19000000,   10442751,        0,   -8557249,          0
 28160,   125,   19000000,   10349175,        0,   -8650825,          0
 28160,   126,   19000000,    6187986,        0,  -12812014,          0
 28160,   127,   19000000,    7106344,        0,  -11893656,          0
 28160,   128,   19000000,    8148271,        0,  -10851729,          0
 28160,   129,   19000000,    9150020,        0,   -9849980,          0
 28160,   130,   19000000,    6898229,        0,  -12101771,          0
 28160,   131,   19000000,    7551217,        0,  -11448783,          0
 28160,   132,   19000000,    8187153,        0,  -10812847,          0
 28160,   133,   19000000,    9147183,        0,   -9852817,          0
 28160,   134,   19000000,    6408487,        0,  -12591513,          0
 28160,   135,   19000000,    7144172,        0,  -11855828,          0
 28160,   136,   19000000,    8217740,        0,  -10782260,          0
 28160,   137,   19000000,   11483259,        0,   -7516741,          0
 28160,   138,   19000000,   10469240,        0,   -8530760,          0
 28160,   139,   19000000,    7105349,        0,  -11894651,          0
 28160,   140,   19000000,    9207479,        0,   -9792521,          0
 28160,   141,   19000000,    9179291,        0,   -9820709,          0
 28160,   142,   19000000,    8126236,        0,  -10873764,          0
 28160,   143,   19000000,    7116904,        0,  -11883096,          0
 28160,   144,   19000000,    8213778,        0,  -10786222,          0
 28160,   145,   19000000,    9115990,        0,   -9884010,          0
 28160,   146,   19000000,    6121901,        0,  -12878099,          0
 28160,   147,   19000000,    7133297,        0,  -11866703,          0
 28160,   148,   19000000,    8131424,        0,  -10868576,          0
 28160,   149,   19000000,    9162250,        0,   -9837750,          0
 28160,   150,   19000000,    7423989,        0,  -11576011,          0
 28160,   151,   19000000,    7095674,        0,  -11904326,          0
 28160,   152,   19000000,   10189283,        0,   -8810717,          0
 28160,   153,   19000000,    9131629,        0,   -9868371,          0
 28160,   154,   19000000,    6418921,        0,  -12581079,          0
 28160,   155,   19000000,    7100445,        0,  -11899555,          0
 28160,   156,   19000000,    8161713,        0,  -10838287,          0
 28160,   157,   19000000,    9170776,        0,   -9829224,          0
 28160,   158,   19000000,    6221825,        0,  -12778175,          0
 28160,   159,   19000000,    7119851,        0,  -11880149,          0
 28160,   160,   19000000,    8125022,        0,  -10874978,          0
 28160,   161,   19000000,    9144708,        0,   -9855292,          0
 28160,   162,   19000000,    8085448,        0,  -10914552,          0
 28160,   163,   19000000,    7156961,        0,  -11843039,          0
 28160,   164,   19000000,    8177687,        0,  -10822313,          0
 28160,   165,   19000000,    9147115,        0,   -9852885,          0
 28160,   166,   19000000,    6107123,        0,  -12892877,          0
 28160,   167,   19000000,    9118108,        0,   -9881892,          0
 28160,   168,   19000000,    8140675,        0,  -10859325,          0
 28160,   169,   19000000,    9183301,        0,   -9816699,          0
 28160,   170,   19000000,    8419547,        0,  -10580453,          0
 28160,   171,   19000000,    7251041,        0,  -11748959,          0
 28160,   172,   19000000,    8175165,        0,  -10824835,          0
 28160,   173,   19000000,    9215903,        0,   -9784097,          0
 28160,   174,   19000000,    6509914,        0,  -12490086,          0
 28160,   175,   19000000,    7101037,        0,  -11898963,          0
 28160,   176,   19000000,    8155388,        0,  -10844612,          0
 28160,   177,   19000000,    9213795,        0,   -9786205,          0
 28160,   178,   19000000,    8225158,        0,  -10774842,          0
 28160,   179,   19000000,    9114792,        0,   -9885208,          0
 28160,   180,   19000000,    8165245,        0,  -10834755,          0
 28160,   181,   19000000,    9760400,        0,   -9239600,          0
 28160,   182,   19000000,    8136649,        0,  -10863351,          0
 28160,   183,   19000000,    7206390,        0,  -11793610,          0
 28160,   184,   19000000,    8154766,        0,  -10845234,          0
 28160,   185,   19000000,    9112105,        0,   -9887895,          0
 28160,   186,   19000000,    8117908,        0,  -10882092,          0
 28160,   187,   19000000,    7189323,        0,  -11810677,          0
 28160,   188,   19000000,    8147627,        0,  -10852373,          0
 28160,   189,   19000000,    9204136,        0,   -9795864,          0
 28160,   190,   19000000,    8447317,        0,  -10552683,          0
 28160,   191,   19000000,    8559563,        0,  -10440437,          0
 28160,   192,   19000000,    8176337,        0,  -10823663,          0
 28160,   193,   19000000,    9175382,        0,   -9824618,          0
 28160,   194,   19000000,    6191676,        0,  -12808324,          0
 28160,   195,   19000000,    7128396,        0,  -11871604,          0
 28160,   196,   19000000,    8220087,        0,  -10779913,          0
 28160,   197,   19000000,   10044528,        0,   -8955472,          0
 28160,   198,   19000000,   10182996,        0,   -8817004,          0
 28160,   199,   19000000,    7130328,        0,  -11869672,          0
 28160,   200,   19000000,    8135983,        0,  -10864017,          0
 28160,   201,   19000000,   11199565,        0,   -7800435,          0
 28160,   202,   19000000,    6102042,        0,  -12897958,          0
 28160,   203,   19000000,    9587417,        0,   -9412583,          0
 28160,   204,   19000000,    8169913,        0,  -10830087,          0
 28160,   205,   19000000,    9173679,        0,   -9826321,          0
 28160,   206,   19000000,    6947367,        0,  -12052633,          0
 28160,   207,   19000000,    7104049,        0,  -11895951,          0
 28160,   208,   19000000,    8225955,        0,  -10774045,          0
 28160,   209,   19000000,    9106112,        0,   -9893888,          0
 28160,   210,   19000000,    6148510,        0,  -12851490,          0
 28160,   211,   19000000,    7088133,        0,  -11911867,          0
 28160,   212,   19000000,    9275969,        0,   -9724031,          0
 28160,   213,   19000000,    9181928,        0,   -9818072,          0
 28160,   214,   19000000,    6120441,        0,  -12879559,          0
 28160,   215,   19000000,    9140379,        0,   -9859621,          0
 28160,   216,   19000000,   10557361,        0,   -8442639,          0
 28160,   217,   19000000,    9280675,        0,   -9719325,          0
 28160,   218,   19000000,    8101101,        0,  -10898899,          0
 28160,   219,   19000000,    9123703,        0,   -9876297,          0
 28160,   220,   19000000,    8182402,        0,  -10817598,          0
 28160,   221,   19000000,    9169993,        0,   -9830007,          0
 28160,   222,   19000000,    6160468,        0,  -12839532,          0
 28160,   223,   19000000,    9086581,        0,   -9913419,          0
 28160,   224,   19000000,   10197660,        0,   -8802340,          0
 28160,   225,   19000000,    9176144,        0,   -9823856,          0
 28160,   226,   19000000,    8130617,        0,  -10869383,          0
 28160,   227,   19000000,    7097140,        0,  -11902860,          0
 28160,   228,   19000000,    8226754,        0,  -10773246,          0
 28160,   229,   19000000,    9196061,        0,   -9803939,          0
 28160,   230,   19000000,    8118309,        0,  -10881691,          0
 28160,   231,   19000000,    7162568,        0,  -11837432,          0
 28160,   232,   19000000,    8149361,        0,  -10850639,          0
 28160,   233,   19000000,    9231384,        0,   -9768616,          0
 28160,   234,   19000000,    6165444,        0,  -12834556,          0
 28160,   235,   19000000,    7273225,        0,  -11726775,          0
 28160,   236,   19000000,   10477488,        0,   -8522512,          0
 28160,   237,   19000000,    9171813,        0,   -9828187,          0
 28160,   238,   19000000,    6114645,        0,  -12885355,          0
 28160,   239,   19000000,    9120902,        0,   -9879098,          0
 28160,   240,   19000000,    9216220,        0,   -9783780,          0
 28160,   241,   19000000,    9174514,        0,   -9825486,          0
 28160,   242,   19000000,    6368756,        0,  -12631244,          0
 28160,   243,   19000000,    9075985,        0,   -9924015,          0
 28160,   244,   19000000,    8182913,        0,  -10817087,          0
 28160,   245,   19000000,    9186721,        0,   -9813279,          0
 28160,   246,   19000000,    9043519,        0,   -9956481,          0
 28160,   247,   19000000,    9027856,        0,   -9972144,          0
 28160,   248,   19000000,    8209446,        0,  -10790554,          0
 28160,   249,   19000000,   11466486,        0,   -7533514,          0
 28160,   250,   19000000,    6166027,        0,  -12833973,          0
 28160,   251,   19000000,    7122454,        0,  -11877546,          0
 28160,   252,   19000000,    8175072,        0,  -10824928,          0
 28160,   253,   19000000,    9170742,        0,   -9829258,          0
 28160,   254,   19000000,    6146502,        0,  -12853498,          0
 28160,   255,   19000000,    7120328,        0,  -11879672,          0
 28160,   256,   19000000,    8157760,        0,  -10842240,          0
 28160,   257,   19000000,    9167625,        0,   -9832375,          0
 28160,   258,   19000000,    6180601,        0,  -12819399,          0
 28160,   259,   19000000,    8529186,        0,  -10470814,          0
 28160,   260,   19000000,    8162918,        0,  -10837082,          0
 28160,   261,   19000000,   11121420,        0,   -7878580,          0
 28160,   262,   19000000,    6163003,        0,  -12836997,          0
 28160,   263,   19000000,    7135113,        0,  -11864887,          0
 28160,   264,   19000000,   10179654,        0,   -8820346,          0
 28160,   265,   19000000,   11181128,        0,   -7818872,          0
 28160,   266,   19000000,    8151393,        0,  -10848607,          0
 28160,   267,   19000000,    7303378,        0,  -11696622,          0
 28160,   268,   19000000,    8288609,        0,  -10711391,          0
 28160,   269,   19000000,    9164581,        0,   -9835419,          0
 28160,   270,   19000000,    8163349,        0,  -10836651,          0
 28160,   271,   19000000,    7149714,        0,  -11850286,          0
 28160,   272,   19000000,    8189048,        0,  -10810952,          0
 28160,   273,   19000000,    9128024,        0,   -9871976,          0
 28160,   274,   19000000,    6739289,        0,  -12260711,          0
 28160,   275,   19000000,    9184640,        0,   -9815360,          0
 28160,   276,   19000000,   10140995,        0,   -8859005,          0
 28160,   277,   19000000,    9211083,        0,   -9788917,          0
 28160,   278,   19000000,    6205728,        0,  -12794272,          0
 28160,   279,   19000000,    7186683,        0,  -11813317,          0
 28160,   280,   19000000,    8141775,        0,  -10858225,          0
 28160,   281,   19000000,    9158253,        0,   -9841747,          0
 28160,   282,   19000000,    8402544,        0,  -10597456,          0
 28160,   283,   19000000,    7197413,        0,  -11802587,          0
 28160,   284,   19000000,    8165911,        0,  -10834089,          0
 28160,   285,   19000000,    9140633,        0,   -9859367,          0
 28160,   286,   19000000,    7312374,        0,  -11687626,          0
 28160,   287,   19000000,    7203513,        0,  -11796487,          0
 28160,   288,   19000000,    8174992,        0,  -10825008,          0
 28160,   289,   19000000,    9162630,        0,   -9837370,          0
 28160,   290,   19000000,    6161136,        0,  -12838864,          0
 28160,   291,   19000000,    7180761,        0,  -11819239,          0
 28160,   292,   19000000,    8246310,        0,  -10753690,          0
 28160,   293,   19000000,    9157004,        0,   -9842996,          0
 28160,   294,   19000000,    6134267,        0,  -12865733,          0
 28160,   295,   19000000,    9475487,        0,   -9524513,          0
 28160,   296,   19000000,    8193207,        0,  -10806793,          0
 28160,   297,   19000000,    9175093,        0,   -9824907,          0
 28160,   298,   19000000,    6405369,        0,  -12594631,          0
 28160,   299,   19000000,    7492313,        0,  -11507687,          0
 28160,   300,   19000000,    8144720,        0,  -10855280,          0
 28160,   301,   19000000,    9141629,        0,   -9858371,          0
 28160,   302,   19000000,    9255233,        0,   -9744767,          0
 28160,   303,   19000000,    7092737,        0,  -11907263,          0
 28160,   304,   19000000,   10204417,        0,   -8795583,          0
 28160,   305,   19000000,    9145031,        0,   -9854969,          0
 28160,   306,   19000000,    6217012,        0,  -12782988,          0
 28160,   307,   19000000,    7846125,        0,  -11153875,          0
 28160,   308,   19000000,    8182271,        0,  -10817729,          0
 28160,   309,   19000000,    9122078,        0,   -9877922,          0
 28160,   310,   19000000,    6584575,        0,  -12415425,          0
 28160,   311,   19000000,    9124674,        0,   -9875326,          0
 28160,   312,   19000000,    9070256,        0,   -9929744,          0
 28160,   313,   19000000,    9234915,        0,   -9765085,          0
 28160,   314,   19000000,    8133210,        0,  -10866790,          0
 28160,   315,   19000000,    9460674,        0,   -9539326,          0
 28160,   316,   19000000,    8164733,        0,  -10835267,          0
 28160,   317,   19000000,    9182614,        0,   -9817386,          0
 28160,   318,   19000000,    6222452,        0,  -12777548,          0
 28160,   319,   19000000,    7155836,        0,  -11844164,          0
 28160,   320,   19000000,    8196979,        0,  -10803021,          0
 28160,   321,   19000000,    9164182,        0,   -9835818,          0
 28160,   322,   19000000,    8094080,        0,  -10905920,          0
 28160,   323,   19000000,    9059258,        0,   -9940742,          0
 28160,   324,   19000000,    8162413,        0,  -10837587,          0
 28160,   325,   19000000,    9135022,        0,   -9864978,          0
 28160,   326,   19000000,    8119043,        0,  -10880957,          0
 28160,   327,   19000000,    7131999,        0,  -11868001,          0
 28160,   328,   19000000,    8149029,        0,  -10850971,          0
 28160,   329,   19000000,    9158815,        0,   -9841185,          0
 28160,   330,   19000000,    6167361,        0,  -12832639,          0
 28160,   331,   19000000,    8243342,        0,  -10756658,          0
 28160,   332,   19000000,    8162324,        0,  -10837676,          0
 28160,   333,   19000000,    9212621,        0,   -9787379,          0
 28160,   334,   19000000,    8194733,        0,  -10805267,          0
 28160,   335,   19000000,    7154673,        0,  -11845327,          0
 28160,   336,   19000000,    8256669,        0,  -10743331,          0
 28160,   337,   19000000,    9201699,        0,   -9798301,          0
 28160,   338,   19000000,    7076442,        0,  -11923558,          0
 28160,   339,   19000000,    9167515,        0,   -9832485,          0
 28160,   340,   19000000,    8195683,        0,  -10804317,          0
 28160,   341,   19000000,    9155529,        0,   -9844471,          0
 28160,   342,   19000000,    8033267,        0,  -10966733,          0
 28160,   343,   19000000,    8302455,        0,  -10697545,          0
 28160,   344,   19000000,    8228664,        0,  -10771336,          0
 28160,   345,   19000000,    9167457,        0,   -9832543,          0
 28160,   346,   19000000,    6161915,        0,  -12838085,          0
 28160,   347,   19000000,    7147834,        0,  -11852166,          0
 28160,   348,   19000000,    8200328,        0,  -10799672,          0
 28160,   349,   19000000,    9173190,        0,   -9826810,          0
 28160,   350,   19000000,    6184190,        0,  -12815810,          0
 28160,   351,   19000000,    7201490,        0,  -11798510,          0
 28160,   352,   19000000,    8248338,        0,  -10751662,          0
 28160,   353,   19000000,    9176713,        0,   -9823287,          0
 28160,   354,   19000000,    8144146,        0,  -10855854,          0
 28160,   355,   19000000,    8910915,        0,  -10089085,          0
 28160,   356,   19000000,    8161303,        0,  -10838697,          0
 28160,   357,   19000000,    9111000,        0,   -9889000,          0
 28160,   358,   19000000,    8106089,        0,  -10893911,          0
 28160,   359,   19000000,    7107177,        0,  -11892823,          0
 28160,   360,   19000000,    8162684,        0,  -10837316,          0
 28160,   361,   19000000,    9208835,        0,   -9791165,          0
 28160,   362,   19000000,    6118262,        0,  -12881738,          0
 28160,   363,   19000000,    7130711,        0,  -11869289,          0
 28160,   364,   19000000,    8272485,        0,  -10727515,          0
 28160,   365,   19000000,    9142940,        0,   -9857060,          0
 28160,   366,   19000000,    6334742,        0,  -12665258,          0
 28160,   367,   19000000,    7167458,        0,  -11832542,          0
 28160,   368,   19000000,   10218797,        0,   -8781203,          0
 28160,   369,   19000000,    9195348,        0,   -9804652,          0
 28160,   370,   19000000,    6592860,        0,  -12407140,          0
 28160,   371,   19000000,    7125536,        0,  -11874464,          0
 28160,   372,   19000000,    8124579,        0,  -10875421,          0
 28160,   373,   19000000,   11207420,        0,   -7792580,          0
 28160,   374,   19000000,    8133277,        0,  -10866723,          0
 28160,   375,   19000000,    9146379,        0,   -9853621,          0
 28160,   376,   19000000,    9381619,        0,   -9618381,          0
 28160,   377,   19000000,    9145028,        0,   -9854972,          0
 28160,   378,   19000000,    8157154,        0,  -10842846,          0
 28160,   379,   19000000,    7251011,        0,  -11748989,          0
 28160,   380,   19000000,    9194366,        0,   -9805634,          0
 28160,   381,   19000000,    9166262,        0,   -9833738,          0
 28160,   382,   19000000,    6166925,        0,  -12833075,          0
 28160,   383,   19000000,    8296110,        0,  -10703890,          0
 28160,   384,   19000000,    8202796,        0,  -10797204,          0
 28160,   385,   19000000,    9220850,        0,   -9779150,          0
 28160,   386,   19000000,    6137493,        0,  -12862507,          0
 28160,   387,   19000000,    7107116,        0,  -11892884,          0
 28160,   388,   19000000,    8134403,        0,  -10865597,          0
 28160,   389,   19000000,    9173400,        0,   -9826600,          0
 28160,   390,   19000000,    8120844,        0,  -10879156,          0
 28160,   391,   19000000,    7104943,        0,  -11895057,          0
 28160,   392,   19000000,    8134037,        0,  -10865963,          0
 28160,   393,   19000000,   11131880,        0,   -7868120,          0
 28160,   394,   19000000,    8463586,        0,  -10536414,          0
 28160,   395,   19000000,    7130680,        0,  -11869320,          0
 28160,   396,   19000000,    8182861,        0,  -10817139,          0
 28160,   397,   19000000,    9170737,        0,   -9829263,          0
 28160,   398,   19000000,    8172623,        0,  -10827377,          0
 28160,   399,   19000000,    7121141,        0,  -11878859,          0
 28160,   400,   19000000,    8146881,        0,  -10853119,          0
 28160,   401,   19000000,    9148510,        0,   -9851490,          0
 28160,   402,   19000000,    6162234,        0,  -12837766,          0
 28160,   403,   19000000,    7217344,        0,  -11782656,          0
 28160,   404,   19000000,    8150640,        0,  -10849360,          0
 28160,   405,   19000000,   11098201,        0,   -7901799,          0
 28160,   406,   19000000,    6142663,        0,  -12857337,          0
 28160,   407,   19000000,    9407827,        0,   -9592173,          0
 28160,   408,   19000000,    8169455,        0,  -10830545,          0
 28160,   409,   19000000,    9218707,        0,   -9781293,          0
 28160,   410,   19000000,    8144776,        0,  -10855224,          0
 28160,   411,   19000000,    7113003,        0,  -11886997,          0
 28160,   412,   19000000,    8176325,        0,  -10823675,          0
 28160,   413,   19000000,    9139574,        0,   -9860426,          0
 28160,   414,   19000000,    6736814,        0,  -12263186,          0
 28160,   415,   19000000,    9123927,        0,   -9876073,          0
 28160,   416,   19000000,    8234240,        0,  -10765760,          0
 28160,   417,   19000000,    9172677,        0,   -9827323,          0
 28160,   418,   19000000,    8106340,        0,  -10893660,          0
 28160,   419,   19000000,    7239662,        0,  -11760338,          0
 28160,   420,   19000000,    8128911,        0,  -10871089,          0
 28160,   421,   19000000,    9116647,        0,   -9883353,          0
 28160,   422,   19000000,    6989714,        0,  -12010286,          0
 28160,   423,   19000000,    7118291,        0,  -11881709,          0
 28160,   424,   19000000,    8104277,        0,  -10895723,          0
 28160,   425,   19000000,    9112184,        0,   -9887816,          0
 28160,   426,   19000000,    7436999,        0,  -11563001,          0
 28160,   427,   19000000,    7117541,        0,  -11882459,          0
 28160,   428,   19000000,    8170402,        0,  -10829598,          0
 28160,   429,   19000000,    9195793,        0,   -9804207,          0
 28160,   430,   19000000,    6090361,        0,  -12909639,          0
 28160,   431,   19000000,    7097401,        0,  -11902599,          0
 28160,   432,   19000000,    8183743,        0,  -10816257,          0
 28160,   433,   19000000,   11519556,        0,   -7480444,          0
 28160,   434,   19000000,    6170230,        0,  -12829770,          0
 28160,   435,   19000000,    7195833,        0,  -11804167,          0
 28160,   436,   19000000,    8186961,        0,  -10813039,          0
 28160,   437,   19000000,    9154268,        0,   -9845732,          0
 28160,   438,   19000000,    8121575,        0,  -10878425,          0
 28160,   439,   19000000,    7085755,        0,  -11914245,          0
 28160,   440,   19000000,   10570320,        0,   -8429680,          0
 28160,   441,   19000000,    9146611,        0,   -9853389,          0
 28160,   442,   19000000,    6119110,        0,  -12880890,          0
 28160,   443,   19000000,    7131290,        0,  -11868710,          0
 28160,   444,   19000000,    8170859,        0,  -10829141,          0
 28160,   445,   19000000,    9153562,        0,   -9846438,          0
 28160,   446,   19000000,    7684500,        0,  -11315500,          0
 28160,   447,   19000000,    7133843,        0,  -11866157,          0
 28160,   448,   19000000,    8594157,        0,  -10405843,          0
 28160,   449,   19000000,    9154151,        0,   -9845849,          0
 28160,   450,   19000000,    8117018,        0,  -10882982,          0
 28160,   451,   19000000,    7243901,        0,  -11756099,          0
 28160,   452,   19000000,    8153547,        0,  -10846453,          0
 28160,   453,   19000000,    9531618,        0,   -9468382,          0
 28160,   454,   19000000,    8126288,        0,  -10873712,          0
 28160,   455,   19000000,    7198505,        0,  -11801495,          0
 28160,   456,   19000000,    8144335,        0,  -10855665,          0
 28160,   457,   19000000,    9177793,        0,   -9822207,          0
 28160,   458,   19000000,    6152545,        0,  -12847455,          0
 28160,   459,   19000000,    7236405,        0,  -11763595,          0
 28160,   460,   19000000,    8126578,        0,  -10873422,          0
 28160,   461,   19000000,    9166677,        0,   -9833323,          0
 28160,   462,   19000000,    8158883,        0,  -10841117,          0
 28160,   463,   19000000,    7171787,        0,  -11828213,          0
 28160,   464,   19000000,    8164545,        0,  -10835455,          0
 28160,   465,   19000000,    9133377,        0,   -9866623,          0
 28160,   466,   19000000,    8412575,        0,  -10587425,          0
 28160,   467,   19000000,    9136066,        0,   -9863934,          0
 28160,   468,   19000000,    8133128,        0,  -10866872,          0
 28160,   469,   19000000,    9209324,        0,   -9790676,          0
 28160,   470,   19000000,    7194271,        0,  -11805729,          0
 28160,   471,   19000000,    7087867,        0,  -11912133,          0
 28160,   472,   19000000,    8198900,        0,  -10801100,          0
 28160,   473,   19000000,    9179128,        0,   -9820872,          0
 28160,   474,   19000000,    7040138,        0,  -11959862,          0
 28160,   475,   19000000,    7179890,        0,  -11820110,          0
 28160,   476,   19000000,   10208466,        0,   -8791534,          0
 28160,   477,   19000000,   11156812,        0,   -7843188,          0
 28160,   478,   19000000,    6100704,        0,  -12899296,          0
 28160,   479,   19000000,    9088143,        0,   -9911857,          0
 28160,   480,   19000000,    8215926,        0,  -10784074,          0
 28160,   481,   19000000,    9178047,        0,   -9821953,          0
 28160,   482,   19000000,    6131251,        0,  -12868749,          0
 28160,   483,   19000000,    7138246,        0,  -11861754,          0
 28160,   484,   19000000,    8163443,        0,  -10836557,          0
 28160,   485,   19000000,    9178368,        0,   -9821632,          0
 28160,   486,   19000000,   10341659,        0,   -8658341,          0
 28160,   487,   19000000,    7445542,        0,  -11554458,          0
 28160,   488,   19000000,    8156017,        0,  -10843983,          0
 28160,   489,   19000000,    9150740,        0,   -9849260,          0
 28160,   490,   19000000,    6542338,        0,  -12457662,          0
 28160,   491,   19000000,    9148861,        0,   -9851139,          0
 28160,   492,   19000000,    8155097,        0,  -10844903,          0
 28160,   493,   19000000,   11174594,        0,   -7825406,          0
 28160,   494,   19000000,    6206935,        0,  -12793065,          0
 28160,   495,   19000000,    7115400,        0,  -11884600,          0
 28160,   496,   19000000,    8193537,        0,  -10806463,          0
 28160,   497,   19000000,    9201633,        0,   -9798367,          0
 28160,   498,   19000000,    6179012,        0,  -12820988,          0
 28160,   499,   19000000,    8388031,        0,  -10611969,          0
 28160,   500,   19000000,    8140145,        0,  -10859855,          0
 28160,   501,   19000000,    9145874,        0,   -9854126,          0
 28160,   502,   19000000,    6092829,        0,  -12907171,          0
 28160,   503,   19000000,    7116905,        0,  -11883095,          0
 28160,   504,   19000000,    9738662,        0,   -9261338,          0
 28160,   505,   19000000,    9170564,        0,   -9829436,          0
 28160,   506,   19000000,    6376500,        0,  -12623500,          0
 28160,   507,   19000000,    7142053,        0,  -11857947,          0
 28160,   508,   19000000,    8189097,        0,  -10810903,          0
 28160,   509,   19000000,    9265272,        0,   -9734728,          0
 28160,   510,   19000000,    6166406,        0,  -12833594,          0
 28160,   511,   19000000,    7097566,        0,  -11902434,          0
 28160,   512,   19000000,   10531146,        0,   -8468854,          0
 28160,   513,   19000000,    9167749,        0,   -9832251,          0
 28160,   514,   19000000,    6158260,        0,  -12841740,          0
 28160,   515,   19000000,    7075566,        0,  -11924434,          0
 28160,   516,   19000000,    8174093,        0,  -10825907,          0
 28160,   517,   19000000,    9174359,        0,   -9825641,          0
 28160,   518,   19000000,    8104357,        0,  -10895643,          0
 28160,   519,   19000000,    8485177,        0,  -10514823,          0
 28160,   520,   19000000,    9022859,        0,   -9977141,          0
 28160,   521,   19000000,    9166376,        0,   -9833624,          0
 28160,   522,   19000000,    6669317,        0,  -12330683,          0
 28160,   523,   19000000,    7150652,        0,  -11849348,          0
 28160,   524,   19000000,    8192856,        0,  -10807144,          0
 28160,   525,   19000000,    9619659,        0,   -9380341,          0
 28160,   526,   19000000,    7343593,        0,  -11656407,          0
 28160,   527,   19000000,    9107595,        0,   -9892405,          0
 28160,   528,   19000000,    8197889,        0,  -10802111,          0
 28160,   529,   19000000,    9116021,        0,   -9883979,          0
 28160,   530,   19000000,    6201139,        0,  -12798861,          0
# task NAME=myapp PID=28164 COST=1094000 PERIOD=33000000 CPU=0
 28164,     2,   33000000,      12053,        0,  -32987947,          0
 28164,     3,   33000000,      94816,        0,  -32905184,          0
 28164,     4,   33000000,    1182183,        0,  -31817817,          0
 28164,     5,   33000000,    2439785,        0,  -30560215,          0
 28164,     6,   33000000,    1393600,        0,  -31606400,          0
 28164,     7,   33000000,    1080248,        0,  -31919752,          0
 28164,     8,   33000000,    1114394,        0,  -31885606,          0
 28164,     9,   33000000,    2290602,        0,  -30709398,          0
 28164,    10,   33000000,    1410790,        0,  -31589210,          0
 28164,    11,   33000000,    1271683,        0,  -31728317,          0
 28164,    12,   33000000,    1123864,        0,  -31876136,          0
 28164,    13,   33000000,    1081401,        0,  -31918599,          0
 28164,    14,   33000000,    1148980,        0,  -31851020,          0
 28164,    15,   33000000,    1095030,        0,  -31904970,          0
 28164,    16,   33000000,    1097784,        0,  -31902216,          0
 28164,    17,   33000000,    2269962,        0,  -30730038,          0
 28164,    18,   33000000,    1401262,        0,  -31598738,          0
 28164,    19,   33000000,    1126821,        0,  -31873179,          0
 28164,    20,   33000000,    1096143,        0,  -31903857,          0
 28164,    21,   33000000,    1345760,        0,  -31654240,          0
 28164,    22,   33000000,    1446336,        0,  -31553664,          0
 28164,    23,   33000000,    1131982,        0,  -31868018,          0
 28164,    24,   33000000,    1127384,        0,  -31872616,          0
 28164,    25,   33000000,    2374487,        0,  -30625513,          0
 28164,    26,   33000000,    1131230,        0,  -31868770,          0
 28164,    27,   33000000,    1131343,        0,  -31868657,          0
 28164,    28,   33000000,    1080355,        0,  -31919645,          0
 28164,    29,   33000000,    1106979,        0,  -31893021,          0
 28164,    30,   33000000,    1441945,        0,  -31558055,          0
 28164,    31,   33000000,    1099418,        0,  -31900582,          0
 28164,    32,   33000000,    3379167,        0,  -29620833,          0
 28164,    33,   33000000,    1125654,        0,  -31874346,          0
 28164,    34,   33000000,    1421293,        0,  -31578707,          0
 28164,    35,   33000000,    1102681,        0,  -31897319,          0
 28164,    36,   33000000,    1456159,        0,  -31543841,          0
 28164,    37,   33000000,    2116828,        0,  -30883172,          0
 28164,    38,   33000000,    1484761,        0,  -31515239,          0
 28164,    39,   33000000,    1117280,        0,  -31882720,          0
 28164,    40,   33000000,    1800420,        0,  -31199580,          0
 28164,    41,   33000000,    1087671,        0,  -31912329,          0
 28164,    42,   33000000,    1168420,        0,  -31831580,          0
 28164,    43,   33000000,    1116163,        0,  -31883837,          0
 28164,    44,   33000000,    1073681,        0,  -31926319,          0
 28164,    45,   33000000,    1308908,        0,  -31691092,          0
 28164,    46,   33000000,    1509723,        0,  -31490277,          0
 28164,    47,   33000000,    1131034,        0,  -31868966,          0
 28164,    48,   33000000,    1072575,        0,  -31927425,          0
 28164,    49,   33000000,    2419917,        0,  -30580083,          0
 28164,    50,   33000000,    1150420,        0,  -31849580,          0
 28164,    51,   33000000,    1078508,        0,  -31921492,          0
 28164,    52,   33000000,    1088256,        0,  -31911744,          0
 28164,    53,   33000000,    2394435,        0,  -30605565,          0
 28164,    54,   33000000,    1415984,        0,  -31584016,          0
 28164,    55,   33000000,    1087863,        0,  -31912137,          0
 28164,    56,   33000000,    1133665,        0,  -31866335,          0
 28164,    57,   33000000,    1316266,        0,  -31683734,          0
 28164,    58,   33000000,    2434376,        0,  -30565624,          0
 28164,    59,   33000000,    1086344,        0,  -31913656,          0
 28164,    60,   33000000,    1122449,        0,  -31877551,          0
 28164,    61,   33000000,    1105176,        0,  -31894824,          0
 28164,    62,   33000000,    1300111,        0,  -31699889,          0
 28164,    63,   33000000,    1075595,        0,  -31924405,          0
 28164,    64,   33000000,    1107167,        0,  -31892833,          0
 28164,    65,   33000000,    2416442,        0,  -30583558,          0
 28164,    66,   33000000,    1108215,        0,  -31891785,          0
 28164,    67,   33000000,    1091412,        0,  -31908588,          0
 28164,    68,   33000000,    1109674,        0,  -31890326,          0
 28164,    69,   33000000,    2427239,        0,  -30572761,          0
 28164,    70,   33000000,    1341546,        0,  -31658454,          0
 28164,    71,   33000000,    1086016,        0,  -31913984,          0
 28164,    72,   33000000,    1097253,        0,  -31902747,          0
 28164,    73,   33000000,    2460591,        0,  -30539409,          0
 28164,    74,   33000000,    1348275,        0,  -31651725,          0
 28164,    75,   33000000,    1102815,        0,  -31897185,          0
 28164,    76,   33000000,    1143577,        0,  -31856423,          0
 28164,    77,   33000000,    1071713,        0,  -31928287,          0
 28164,    78,   33000000,    1088706,        0,  -31911294,          0
 28164,    79,   33000000,    1135901,        0,  -31864099,          0
 28164,    80,   33000000,    1132125,        0,  -31867875,          0
 28164,    81,   33000000,    2450963,        0,  -30549037,          0
 28164,    82,   33000000,    1406207,        0,  -31593793,          0
 28164,    83,   33000000,    1184462,        0,  -31815538,          0
 28164,    84,   33000000,    1131207,        0,  -31868793,          0
 28164,    85,   33000000,    1908999,        0,  -31091001,          0
 28164,    86,   33000000,    1093866,        0,  -31906134,          0
 28164,    87,   33000000,    1182257,        0,  -31817743,          0
 28164,    88,   33000000,    3487170,        0,  -29512830,          0
 28164,    89,   33000000,    2434605,        0,  -30565395,          0
 28164,    90,   33000000,    1387372,        0,  -31612628,          0
 28164,    91,   33000000,    2733567,        0,  -30266433,          0
 28164,    92,   33000000,    1478270,        0,  -31521730,          0
 28164,    93,   33000000,    1089765,        0,  -31910235,          0
 28164,    94,   33000000,    1403361,        0,  -31596639,          0
 28164,    95,   33000000,    1108329,        0,  -31891671,          0
 28164,    96,   33000000,    1079834,        0,  -31920166,          0
 28164,    97,   33000000,    2194050,        0,  -30805950,          0
 28164,    98,   33000000,    1117435,        0,  -31882565,          0
 28164,    99,   33000000,    1158876,        0,  -31841124,          0
 28164,   100,   33000000,    2427671,        0,  -30572329,          0
 28164,   101,   33000000,    1325294,        0,  -31674706,          0
 28164,   102,   33000000,    1377164,        0,  -31622836,          0
 28164,   103,   33000000,    1090779,        0,  -31909221,          0
 28164,   104,   33000000,    1064344,        0,  -31935656,          0
 28164,   105,   33000000,    2393539,        0,  -30606461,          0
 28164,   106,   33000000,    1406339,        0,  -31593661,          0
 28164,   107,   33000000,    1105473,        0,  -31894527,          0
 28164,   108,   33000000,    1124898,        0,  -31875102,          0
 28164,   109,   33000000,    1295741,        0,  -31704259,          0
 28164,   110,   33000000,    1144368,        0,  -31855632,          0
 28164,   111,   33000000,    1125638,        0,  -31874362,          0
 28164,   112,   33000000,    1071409,        0,  -31928591,          0
 28164,   113,   33000000,    1088986,        0,  -31911014,          0
 28164,   114,   33000000,    1427615,        0,  -31572385,          0
 28164,   115,   33000000,    1132359,        0,  -31867641,          0
 28164,   116,   33000000,    1082128,        0,  -31917872,          0
 28164,   117,   33000000,    1703855,        0,  -31296145,          0
 28164,   118,   33000000,    1381284,        0,  -31618716,          0
 28164,   119,   33000000,    1104469,        0,  -31895531,          0
 28164,   120,   33000000,    1077105,        0,  -31922895,          0
 28164,   121,   33000000,    1077560,        0,  -31922440,          0
 28164,   122,   33000000,    1101849,        0,  -31898151,          0
 28164,   123,   33000000,    1121579,        0,  -31878421,          0
 28164,   124,   33000000,    1119811,        0,  -31880189,          0
 28164,   125,   33000000,    2422974,        0,  -30577026,          0
 28164,   126,   33000000,    1463387,        0,  -31536613,          0
 28164,   127,   33000000,    1104545,        0,  -31895455,          0
 28164,   128,   33000000,    1067836,        0,  -31932164,          0
 28164,   129,   33000000,    2399521,        0,  -30600479,          0
 28164,   130,   33000000,    1413703,        0,  -31586297,          0
 28164,   131,   33000000,    1152017,        0,  -31847983,          0
 28164,   132,   33000000,    1064684,        0,  -31935316,          0
 28164,   133,   33000000,    1418828,        0,  -31581172,          0
 28164,   134,   33000000,    1205990,        0,  -31794010,          0
 28164,   135,   33000000,    2800585,        0,  -30199415,          0
 28164,   136,   33000000,    1233040,        0,  -31766960,          0
 28164,   137,   33000000,    2354026,        0,  -30645974,          0
 28164,   138,   33000000,    1135000,        0,  -31865000,          0
 28164,   139,   33000000,    1072532,        0,  -31927468,          0
 28164,   140,   33000000,    1099831,        0,  -31900169,          0
 28164,   141,   33000000,    2399049,        0,  -30600951,          0
 28164,   142,   33000000,    1249489,        0,  -31750511,          0
 28164,   143,   33000000,    1079611,        0,  -31920389,          0
 28164,   144,   33000000,    1131423,        0,  -31868577,          0
 28164,   145,   33000000,    2363669,        0,  -30636331,          0
 28164,   146,   33000000,    1203701,        0,  -31796299,          0
 28164,   147,   33000000,    1077996,        0,  -31922004,          0
 28164,   148,   33000000,    1082458,        0,  -31917542,          0
 28164,   149,   33000000,    2396510,        0,  -30603490,          0
 28164,   150,   33000000,    1095564,        0,  -31904436,          0
 28164,   151,   33000000,    1138636,        0,  -31861364,          0
 28164,   152,   33000000,    1077978,        0,  -31922022,          0
 28164,   153,   33000000,    2428441,        0,  -30571559,          0
 28164,   154,   33000000,    1440735,        0,  -31559265,          0
 28164,   155,   33000000,    1102629,        0,  -31897371,          0
 28164,   156,   33000000,    3326194,        0,  -29673806,          0
 28164,   157,   33000000,    1266727,        0,  -31733273,          0
 28164,   158,   33000000,    1444044,        0,  -31555956,          0
 28164,   159,   33000000,    1110875,        0,  -31889125,          0
 28164,   160,   33000000,    1086091,        0,  -31913909,          0
 28164,   161,   33000000,    1153550,        0,  -31846450,          0
 28164,   162,   33000000,    1426802,        0,  -31573198,          0
 28164,   163,   33000000,    1100680,        0,  -31899320,          0
 28164,   164,   33000000,    1065689,        0,  -31934311,          0
 28164,   165,   33000000,    2279391,        0,  -30720609,          0
 28164,   166,   33000000,    1397180,        0,  -31602820,          0
 28164,   167,   33000000,    1150083,        0,  -31849917,          0
 28164,   168,   33000000,    1071841,        0,  -31928159,          0
 28164,   169,   33000000,    1308728,        0,  -31691272,          0
 28164,   170,   33000000,    1144167,        0,  -31855833,          0
 28164,   171,   33000000,    1142844,        0,  -31857156,          0
 28164,   172,   33000000,    2401304,        0,  -30598696,          0
 28164,   173,   33000000,    1105314,        0,  -31894686,          0
 28164,   174,   33000000,    1403758,        0,  -31596242,          0
 28164,   175,   33000000,    3711834,        0,  -29288166,          0
 28164,   176,   33000000,    1109037,        0,  -31890963,          0
 28164,   177,   33000000,    2407595,        0,  -30592405,          0
 28164,   178,   33000000,    1083548,        0,  -31916452,          0
 28164,   179,   33000000,    1095664,        0,  -31904336,          0
 28164,   180,   33000000,    1090480,        0,  -31909520,          0
 28164,   181,   33000000,    2398582,        0,  -30601418,          0
 28164,   182,   33000000,    1103739,        0,  -31896261,          0
 28164,   183,   33000000,    1135054,        0,  -31864946,          0
 28164,   184,   33000000,    1131292,        0,  -31868708,          0
 28164,   185,   33000000,    1159059,        0,  -31840941,          0
 28164,   186,   33000000,    1443659,        0,  -31556341,          0
 28164,   187,   33000000,    1093544,        0,  -31906456,          0
 28164,   188,   33000000,    1147918,        0,  -31852082,          0
 28164,   189,   33000000,    2399308,        0,  -30600692,          0
 28164,   190,   33000000,    1417728,        0,  -31582272,          0
 28164,   191,   33000000,    1130613,        0,  -31869387,          0
 28164,   192,   33000000,    1094881,        0,  -31905119,          0
 28164,   193,   33000000,    2432028,        0,  -30567972,          0
 28164,   194,   33000000,    1707197,        0,  -31292803,          0
 28164,   195,   33000000,    1496560,        0,  -31503440,          0
 28164,   196,   33000000,    1080688,        0,  -31919312,          0
 28164,   197,   33000000,    2411553,        0,  -30588447,          0
 28164,   198,   33000000,    1411249,        0,  -31588751,          0
 28164,   199,   33000000,    1126497,        0,  -31873503,          0
 28164,   200,   33000000,    1115610,        0,  -31884390,          0
 28164,   201,   33000000,    1315908,        0,  -31684092,          0
 28164,   202,   33000000,    1392682,        0,  -31607318,          0
 28164,   203,   33000000,    1180411,        0,  -31819589,          0
 28164,   204,   33000000,    1132497,        0,  -31867503,          0
 28164,   205,   33000000,    2383612,        0,  -30616388,          0
 28164,   206,   33000000,    1087925,        0,  -31912075,          0
 28164,   207,   33000000,    1077037,        0,  -31922963,          0
 28164,   208,   33000000,    1087992,        0,  -31912008,          0
 28164,   209,   33000000,    2442024,        0,  -30557976,          0
 28164,   210,   33000000,    1407821,        0,  -31592179,          0
 28164,   211,   33000000,    1208325,        0,  -31791675,          0
 28164,   212,   33000000,    1137361,        0,  -31862639,          0
 28164,   213,   33000000,    2387509,        0,  -30612491,          0
 28164,   214,   33000000,    1368579,        0,  -31631421,          0
 28164,   215,   33000000,    1136190,        0,  -31863810,          0
 28164,   216,   33000000,    1144138,        0,  -31855862,          0
 28164,   217,   33000000,    1415765,        0,  -31584235,          0
 28164,   218,   33000000,    1131557,        0,  -31868443,          0
 28164,   219,   33000000,    1101869,        0,  -31898131,          0
 28164,   220,   33000000,    1099496,        0,  -31900504,          0
 28164,   221,   33000000,    2394122,        0,  -30605878,          0
 28164,   222,   33000000,    1315841,        0,  -31684159,          0
 28164,   223,   33000000,    1079903,        0,  -31920097,          0
 28164,   224,   33000000,    1089726,        0,  -31910274,          0
 28164,   225,   33000000,    2401372,        0,  -30598628,          0
 28164,   226,   33000000,    1375456,        0,  -31624544,          0
 28164,   227,   33000000,    1096166,        0,  -31903834,          0
 28164,   228,   33000000,    1080914,        0,  -31919086,          0
 28164,   229,   33000000,    1682468,        0,  -31317532,          0
 28164,   230,   33000000,    1301836,        0,  -31698164,          0
 28164,   231,   33000000,    1110691,        0,  -31889309,          0
 28164,   232,   33000000,    1143392,        0,  -31856608,          0
 28164,   233,   33000000,    1096960,        0,  -31903040,          0
 28164,   234,   33000000,    1413286,        0,  -31586714,          0
 28164,   235,   33000000,    1109968,        0,  -31890032,          0
 28164,   236,   33000000,    1076607,        0,  -31923393,          0
 28164,   237,   33000000,    2374919,        0,  -30625081,          0
 28164,   238,   33000000,    1069139,        0,  -31930861,          0
 28164,   239,   33000000,    1115334,        0,  -31884666,          0
 28164,   240,   33000000,    1122305,        0,  -31877695,          0
 28164,   241,   33000000,    1606204,        0,  -31393796,          0
 28164,   242,   33000000,    1484243,        0,  -31515757,          0
 28164,   243,   33000000,    1149985,        0,  -31850015,          0
 28164,   244,   33000000,    1197082,        0,  -31802918,          0
 28164,   245,   33000000,    1329787,        0,  -31670213,          0
 28164,   246,   33000000,    1104972,        0,  -31895028,          0
 28164,   247,   33000000,    1094933,        0,  -31905067,          0
 28164,   248,   33000000,    1087700,        0,  -31912300,          0
 28164,   249,   33000000,    1830649,        0,  -31169351,          0
 28164,   250,   33000000,    1408398,        0,  -31591602,          0
 28164,   251,   33000000,    1071281,        0,  -31928719,          0
 28164,   252,   33000000,    1107919,        0,  -31892081,          0
 28164,   253,   33000000,    2384384,        0,  -30615616,          0
 28164,   254,   33000000,    1418029,        0,  -31581971,          0
 28164,   255,   33000000,    1180348,        0,  -31819652,          0
 28164,   256,   33000000,    3387111,        0,  -29612889,          0
 28164,   257,   33000000,    1079812,        0,  -31920188,          0
 28164,   258,   33000000,    1148376,        0,  -31851624,          0
 28164,   259,   33000000,    3491502,        0,  -29508498,          0
 28164,   260,   33000000,    1478875,        0,  -31521125,          0
 28164,   261,   33000000,    1109430,        0,  -31890570,          0
 28164,   262,   33000000,    1449047,        0,  -31550953,          0
 28164,   263,   33000000,    1113962,        0,  -31886038,          0
 28164,   264,   33000000,    1522490,        0,  -31477510,          0
 28164,   265,   33000000,    1522404,        0,  -31477596,          0
 28164,   266,   33000000,    1077403,        0,  -31922597,          0
 28164,   267,   33000000,    1150293,        0,  -31849707,          0
 28164,   268,   33000000,    1106444,        0,  -31893556,          0
 28164,   269,   33000000,    2361915,        0,  -30638085,          0
 28164,   270,   33000000,    1388497,        0,  -31611503,          0
 28164,   271,   33000000,    1086033,        0,  -31913967,          0
 28164,   272,   33000000,    1157213,        0,  -31842787,          0
 28164,   273,   33000000,    1419711,        0,  -31580289,          0
 28164,   274,   33000000,    1395496,        0,  -31604504,          0
 28164,   275,   33000000,    1068196,        0,  -31931804,          0
 28164,   276,   33000000,    1096750,        0,  -31903250,          0
 28164,   277,   33000000,    2397006,        0,  -30602994,          0
 28164,   278,   33000000,    1408081,        0,  -31591919,          0
 28164,   279,   33000000,    1150757,        0,  -31849243,          0
 28164,   280,   33000000,    1091497,        0,  -31908503,          0
 28164,   281,   33000000,    1101577,        0,  -31898423,          0
 28164,   282,   33000000,    1105120,        0,  -31894880,          0
 28164,   283,   33000000,    1088662,        0,  -31911338,          0
 28164,   284,   33000000,    1077749,        0,  -31922251,          0
 28164,   285,   33000000,    2421302,        0,  -30578698,          0
 28164,   286,   33000000,    1401868,        0,  -31598132,          0
 28164,   287,   33000000,    1091678,        0,  -31908322,          0
 28164,   288,   33000000,    1155780,        0,  -31844220,          0
 28164,   289,   33000000,    1275604,        0,  -31724396,          0
 28164,   290,   33000000,    1110445,        0,  -31889555,          0
 28164,   291,   33000000,    1145620,        0,  -31854380,          0
 28164,   292,   33000000,    1438179,        0,  -31561821,          0
 28164,   293,   33000000,    2416891,        0,  -30583109,          0
 28164,   294,   33000000,    1366315,        0,  -31633685,          0
 28164,   295,   33000000,    1101509,        0,  -31898491,          0
 28164,   296,   33000000,    1070169,        0,  -31929831,          0
 28164,   297,   33000000,    2413179,        0,  -30586821,          0
 28164,   298,   33000000,    1178988,        0,  -31821012,          0
 28164,   299,   33000000,    1113002,        0,  -31886998,          0
 28164,   300,   33000000,    1123197,        0,  -31876803,          0
 28164,   301,   33000000,    1423737,        0,  -31576263,          0
 28164,   302,   33000000,    1152307,        0,  -31847693,          0
 28164,   303,   33000000,    1160449,        0,  -31839551,          0
 28164,   304,   33000000,    1084509,        0,  -31915491,          0
 28164,   305,   33000000,    1525492,        0,  -31474508,          0
 28164,   306,   33000000,    1421283,        0,  -31578717,          0
 28164,   307,   33000000,    4335449,        0,  -28664551,          0
