# Task,   Job,     Period,   Response, DL Miss?,   Lateness,  Tardiness
# task NAME=myapp PID=2125 COST=32726000 PERIOD=100000000 CPU=0
  2125,     2,  100000000,       6419,        0,  -99993581,          0
  2125,     3,  100000000,    9746724,        0,  -90253276,          0
  2125,     4,  100000000,   33221923,        0,  -66778077,          0
  2125,     5,  100000000,   32011073,        0,  -67988927,          0
  2125,     6,  100000000,   32012072,        0,  -67987928,          0
  2125,     7,  100000000,   32296523,        0,  -67703477,          0
  2125,     8,  100000000,   32051708,        0,  -67948292,          0
  2125,     9,  100000000,   32019950,        0,  -67980050,          0
  2125,    10,  100000000,   32032107,        0,  -67967893,          0
  2125,    11,  100000000,   32037430,        0,  -67962570,          0
  2125,    12,  100000000,   32304694,        0,  -67695306,          0
  2125,    13,  100000000,   32014122,        0,  -67985878,          0
  2125,    14,  100000000,   32016191,        0,  -67983809,          0
  2125,    15,  100000000,   40839510,        0,  -59160490,          0
  2125,    16,  100000000,   32015384,        0,  -67984616,          0
  2125,    17,  100000000,   60318920,        0,  -39681080,          0
  2125,    18,  100000000,   50406450,        0,  -49593550,          0
  2125,    19,  100000000,   32025784,        0,  -67974216,          0
  2125,    20,  100000000,   32112826,        0,  -67887174,          0
  2125,    21,  100000000,   32057203,        0,  -67942797,          0
  2125,    22,  100000000,   40635846,        0,  -59364154,          0
  2125,    23,  100000000,   32047885,        0,  -67952115,          0
  2125,    24,  100000000,   32062794,        0,  -67937206,          0
  2125,    25,  100000000,   32057493,        0,  -67942507,          0
  2125,    26,  100000000,   32050005,        0,  -67949995,          0
  2125,    27,  100000000,   38053366,        0,  -61946634,          0
  2125,    28,  100000000,   35801776,        0,  -64198224,          0
  2125,    29,  100000000,   32067238,        0,  -67932762,          0
  2125,    30,  100000000,   32067921,        0,  -67932079,          0
  2125,    31,  100000000,   32073442,        0,  -67926558,          0
  2125,    32,  100000000,   32318430,        0,  -67681570,          0
  2125,    33,  100000000,   32083165,        0,  -67916835,          0
  2125,    34,  100000000,   32044764,        0,  -67955236,          0
  2125,    35,  100000000,   32068299,        0,  -67931701,          0
  2125,    36,  100000000,   32068684,        0,  -67931316,          0
  2125,    37,  100000000,   34159856,        0,  -65840144,          0
  2125,    38,  100000000,   32100343,        0,  -67899657,          0
  2125,    39,  100000000,   32316987,        0,  -67683013,          0
  2125,    40,  100000000,   35197957,        0,  -64802043,          0
  2125,    41,  100000000,   32046960,        0,  -67953040,          0
  2125,    42,  100000000,   32311725,        0,  -67688275,          0
  2125,    43,  100000000,   32009675,        0,  -67990325,          0
  2125,    44,  100000000,   32072078,        0,  -67927922,          0
  2125,    45,  100000000,   32027315,        0,  -67972685,          0
  2125,    46,  100000000,   32023079,        0,  -67976921,          0
  2125,    47,  100000000,   60693850,        0,  -39306150,          0
  2125,    48,  100000000,   32031086,        0,  -67968914,          0
  2125,    49,  100000000,   33579627,        0,  -66420373,          0
  2125,    50,  100000000,   32045987,        0,  -67954013,          0
  2125,    51,  100000000,   32019861,        0,  -67980139,          0
  2125,    52,  100000000,   32307562,        0,  -67692438,          0
  2125,    53,  100000000,   32036565,        0,  -67963435,          0
  2125,    54,  100000000,   32040340,        0,  -67959660,          0
  2125,    55,  100000000,   32017042,        0,  -67982958,          0
  2125,    56,  100000000,   31985852,        0,  -68014148,          0
  2125,    57,  100000000,   32309617,        0,  -67690383,          0
  2125,    58,  100000000,   32040843,        0,  -67959157,          0
  2125,    59,  100000000,   32020050,        0,  -67979950,          0
  2125,    60,  100000000,   32028285,        0,  -67971715,          0
  2125,    61,  100000000,   32062144,        0,  -67937856,          0
  2125,    62,  100000000,   32272060,        0,  -67727940,          0
  2125,    63,  100000000,   39824828,        0,  -60175172,          0
  2125,    64,  100000000,   40418676,        0,  -59581324,          0
  2125,    65,  100000000,   32058581,        0,  -67941419,          0
  2125,    66,  100000000,   32070756,        0,  -67929244,          0
  2125,    67,  100000000,   32331892,        0,  -67668108,          0
  2125,    68,  100000000,   32023407,        0,  -67976593,          0
  2125,    69,  100000000,   32066951,        0,  -67933049,          0
  2125,    70,  100000000,   32029856,        0,  -67970144,          0
  2125,    71,  100000000,   32044172,        0,  -67955828,          0
  2125,    72,  100000000,   32342894,        0,  -67657106,          0
  2125,    73,  100000000,   32040840,        0,  -67959160,          0
  2125,    74,  100000000,   32033244,        0,  -67966756,          0
  2125,    75,  100000000,   32064102,        0,  -67935898,          0
  2125,    76,  100000000,   32041087,        0,  -67958913,          0
  2125,    77,  100000000,   32314809,        0,  -67685191,          0
  2125,    78,  100000000,   32020043,        0,  -67979957,          0
  2125,    79,  100000000,   32049036,        0,  -67950964,          0
  2125,    80,  100000000,   49044457,        0,  -50955543,          0
  2125,    81,  100000000,   51122768,        0,  -48877232,          0
  2125,    82,  100000000,   32290058,        0,  -67709942,          0
  2125,    83,  100000000,   32024243,        0,  -67975757,          0
  2125,    84,  100000000,   32014028,        0,  -67985972,          0
  2125,    85,  100000000,   32018477,        0,  -67981523,          0
  2125,    86,  100000000,   32021208,        0,  -67978792,          0
  2125,    87,  100000000,   32378591,        0,  -67621409,          0
  2125,    88,  100000000,   32022900,        0,  -67977100,          0
  2125,    89,  100000000,   32034702,        0,  -67965298,          0
  2125,    90,  100000000,   32934932,        0,  -67065068,          0
  2125,    91,  100000000,   32066480,        0,  -67933520,          0
  2125,    92,  100000000,   32298061,        0,  -67701939,          0
  2125,    93,  100000000,   32023654,        0,  -67976346,          0
  2125,    94,  100000000,   32040008,        0,  -67959992,          0
  2125,    95,  100000000,   36941852,        0,  -63058148,          0
  2125,    96,  100000000,   32033795,        0,  -67966205,          0
  2125,    97,  100000000,   32275974,        0,  -67724026,          0
  2125,    98,  100000000,   32111027,        0,  -67888973,          0
  2125,    99,  100000000,   32037875,        0,  -67962125,          0
  2125,   100,  100000000,   35823563,        0,  -64176437,          0
  2125,   101,  100000000,   32048815,        0,  -67951185,          0
  2125,   102,  100000000,   32296653,        0,  -67703347,          0
  2125,   103,  100000000,   32053498,        0,  -67946502,          0
  2125,   104,  100000000,   32080221,        0,  -67919779,          0
# task NAME=myapp PID=2128 COST=7911000 PERIOD=48000000 CPU=0
  2128,     2,   48000000,      10483,        0,  -47989517,          0
  2128,     3,   48000000,    9690009,        0,  -38309991,          0
  2128,     4,   48000000,    7769477,        0,  -40230523,          0
  2128,     5,   48000000,    7779765,        0,  -40220235,          0
  2128,     6,   48000000,    7800721,        0,  -40199279,          0
  2128,     7,   48000000,   13925404,        0,  -34074596,          0
  2128,     8,   48000000,    7779092,        0,  -40220908,          0
  2128,     9,   48000000,    7815554,        0,  -40184446,          0
  2128,    10,   48000000,    7776407,        0,  -40223593,          0
  2128,    11,   48000000,    7783397,        0,  -40216603,          0
  2128,    12,   48000000,    7772950,        0,  -40227050,          0
  2128,    13,   48000000,    7788783,        0,  -40211217,          0
  2128,    14,   48000000,    7978153,        0,  -40021847,          0
  2128,    15,   48000000,    7763087,        0,  -40236913,          0
  2128,    16,   48000000,    7847730,        0,  -40152270,          0
  2128,    17,   48000000,    7792803,        0,  -40207197,          0
  2128,    18,   48000000,    7819211,        0,  -40180789,          0
  2128,    19,   48000000,    7785994,        0,  -40214006,          0
  2128,    20,   48000000,    7760765,        0,  -40239235,          0
  2128,    21,   48000000,    7862611,        0,  -40137389,          0
  2128,    22,   48000000,    7789373,        0,  -40210627,          0
  2128,    23,   48000000,    7772151,        0,  -40227849,          0
  2128,    24,   48000000,    7771704,        0,  -40228296,          0
  2128,    25,   48000000,    7757742,        0,  -40242258,          0
  2128,    26,   48000000,    8090590,        0,  -39909410,          0
  2128,    27,   48000000,    7781869,        0,  -40218131,          0
  2128,    28,   48000000,    8771533,        0,  -39228467,          0
  2128,    29,   48000000,    7753745,        0,  -40246255,          0
  2128,    30,   48000000,    8039858,        0,  -39960142,          0
  2128,    31,   48000000,    7767327,        0,  -40232673,          0
  2128,    32,   48000000,    7779155,        0,  -40220845,          0
  2128,    33,   48000000,    7771267,        0,  -40228733,          0
  2128,    34,   48000000,    7772241,        0,  -40227759,          0
  2128,    35,   48000000,   20059050,        0,  -27940950,          0
  2128,    36,   48000000,    7782182,        0,  -40217818,          0
  2128,    37,   48000000,    7748648,        0,  -40251352,          0
  2128,    38,   48000000,    7818253,        0,  -40181747,          0
  2128,    39,   48000000,    7760818,        0,  -40239182,          0
  2128,    40,   48000000,    7786212,        0,  -40213788,          0
  2128,    41,   48000000,    7815718,        0,  -40184282,          0
  2128,    42,   48000000,    7775394,        0,  -40224606,          0
  2128,    43,   48000000,    8047704,        0,  -39952296,          0
  2128,    44,   48000000,    7789083,        0,  -40210917,          0
  2128,    45,   48000000,    7760429,        0,  -40239571,          0
  2128,    46,   48000000,    7775081,        0,  -40224919,          0
  2128,    47,   48000000,   14154774,        0,  -33845226,          0
  2128,    48,   48000000,    7775918,        0,  -40224082,          0
  2128,    49,   48000000,    7805910,        0,  -40194090,          0
  2128,    50,   48000000,    7771155,        0,  -40228845,          0
  2128,    51,   48000000,    7762797,        0,  -40237203,          0
  2128,    52,   48000000,    7777690,        0,  -40222310,          0
  2128,    53,   48000000,    7818581,        0,  -40181419,          0
  2128,    54,   48000000,    7759792,        0,  -40240208,          0
  2128,    55,   48000000,    7769924,        0,  -40230076,          0
  2128,    56,   48000000,    8127341,        0,  -39872659,          0
  2128,    57,   48000000,    7759065,        0,  -40240935,          0
  2128,    58,   48000000,    7813154,        0,  -40186846,          0
  2128,    59,   48000000,    7801764,        0,  -40198236,          0
  2128,    60,   48000000,    7773254,        0,  -40226746,          0
  2128,    61,   48000000,    7812647,        0,  -40187353,          0
  2128,    62,   48000000,    7804913,        0,  -40195087,          0
  2128,    63,   48000000,    9784793,        0,  -38215207,          0
  2128,    64,   48000000,    7759201,        0,  -40240799,          0
  2128,    65,   48000000,    7791507,        0,  -40208493,          0
  2128,    66,   48000000,    7781920,        0,  -40218080,          0
  2128,    67,   48000000,    7770986,        0,  -40229014,          0
  2128,    68,   48000000,    7802430,        0,  -40197570,          0
  2128,    69,   48000000,    8073658,        0,  -39926342,          0
  2128,    70,   48000000,    7800009,        0,  -40199991,          0
  2128,    71,   48000000,    7765530,        0,  -40234470,          0
  2128,    72,   48000000,   10502028,        0,  -37497972,          0
  2128,    73,   48000000,    7768404,        0,  -40231596,          0
  2128,    74,   48000000,    7871177,        0,  -40128823,          0
  2128,    75,   48000000,    7779570,        0,  -40220430,          0
  2128,    76,   48000000,    7774339,        0,  -40225661,          0
  2128,    77,   48000000,    7770465,        0,  -40229535,          0
  2128,    78,   48000000,    7773141,        0,  -40226859,          0
  2128,    79,   48000000,    7776762,        0,  -40223238,          0
  2128,    80,   48000000,   15109293,        0,  -32890707,          0
  2128,    81,   48000000,    7803803,        0,  -40196197,          0
  2128,    82,   48000000,    8651766,        0,  -39348234,          0
  2128,    83,   48000000,    7762209,        0,  -40237791,          0
  2128,    84,   48000000,    7760290,        0,  -40239710,          0
  2128,    85,   48000000,    7787828,        0,  -40212172,          0
  2128,    86,   48000000,   15381090,        0,  -32618910,          0
  2128,    87,   48000000,    7779389,        0,  -40220611,          0
  2128,    88,   48000000,    7804436,        0,  -40195564,          0
  2128,    89,   48000000,    7786838,        0,  -40213162,          0
  2128,    90,   48000000,   20507142,        0,  -27492858,          0
  2128,    91,   48000000,    7807953,        0,  -40192047,          0
  2128,    92,   48000000,    7759695,        0,  -40240305,          0
  2128,    93,   48000000,    7813541,        0,  -40186459,          0
  2128,    94,   48000000,    7801648,        0,  -40198352,          0
  2128,    95,   48000000,   20495929,        0,  -27504071,          0
  2128,    96,   48000000,    7775331,        0,  -40224669,          0
  2128,    97,   48000000,    7774218,        0,  -40225782,          0
  2128,    98,   48000000,    7775927,        0,  -40224073,          0
  2128,    99,   48000000,    7799407,        0,  -40200593,          0
  2128,   100,   48000000,    7752118,        0,  -40247882,          0
  2128,   101,   48000000,    7761817,        0,  -40238183,          0
  2128,   102,   48000000,    7773311,        0,  -40226689,          0
  2128,   103,   48000000,    7777327,        0,  -40222673,          0
  2128,   104,   48000000,    7758547,        0,  -40241453,          0
  2128,   105,   48000000,    7765526,        0,  -40234474,          0
  2128,   106,   48000000,   32426532,        0,  -15573468,          0
  2128,   107,   48000000,    7764911,        0,  -40235089,          0
  2128,   108,   48000000,    8047646,        0,  -39952354,          0
  2128,   109,   48000000,    7773673,        0,  -40226327,          0
  2128,   110,   48000000,    7767282,        0,  -40232718,          0
  2128,   111,   48000000,    7811829,        0,  -40188171,          0
  2128,   112,   48000000,    7771195,        0,  -40228805,          0
  2128,   113,   48000000,    7783520,        0,  -40216480,          0
  2128,   114,   48000000,    7760350,        0,  -40239650,          0
  2128,   115,   48000000,    7786253,        0,  -40213747,          0
  2128,   116,   48000000,   21706187,        0,  -26293813,          0
  2128,   117,   48000000,    7779061,        0,  -40220939,          0
  2128,   118,   48000000,   24737893,        0,  -23262107,          0
  2128,   119,   48000000,    7784686,        0,  -40215314,          0
  2128,   120,   48000000,    7778364,        0,  -40221636,          0
  2128,   121,   48000000,    8055159,        0,  -39944841,          0
  2128,   122,   48000000,    7782872,        0,  -40217128,          0
  2128,   123,   48000000,    7772962,        0,  -40227038,          0
  2128,   124,   48000000,    7789710,        0,  -40210290,          0
  2128,   125,   48000000,    7765907,        0,  -40234093,          0
  2128,   126,   48000000,    7872544,        0,  -40127456,          0
  2128,   127,   48000000,    7761987,        0,  -40238013,          0
  2128,   128,   48000000,    7792579,        0,  -40207421,          0
  2128,   129,   48000000,    7771759,        0,  -40228241,          0
  2128,   130,   48000000,   19515196,        0,  -28484804,          0
  2128,   131,   48000000,    7787033,        0,  -40212967,          0
  2128,   132,   48000000,    7849475,        0,  -40150525,          0
  2128,   133,   48000000,    7772176,        0,  -40227824,          0
  2128,   134,   48000000,    7784427,        0,  -40215573,          0
  2128,   135,   48000000,    7781052,        0,  -40218948,          0
  2128,   136,   48000000,    7837083,        0,  -40162917,          0
  2128,   137,   48000000,    7772154,        0,  -40227846,          0
  2128,   138,   48000000,    7812781,        0,  -40187219,          0
  2128,   139,   48000000,    7776476,        0,  -40223524,          0
  2128,   140,   48000000,    7758054,        0,  -40241946,          0
  2128,   141,   48000000,    8760885,        0,  -39239115,          0
  2128,   142,   48000000,    7758241,        0,  -40241759,          0
  2128,   143,   48000000,    7801742,        0,  -40198258,          0
  2128,   144,   48000000,    7765536,        0,  -40234464,          0
  2128,   145,   48000000,    7773998,        0,  -40226002,          0
  2128,   146,   48000000,   27883023,        0,  -20116977,          0
  2128,   147,   48000000,    7781527,        0,  -40218473,          0
  2128,   148,   48000000,    7783617,        0,  -40216383,          0
  2128,   149,   48000000,    7780644,        0,  -40219356,          0
  2128,   150,   48000000,    7809658,        0,  -40190342,          0
  2128,   151,   48000000,    7773185,        0,  -40226815,          0
  2128,   152,   48000000,   14727943,        0,  -33272057,          0
  2128,   153,   48000000,    7796414,        0,  -40203586,          0
  2128,   154,   48000000,    7762388,        0,  -40237612,          0
  2128,   155,   48000000,    8077412,        0,  -39922588,          0
  2128,   156,   48000000,    7868717,        0,  -40131283,          0
  2128,   157,   48000000,    7788830,        0,  -40211170,          0
  2128,   158,   48000000,   19347188,        0,  -28652812,          0
  2128,   159,   48000000,    7784000,        0,  -40216000,          0
  2128,   160,   48000000,    7811637,        0,  -40188363,          0
  2128,   161,   48000000,    7753671,        0,  -40246329,          0
  2128,   162,   48000000,    7802168,        0,  -40197832,          0
  2128,   163,   48000000,    7763301,        0,  -40236699,          0
  2128,   164,   48000000,    7754048,        0,  -40245952,          0
  2128,   165,   48000000,    7758861,        0,  -40241139,          0
  2128,   166,   48000000,   32754751,        0,  -15245249,          0
  2128,   167,   48000000,    7759472,        0,  -40240528,          0
  2128,   168,   48000000,    8049669,        0,  -39950331,          0
  2128,   169,   48000000,    7765074,        0,  -40234926,          0
  2128,   170,   48000000,    7815368,        0,  -40184632,          0
  2128,   171,   48000000,    7748418,        0,  -40251582,          0
  2128,   172,   48000000,    7773457,        0,  -40226543,          0
  2128,   173,   48000000,    7780125,        0,  -40219875,          0
  2128,   174,   48000000,    7784311,        0,  -40215689,          0
  2128,   175,   48000000,    7763354,        0,  -40236646,          0
  2128,   176,   48000000,    7837741,        0,  -40162259,          0
  2128,   177,   48000000,    7801194,        0,  -40198806,          0
  2128,   178,   48000000,    7802017,        0,  -40197983,          0
  2128,   179,   48000000,    7773812,        0,  -40226188,          0
  2128,   180,   48000000,    7783927,        0,  -40216073,          0
  2128,   181,   48000000,    8125318,        0,  -39874682,          0
  2128,   182,   48000000,    7788291,        0,  -40211709,          0
  2128,   183,   48000000,    7789748,        0,  -40210252,          0
  2128,   184,   48000000,    7755839,        0,  -40244161,          0
  2128,   185,   48000000,    7753709,        0,  -40246291,          0
  2128,   186,   48000000,   13459327,        0,  -34540673,          0
  2128,   187,   48000000,    7781176,        0,  -40218824,          0
  2128,   188,   48000000,    7759797,        0,  -40240203,          0
  2128,   189,   48000000,    7766917,        0,  -40233083,          0
  2128,   190,   48000000,    7763104,        0,  -40236896,          0
  2128,   191,   48000000,    7767704,        0,  -40232296,          0
  2128,   192,   48000000,    7770536,        0,  -40229464,          0
  2128,   193,   48000000,    7777687,        0,  -40222313,          0
  2128,   194,   48000000,    8041373,        0,  -39958627,          0
  2128,   195,   48000000,   16188778,        0,  -31811222,          0
  2128,   196,   48000000,    7763936,        0,  -40236064,          0
  2128,   197,   48000000,    7786394,        0,  -40213606,          0
  2128,   198,   48000000,    7781050,        0,  -40218950,          0
  2128,   199,   48000000,    7778295,        0,  -40221705,          0
  2128,   200,   48000000,    7785727,        0,  -40214273,          0
  2128,   201,   48000000,   27226258,        0,  -20773742,          0
  2128,   202,   48000000,    7771336,        0,  -40228664,          0
  2128,   203,   48000000,    7773643,        0,  -40226357,          0
  2128,   204,   48000000,    9025473,        0,  -38974527,          0
  2128,   205,   48000000,    7776960,        0,  -40223040,          0
  2128,   206,   48000000,    7790756,        0,  -40209244,          0
  2128,   207,   48000000,    8113556,        0,  -39886444,          0
  2128,   208,   48000000,    7763424,        0,  -40236576,          0
  2128,   209,   48000000,    7793664,        0,  -40206336,          0
  2128,   210,   48000000,   12726289,        0,  -35273711,          0
  2128,   211,   48000000,    7822117,        0,  -40177883,          0
  2128,   212,   48000000,    7851512,        0,  -40148488,          0
# task NAME=myapp PID=2132 COST=4964000 PERIOD=46000000 CPU=0
  2132,     2,   46000000,      11826,        0,  -45988174,          0
  2132,     3,   46000000,    9668305,        0,  -36331695,          0
  2132,     4,   46000000,    5177014,        0,  -40822986,          0
  2132,     5,   46000000,    9230519,        0,  -36769481,          0
  2132,     6,   46000000,    4873111,        0,  -41126889,          0
  2132,     7,   46000000,   19035070,        0,  -26964930,          0
  2132,     8,   46000000,    4897278,        0,  -41102722,          0
  2132,     9,   46000000,   12446104,        0,  -33553896,          0
  2132,    10,   46000000,    4949112,        0,  -41050888,          0
  2132,    11,   46000000,    4938568,        0,  -41061432,          0
  2132,    12,   46000000,    4887118,        0,  -41112882,          0
  2132,    13,   46000000,    4875091,        0,  -41124909,          0
  2132,    14,   46000000,   27169492,        0,  -18830508,          0
  2132,    15,   46000000,    4874215,        0,  -41125785,          0
  2132,    16,   46000000,    4878268,        0,  -41121732,          0
  2132,    17,   46000000,    4910145,        0,  -41089855,          0
  2132,    18,   46000000,    4930252,        0,  -41069748,          0
  2132,    19,   46000000,    4903867,        0,  -41096133,          0
  2132,    20,   46000000,    4955711,        0,  -41044289,          0
  2132,    21,   46000000,    4909470,        0,  -41090530,          0
  2132,    22,   46000000,    4999939,        0,  -41000061,          0
  2132,    23,   46000000,    5189792,        0,  -40810208,          0
  2132,    24,   46000000,    4878763,        0,  -41121237,          0
  2132,    25,   46000000,    4881494,        0,  -41118506,          0
  2132,    26,   46000000,    4884280,        0,  -41115720,          0
  2132,    27,   46000000,    4976098,        0,  -41023902,          0
  2132,    28,   46000000,    4877783,        0,  -41122217,          0
  2132,    29,   46000000,    4915100,        0,  -41084900,          0
  2132,    30,   46000000,    4886463,        0,  -41113537,          0
  2132,    31,   46000000,    4910265,        0,  -41089735,          0
  2132,    32,   46000000,    4902664,        0,  -41097336,          0
  2132,    33,   46000000,    4896229,        0,  -41103771,          0
  2132,    34,   46000000,    7156826,        0,  -38843174,          0
  2132,    35,   46000000,    4887363,        0,  -41112637,          0
  2132,    36,   46000000,    4877687,        0,  -41122313,          0
  2132,    37,   46000000,    4891196,        0,  -41108804,          0
  2132,    38,   46000000,    4896773,        0,  -41103227,          0
  2132,    39,   46000000,    4879054,        0,  -41120946,          0
  2132,    40,   46000000,    4892898,        0,  -41107102,          0
  2132,    41,   46000000,    4906441,        0,  -41093559,          0
  2132,    42,   46000000,    5250983,        0,  -40749017,          0
  2132,    43,   46000000,    4897667,        0,  -41102333,          0
  2132,    44,   46000000,   27248672,        0,  -18751328,          0
  2132,    45,   46000000,    4880045,        0,  -41119955,          0
  2132,    46,   46000000,    4871855,        0,  -41128145,          0
  2132,    47,   46000000,    4889711,        0,  -41110289,          0
  2132,    48,   46000000,    4898382,        0,  -41101618,          0
  2132,    49,   46000000,    7282932,        0,  -38717068,          0
  2132,    50,   46000000,    4898545,        0,  -41101455,          0
  2132,    51,   46000000,    4912623,        0,  -41087377,          0
  2132,    52,   46000000,    4881333,        0,  -41118667,          0
  2132,    53,   46000000,    4908594,        0,  -41091406,          0
  2132,    54,   46000000,    4899587,        0,  -41100413,          0
  2132,    55,   46000000,    4885673,        0,  -41114327,          0
  2132,    56,   46000000,    4936411,        0,  -41063589,          0
  2132,    57,   46000000,    4955107,        0,  -41044893,          0
  2132,    58,   46000000,    4902553,        0,  -41097447,          0
  2132,    59,   46000000,    4900135,        0,  -41099865,          0
  2132,    60,   46000000,    4884731,        0,  -41115269,          0
  2132,    61,   46000000,    5195847,        0,  -40804153,          0
  2132,    62,   46000000,    4886883,        0,  -41113117,          0
  2132,    63,   46000000,    4931785,        0,  -41068215,          0
  2132,    64,   46000000,    4891851,        0,  -41108149,          0
  2132,    65,   46000000,    4939726,        0,  -41060274,          0
  2132,    66,   46000000,    4901895,        0,  -41098105,          0
  2132,    67,   46000000,    4916681,        0,  -41083319,          0
  2132,    68,   46000000,    4902924,        0,  -41097076,          0
  2132,    69,   46000000,    4876191,        0,  -41123809,          0
  2132,    70,   46000000,    4888500,        0,  -41111500,          0
  2132,    71,   46000000,    4877016,        0,  -41122984,          0
  2132,    72,   46000000,    4881369,        0,  -41118631,          0
  2132,    73,   46000000,    4921463,        0,  -41078537,          0
  2132,    74,   46000000,    4891890,        0,  -41108110,          0
  2132,    75,   46000000,    7204263,        0,  -38795737,          0
  2132,    76,   46000000,    4888965,        0,  -41111035,          0
  2132,    77,   46000000,    7142136,        0,  -38857864,          0
  2132,    78,   46000000,    4904006,        0,  -41095994,          0
  2132,    79,   46000000,    4936889,        0,  -41063111,          0
  2132,    80,   46000000,    5176058,        0,  -40823942,          0
  2132,    81,   46000000,    4887181,        0,  -41112819,          0
  2132,    82,   46000000,    4874209,        0,  -41125791,          0
  2132,    83,   46000000,   27989651,        0,  -18010349,          0
  2132,    84,   46000000,    4897461,        0,  -41102539,          0
  2132,    85,   46000000,   31417109,        0,  -14582891,          0
  2132,    86,   46000000,    4886171,        0,  -41113829,          0
  2132,    87,   46000000,    4883594,        0,  -41116406,          0
  2132,    88,   46000000,    4888270,        0,  -41111730,          0
  2132,    89,   46000000,    4958560,        0,  -41041440,          0
  2132,    90,   46000000,    4900822,        0,  -41099178,          0
  2132,    91,   46000000,    4867843,        0,  -41132157,          0
  2132,    92,   46000000,    4910014,        0,  -41089986,          0
  2132,    93,   46000000,    4898552,        0,  -41101448,          0
  2132,    94,   46000000,    7529274,        0,  -38470726,          0
  2132,    95,   46000000,    4891429,        0,  -41108571,          0
  2132,    96,   46000000,    4893812,        0,  -41106188,          0
  2132,    97,   46000000,    6455879,        0,  -39544121,          0
  2132,    98,   46000000,    4874404,        0,  -41125596,          0
  2132,    99,   46000000,   17577941,        0,  -28422059,          0
  2132,   100,   46000000,    4902433,        0,  -41097567,          0
  2132,   101,   46000000,    4897671,        0,  -41102329,          0
  2132,   102,   46000000,    4899739,        0,  -41100261,          0
  2132,   103,   46000000,    4955956,        0,  -41044044,          0
  2132,   104,   46000000,    4897933,        0,  -41102067,          0
  2132,   105,   46000000,   11629620,        0,  -34370380,          0
  2132,   106,   46000000,    4948127,        0,  -41051873,          0
  2132,   107,   46000000,    4905317,        0,  -41094683,          0
  2132,   108,   46000000,    4895464,        0,  -41104536,          0
  2132,   109,   46000000,    4905682,        0,  -41094318,          0
  2132,   110,   46000000,    4915741,        0,  -41084259,          0
  2132,   111,   46000000,    5606830,        0,  -40393170,          0
  2132,   112,   46000000,    4892406,        0,  -41107594,          0
  2132,   113,   46000000,    4879584,        0,  -41120416,          0
  2132,   114,   46000000,    4895445,        0,  -41104555,          0
  2132,   115,   46000000,    4939333,        0,  -41060667,          0
  2132,   116,   46000000,    4902090,        0,  -41097910,          0
  2132,   117,   46000000,    4921812,        0,  -41078188,          0
  2132,   118,   46000000,    4876082,        0,  -41123918,          0
  2132,   119,   46000000,    4884179,        0,  -41115821,          0
  2132,   120,   46000000,    4899926,        0,  -41100074,          0
  2132,   121,   46000000,    9935914,        0,  -36064086,          0
  2132,   122,   46000000,    4909304,        0,  -41090696,          0
  2132,   123,   46000000,   16962422,        0,  -29037578,          0
  2132,   124,   46000000,    4909649,        0,  -41090351,          0
  2132,   125,   46000000,    4885218,        0,  -41114782,          0
  2132,   126,   46000000,    4896895,        0,  -41103105,          0
  2132,   127,   46000000,    4894104,        0,  -41105896,          0
  2132,   128,   46000000,    4902138,        0,  -41097862,          0
  2132,   129,   46000000,    5204060,        0,  -40795940,          0
  2132,   130,   46000000,    4933096,        0,  -41066904,          0
  2132,   131,   46000000,    4907705,        0,  -41092295,          0
  2132,   132,   46000000,    4942329,        0,  -41057671,          0
  2132,   133,   46000000,    4933485,        0,  -41066515,          0
  2132,   134,   46000000,    4895526,        0,  -41104474,          0
  2132,   135,   46000000,    4906649,        0,  -41093351,          0
  2132,   136,   46000000,    4916508,        0,  -41083492,          0
  2132,   137,   46000000,    4911357,        0,  -41088643,          0
  2132,   138,   46000000,    4943222,        0,  -41056778,          0
  2132,   139,   46000000,    4931285,        0,  -41068715,          0
  2132,   140,   46000000,   13617481,        0,  -32382519,          0
  2132,   141,   46000000,    4896354,        0,  -41103646,          0
  2132,   142,   46000000,    4970482,        0,  -41029518,          0
  2132,   143,   46000000,    4868482,        0,  -41131518,          0
  2132,   144,   46000000,    4883439,        0,  -41116561,          0
  2132,   145,   46000000,    4882856,        0,  -41117144,          0
  2132,   146,   46000000,    4936062,        0,  -41063938,          0
  2132,   147,   46000000,    7014483,        0,  -38985517,          0
  2132,   148,   46000000,    5176413,        0,  -40823587,          0
  2132,   149,   46000000,    4905690,        0,  -41094310,          0
  2132,   150,   46000000,    4908554,        0,  -41091446,          0
  2132,   151,   46000000,    4895820,        0,  -41104180,          0
  2132,   152,   46000000,    4905230,        0,  -41094770,          0
  2132,   153,   46000000,    4906969,        0,  -41093031,          0
  2132,   154,   46000000,    4912267,        0,  -41087733,          0
  2132,   155,   46000000,    4882231,        0,  -41117769,          0
  2132,   156,   46000000,   16648532,        0,  -29351468,          0
  2132,   157,   46000000,    4903131,        0,  -41096869,          0
  2132,   158,   46000000,    6978125,        0,  -39021875,          0
  2132,   159,   46000000,    4890930,        0,  -41109070,          0
  2132,   160,   46000000,    4902034,        0,  -41097966,          0
  2132,   161,   46000000,    4887336,        0,  -41112664,          0
  2132,   162,   46000000,    4905934,        0,  -41094066,          0
  2132,   163,   46000000,    4920798,        0,  -41079202,          0
  2132,   164,   46000000,    4889850,        0,  -41110150,          0
  2132,   165,   46000000,    4982074,        0,  -41017926,          0
  2132,   166,   46000000,    4905439,        0,  -41094561,          0
  2132,   167,   46000000,    5164569,        0,  -40835431,          0
  2132,   168,   46000000,    4899305,        0,  -41100695,          0
  2132,   169,   46000000,    4881508,        0,  -41118492,          0
  2132,   170,   46000000,    4880088,        0,  -41119912,          0
  2132,   171,   46000000,    4923268,        0,  -41076732,          0
  2132,   172,   46000000,    4877680,        0,  -41122320,          0
  2132,   173,   46000000,   14968830,        0,  -31031170,          0
  2132,   174,   46000000,    4906736,        0,  -41093264,          0
  2132,   175,   46000000,    4890430,        0,  -41109570,          0
  2132,   176,   46000000,    4910908,        0,  -41089092,          0
  2132,   177,   46000000,    4876157,        0,  -41123843,          0
  2132,   178,   46000000,    4892023,        0,  -41107977,          0
  2132,   179,   46000000,    4886201,        0,  -41113799,          0
  2132,   180,   46000000,    4877563,        0,  -41122437,          0
  2132,   181,   46000000,    4890509,        0,  -41109491,          0
  2132,   182,   46000000,    4886931,        0,  -41113069,          0
  2132,   183,   46000000,    4892303,        0,  -41107697,          0
  2132,   184,   46000000,    4929113,        0,  -41070887,          0
  2132,   185,   46000000,    4877578,        0,  -41122422,          0
  2132,   186,   46000000,    5164131,        0,  -40835869,          0
  2132,   187,   46000000,    4953471,        0,  -41046529,          0
  2132,   188,   46000000,    4912302,        0,  -41087698,          0
  2132,   189,   46000000,    4896630,        0,  -41103370,          0
  2132,   190,   46000000,    4889007,        0,  -41110993,          0
  2132,   191,   46000000,    4889758,        0,  -41110242,          0
  2132,   192,   46000000,    6937483,        0,  -39062517,          0
  2132,   193,   46000000,    4897527,        0,  -41102473,          0
  2132,   194,   46000000,    9990906,        0,  -36009094,          0
  2132,   195,   46000000,    4899869,        0,  -41100131,          0
  2132,   196,   46000000,    4901486,        0,  -41098514,          0
  2132,   197,   46000000,    4903327,        0,  -41096673,          0
  2132,   198,   46000000,    4908276,        0,  -41091724,          0
  2132,   199,   46000000,    4894030,        0,  -41105970,          0
  2132,   200,   46000000,    4929080,        0,  -41070920,          0
  2132,   201,   46000000,    4895866,        0,  -41104134,          0
  2132,   202,   46000000,    4878452,        0,  -41121548,          0
  2132,   203,   46000000,    4920944,        0,  -41079056,          0
  2132,   204,   46000000,    4920288,        0,  -41079712,          0
  2132,   205,   46000000,    5171607,        0,  -40828393,          0
  2132,   206,   46000000,    4888013,        0,  -41111987,          0
  2132,   207,   46000000,    4875029,        0,  -41124971,          0
  2132,   208,   46000000,    7235028,        0,  -38764972,          0
  2132,   209,   46000000,    4902926,        0,  -41097074,          0
  2132,   210,   46000000,    6465191,        0,  -39534809,          0
  2132,   211,   46000000,    4885603,        0,  -41114397,          0
  2132,   212,   46000000,    4881988,        0,  -41118012,          0
  2132,   213,   46000000,    4937694,        0,  -41062306,          0
  2132,   214,   46000000,    8136011,        0,  -37863989,          0
  2132,   215,   46000000,    4901522,        0,  -41098478,          0
  2132,   216,   46000000,    4915603,        0,  -41084397,          0
  2132,   217,   46000000,    4890883,        0,  -41109117,          0
  2132,   218,   46000000,    4910846,        0,  -41089154,          0
  2132,   219,   46000000,    4940381,        0,  -41059619,          0
  2132,   220,   46000000,    4904822,        0,  -41095178,          0
  2132,   221,   46000000,    4901673,        0,  -41098327,          0
