72 61 11
228 212 16
238 228 10
683 589 94
72 52 20
245 233 12
79 78 1
117 106 11
239 230 9
93 85 8
110 93 17
622 549 73
281 271 10
224 214 10
77 76 1
362 346 16
138 137 1
124 123 1
278 266 12
76 74 2
77 56 21
525 482 43
432 417 15
143 132 11
299 291 8
399 389 10
456 437 19
151 142 9
184 171 13
85 81 4
87 83 4
92 81 11
100 94 6
96 74 22
74 73 1
91 90 1
346 340 6
227 222 5
103 95 8
90 84 6
116 102 14
159 157 2
97 89 8
78 77 1
128 113 15
80 62 18
580 537 43
456 442 14
324 319 5
89 61 28
618 560 58
138 137 1
144 142 2
101 95 6
84 83 1
82 81 1
98 97 1
488 468 20
108 95 13
84 83 1
93 74 19
95 93 2
133 117 16
74 73 1
84 63 21
95 75 20
214 206 8
525 475 50
315 313 2
142 142 0
