# Task,   Job,     Period,   Response, DL Miss?,   Lateness,  Tardiness
# task NAME=myapp PID=30618 COST=10800000 PERIOD=54000000 CPU=0
 30618,     2,   54000000,      19350,        0,  -53980650,          0
 30618,     3,   54000000,      81410,        0,  -53918590,          0
 30618,     4,   54000000,   14812335,        0,  -39187665,          0
 30618,     5,   54000000,   16796295,        0,  -37203705,          0
 30618,     6,   54000000,   13853473,        0,  -40146527,          0
 30618,     7,   54000000,   16481587,        0,  -37518413,          0
 30618,     8,   54000000,   16219618,        0,  -37780382,          0
 30618,     9,   54000000,   16502084,        0,  -37497916,          0
 30618,    10,   54000000,   14779876,        0,  -39220124,          0
 30618,    11,   54000000,   17099358,        0,  -36900642,          0
 30618,    12,   54000000,   15561131,        0,  -38438869,          0
 30618,    13,   54000000,   16502355,        0,  -37497645,          0
 30618,    14,   54000000,   15437000,        0,  -38563000,          0
 30618,    15,   54000000,   16553190,        0,  -37446810,          0
 30618,    16,   54000000,   15600853,        0,  -38399147,          0
 30618,    17,   54000000,   16927992,        0,  -37072008,          0
 30618,    18,   54000000,   14815695,        0,  -39184305,          0
 30618,    19,   54000000,   17906316,        0,  -36093684,          0
 30618,    20,   54000000,   16036653,        0,  -37963347,          0
 30618,    21,   54000000,   19697871,        0,  -34302129,          0
 30618,    22,   54000000,   15930577,        0,  -38069423,          0
 30618,    23,   54000000,   16623643,        0,  -37376357,          0
 30618,    24,   54000000,   14859466,        0,  -39140534,          0
 30618,    25,   54000000,   16871942,        0,  -37128058,          0
 30618,    26,   54000000,   15363593,        0,  -38636407,          0
 30618,    27,   54000000,   16522064,        0,  -37477936,          0
 30618,    28,   54000000,   16106540,        0,  -37893460,          0
 30618,    29,   54000000,   17336214,        0,  -36663786,          0
 30618,    30,   54000000,   14421638,        0,  -39578362,          0
 30618,    31,   54000000,   16486700,        0,  -37513300,          0
 30618,    32,   54000000,   14970922,        0,  -39029078,          0
 30618,    33,   54000000,   16424527,        0,  -37575473,          0
 30618,    34,   54000000,   17851551,        0,  -36148449,          0
 30618,    35,   54000000,   16869904,        0,  -37130096,          0
 30618,    36,   54000000,   15847341,        0,  -38152659,          0
 30618,    37,   54000000,   16460133,        0,  -37539867,          0
 30618,    38,   54000000,   13858410,        0,  -40141590,          0
 30618,    39,   54000000,   17453276,        0,  -36546724,          0
 30618,    40,   54000000,   14477444,        0,  -39522556,          0
 30618,    41,   54000000,   18912850,        0,  -35087150,          0
 30618,    42,   54000000,   17586199,        0,  -36413801,          0
 30618,    43,   54000000,   17058379,        0,  -36941621,          0
 30618,    44,   54000000,   17791708,        0,  -36208292,          0
 30618,    45,   54000000,   17429969,        0,  -36570031,          0
 30618,    46,   54000000,   15343784,        0,  -38656216,          0
 30618,    47,   54000000,   16087450,        0,  -37912550,          0
 30618,    48,   54000000,   15369722,        0,  -38630278,          0
 30618,    49,   54000000,   17216487,        0,  -36783513,          0
 30618,    50,   54000000,   16086044,        0,  -37913956,          0
 30618,    51,   54000000,   17089397,        0,  -36910603,          0
 30618,    52,   54000000,   14039672,        0,  -39960328,          0
 30618,    53,   54000000,   17263277,        0,  -36736723,          0
 30618,    54,   54000000,   15861386,        0,  -38138614,          0
 30618,    55,   54000000,   17331446,        0,  -36668554,          0
 30618,    56,   54000000,   15540694,        0,  -38459306,          0
 30618,    57,   54000000,   16911593,        0,  -37088407,          0
 30618,    58,   54000000,   14837293,        0,  -39162707,          0
 30618,    59,   54000000,   17074103,        0,  -36925897,          0
 30618,    60,   54000000,   15500133,        0,  -38499867,          0
 30618,    61,   54000000,   17515969,        0,  -36484031,          0
 30618,    62,   54000000,   14882393,        0,  -39117607,          0
 30618,    63,   54000000,   16476259,        0,  -37523741,          0
 30618,    64,   54000000,   14825653,        0,  -39174347,          0
 30618,    65,   54000000,   17733399,        0,  -36266601,          0
 30618,    66,   54000000,   15856691,        0,  -38143309,          0
 30618,    67,   54000000,   16641307,        0,  -37358693,          0
 30618,    68,   54000000,   14483193,        0,  -39516807,          0
 30618,    69,   54000000,   17379299,        0,  -36620701,          0
 30618,    70,   54000000,   14894488,        0,  -39105512,          0
 30618,    71,   54000000,   17935059,        0,  -36064941,          0
 30618,    72,   54000000,   15625671,        0,  -38374329,          0
 30618,    73,   54000000,   16550823,        0,  -37449177,          0
 30618,    74,   54000000,   15826615,        0,  -38173385,          0
 30618,    75,   54000000,   16703392,        0,  -37296608,          0
 30618,    76,   54000000,   14843983,        0,  -39156017,          0
 30618,    77,   54000000,   16544081,        0,  -37455919,          0
 30618,    78,   54000000,   14853807,        0,  -39146193,          0
 30618,    79,   54000000,   17068400,        0,  -36931600,          0
 30618,    80,   54000000,   14967162,        0,  -39032838,          0
 30618,    81,   54000000,   16306826,        0,  -37693174,          0
 30618,    82,   54000000,   15362370,        0,  -38637630,          0
 30618,    83,   54000000,   17094485,        0,  -36905515,          0
 30618,    84,   54000000,   15339444,        0,  -38660556,          0
 30618,    85,   54000000,   17133554,        0,  -36866446,          0
 30618,    86,   54000000,   14002453,        0,  -39997547,          0
 30618,    87,   54000000,   16377722,        0,  -37622278,          0
 30618,    88,   54000000,   14755970,        0,  -39244030,          0
 30618,    89,   54000000,   16941286,        0,  -37058714,          0
 30618,    90,   54000000,   15356514,        0,  -38643486,          0
 30618,    91,   54000000,   15962174,        0,  -38037826,          0
 30618,    92,   54000000,   16487918,        0,  -37512082,          0
 30618,    93,   54000000,   17417163,        0,  -36582837,          0
 30618,    94,   54000000,   15909323,        0,  -38090677,          0
 30618,    95,   54000000,   16500202,        0,  -37499798,          0
 30618,    96,   54000000,   15239300,        0,  -38760700,          0
 30618,    97,   54000000,   17440361,        0,  -36559639,          0
 30618,    98,   54000000,   15806173,        0,  -38193827,          0
 30618,    99,   54000000,   16902774,        0,  -37097226,          0
 30618,   100,   54000000,   17687224,        0,  -36312776,          0
 30618,   101,   54000000,   17051257,        0,  -36948743,          0
 30618,   102,   54000000,   14985171,        0,  -39014829,          0
 30618,   103,   54000000,   16377790,        0,  -37622210,          0
 30618,   104,   54000000,   14876010,        0,  -39123990,          0
 30618,   105,   54000000,   17509540,        0,  -36490460,          0
 30618,   106,   54000000,   15309458,        0,  -38690542,          0
 30618,   107,   54000000,   17302032,        0,  -36697968,          0
 30618,   108,   54000000,   15048981,        0,  -38951019,          0
 30618,   109,   54000000,   17080842,        0,  -36919158,          0
 30618,   110,   54000000,   14886651,        0,  -39113349,          0
 30618,   111,   54000000,   16527309,        0,  -37472691,          0
 30618,   112,   54000000,   17892845,        0,  -36107155,          0
 30618,   113,   54000000,   17362008,        0,  -36637992,          0
 30618,   114,   54000000,   15376422,        0,  -38623578,          0
 30618,   115,   54000000,   16910274,        0,  -37089726,          0
 30618,   116,   54000000,   14935957,        0,  -39064043,          0
 30618,   117,   54000000,   16174239,        0,  -37825761,          0
 30618,   118,   54000000,   15412488,        0,  -38587512,          0
 30618,   119,   54000000,   17374800,        0,  -36625200,          0
 30618,   120,   54000000,   15797933,        0,  -38202067,          0
 30618,   121,   54000000,   16915681,        0,  -37084319,          0
 30618,   122,   54000000,   14843536,        0,  -39156464,          0
 30618,   123,   54000000,   16427000,        0,  -37573000,          0
 30618,   124,   54000000,   16082652,        0,  -37917348,          0
 30618,   125,   54000000,   15839513,        0,  -38160487,          0
 30618,   126,   54000000,   14890061,        0,  -39109939,          0
 30618,   127,   54000000,   16467623,        0,  -37532377,          0
 30618,   128,   54000000,   15415858,        0,  -38584142,          0
 30618,   129,   54000000,   16959869,        0,  -37040131,          0
 30618,   130,   54000000,   14873051,        0,  -39126949,          0
 30618,   131,   54000000,   17389955,        0,  -36610045,          0
 30618,   132,   54000000,   14843807,        0,  -39156193,          0
 30618,   133,   54000000,   16903785,        0,  -37096215,          0
 30618,   134,   54000000,   14902008,        0,  -39097992,          0
 30618,   135,   54000000,   17385326,        0,  -36614674,          0
 30618,   136,   54000000,   14907257,        0,  -39092743,          0
 30618,   137,   54000000,   17458274,        0,  -36541726,          0
 30618,   138,   54000000,   16061890,        0,  -37938110,          0
 30618,   139,   54000000,   16953069,        0,  -37046931,          0
 30618,   140,   54000000,   14738552,        0,  -39261448,          0
 30618,   141,   54000000,   16176042,        0,  -37823958,          0
 30618,   142,   54000000,   14766266,        0,  -39233734,          0
 30618,   143,   54000000,   16855366,        0,  -37144634,          0
 30618,   144,   54000000,   15345124,        0,  -38654876,          0
 30618,   145,   54000000,   16843719,        0,  -37156281,          0
 30618,   146,   54000000,   15354571,        0,  -38645429,          0
 30618,   147,   54000000,   16944331,        0,  -37055669,          0
 30618,   148,   54000000,   15422768,        0,  -38577232,          0
 30618,   149,   54000000,   16900262,        0,  -37099738,          0
 30618,   150,   54000000,   15822942,        0,  -38177058,          0
 30618,   151,   54000000,   17549315,        0,  -36450685,          0
 30618,   152,   54000000,   15508465,        0,  -38491535,          0
 30618,   153,   54000000,   16963473,        0,  -37036527,          0
 30618,   154,   54000000,   14881757,        0,  -39118243,          0
 30618,   155,   54000000,   16940093,        0,  -37059907,          0
 30618,   156,   54000000,   13906256,        0,  -40093744,          0
 30618,   157,   54000000,   16902225,        0,  -37097775,          0
 30618,   158,   54000000,   15829490,        0,  -38170510,          0
 30618,   159,   54000000,   16952212,        0,  -37047788,          0
 30618,   160,   54000000,   17700937,        0,  -36299063,          0
 30618,   161,   54000000,   16277584,        0,  -37722416,          0
 30618,   162,   54000000,   15464890,        0,  -38535110,          0
 30618,   163,   54000000,   15909000,        0,  -38091000,          0
 30618,   164,   54000000,   15333849,        0,  -38666151,          0
 30618,   165,   54000000,   16708639,        0,  -37291361,          0
 30618,   166,   54000000,   14193207,        0,  -39806793,          0
 30618,   167,   54000000,   16923762,        0,  -37076238,          0
 30618,   168,   54000000,   15472412,        0,  -38527588,          0
 30618,   169,   54000000,   16959020,        0,  -37040980,          0
 30618,   170,   54000000,   14961145,        0,  -39038855,          0
 30618,   171,   54000000,   16986642,        0,  -37013358,          0
 30618,   172,   54000000,   15378957,        0,  -38621043,          0
 30618,   173,   54000000,   16471048,        0,  -37528952,          0
 30618,   174,   54000000,   13962272,        0,  -40037728,          0
 30618,   175,   54000000,   17494189,        0,  -36505811,          0
 30618,   176,   54000000,   15772353,        0,  -38227647,          0
 30618,   177,   54000000,   16633763,        0,  -37366237,          0
 30618,   178,   54000000,   14842946,        0,  -39157054,          0
 30618,   179,   54000000,   16956426,        0,  -37043574,          0
 30618,   180,   54000000,   17822128,        0,  -36177872,          0
 30618,   181,   54000000,   18028759,        0,  -35971241,          0
 30618,   182,   54000000,   14429788,        0,  -39570212,          0
 30618,   183,   54000000,   15923787,        0,  -38076213,          0
 30618,   184,   54000000,   14770797,        0,  -39229203,          0
 30618,   185,   54000000,   16904851,        0,  -37095149,          0
 30618,   186,   54000000,   15129694,        0,  -38870306,          0
 30618,   187,   54000000,   16818204,        0,  -37181796,          0
 30618,   188,   54000000,   13805368,        0,  -40194632,          0
 30618,   189,   54000000,   16290973,        0,  -37709027,          0
