# Task,   Job,     Period,   Response, DL Miss?,   Lateness,  Tardiness
# task NAME=myapp PID=7378 COST=28045000 PERIOD=72000000 CPU=0
  7378,     2,   72000000,       7991,        0,  -71992009,          0
  7378,     3,   72000000,     112186,        0,  -71887814,          0
  7378,     4,   72000000,   45829741,        0,  -26170259,          0
  7378,     5,   72000000,   44934571,        0,  -27065429,          0
  7378,     6,   72000000,   45180689,        0,  -26819311,          0
  7378,     7,   72000000,   44643422,        0,  -27356578,          0
  7378,     8,   72000000,   44710303,        0,  -27289697,          0
  7378,     9,   72000000,   46605773,        0,  -25394227,          0
  7378,    10,   72000000,   42919513,        0,  -29080487,          0
  7378,    11,   72000000,   45399785,        0,  -26600215,          0
  7378,    12,   72000000,   45870899,        0,  -26129101,          0
  7378,    13,   72000000,   45700156,        0,  -26299844,          0
  7378,    14,   72000000,   44582538,        0,  -27417462,          0
  7378,    15,   72000000,   41596667,        0,  -30403333,          0
  7378,    16,   72000000,   42387862,        0,  -29612138,          0
  7378,    17,   72000000,   44790844,        0,  -27209156,          0
  7378,    18,   72000000,   42052324,        0,  -29947676,          0
  7378,    19,   72000000,   42358871,        0,  -29641129,          0
  7378,    20,   72000000,   45956555,        0,  -26043445,          0
  7378,    21,   72000000,   45799531,        0,  -26200469,          0
  7378,    22,   72000000,   42679165,        0,  -29320835,          0
  7378,    23,   72000000,   44851625,        0,  -27148375,          0
  7378,    24,   72000000,   42001212,        0,  -29998788,          0
  7378,    25,   72000000,   40984246,        0,  -31015754,          0
  7378,    26,   72000000,   47044762,        0,  -24955238,          0
  7378,    27,   72000000,   46256352,        0,  -25743648,          0
  7378,    28,   72000000,   44802569,        0,  -27197431,          0
  7378,    29,   72000000,   49542611,        0,  -22457389,          0
  7378,    30,   72000000,   41985771,        0,  -30014229,          0
  7378,    31,   72000000,   44935994,        0,  -27064006,          0
  7378,    32,   72000000,   45223061,        0,  -26776939,          0
  7378,    33,   72000000,   42665662,        0,  -29334338,          0
  7378,    34,   72000000,   46276472,        0,  -25723528,          0
  7378,    35,   72000000,   43497960,        0,  -28502040,          0
  7378,    36,   72000000,   42701474,        0,  -29298526,          0
  7378,    37,   72000000,   46317369,        0,  -25682631,          0
  7378,    38,   72000000,   46108142,        0,  -25891858,          0
  7378,    39,   72000000,   42144657,        0,  -29855343,          0
  7378,    40,   72000000,   44623033,        0,  -27376967,          0
  7378,    41,   72000000,   45308083,        0,  -26691917,          0
  7378,    42,   72000000,   45883184,        0,  -26116816,          0
  7378,    43,   72000000,   42182687,        0,  -29817313,          0
  7378,    44,   72000000,   44591695,        0,  -27408305,          0
  7378,    45,   72000000,   42703589,        0,  -29296411,          0
  7378,    46,   72000000,   44840852,        0,  -27159148,          0
  7378,    47,   72000000,   43022834,        0,  -28977166,          0
  7378,    48,   72000000,   44951443,        0,  -27048557,          0
  7378,    49,   72000000,   44927294,        0,  -27072706,          0
  7378,    50,   72000000,   42949348,        0,  -29050652,          0
  7378,    51,   72000000,   44700588,        0,  -27299412,          0
  7378,    52,   72000000,   42905834,        0,  -29094166,          0
  7378,    53,   72000000,   42100081,        0,  -29899919,          0
  7378,    54,   72000000,   42929420,        0,  -29070580,          0
  7378,    55,   72000000,   44965452,        0,  -27034548,          0
  7378,    56,   72000000,   45704614,        0,  -26295386,          0
  7378,    57,   72000000,   42864862,        0,  -29135138,          0
  7378,    58,   72000000,   45458834,        0,  -26541166,          0
  7378,    59,   72000000,   48602826,        0,  -23397174,          0
  7378,    60,   72000000,   42418217,        0,  -29581783,          0
  7378,    61,   72000000,   44752089,        0,  -27247911,          0
  7378,    62,   72000000,   42874456,        0,  -29125544,          0
  7378,    63,   72000000,   45407615,        0,  -26592385,          0
  7378,    64,   72000000,   42037375,        0,  -29962625,          0
  7378,    65,   72000000,   46418693,        0,  -25581307,          0
  7378,    66,   72000000,   48598366,        0,  -23401634,          0
  7378,    67,   72000000,   44980197,        0,  -27019803,          0
  7378,    68,   72000000,   45459607,        0,  -26540393,          0
  7378,    69,   72000000,   45404104,        0,  -26595896,          0
  7378,    70,   72000000,   48807387,        0,  -23192613,          0
  7378,    71,   72000000,   45548959,        0,  -26451041,          0
  7378,    72,   72000000,   45416914,        0,  -26583086,          0
  7378,    73,   72000000,   41834670,        0,  -30165330,          0
  7378,    74,   72000000,   44887649,        0,  -27112351,          0
  7378,    75,   72000000,   44331060,        0,  -27668940,          0
  7378,    76,   72000000,   45339961,        0,  -26660039,          0
  7378,    77,   72000000,   41975957,        0,  -30024043,          0
  7378,    78,   72000000,   44937228,        0,  -27062772,          0
  7378,    79,   72000000,   42753252,        0,  -29246748,          0
  7378,    80,   72000000,   44810691,        0,  -27189309,          0
  7378,    81,   72000000,   41365432,        0,  -30634568,          0
  7378,    82,   72000000,   44778048,        0,  -27221952,          0
  7378,    83,   72000000,   45424990,        0,  -26575010,          0
  7378,    84,   72000000,   45670935,        0,  -26329065,          0
  7378,    85,   72000000,   42863533,        0,  -29136467,          0
  7378,    86,   72000000,   45996621,        0,  -26003379,          0
  7378,    87,   72000000,   42424352,        0,  -29575648,          0
  7378,    88,   72000000,   41997924,        0,  -30002076,          0
  7378,    89,   72000000,   44954901,        0,  -27045099,          0
  7378,    90,   72000000,   45119636,        0,  -26880364,          0
  7378,    91,   72000000,   42425674,        0,  -29574326,          0
  7378,    92,   72000000,   42756969,        0,  -29243031,          0
  7378,    93,   72000000,   46471400,        0,  -25528600,          0
  7378,    94,   72000000,   41969039,        0,  -30030961,          0
  7378,    95,   72000000,   45546780,        0,  -26453220,          0
  7378,    96,   72000000,   45394891,        0,  -26605109,          0
  7378,    97,   72000000,   44925514,        0,  -27074486,          0
  7378,    98,   72000000,   44708908,        0,  -27291092,          0
  7378,    99,   72000000,   42565366,        0,  -29434634,          0
  7378,   100,   72000000,   42878014,        0,  -29121986,          0
  7378,   101,   72000000,   46564025,        0,  -25435975,          0
  7378,   102,   72000000,   41898697,        0,  -30101303,          0
  7378,   103,   72000000,   45672079,        0,  -26327921,          0
  7378,   104,   72000000,   49045605,        0,  -22954395,          0
  7378,   105,   72000000,   49420352,        0,  -22579648,          0
  7378,   106,   72000000,   42193933,        0,  -29806067,          0
  7378,   107,   72000000,   46140184,        0,  -25859816,          0
  7378,   108,   72000000,   46496763,        0,  -25503237,          0
  7378,   109,   72000000,   45376389,        0,  -26623611,          0
  7378,   110,   72000000,   41581087,        0,  -30418913,          0
  7378,   111,   72000000,   42778893,        0,  -29221107,          0
  7378,   112,   72000000,   45102905,        0,  -26897095,          0
  7378,   113,   72000000,   41624565,        0,  -30375435,          0
  7378,   114,   72000000,   46555570,        0,  -25444430,          0
  7378,   115,   72000000,   45376098,        0,  -26623902,          0
  7378,   116,   72000000,   44908537,        0,  -27091463,          0
  7378,   117,   72000000,   41822656,        0,  -30177344,          0
  7378,   118,   72000000,   42051064,        0,  -29948936,          0
  7378,   119,   72000000,   42919701,        0,  -29080299,          0
  7378,   120,   72000000,   44864467,        0,  -27135533,          0
  7378,   121,   72000000,   41451846,        0,  -30548154,          0
  7378,   122,   72000000,   42483400,        0,  -29516600,          0
  7378,   123,   72000000,   45941891,        0,  -26058109,          0
  7378,   124,   72000000,   44739639,        0,  -27260361,          0
  7378,   125,   72000000,   45370343,        0,  -26629657,          0
  7378,   126,   72000000,   41910515,        0,  -30089485,          0
  7378,   127,   72000000,   45390735,        0,  -26609265,          0
  7378,   128,   72000000,   41975671,        0,  -30024329,          0
  7378,   129,   72000000,   45626171,        0,  -26373829,          0
  7378,   130,   72000000,   45350804,        0,  -26649196,          0
  7378,   131,   72000000,   45990597,        0,  -26009403,          0
  7378,   132,   72000000,   44769482,        0,  -27230518,          0
  7378,   133,   72000000,   42606015,        0,  -29393985,          0
  7378,   134,   72000000,   45931621,        0,  -26068379,          0
  7378,   135,   72000000,   41839731,        0,  -30160269,          0
  7378,   136,   72000000,   44933874,        0,  -27066126,          0
  7378,   137,   72000000,   42936489,        0,  -29063511,          0
  7378,   138,   72000000,   45099849,        0,  -26900151,          0
  7378,   139,   72000000,   45494207,        0,  -26505793,          0
  7378,   140,   72000000,   42858080,        0,  -29141920,          0
  7378,   141,   72000000,   42580601,        0,  -29419399,          0
  7378,   142,   72000000,   45949834,        0,  -26050166,          0
# task NAME=myapp PID=7381 COST=5466000 PERIOD=27000000 CPU=0
  7381,     2,   27000000,       8783,        0,  -26991217,          0
  7381,     3,   27000000,      89083,        0,  -26910917,          0
  7381,     4,   27000000,    6715194,        0,  -20284806,          0
  7381,     5,   27000000,    7326821,        0,  -19673179,          0
  7381,     6,   27000000,    8577736,        0,  -18422264,          0
  7381,     7,   27000000,    5731750,        0,  -21268250,          0
  7381,     8,   27000000,    6988262,        0,  -20011738,          0
  7381,     9,   27000000,    7773075,        0,  -19226925,          0
  7381,    10,   27000000,    8381531,        0,  -18618469,          0
  7381,    11,   27000000,    5774001,        0,  -21225999,          0
  7381,    12,   27000000,    6758339,        0,  -20241661,          0
  7381,    13,   27000000,    7742300,        0,  -19257700,          0
  7381,    14,   27000000,    8729559,        0,  -18270441,          0
  7381,    15,   27000000,    5770294,        0,  -21229706,          0
  7381,    16,   27000000,    5847059,        0,  -21152941,          0
  7381,    17,   27000000,    7221714,        0,  -19778286,          0
  7381,    18,   27000000,    8341806,        0,  -18658194,          0
  7381,    19,   27000000,    5788121,        0,  -21211879,          0
  7381,    20,   27000000,    6696331,        0,  -20303669,          0
  7381,    21,   27000000,    7395982,        0,  -19604018,          0
  7381,    22,   27000000,    8299186,        0,  -18700814,          0
  7381,    23,   27000000,    5738184,        0,  -21261816,          0
  7381,    24,   27000000,    5716349,        0,  -21283651,          0
  7381,    25,   27000000,    7941516,        0,  -19058484,          0
  7381,    26,   27000000,    8367636,        0,  -18632364,          0
  7381,    27,   27000000,    6204021,        0,  -20795979,          0
  7381,    28,   27000000,    6701932,        0,  -20298068,          0
  7381,    29,   27000000,    7334301,        0,  -19665699,          0
  7381,    30,   27000000,    8289860,        0,  -18710140,          0
  7381,    31,   27000000,    5990136,        0,  -21009864,          0
  7381,    32,   27000000,    5742798,        0,  -21257202,          0
  7381,    33,   27000000,    7739533,        0,  -19260467,          0
  7381,    34,   27000000,    7654025,        0,  -19345975,          0
  7381,    35,   27000000,    5954160,        0,  -21045840,          0
  7381,    36,   27000000,    6696158,        0,  -20303842,          0
  7381,    37,   27000000,    7882543,        0,  -19117457,          0
  7381,    38,   27000000,    8325848,        0,  -18674152,          0
  7381,    39,   27000000,    5711105,        0,  -21288895,          0
  7381,    40,   27000000,    5801589,        0,  -21198411,          0
  7381,    41,   27000000,    8208853,        0,  -18791147,          0
  7381,    42,   27000000,    8691293,        0,  -18308707,          0
  7381,    43,   27000000,    5730961,        0,  -21269039,          0
  7381,    44,   27000000,    7294877,        0,  -19705123,          0
  7381,    45,   27000000,    7814172,        0,  -19185828,          0
  7381,    46,   27000000,    8774442,        0,  -18225558,          0
  7381,    47,   27000000,    5717593,        0,  -21282407,          0
  7381,    48,   27000000,    6721387,        0,  -20278613,          0
  7381,    49,   27000000,    7269013,        0,  -19730987,          0
  7381,    50,   27000000,    8249995,        0,  -18750005,          0
  7381,    51,   27000000,    5823698,        0,  -21176302,          0
  7381,    52,   27000000,    5710359,        0,  -21289641,          0
  7381,    53,   27000000,    7245226,        0,  -19754774,          0
  7381,    54,   27000000,    8297851,        0,  -18702149,          0
  7381,    55,   27000000,    5731654,        0,  -21268346,          0
  7381,    56,   27000000,    6736976,        0,  -20263024,          0
  7381,    57,   27000000,    7795989,        0,  -19204011,          0
  7381,    58,   27000000,    5903069,        0,  -21096931,          0
  7381,    59,   27000000,    5777364,        0,  -21222636,          0
  7381,    60,   27000000,    8253681,        0,  -18746319,          0
  7381,    61,   27000000,    7299841,        0,  -19700159,          0
  7381,    62,   27000000,    7874344,        0,  -19125656,          0
  7381,    63,   27000000,    5910070,        0,  -21089930,          0
  7381,    64,   27000000,    5763917,        0,  -21236083,          0
  7381,    65,   27000000,    7751542,        0,  -19248458,          0
  7381,    66,   27000000,    8254373,        0,  -18745627,          0
  7381,    67,   27000000,    8219207,        0,  -18780793,          0
  7381,    68,   27000000,    6829776,        0,  -20170224,          0
  7381,    69,   27000000,    7603813,        0,  -19396187,          0
  7381,    70,   27000000,    9955264,        0,  -17044736,          0
  7381,    71,   27000000,    5760658,        0,  -21239342,          0
  7381,    72,   27000000,    7389101,        0,  -19610899,          0
  7381,    73,   27000000,    8370612,        0,  -18629388,          0
  7381,    74,   27000000,    8329445,        0,  -18670555,          0
  7381,    75,   27000000,    5831038,        0,  -21168962,          0
  7381,    76,   27000000,    6752275,        0,  -20247725,          0
  7381,    77,   27000000,    7708189,        0,  -19291811,          0
  7381,    78,   27000000,    8786980,        0,  -18213020,          0
  7381,    79,   27000000,    8169454,        0,  -18830546,          0
  7381,    80,   27000000,    8748098,        0,  -18251902,          0
  7381,    81,   27000000,    7314083,        0,  -19685917,          0
  7381,    82,   27000000,    7753813,        0,  -19246187,          0
  7381,    83,   27000000,    6023602,        0,  -20976398,          0
  7381,    84,   27000000,    7553746,        0,  -19446254,          0
  7381,    85,   27000000,    7786713,        0,  -19213287,          0
  7381,    86,   27000000,    8300362,        0,  -18699638,          0
  7381,    87,   27000000,    5835807,        0,  -21164193,          0
  7381,    88,   27000000,    6757816,        0,  -20242184,          0
  7381,    89,   27000000,    7747409,        0,  -19252591,          0
  7381,    90,   27000000,    8355644,        0,  -18644356,          0
  7381,    91,   27000000,    5729810,        0,  -21270190,          0
  7381,    92,   27000000,    5762871,        0,  -21237129,          0
  7381,    93,   27000000,    7271028,        0,  -19728972,          0
  7381,    94,   27000000,    6663111,        0,  -20336889,          0
  7381,    95,   27000000,    5728826,        0,  -21271174,          0
  7381,    96,   27000000,    6721692,        0,  -20278308,          0
  7381,    97,   27000000,    7312361,        0,  -19687639,          0
  7381,    98,   27000000,    8343437,        0,  -18656563,          0
  7381,    99,   27000000,    5835010,        0,  -21164990,          0
  7381,   100,   27000000,    7535614,        0,  -19464386,          0
  7381,   101,   27000000,    7855409,        0,  -19144591,          0
  7381,   102,   27000000,    7191414,        0,  -19808586,          0
  7381,   103,   27000000,    5762052,        0,  -21237948,          0
  7381,   104,   27000000,    6902172,        0,  -20097828,          0
  7381,   105,   27000000,    7797375,        0,  -19202625,          0
  7381,   106,   27000000,    7862526,        0,  -19137474,          0
  7381,   107,   27000000,    5768696,        0,  -21231304,          0
  7381,   108,   27000000,    6756971,        0,  -20243029,          0
  7381,   109,   27000000,   11102862,        0,  -15897138,          0
  7381,   110,   27000000,    6681660,        0,  -20318340,          0
  7381,   111,   27000000,    5733123,        0,  -21266877,          0
  7381,   112,   27000000,    7688387,        0,  -19311613,          0
  7381,   113,   27000000,    7287232,        0,  -19712768,          0
  7381,   114,   27000000,    8310026,        0,  -18689974,          0
  7381,   115,   27000000,    5827641,        0,  -21172359,          0
  7381,   116,   27000000,   10392521,        0,  -16607479,          0
  7381,   117,   27000000,    8362183,        0,  -18637817,          0
  7381,   118,   27000000,    7784113,        0,  -19215887,          0
  7381,   119,   27000000,    6752611,        0,  -20247389,          0
  7381,   120,   27000000,    5754750,        0,  -21245250,          0
  7381,   121,   27000000,    7751355,        0,  -19248645,          0
  7381,   122,   27000000,    8748048,        0,  -18251952,          0
  7381,   123,   27000000,    5889834,        0,  -21110166,          0
  7381,   124,   27000000,   12351537,        0,  -14648463,          0
  7381,   125,   27000000,    7737159,        0,  -19262841,          0
  7381,   126,   27000000,    8822138,        0,  -18177862,          0
  7381,   127,   27000000,   10374954,        0,  -16625046,          0
  7381,   128,   27000000,    5976562,        0,  -21023438,          0
  7381,   129,   27000000,    7323579,        0,  -19676421,          0
  7381,   130,   27000000,    8290096,        0,  -18709904,          0
  7381,   131,   27000000,    5806739,        0,  -21193261,          0
  7381,   132,   27000000,   11900142,        0,  -15099858,          0
  7381,   133,   27000000,    7299293,        0,  -19700707,          0
  7381,   134,   27000000,    7779464,        0,  -19220536,          0
  7381,   135,   27000000,   10734660,        0,  -16265340,          0
  7381,   136,   27000000,    6699398,        0,  -20300602,          0
  7381,   137,   27000000,    7328147,        0,  -19671853,          0
  7381,   138,   27000000,    8284131,        0,  -18715869,          0
  7381,   139,   27000000,    5751941,        0,  -21248059,          0
  7381,   140,   27000000,    6777391,        0,  -20222609,          0
  7381,   141,   27000000,    7764012,        0,  -19235988,          0
  7381,   142,   27000000,    8096083,        0,  -18903917,          0
  7381,   143,   27000000,    7255316,        0,  -19744684,          0
  7381,   144,   27000000,    6840606,        0,  -20159394,          0
  7381,   145,   27000000,    7337441,        0,  -19662559,          0
  7381,   146,   27000000,    8336356,        0,  -18663644,          0
  7381,   147,   27000000,    7394771,        0,  -19605229,          0
  7381,   148,   27000000,    6775001,        0,  -20224999,          0
  7381,   149,   27000000,    7795490,        0,  -19204510,          0
  7381,   150,   27000000,   10401220,        0,  -16598780,          0
  7381,   151,   27000000,    9790635,        0,  -17209365,          0
  7381,   152,   27000000,    6737746,        0,  -20262254,          0
  7381,   153,   27000000,    7810463,        0,  -19189537,          0
  7381,   154,   27000000,    8333423,        0,  -18666577,          0
  7381,   155,   27000000,    5778791,        0,  -21221209,          0
  7381,   156,   27000000,    5732504,        0,  -21267496,          0
  7381,   157,   27000000,    7744205,        0,  -19255795,          0
  7381,   158,   27000000,    7220385,        0,  -19779615,          0
  7381,   159,   27000000,    5713738,        0,  -21286262,          0
  7381,   160,   27000000,    6109581,        0,  -20890419,          0
  7381,   161,   27000000,    7333967,        0,  -19666033,          0
  7381,   162,   27000000,    8756937,        0,  -18243063,          0
  7381,   163,   27000000,    5779465,        0,  -21220535,          0
  7381,   164,   27000000,    7041440,        0,  -19958560,          0
  7381,   165,   27000000,    7770129,        0,  -19229871,          0
  7381,   166,   27000000,    8311454,        0,  -18688546,          0
  7381,   167,   27000000,    5789058,        0,  -21210942,          0
  7381,   168,   27000000,    9927514,        0,  -17072486,          0
  7381,   169,   27000000,    7342590,        0,  -19657410,          0
  7381,   170,   27000000,    8352890,        0,  -18647110,          0
  7381,   171,   27000000,    9809997,        0,  -17190003,          0
  7381,   172,   27000000,    5776766,        0,  -21223234,          0
  7381,   173,   27000000,    7601609,        0,  -19398391,          0
  7381,   174,   27000000,    8849463,        0,  -18150537,          0
  7381,   175,   27000000,    5785705,        0,  -21214295,          0
  7381,   176,   27000000,    6720304,        0,  -20279696,          0
  7381,   177,   27000000,    7357360,        0,  -19642640,          0
  7381,   178,   27000000,    8795977,        0,  -18204023,          0
  7381,   179,   27000000,    7525994,        0,  -19474006,          0
  7381,   180,   27000000,    5722417,        0,  -21277583,          0
  7381,   181,   27000000,    8661342,        0,  -18338658,          0
  7381,   182,   27000000,    8289383,        0,  -18710617,          0
  7381,   183,   27000000,    5693689,        0,  -21306311,          0
  7381,   184,   27000000,    6747124,        0,  -20252876,          0
  7381,   185,   27000000,    7275597,        0,  -19724403,          0
  7381,   186,   27000000,    7606066,        0,  -19393934,          0
  7381,   187,   27000000,    6795348,        0,  -20204652,          0
  7381,   188,   27000000,    6770651,        0,  -20229349,          0
  7381,   189,   27000000,    7303503,        0,  -19696497,          0
  7381,   190,   27000000,    5818081,        0,  -21181919,          0
  7381,   191,   27000000,    5807782,        0,  -21192218,          0
  7381,   192,   27000000,    6819337,        0,  -20180663,          0
  7381,   193,   27000000,    7276878,        0,  -19723122,          0
  7381,   194,   27000000,    8707781,        0,  -18292219,          0
  7381,   195,   27000000,    7003131,        0,  -19996869,          0
  7381,   196,   27000000,    6727798,        0,  -20272202,          0
  7381,   197,   27000000,    8037915,        0,  -18962085,          0
  7381,   198,   27000000,    9199560,        0,  -17800440,          0
  7381,   199,   27000000,    7439089,        0,  -19560911,          0
  7381,   200,   27000000,    8831079,        0,  -18168921,          0
  7381,   201,   27000000,    5713352,        0,  -21286648,          0
  7381,   202,   27000000,    6840906,        0,  -20159094,          0
  7381,   203,   27000000,    5765559,        0,  -21234441,          0
  7381,   204,   27000000,    8460393,        0,  -18539607,          0
  7381,   205,   27000000,    7355151,        0,  -19644849,          0
  7381,   206,   27000000,    9016122,        0,  -17983878,          0
  7381,   207,   27000000,    7740216,        0,  -19259784,          0
  7381,   208,   27000000,    5739292,        0,  -21260708,          0
  7381,   209,   27000000,    8120765,        0,  -18879235,          0
  7381,   210,   27000000,    8766714,        0,  -18233286,          0
  7381,   211,   27000000,    5796639,        0,  -21203361,          0
  7381,   212,   27000000,    7221860,        0,  -19778140,          0
  7381,   213,   27000000,    7307677,        0,  -19692323,          0
  7381,   214,   27000000,    8805035,        0,  -18194965,          0
  7381,   215,   27000000,    8199619,        0,  -18800381,          0
  7381,   216,   27000000,    5769692,        0,  -21230308,          0
  7381,   217,   27000000,    7789149,        0,  -19210851,          0
  7381,   218,   27000000,    8280269,        0,  -18719731,          0
  7381,   219,   27000000,    6616272,        0,  -20383728,          0
  7381,   220,   27000000,    6736410,        0,  -20263590,          0
  7381,   221,   27000000,    7739858,        0,  -19260142,          0
  7381,   222,   27000000,    7970075,        0,  -19029925,          0
  7381,   223,   27000000,    9299789,        0,  -17700211,          0
  7381,   224,   27000000,    5751051,        0,  -21248949,          0
  7381,   225,   27000000,    7744551,        0,  -19255449,          0
  7381,   226,   27000000,    9313648,        0,  -17686352,          0
  7381,   227,   27000000,    5758524,        0,  -21241476,          0
  7381,   228,   27000000,    6521942,        0,  -20478058,          0
  7381,   229,   27000000,    7055647,        0,  -19944353,          0
  7381,   230,   27000000,    8235799,        0,  -18764201,          0
  7381,   231,   27000000,    6871157,        0,  -20128843,          0
  7381,   232,   27000000,    6809876,        0,  -20190124,          0
  7381,   233,   27000000,    7789284,        0,  -19210716,          0
  7381,   234,   27000000,    8106464,        0,  -18893536,          0
  7381,   235,   27000000,    5714090,        0,  -21285910,          0
  7381,   236,   27000000,    6748455,        0,  -20251545,          0
  7381,   237,   27000000,    7791800,        0,  -19208200,          0
  7381,   238,   27000000,    8230859,        0,  -18769141,          0
  7381,   239,   27000000,    9278885,        0,  -17721115,          0
  7381,   240,   27000000,    6756015,        0,  -20243985,          0
  7381,   241,   27000000,    7732480,        0,  -19267520,          0
  7381,   242,   27000000,    8108986,        0,  -18891014,          0
  7381,   243,   27000000,    7952170,        0,  -19047830,          0
  7381,   244,   27000000,    6825363,        0,  -20174637,          0
  7381,   245,   27000000,    7323485,        0,  -19676515,          0
  7381,   246,   27000000,    8856370,        0,  -18143630,          0
  7381,   247,   27000000,    5741570,        0,  -21258430,          0
  7381,   248,   27000000,    7010193,        0,  -19989807,          0
  7381,   249,   27000000,    7774843,        0,  -19225157,          0
  7381,   250,   27000000,    6729435,        0,  -20270565,          0
  7381,   251,   27000000,    5780258,        0,  -21219742,          0
  7381,   252,   27000000,    7463869,        0,  -19536131,          0
  7381,   253,   27000000,    7320951,        0,  -19679049,          0
  7381,   254,   27000000,    8784476,        0,  -18215524,          0
  7381,   255,   27000000,    5743232,        0,  -21256768,          0
  7381,   256,   27000000,    9725776,        0,  -17274224,          0
  7381,   257,   27000000,    7853285,        0,  -19146715,          0
  7381,   258,   27000000,    8273086,        0,  -18726914,          0
  7381,   259,   27000000,    5800936,        0,  -21199064,          0
  7381,   260,   27000000,    6707866,        0,  -20292134,          0
  7381,   261,   27000000,    7823935,        0,  -19176065,          0
  7381,   262,   27000000,    9299236,        0,  -17700764,          0
  7381,   263,   27000000,    5771104,        0,  -21228896,          0
  7381,   264,   27000000,   10350963,        0,  -16649037,          0
  7381,   265,   27000000,    7780419,        0,  -19219581,          0
  7381,   266,   27000000,    8327729,        0,  -18672271,          0
  7381,   267,   27000000,    6213149,        0,  -20786851,          0
  7381,   268,   27000000,    7164384,        0,  -19835616,          0
  7381,   269,   27000000,    7344131,        0,  -19655869,          0
  7381,   270,   27000000,    8276304,        0,  -18723696,          0
  7381,   271,   27000000,    8243743,        0,  -18756257,          0
  7381,   272,   27000000,    5826402,        0,  -21173598,          0
  7381,   273,   27000000,    7725382,        0,  -19274618,          0
  7381,   274,   27000000,    8318174,        0,  -18681826,          0
  7381,   275,   27000000,    9813715,        0,  -17186285,          0
  7381,   276,   27000000,    7985905,        0,  -19014095,          0
  7381,   277,   27000000,    7749405,        0,  -19250595,          0
  7381,   278,   27000000,   10662937,        0,  -16337063,          0
  7381,   279,   27000000,    5773264,        0,  -21226736,          0
  7381,   280,   27000000,    6799568,        0,  -20200432,          0
  7381,   281,   27000000,    7742118,        0,  -19257882,          0
  7381,   282,   27000000,    6270517,        0,  -20729483,          0
  7381,   283,   27000000,    5753240,        0,  -21246760,          0
  7381,   284,   27000000,    6801892,        0,  -20198108,          0
  7381,   285,   27000000,    7661656,        0,  -19338344,          0
  7381,   286,   27000000,    8312025,        0,  -18687975,          0
  7381,   287,   27000000,    5806690,        0,  -21193310,          0
  7381,   288,   27000000,    5696189,        0,  -21303811,          0
  7381,   289,   27000000,    7745851,        0,  -19254149,          0
  7381,   290,   27000000,    8780254,        0,  -18219746,          0
  7381,   291,   27000000,    5701296,        0,  -21298704,          0
  7381,   292,   27000000,    6745776,        0,  -20254224,          0
  7381,   293,   27000000,    7829020,        0,  -19170980,          0
  7381,   294,   27000000,    8852535,        0,  -18147465,          0
  7381,   295,   27000000,    6303862,        0,  -20696138,          0
  7381,   296,   27000000,    6742434,        0,  -20257566,          0
  7381,   297,   27000000,    7769111,        0,  -19230889,          0
  7381,   298,   27000000,    8788294,        0,  -18211706,          0
  7381,   299,   27000000,    6175680,        0,  -20824320,          0
  7381,   300,   27000000,    6718126,        0,  -20281874,          0
  7381,   301,   27000000,    7763082,        0,  -19236918,          0
  7381,   302,   27000000,    8773428,        0,  -18226572,          0
  7381,   303,   27000000,    6298714,        0,  -20701286,          0
  7381,   304,   27000000,    6741253,        0,  -20258747,          0
  7381,   305,   27000000,    7800157,        0,  -19199843,          0
  7381,   306,   27000000,    7751171,        0,  -19248829,          0
  7381,   307,   27000000,    5708123,        0,  -21291877,          0
  7381,   308,   27000000,    7077623,        0,  -19922377,          0
  7381,   309,   27000000,    7416925,        0,  -19583075,          0
  7381,   310,   27000000,    8176093,        0,  -18823907,          0
  7381,   311,   27000000,    5783491,        0,  -21216509,          0
  7381,   312,   27000000,    5780764,        0,  -21219236,          0
  7381,   313,   27000000,    7239052,        0,  -19760948,          0
  7381,   314,   27000000,    8112371,        0,  -18887629,          0
  7381,   315,   27000000,    5818120,        0,  -21181880,          0
  7381,   316,   27000000,    6751558,        0,  -20248442,          0
  7381,   317,   27000000,    7325170,        0,  -19674830,          0
  7381,   318,   27000000,    8781939,        0,  -18218061,          0
  7381,   319,   27000000,    5805315,        0,  -21194685,          0
  7381,   320,   27000000,    5727292,        0,  -21272708,          0
  7381,   321,   27000000,    8925272,        0,  -18074728,          0
  7381,   322,   27000000,    8751883,        0,  -18248117,          0
  7381,   323,   27000000,    5780325,        0,  -21219675,          0
  7381,   324,   27000000,    6782880,        0,  -20217120,          0
  7381,   325,   27000000,    7824256,        0,  -19175744,          0
  7381,   326,   27000000,    8809605,        0,  -18190395,          0
  7381,   327,   27000000,    6257664,        0,  -20742336,          0
  7381,   328,   27000000,    5793819,        0,  -21206181,          0
  7381,   329,   27000000,    7278959,        0,  -19721041,          0
  7381,   330,   27000000,    8404892,        0,  -18595108,          0
  7381,   331,   27000000,    5729708,        0,  -21270292,          0
  7381,   332,   27000000,    6025236,        0,  -20974764,          0
  7381,   333,   27000000,    7318390,        0,  -19681610,          0
  7381,   334,   27000000,    7787075,        0,  -19212925,          0
  7381,   335,   27000000,    6029990,        0,  -20970010,          0
  7381,   336,   27000000,    7014378,        0,  -19985622,          0
  7381,   337,   27000000,    8273041,        0,  -18726959,          0
  7381,   338,   27000000,    8329471,        0,  -18670529,          0
  7381,   339,   27000000,    5790349,        0,  -21209651,          0
  7381,   340,   27000000,    6764250,        0,  -20235750,          0
  7381,   341,   27000000,    7818812,        0,  -19181188,          0
  7381,   342,   27000000,    8364708,        0,  -18635292,          0
  7381,   343,   27000000,    6328168,        0,  -20671832,          0
  7381,   344,   27000000,    5764429,        0,  -21235571,          0
  7381,   345,   27000000,    8103041,        0,  -18896959,          0
  7381,   346,   27000000,    8732290,        0,  -18267710,          0
  7381,   347,   27000000,    7485306,        0,  -19514694,          0
  7381,   348,   27000000,    5848149,        0,  -21151851,          0
  7381,   349,   27000000,    7306722,        0,  -19693278,          0
  7381,   350,   27000000,    8698469,        0,  -18301531,          0
  7381,   351,   27000000,    6133203,        0,  -20866797,          0
  7381,   352,   27000000,    8395126,        0,  -18604874,          0
  7381,   353,   27000000,    7274938,        0,  -19725062,          0
  7381,   354,   27000000,    8773643,        0,  -18226357,          0
  7381,   355,   27000000,    5785853,        0,  -21214147,          0
  7381,   356,   27000000,    7311233,        0,  -19688767,          0
  7381,   357,   27000000,    7810438,        0,  -19189562,          0
  7381,   358,   27000000,    8810549,        0,  -18189451,          0
  7381,   359,   27000000,    8240062,        0,  -18759938,          0
  7381,   360,   27000000,    6771642,        0,  -20228358,          0
  7381,   361,   27000000,    7342187,        0,  -19657813,          0
  7381,   362,   27000000,    8137441,        0,  -18862559,          0
  7381,   363,   27000000,    5813356,        0,  -21186644,          0
  7381,   364,   27000000,    6715337,        0,  -20284663,          0
  7381,   365,   27000000,    7315248,        0,  -19684752,          0
  7381,   366,   27000000,    8246728,        0,  -18753272,          0
  7381,   367,   27000000,    5725655,        0,  -21274345,          0
  7381,   368,   27000000,    6733525,        0,  -20266475,          0
  7381,   369,   27000000,    7291287,        0,  -19708713,          0
  7381,   370,   27000000,    7996560,        0,  -19003440,          0
  7381,   371,   27000000,    5826472,        0,  -21173528,          0
  7381,   372,   27000000,    7229556,        0,  -19770444,          0
  7381,   373,   27000000,    5750688,        0,  -21249312,          0
  7381,   374,   27000000,    6745326,        0,  -20254674,          0
# task NAME=myapp PID=7385 COST=14710000 PERIOD=74000000 CPU=0
  7385,     2,   74000000,       6269,        0,  -73993731,          0
  7385,     3,   74000000,     141885,        0,  -73858115,          0
  7385,     4,   74000000,   22285870,        0,  -51714130,          0
  7385,     5,   74000000,   23470734,        0,  -50529266,          0
  7385,     6,   74000000,   22652852,        0,  -51347148,          0
  7385,     7,   74000000,   23317027,        0,  -50682973,          0
  7385,     8,   74000000,   21021027,        0,  -52978973,          0
  7385,     9,   74000000,   23155420,        0,  -50844580,          0
  7385,    10,   74000000,   18997447,        0,  -55002553,          0
  7385,    11,   74000000,   20291789,        0,  -53708211,          0
  7385,    12,   74000000,   21148516,        0,  -52851484,          0
  7385,    13,   74000000,   22641753,        0,  -51358247,          0
  7385,    14,   74000000,   19254773,        0,  -54745227,          0
  7385,    15,   74000000,   20585437,        0,  -53414563,          0
  7385,    16,   74000000,   21038759,        0,  -52961241,          0
  7385,    17,   74000000,   23210435,        0,  -50789565,          0
  7385,    18,   74000000,   21674537,        0,  -52325463,          0
  7385,    19,   74000000,   23516090,        0,  -50483910,          0
  7385,    20,   74000000,   21181491,        0,  -52818509,          0
  7385,    21,   74000000,   21566172,        0,  -52433828,          0
  7385,    22,   74000000,   23150252,        0,  -50849748,          0
  7385,    23,   74000000,   22089692,        0,  -51910308,          0
  7385,    24,   74000000,   23084923,        0,  -50915077,          0
  7385,    25,   74000000,   21582754,        0,  -52417246,          0
  7385,    26,   74000000,   23574974,        0,  -50425026,          0
  7385,    27,   74000000,   21071024,        0,  -52928976,          0
  7385,    28,   74000000,   21785365,        0,  -52214635,          0
  7385,    29,   74000000,   21123911,        0,  -52876089,          0
  7385,    30,   74000000,   23085665,        0,  -50914335,          0
  7385,    31,   74000000,   20687148,        0,  -53312852,          0
  7385,    32,   74000000,   20707114,        0,  -53292886,          0
  7385,    33,   74000000,   22017523,        0,  -51982477,          0
  7385,    34,   74000000,   23182353,        0,  -50817647,          0
  7385,    35,   74000000,   21599244,        0,  -52400756,          0
  7385,    36,   74000000,   20859559,        0,  -53140441,          0
  7385,    37,   74000000,   20808433,        0,  -53191567,          0
  7385,    38,   74000000,   23185313,        0,  -50814687,          0
  7385,    39,   74000000,   21194472,        0,  -52805528,          0
  7385,    40,   74000000,   24437914,        0,  -49562086,          0
  7385,    41,   74000000,   23849381,        0,  -50150619,          0
  7385,    42,   74000000,   23098236,        0,  -50901764,          0
  7385,    43,   74000000,   24778334,        0,  -49221666,          0
  7385,    44,   74000000,   23129325,        0,  -50870675,          0
  7385,    45,   74000000,   22143905,        0,  -51856095,          0
  7385,    46,   74000000,   23562677,        0,  -50437323,          0
  7385,    47,   74000000,   26645236,        0,  -47354764,          0
  7385,    48,   74000000,   23677514,        0,  -50322486,          0
  7385,    49,   74000000,   24815923,        0,  -49184077,          0
  7385,    50,   74000000,   23167450,        0,  -50832550,          0
  7385,    51,   74000000,   22361698,        0,  -51638302,          0
  7385,    52,   74000000,   24148503,        0,  -49851497,          0
  7385,    53,   74000000,   25777292,        0,  -48222708,          0
  7385,    54,   74000000,   23121159,        0,  -50878841,          0
  7385,    55,   74000000,   22306302,        0,  -51693698,          0
  7385,    56,   74000000,   23643886,        0,  -50356114,          0
  7385,    57,   74000000,   26133671,        0,  -47866329,          0
  7385,    58,   74000000,   23622949,        0,  -50377051,          0
  7385,    59,   74000000,   22075713,        0,  -51924287,          0
  7385,    60,   74000000,   23970387,        0,  -50029613,          0
  7385,    61,   74000000,   22047224,        0,  -51952776,          0
  7385,    62,   74000000,   23681401,        0,  -50318599,          0
  7385,    63,   74000000,   22067100,        0,  -51932900,          0
  7385,    64,   74000000,   24103182,        0,  -49896818,          0
  7385,    65,   74000000,   21139443,        0,  -52860557,          0
  7385,    66,   74000000,   23332156,        0,  -50667844,          0
  7385,    67,   74000000,   22231663,        0,  -51768337,          0
  7385,    68,   74000000,   24415734,        0,  -49584266,          0
  7385,    69,   74000000,   22610194,        0,  -51389806,          0
  7385,    70,   74000000,   20553349,        0,  -53446651,          0
  7385,    71,   74000000,   21297395,        0,  -52702605,          0
  7385,    72,   74000000,   23213456,        0,  -50786544,          0
  7385,    73,   74000000,   21481624,        0,  -52518376,          0
  7385,    74,   74000000,   23576851,        0,  -50423149,          0
  7385,    75,   74000000,   21546193,        0,  -52453807,          0
  7385,    76,   74000000,   22619193,        0,  -51380807,          0
  7385,    77,   74000000,   20600583,        0,  -53399417,          0
  7385,    78,   74000000,   23129383,        0,  -50870617,          0
  7385,    79,   74000000,   25206265,        0,  -48793735,          0
  7385,    80,   74000000,   25182649,        0,  -48817351,          0
  7385,    81,   74000000,   26035082,        0,  -47964918,          0
  7385,    82,   74000000,   22713920,        0,  -51286080,          0
  7385,    83,   74000000,   22277012,        0,  -51722988,          0
  7385,    84,   74000000,   23536787,        0,  -50463213,          0
  7385,    85,   74000000,   24734301,        0,  -49265699,          0
  7385,    86,   74000000,   23653414,        0,  -50346586,          0
  7385,    87,   74000000,   25649338,        0,  -48350662,          0
  7385,    88,   74000000,   22637745,        0,  -51362255,          0
  7385,    89,   74000000,   24790853,        0,  -49209147,          0
  7385,    90,   74000000,   22705259,        0,  -51294741,          0
  7385,    91,   74000000,   25424443,        0,  -48575557,          0
  7385,    92,   74000000,   23613241,        0,  -50386759,          0
  7385,    93,   74000000,   20637420,        0,  -53362580,          0
  7385,    94,   74000000,   23863828,        0,  -50136172,          0
  7385,    95,   74000000,   25218295,        0,  -48781705,          0
  7385,    96,   74000000,   23994042,        0,  -50005958,          0
  7385,    97,   74000000,   25202428,        0,  -48797572,          0
  7385,    98,   74000000,   23622996,        0,  -50377004,          0
  7385,    99,   74000000,   24784626,        0,  -49215374,          0
  7385,   100,   74000000,   23238784,        0,  -50761216,          0
  7385,   101,   74000000,   21076401,        0,  -52923599,          0
  7385,   102,   74000000,   23259582,        0,  -50740418,          0
  7385,   103,   74000000,   21513095,        0,  -52486905,          0
  7385,   104,   74000000,   23589918,        0,  -50410082,          0
  7385,   105,   74000000,   21608076,        0,  -52391924,          0
  7385,   106,   74000000,   24024928,        0,  -49975072,          0
  7385,   107,   74000000,   21530599,        0,  -52469401,          0
  7385,   108,   74000000,   23424245,        0,  -50575755,          0
  7385,   109,   74000000,   22376078,        0,  -51623922,          0
  7385,   110,   74000000,   23209711,        0,  -50790289,          0
  7385,   111,   74000000,   22010383,        0,  -51989617,          0
  7385,   112,   74000000,   23138826,        0,  -50861174,          0
  7385,   113,   74000000,   22119470,        0,  -51880530,          0
  7385,   114,   74000000,   24024174,        0,  -49975826,          0
  7385,   115,   74000000,   22169225,        0,  -51830775,          0
  7385,   116,   74000000,   24063573,        0,  -49936427,          0
  7385,   117,   74000000,   22015477,        0,  -51984523,          0
  7385,   118,   74000000,   23512051,        0,  -50487949,          0
  7385,   119,   74000000,   22223753,        0,  -51776247,          0
  7385,   120,   74000000,   23226886,        0,  -50773114,          0
  7385,   121,   74000000,   21898353,        0,  -52101647,          0
  7385,   122,   74000000,   22718501,        0,  -51281499,          0
  7385,   123,   74000000,   21787683,        0,  -52212317,          0
  7385,   124,   74000000,   22792543,        0,  -51207457,          0
  7385,   125,   74000000,   21093370,        0,  -52906630,          0
  7385,   126,   74000000,   22664389,        0,  -51335611,          0
  7385,   127,   74000000,   21208201,        0,  -52791799,          0
  7385,   128,   74000000,   23155954,        0,  -50844046,          0
  7385,   129,   74000000,   20928603,        0,  -53071397,          0
  7385,   130,   74000000,   20670745,        0,  -53329255,          0
  7385,   131,   74000000,   23014866,        0,  -50985134,          0
  7385,   132,   74000000,   21335140,        0,  -52664860,          0
  7385,   133,   74000000,   20251450,        0,  -53748550,          0
  7385,   134,   74000000,   22201388,        0,  -51798612,          0
  7385,   135,   74000000,   20992118,        0,  -53007882,          0
  7385,   136,   74000000,   21643587,        0,  -52356413,          0
  7385,   137,   74000000,   21190990,        0,  -52809010,          0
  7385,   138,   74000000,   24076205,        0,  -49923795,          0
  7385,   139,   74000000,   21241184,        0,  -52758816,          0
# task NAME=myapp PID=7389 COST=7761000 PERIOD=36000000 CPU=0
  7389,     2,   36000000,      11964,        0,  -35988036,          0
  7389,     3,   36000000,     120542,        0,  -35879458,          0
  7389,     4,   36000000,   10045917,        0,  -25954083,          0
  7389,     5,   36000000,   10630756,        0,  -25369244,          0
  7389,     6,   36000000,   11083215,        0,  -24916785,          0
  7389,     7,   36000000,    9973364,        0,  -26026636,          0
  7389,     8,   36000000,    9551940,        0,  -26448060,          0
  7389,     9,   36000000,    9589024,        0,  -26410976,          0
  7389,    10,   36000000,    9924671,        0,  -26075329,          0
  7389,    11,   36000000,    9964474,        0,  -26035526,          0
  7389,    12,   36000000,    9445673,        0,  -26554327,          0
  7389,    13,   36000000,    9656280,        0,  -26343720,          0
  7389,    14,   36000000,    9960418,        0,  -26039582,          0
  7389,    15,   36000000,   10029705,        0,  -25970295,          0
  7389,    16,   36000000,   10770096,        0,  -25229904,          0
  7389,    17,   36000000,    9942315,        0,  -26057685,          0
  7389,    18,   36000000,    9924245,        0,  -26075755,          0
  7389,    19,   36000000,    9936079,        0,  -26063921,          0
  7389,    20,   36000000,   10183084,        0,  -25816916,          0
  7389,    21,   36000000,    9888808,        0,  -26111192,          0
  7389,    22,   36000000,    9470406,        0,  -26529594,          0
  7389,    23,   36000000,    9477891,        0,  -26522109,          0
  7389,    24,   36000000,    9962100,        0,  -26037900,          0
  7389,    25,   36000000,    9920694,        0,  -26079306,          0
  7389,    26,   36000000,    9884577,        0,  -26115423,          0
  7389,    27,   36000000,    9607085,        0,  -26392915,          0
  7389,    28,   36000000,    9947951,        0,  -26052049,          0
  7389,    29,   36000000,    9439456,        0,  -26560544,          0
  7389,    30,   36000000,    9417561,        0,  -26582439,          0
  7389,    31,   36000000,    9533216,        0,  -26466784,          0
  7389,    32,   36000000,    9939222,        0,  -26060778,          0
  7389,    33,   36000000,   10335374,        0,  -25664626,          0
  7389,    34,   36000000,    9938603,        0,  -26061397,          0
  7389,    35,   36000000,   13597442,        0,  -22402558,          0
  7389,    36,   36000000,   10419188,        0,  -25580812,          0
  7389,    37,   36000000,   10349112,        0,  -25650888,          0
  7389,    38,   36000000,    9919705,        0,  -26080295,          0
  7389,    39,   36000000,    9482811,        0,  -26517189,          0
  7389,    40,   36000000,   12402062,        0,  -23597938,          0
  7389,    41,   36000000,    9413307,        0,  -26586693,          0
  7389,    42,   36000000,   10557248,        0,  -25442752,          0
  7389,    43,   36000000,    9503249,        0,  -26496751,          0
  7389,    44,   36000000,    9800633,        0,  -26199367,          0
  7389,    45,   36000000,    9464188,        0,  -26535812,          0
  7389,    46,   36000000,    9921098,        0,  -26078902,          0
  7389,    47,   36000000,    9910496,        0,  -26089504,          0
  7389,    48,   36000000,   10603960,        0,  -25396040,          0
  7389,    49,   36000000,    9523687,        0,  -26476313,          0
  7389,    50,   36000000,    9945637,        0,  -26054363,          0
  7389,    51,   36000000,   10370614,        0,  -25629386,          0
  7389,    52,   36000000,    9527078,        0,  -26472922,          0
  7389,    53,   36000000,   11903608,        0,  -24096392,          0
  7389,    54,   36000000,   10059030,        0,  -25940970,          0
  7389,    55,   36000000,    9529387,        0,  -26470613,          0
  7389,    56,   36000000,    9442361,        0,  -26557639,          0
  7389,    57,   36000000,   12062614,        0,  -23937386,          0
  7389,    58,   36000000,    9467535,        0,  -26532465,          0
  7389,    59,   36000000,    9949874,        0,  -26050126,          0
  7389,    60,   36000000,   10350993,        0,  -25649007,          0
  7389,    61,   36000000,    9986680,        0,  -26013320,          0
  7389,    62,   36000000,   10146983,        0,  -25853017,          0
  7389,    63,   36000000,    9666131,        0,  -26333869,          0
  7389,    64,   36000000,    9424816,        0,  -26575184,          0
  7389,    65,   36000000,   10154555,        0,  -25845445,          0
  7389,    66,   36000000,   10064677,        0,  -25935323,          0
  7389,    67,   36000000,   10972749,        0,  -25027251,          0
  7389,    68,   36000000,    9849781,        0,  -26150219,          0
  7389,    69,   36000000,    9888402,        0,  -26111598,          0
  7389,    70,   36000000,    9930947,        0,  -26069053,          0
  7389,    71,   36000000,    9199156,        0,  -26800844,          0
  7389,    72,   36000000,    9889218,        0,  -26110782,          0
  7389,    73,   36000000,    9955107,        0,  -26044893,          0
  7389,    74,   36000000,    9958493,        0,  -26041507,          0
  7389,    75,   36000000,   11419525,        0,  -24580475,          0
  7389,    76,   36000000,    9896562,        0,  -26103438,          0
  7389,    77,   36000000,   10105861,        0,  -25894139,          0
  7389,    78,   36000000,    9519940,        0,  -26480060,          0
  7389,    79,   36000000,   10286832,        0,  -25713168,          0
  7389,    80,   36000000,    9934478,        0,  -26065522,          0
  7389,    81,   36000000,   10447645,        0,  -25552355,          0
  7389,    82,   36000000,    9473956,        0,  -26526044,          0
  7389,    83,   36000000,   12013506,        0,  -23986494,          0
  7389,    84,   36000000,   10548693,        0,  -25451307,          0
  7389,    85,   36000000,    9950284,        0,  -26049716,          0
  7389,    86,   36000000,   12603510,        0,  -23396490,          0
  7389,    87,   36000000,   10310829,        0,  -25689171,          0
  7389,    88,   36000000,   13591793,        0,  -22408207,          0
  7389,    89,   36000000,   10428641,        0,  -25571359,          0
  7389,    90,   36000000,    9931480,        0,  -26068520,          0
  7389,    91,   36000000,    9518887,        0,  -26481113,          0
  7389,    92,   36000000,   13432513,        0,  -22567487,          0
  7389,    93,   36000000,   10951035,        0,  -25048965,          0
  7389,    94,   36000000,   10880263,        0,  -25119737,          0
  7389,    95,   36000000,    9493995,        0,  -26506005,          0
  7389,    96,   36000000,   11906275,        0,  -24093725,          0
  7389,    97,   36000000,    9953282,        0,  -26046718,          0
  7389,    98,   36000000,   13003326,        0,  -22996674,          0
  7389,    99,   36000000,    9480196,        0,  -26519804,          0
  7389,   100,   36000000,    9416788,        0,  -26583212,          0
  7389,   101,   36000000,   10056945,        0,  -25943055,          0
  7389,   102,   36000000,   13911937,        0,  -22088063,          0
  7389,   103,   36000000,    9974027,        0,  -26025973,          0
  7389,   104,   36000000,   12998946,        0,  -23001054,          0
  7389,   105,   36000000,    9928464,        0,  -26071536,          0
  7389,   106,   36000000,   13125437,        0,  -22874563,          0
  7389,   107,   36000000,    9464474,        0,  -26535526,          0
  7389,   108,   36000000,    9730411,        0,  -26269589,          0
  7389,   109,   36000000,    9516649,        0,  -26483351,          0
  7389,   110,   36000000,    9967223,        0,  -26032777,          0
  7389,   111,   36000000,    9945178,        0,  -26054822,          0
  7389,   112,   36000000,   10401516,        0,  -25598484,          0
  7389,   113,   36000000,    9960385,        0,  -26039615,          0
  7389,   114,   36000000,   13538738,        0,  -22461262,          0
  7389,   115,   36000000,   11569629,        0,  -24430371,          0
  7389,   116,   36000000,    9520863,        0,  -26479137,          0
  7389,   117,   36000000,    9481767,        0,  -26518233,          0
  7389,   118,   36000000,    9615798,        0,  -26384202,          0
  7389,   119,   36000000,   11484758,        0,  -24515242,          0
  7389,   120,   36000000,    9510922,        0,  -26489078,          0
  7389,   121,   36000000,   11692649,        0,  -24307351,          0
  7389,   122,   36000000,    9507222,        0,  -26492778,          0
  7389,   123,   36000000,    9525828,        0,  -26474172,          0
  7389,   124,   36000000,    9411101,        0,  -26588899,          0
  7389,   125,   36000000,   10283018,        0,  -25716982,          0
  7389,   126,   36000000,    9957393,        0,  -26042607,          0
  7389,   127,   36000000,   13515063,        0,  -22484937,          0
  7389,   128,   36000000,   11931263,        0,  -24068737,          0
  7389,   129,   36000000,   13487020,        0,  -22512980,          0
  7389,   130,   36000000,    9887434,        0,  -26112566,          0
  7389,   131,   36000000,    9595421,        0,  -26404579,          0
  7389,   132,   36000000,    9515326,        0,  -26484674,          0
  7389,   133,   36000000,    9937867,        0,  -26062133,          0
  7389,   134,   36000000,    9522488,        0,  -26477512,          0
  7389,   135,   36000000,   11111843,        0,  -24888157,          0
  7389,   136,   36000000,    9994699,        0,  -26005301,          0
  7389,   137,   36000000,   12733122,        0,  -23266878,          0
  7389,   138,   36000000,    9475461,        0,  -26524539,          0
  7389,   139,   36000000,    9482810,        0,  -26517190,          0
  7389,   140,   36000000,    9529928,        0,  -26470072,          0
  7389,   141,   36000000,    9928469,        0,  -26071531,          0
  7389,   142,   36000000,    9959387,        0,  -26040613,          0
  7389,   143,   36000000,    9432994,        0,  -26567006,          0
  7389,   144,   36000000,    9485677,        0,  -26514323,          0
  7389,   145,   36000000,   10972889,        0,  -25027111,          0
  7389,   146,   36000000,    9949713,        0,  -26050287,          0
  7389,   147,   36000000,    9938451,        0,  -26061549,          0
  7389,   148,   36000000,    9482914,        0,  -26517086,          0
  7389,   149,   36000000,   10932951,        0,  -25067049,          0
  7389,   150,   36000000,   12003619,        0,  -23996381,          0
  7389,   151,   36000000,    9930594,        0,  -26069406,          0
  7389,   152,   36000000,    9895137,        0,  -26104863,          0
  7389,   153,   36000000,    9929037,        0,  -26070963,          0
  7389,   154,   36000000,    9457870,        0,  -26542130,          0
  7389,   155,   36000000,    9588546,        0,  -26411454,          0
  7389,   156,   36000000,    9950781,        0,  -26049219,          0
  7389,   157,   36000000,    9507118,        0,  -26492882,          0
  7389,   158,   36000000,    9973484,        0,  -26026516,          0
  7389,   159,   36000000,    9479961,        0,  -26520039,          0
  7389,   160,   36000000,   10992308,        0,  -25007692,          0
  7389,   161,   36000000,    9735348,        0,  -26264652,          0
  7389,   162,   36000000,    8936897,        0,  -27063103,          0
  7389,   163,   36000000,    9977989,        0,  -26022011,          0
  7389,   164,   36000000,   13412026,        0,  -22587974,          0
  7389,   165,   36000000,    8899422,        0,  -27100578,          0
  7389,   166,   36000000,   10439471,        0,  -25560529,          0
  7389,   167,   36000000,    9536551,        0,  -26463449,          0
  7389,   168,   36000000,   13078485,        0,  -22921515,          0
  7389,   169,   36000000,    9629724,        0,  -26370276,          0
  7389,   170,   36000000,   13757803,        0,  -22242197,          0
  7389,   171,   36000000,    9965099,        0,  -26034901,          0
  7389,   172,   36000000,   10389496,        0,  -25610504,          0
  7389,   173,   36000000,   10044485,        0,  -25955515,          0
  7389,   174,   36000000,   12968137,        0,  -23031863,          0
  7389,   175,   36000000,    9925379,        0,  -26074621,          0
  7389,   176,   36000000,   13341115,        0,  -22658885,          0
  7389,   177,   36000000,    9438773,        0,  -26561227,          0
  7389,   178,   36000000,    9681332,        0,  -26318668,          0
  7389,   179,   36000000,    9497330,        0,  -26502670,          0
  7389,   180,   36000000,   13408676,        0,  -22591324,          0
  7389,   181,   36000000,   11879858,        0,  -24120142,          0
  7389,   182,   36000000,   13251429,        0,  -22748571,          0
  7389,   183,   36000000,    9504181,        0,  -26495819,          0
  7389,   184,   36000000,   13062135,        0,  -22937865,          0
  7389,   185,   36000000,    9946569,        0,  -26053431,          0
  7389,   186,   36000000,    9957409,        0,  -26042591,          0
  7389,   187,   36000000,    9967438,        0,  -26032562,          0
  7389,   188,   36000000,   10097981,        0,  -25902019,          0
  7389,   189,   36000000,    9978920,        0,  -26021080,          0
  7389,   190,   36000000,   10177846,        0,  -25822154,          0
  7389,   191,   36000000,    9904777,        0,  -26095223,          0
  7389,   192,   36000000,    9481100,        0,  -26518900,          0
  7389,   193,   36000000,    9471342,        0,  -26528658,          0
  7389,   194,   36000000,    9983508,        0,  -26016492,          0
  7389,   195,   36000000,   10294777,        0,  -25705223,          0
  7389,   196,   36000000,    9139191,        0,  -26860809,          0
  7389,   197,   36000000,    9959534,        0,  -26040466,          0
  7389,   198,   36000000,   11962121,        0,  -24037879,          0
  7389,   199,   36000000,   13032150,        0,  -22967850,          0
  7389,   200,   36000000,    9978476,        0,  -26021524,          0
  7389,   201,   36000000,   10439663,        0,  -25560337,          0
  7389,   202,   36000000,    9895646,        0,  -26104354,          0
  7389,   203,   36000000,    9952421,        0,  -26047579,          0
  7389,   204,   36000000,    9247693,        0,  -26752307,          0
  7389,   205,   36000000,   12994616,        0,  -23005384,          0
  7389,   206,   36000000,    9988953,        0,  -26011047,          0
  7389,   207,   36000000,   13556089,        0,  -22443911,          0
  7389,   208,   36000000,    9723114,        0,  -26276886,          0
  7389,   209,   36000000,    9898220,        0,  -26101780,          0
  7389,   210,   36000000,    9940492,        0,  -26059508,          0
  7389,   211,   36000000,   10444607,        0,  -25555393,          0
  7389,   212,   36000000,    9434825,        0,  -26565175,          0
  7389,   213,   36000000,    9720713,        0,  -26279287,          0
  7389,   214,   36000000,    9506106,        0,  -26493894,          0
  7389,   215,   36000000,   12431636,        0,  -23568364,          0
  7389,   216,   36000000,    9458270,        0,  -26541730,          0
  7389,   217,   36000000,    9496004,        0,  -26503996,          0
  7389,   218,   36000000,    9960816,        0,  -26039184,          0
  7389,   219,   36000000,    9979823,        0,  -26020177,          0
  7389,   220,   36000000,    9485198,        0,  -26514802,          0
  7389,   221,   36000000,    9438133,        0,  -26561867,          0
  7389,   222,   36000000,    8899830,        0,  -27100170,          0
  7389,   223,   36000000,    9907421,        0,  -26092579,          0
  7389,   224,   36000000,    9917426,        0,  -26082574,          0
  7389,   225,   36000000,   11605013,        0,  -24394987,          0
  7389,   226,   36000000,   10697836,        0,  -25302164,          0
  7389,   227,   36000000,    9969290,        0,  -26030710,          0
  7389,   228,   36000000,    9921125,        0,  -26078875,          0
  7389,   229,   36000000,   10089200,        0,  -25910800,          0
  7389,   230,   36000000,   10279792,        0,  -25720208,          0
  7389,   231,   36000000,    9919781,        0,  -26080219,          0
  7389,   232,   36000000,   10422322,        0,  -25577678,          0
  7389,   233,   36000000,    9467495,        0,  -26532505,          0
  7389,   234,   36000000,   10560581,        0,  -25439419,          0
  7389,   235,   36000000,    9500425,        0,  -26499575,          0
  7389,   236,   36000000,    9916416,        0,  -26083584,          0
  7389,   237,   36000000,    9482701,        0,  -26517299,          0
  7389,   238,   36000000,    9960727,        0,  -26039273,          0
  7389,   239,   36000000,   10145271,        0,  -25854729,          0
  7389,   240,   36000000,   11355509,        0,  -24644491,          0
  7389,   241,   36000000,    9563542,        0,  -26436458,          0
  7389,   242,   36000000,    9492999,        0,  -26507001,          0
  7389,   243,   36000000,    9478358,        0,  -26521642,          0
  7389,   244,   36000000,    9452287,        0,  -26547713,          0
  7389,   245,   36000000,    9640954,        0,  -26359046,          0
  7389,   246,   36000000,   10913131,        0,  -25086869,          0
  7389,   247,   36000000,    9480900,        0,  -26519100,          0
  7389,   248,   36000000,   10344328,        0,  -25655672,          0
  7389,   249,   36000000,    9948746,        0,  -26051254,          0
  7389,   250,   36000000,    9479059,        0,  -26520941,          0
  7389,   251,   36000000,    9856918,        0,  -26143082,          0
  7389,   252,   36000000,    9016108,        0,  -26983892,          0
  7389,   253,   36000000,   11791608,        0,  -24208392,          0
  7389,   254,   36000000,   11496163,        0,  -24503837,          0
  7389,   255,   36000000,   11482243,        0,  -24517757,          0
  7389,   256,   36000000,   12557717,        0,  -23442283,          0
  7389,   257,   36000000,    9963932,        0,  -26036068,          0
  7389,   258,   36000000,   12682582,        0,  -23317418,          0
  7389,   259,   36000000,    9972194,        0,  -26027806,          0
  7389,   260,   36000000,    9900562,        0,  -26099438,          0
  7389,   261,   36000000,   12452560,        0,  -23547440,          0
  7389,   262,   36000000,   10113540,        0,  -25886460,          0
  7389,   263,   36000000,   10173729,        0,  -25826271,          0
  7389,   264,   36000000,   10736042,        0,  -25263958,          0
  7389,   265,   36000000,    9515200,        0,  -26484800,          0
  7389,   266,   36000000,    9419020,        0,  -26580980,          0
  7389,   267,   36000000,    9485891,        0,  -26514109,          0
  7389,   268,   36000000,   10623735,        0,  -25376265,          0
  7389,   269,   36000000,   10039366,        0,  -25960634,          0
  7389,   270,   36000000,    9893834,        0,  -26106166,          0
  7389,   271,   36000000,    9460231,        0,  -26539769,          0
  7389,   272,   36000000,   10657453,        0,  -25342547,          0
  7389,   273,   36000000,    9452212,        0,  -26547788,          0
  7389,   274,   36000000,   10051227,        0,  -25948773,          0
  7389,   275,   36000000,    9512266,        0,  -26487734,          0
  7389,   276,   36000000,    9851206,        0,  -26148794,          0
  7389,   277,   36000000,    9938578,        0,  -26061422,          0
  7389,   278,   36000000,    9522042,        0,  -26477958,          0
  7389,   279,   36000000,    9491121,        0,  -26508879,          0
  7389,   280,   36000000,    9914292,        0,  -26085708,          0
  7389,   281,   36000000,    9566612,        0,  -26433388,          0
# task NAME=myapp PID=7394 COST=6003000 PERIOD=31000000 CPU=0
  7394,     2,   31000000,      11763,        0,  -30988237,          0
  7394,     3,   31000000,      85509,        0,  -30914491,          0
  7394,     4,   31000000,    7301375,        0,  -23698625,          0
  7394,     5,   31000000,    7851029,        0,  -23148971,          0
  7394,     6,   31000000,    9389745,        0,  -21610255,          0
  7394,     7,   31000000,    6303462,        0,  -24696538,          0
  7394,     8,   31000000,    9761276,        0,  -21238724,          0
  7394,     9,   31000000,    8254524,        0,  -22745476,          0
  7394,    10,   31000000,    8803246,        0,  -22196754,          0
  7394,    11,   31000000,    9738752,        0,  -21261248,          0
  7394,    12,   31000000,    8283002,        0,  -22716998,          0
  7394,    13,   31000000,    8283317,        0,  -22716683,          0
  7394,    14,   31000000,    9268061,        0,  -21731939,          0
  7394,    15,   31000000,    6496428,        0,  -24503572,          0
  7394,    16,   31000000,    8778410,        0,  -22221590,          0
  7394,    17,   31000000,    8321075,        0,  -22678925,          0
  7394,    18,   31000000,    8282548,        0,  -22717452,          0
  7394,    19,   31000000,    6213496,        0,  -24786504,          0
  7394,    20,   31000000,    7211642,        0,  -23788358,          0
  7394,    21,   31000000,    7832691,        0,  -23167309,          0
  7394,    22,   31000000,    9336750,        0,  -21663250,          0
  7394,    23,   31000000,    6337059,        0,  -24662941,          0
  7394,    24,   31000000,    7573386,        0,  -23426614,          0
  7394,    25,   31000000,    8264617,        0,  -22735383,          0
  7394,    26,   31000000,    8815328,        0,  -22184672,          0
  7394,    27,   31000000,    6179605,        0,  -24820395,          0
  7394,    28,   31000000,    7328090,        0,  -23671910,          0
  7394,    29,   31000000,    8298532,        0,  -22701468,          0
  7394,    30,   31000000,    9233074,        0,  -21766926,          0
  7394,    31,   31000000,    6313331,        0,  -24686669,          0
  7394,    32,   31000000,    7754682,        0,  -23245318,          0
  7394,    33,   31000000,    9001125,        0,  -21998875,          0
  7394,    34,   31000000,    7798602,        0,  -23201398,          0
  7394,    35,   31000000,    6230908,        0,  -24769092,          0
  7394,    36,   31000000,    8728057,        0,  -22271943,          0
  7394,    37,   31000000,    8312213,        0,  -22687787,          0
  7394,    38,   31000000,    9237720,        0,  -21762280,          0
  7394,    39,   31000000,    6284012,        0,  -24715988,          0
  7394,    40,   31000000,    9281173,        0,  -21718827,          0
  7394,    41,   31000000,    8260398,        0,  -22739602,          0
  7394,    42,   31000000,    9290275,        0,  -21709725,          0
  7394,    43,   31000000,    9650180,        0,  -21349820,          0
  7394,    44,   31000000,    7747708,        0,  -23252292,          0
  7394,    45,   31000000,   10870209,        0,  -20129791,          0
  7394,    46,   31000000,   10482172,        0,  -20517828,          0
  7394,    47,   31000000,    6354079,        0,  -24645921,          0
  7394,    48,   31000000,    7206902,        0,  -23793098,          0
  7394,    49,   31000000,    7834009,        0,  -23165991,          0
  7394,    50,   31000000,    9332990,        0,  -21667010,          0
  7394,    51,   31000000,    6491330,        0,  -24508670,          0
  7394,    52,   31000000,    7882036,        0,  -23117964,          0
  7394,    53,   31000000,    8298285,        0,  -22701715,          0
  7394,    54,   31000000,    8833254,        0,  -22166746,          0
  7394,    55,   31000000,    6403033,        0,  -24596967,          0
  7394,    56,   31000000,    7190922,        0,  -23809078,          0
  7394,    57,   31000000,    8269799,        0,  -22730201,          0
  7394,    58,   31000000,   11271489,        0,  -19728511,          0
  7394,    59,   31000000,    6506181,        0,  -24493819,          0
  7394,    60,   31000000,    9249874,        0,  -21750126,          0
  7394,    61,   31000000,   10704407,        0,  -20295593,          0
  7394,    62,   31000000,    9354425,        0,  -21645575,          0
  7394,    63,   31000000,    9574223,        0,  -21425777,          0
  7394,    64,   31000000,    6391967,        0,  -24608033,          0
  7394,    65,   31000000,    7776240,        0,  -23223760,          0
  7394,    66,   31000000,    8493474,        0,  -22506526,          0
  7394,    67,   31000000,    8554306,        0,  -22445694,          0
  7394,    68,   31000000,    6468600,        0,  -24531400,          0
  7394,    69,   31000000,    8368710,        0,  -22631290,          0
  7394,    70,   31000000,    8854770,        0,  -22145230,          0
  7394,    71,   31000000,    9819512,        0,  -21180488,          0
  7394,    72,   31000000,    6347152,        0,  -24652848,          0
  7394,    73,   31000000,    8302614,        0,  -22697386,          0
  7394,    74,   31000000,    9442717,        0,  -21557283,          0
  7394,    75,   31000000,    6280701,        0,  -24719299,          0
  7394,    76,   31000000,    7221057,        0,  -23778943,          0
  7394,    77,   31000000,    8265608,        0,  -22734392,          0
  7394,    78,   31000000,    9296823,        0,  -21703177,          0
  7394,    79,   31000000,    6239020,        0,  -24760980,          0
  7394,    80,   31000000,    9843119,        0,  -21156881,          0
  7394,    81,   31000000,    7936403,        0,  -23063597,          0
  7394,    82,   31000000,    8782799,        0,  -22217201,          0
  7394,    83,   31000000,    6222078,        0,  -24777922,          0
  7394,    84,   31000000,    6276999,        0,  -24723001,          0
  7394,    85,   31000000,    7739531,        0,  -23260469,          0
  7394,    86,   31000000,    7951657,        0,  -23048343,          0
  7394,    87,   31000000,    6365188,        0,  -24634812,          0
  7394,    88,   31000000,    7425493,        0,  -23574507,          0
  7394,    89,   31000000,    9914337,        0,  -21085663,          0
  7394,    90,   31000000,    9300402,        0,  -21699598,          0
  7394,    91,   31000000,    6300805,        0,  -24699195,          0
  7394,    92,   31000000,   10801661,        0,  -20198339,          0
  7394,    93,   31000000,    8352405,        0,  -22647595,          0
  7394,    94,   31000000,    9331936,        0,  -21668064,          0
  7394,    95,   31000000,    9659644,        0,  -21340356,          0
  7394,    96,   31000000,    8290322,        0,  -22709678,          0
  7394,    97,   31000000,    7983225,        0,  -23016775,          0
  7394,    98,   31000000,    9248952,        0,  -21751048,          0
  7394,    99,   31000000,    9904036,        0,  -21095964,          0
  7394,   100,   31000000,    7278107,        0,  -23721893,          0
  7394,   101,   31000000,    7766473,        0,  -23233527,          0
  7394,   102,   31000000,    8806777,        0,  -22193223,          0
  7394,   103,   31000000,    8675308,        0,  -22324692,          0
  7394,   104,   31000000,    7330717,        0,  -23669283,          0
  7394,   105,   31000000,    8286949,        0,  -22713051,          0
  7394,   106,   31000000,    9700838,        0,  -21299162,          0
  7394,   107,   31000000,    6237697,        0,  -24762303,          0
  7394,   108,   31000000,    7250295,        0,  -23749705,          0
  7394,   109,   31000000,    8236202,        0,  -22763798,          0
  7394,   110,   31000000,    8809412,        0,  -22190588,          0
  7394,   111,   31000000,    9758222,        0,  -21241778,          0
  7394,   112,   31000000,    7271273,        0,  -23728727,          0
  7394,   113,   31000000,   10213778,        0,  -20786222,          0
  7394,   114,   31000000,    9336466,        0,  -21663534,          0
  7394,   115,   31000000,    6306311,        0,  -24693689,          0
  7394,   116,   31000000,    7313384,        0,  -23686616,          0
  7394,   117,   31000000,    8299301,        0,  -22700699,          0
  7394,   118,   31000000,   11289940,        0,  -19710060,          0
  7394,   119,   31000000,    8278308,        0,  -22721692,          0
  7394,   120,   31000000,    7821708,        0,  -23178292,          0
  7394,   121,   31000000,    6360252,        0,  -24639748,          0
  7394,   122,   31000000,    7276075,        0,  -23723925,          0
  7394,   123,   31000000,    7775633,        0,  -23224367,          0
  7394,   124,   31000000,    7767817,        0,  -23232183,          0
  7394,   125,   31000000,    6497532,        0,  -24502468,          0
  7394,   126,   31000000,    7718326,        0,  -23281674,          0
  7394,   127,   31000000,    8283351,        0,  -22716649,          0
  7394,   128,   31000000,    7788162,        0,  -23211838,          0
  7394,   129,   31000000,    6232649,        0,  -24767351,          0
  7394,   130,   31000000,    7230110,        0,  -23769890,          0
  7394,   131,   31000000,    7751578,        0,  -23248422,          0
  7394,   132,   31000000,   10147950,        0,  -20852050,          0
  7394,   133,   31000000,    6724529,        0,  -24275471,          0
  7394,   134,   31000000,    6293616,        0,  -24706384,          0
  7394,   135,   31000000,    7805435,        0,  -23194565,          0
  7394,   136,   31000000,    9512297,        0,  -21487703,          0
  7394,   137,   31000000,    6908643,        0,  -24091357,          0
  7394,   138,   31000000,    9286498,        0,  -21713502,          0
  7394,   139,   31000000,    7460277,        0,  -23539723,          0
  7394,   140,   31000000,    6284209,        0,  -24715791,          0
  7394,   141,   31000000,    7723940,        0,  -23276060,          0
  7394,   142,   31000000,    8752388,        0,  -22247612,          0
  7394,   143,   31000000,    6287170,        0,  -24712830,          0
  7394,   144,   31000000,    6407235,        0,  -24592765,          0
  7394,   145,   31000000,    7793007,        0,  -23206993,          0
  7394,   146,   31000000,    8429461,        0,  -22570539,          0
  7394,   147,   31000000,    9423248,        0,  -21576752,          0
  7394,   148,   31000000,    9222704,        0,  -21777296,          0
  7394,   149,   31000000,    8276298,        0,  -22723702,          0
  7394,   150,   31000000,    8852550,        0,  -22147450,          0
  7394,   151,   31000000,    6468323,        0,  -24531677,          0
  7394,   152,   31000000,    7339845,        0,  -23660155,          0
  7394,   153,   31000000,    7804887,        0,  -23195113,          0
  7394,   154,   31000000,    8327575,        0,  -22672425,          0
  7394,   155,   31000000,    6367293,        0,  -24632707,          0
  7394,   156,   31000000,    6638339,        0,  -24361661,          0
  7394,   157,   31000000,    7885949,        0,  -23114051,          0
  7394,   158,   31000000,    8868668,        0,  -22131332,          0
  7394,   159,   31000000,    9833368,        0,  -21166632,          0
  7394,   160,   31000000,    7272994,        0,  -23727006,          0
  7394,   161,   31000000,    8285123,        0,  -22714877,          0
  7394,   162,   31000000,    9430260,        0,  -21569740,          0
  7394,   163,   31000000,    7996699,        0,  -23003301,          0
  7394,   164,   31000000,   10359005,        0,  -20640995,          0
  7394,   165,   31000000,    8286916,        0,  -22713084,          0
  7394,   166,   31000000,    9839771,        0,  -21160229,          0
  7394,   167,   31000000,    8840077,        0,  -22159923,          0
  7394,   168,   31000000,    6538447,        0,  -24461553,          0
  7394,   169,   31000000,    7798607,        0,  -23201393,          0
  7394,   170,   31000000,    9234567,        0,  -21765433,          0
  7394,   171,   31000000,    8184464,        0,  -22815536,          0
  7394,   172,   31000000,    7326430,        0,  -23673570,          0
  7394,   173,   31000000,    8320097,        0,  -22679903,          0
  7394,   174,   31000000,    8605376,        0,  -22394624,          0
  7394,   175,   31000000,    6287700,        0,  -24712300,          0
  7394,   176,   31000000,    7316565,        0,  -23683435,          0
  7394,   177,   31000000,    7334394,        0,  -23665606,          0
  7394,   178,   31000000,    9311235,        0,  -21688765,          0
  7394,   179,   31000000,    7031716,        0,  -23968284,          0
  7394,   180,   31000000,    7782384,        0,  -23217616,          0
  7394,   181,   31000000,    7853834,        0,  -23146166,          0
  7394,   182,   31000000,    8894565,        0,  -22105435,          0
  7394,   183,   31000000,    6262233,        0,  -24737767,          0
  7394,   184,   31000000,    7365127,        0,  -23634873,          0
  7394,   185,   31000000,    7791502,        0,  -23208498,          0
  7394,   186,   31000000,    9352689,        0,  -21647311,          0
  7394,   187,   31000000,    9417543,        0,  -21582457,          0
  7394,   188,   31000000,    6575834,        0,  -24424166,          0
  7394,   189,   31000000,    7774666,        0,  -23225334,          0
  7394,   190,   31000000,    9301926,        0,  -21698074,          0
  7394,   191,   31000000,    8714771,        0,  -22285229,          0
  7394,   192,   31000000,    8055537,        0,  -22944463,          0
  7394,   193,   31000000,    7846137,        0,  -23153863,          0
  7394,   194,   31000000,    9250521,        0,  -21749479,          0
  7394,   195,   31000000,    9346590,        0,  -21653410,          0
  7394,   196,   31000000,   10830681,        0,  -20169319,          0
  7394,   197,   31000000,    9757757,        0,  -21242243,          0
  7394,   198,   31000000,    8825530,        0,  -22174470,          0
  7394,   199,   31000000,    6227534,        0,  -24772466,          0
  7394,   200,   31000000,    7232965,        0,  -23767035,          0
  7394,   201,   31000000,    8280609,        0,  -22719391,          0
  7394,   202,   31000000,    9331155,        0,  -21668845,          0
  7394,   203,   31000000,    6246878,        0,  -24753122,          0
  7394,   204,   31000000,    8797023,        0,  -22202977,          0
  7394,   205,   31000000,    8277807,        0,  -22722193,          0
  7394,   206,   31000000,    8806561,        0,  -22193439,          0
  7394,   207,   31000000,    6254737,        0,  -24745263,          0
  7394,   208,   31000000,    6271350,        0,  -24728650,          0
  7394,   209,   31000000,    8359322,        0,  -22640678,          0
  7394,   210,   31000000,    8472992,        0,  -22527008,          0
  7394,   211,   31000000,    6677506,        0,  -24322494,          0
  7394,   212,   31000000,    6244560,        0,  -24755440,          0
  7394,   213,   31000000,    8226134,        0,  -22773866,          0
  7394,   214,   31000000,    9240711,        0,  -21759289,          0
  7394,   215,   31000000,    6274962,        0,  -24725038,          0
  7394,   216,   31000000,    6493692,        0,  -24506308,          0
  7394,   217,   31000000,    7885520,        0,  -23114480,          0
  7394,   218,   31000000,    8804745,        0,  -22195255,          0
  7394,   219,   31000000,    6304467,        0,  -24695533,          0
  7394,   220,   31000000,    6303409,        0,  -24696591,          0
  7394,   221,   31000000,    8265935,        0,  -22734065,          0
  7394,   222,   31000000,    8795666,        0,  -22204334,          0
  7394,   223,   31000000,    9802466,        0,  -21197534,          0
  7394,   224,   31000000,    6276469,        0,  -24723531,          0
  7394,   225,   31000000,    8246555,        0,  -22753445,          0
  7394,   226,   31000000,    7908125,        0,  -23091875,          0
  7394,   227,   31000000,    8473675,        0,  -22526325,          0
  7394,   228,   31000000,    9294092,        0,  -21705908,          0
  7394,   229,   31000000,    8245984,        0,  -22754016,          0
  7394,   230,   31000000,   10405784,        0,  -20594216,          0
  7394,   231,   31000000,    6388909,        0,  -24611091,          0
  7394,   232,   31000000,    6394289,        0,  -24605711,          0
  7394,   233,   31000000,    7772575,        0,  -23227425,          0
  7394,   234,   31000000,    8860092,        0,  -22139908,          0
  7394,   235,   31000000,    9820947,        0,  -21179053,          0
  7394,   236,   31000000,    8234412,        0,  -22765588,          0
  7394,   237,   31000000,    7870611,        0,  -23129389,          0
  7394,   238,   31000000,    9293990,        0,  -21706010,          0
  7394,   239,   31000000,   10239748,        0,  -20760252,          0
  7394,   240,   31000000,    9224070,        0,  -21775930,          0
  7394,   241,   31000000,    6624927,        0,  -24375073,          0
  7394,   242,   31000000,    6305239,        0,  -24694761,          0
  7394,   243,   31000000,    7771131,        0,  -23228869,          0
  7394,   244,   31000000,    8741641,        0,  -22258359,          0
  7394,   245,   31000000,    6726440,        0,  -24273560,          0
  7394,   246,   31000000,    8779587,        0,  -22220413,          0
  7394,   247,   31000000,    7989627,        0,  -23010373,          0
  7394,   248,   31000000,   10519428,        0,  -20480572,          0
  7394,   249,   31000000,    6241156,        0,  -24758844,          0
  7394,   250,   31000000,    7349086,        0,  -23650914,          0
  7394,   251,   31000000,    9070789,        0,  -21929211,          0
  7394,   252,   31000000,    9265950,        0,  -21734050,          0
  7394,   253,   31000000,    6268831,        0,  -24731169,          0
  7394,   254,   31000000,    7316098,        0,  -23683902,          0
  7394,   255,   31000000,    6221382,        0,  -24778618,          0
  7394,   256,   31000000,    6253127,        0,  -24746873,          0
  7394,   257,   31000000,    7866966,        0,  -23133034,          0
  7394,   258,   31000000,    8806798,        0,  -22193202,          0
  7394,   259,   31000000,    6257685,        0,  -24742315,          0
  7394,   260,   31000000,    7219703,        0,  -23780297,          0
  7394,   261,   31000000,    8815786,        0,  -22184214,          0
  7394,   262,   31000000,    9800658,        0,  -21199342,          0
  7394,   263,   31000000,    6230505,        0,  -24769495,          0
  7394,   264,   31000000,    7202480,        0,  -23797520,          0
  7394,   265,   31000000,    7785997,        0,  -23214003,          0
  7394,   266,   31000000,    8584379,        0,  -22415621,          0
  7394,   267,   31000000,   11276766,        0,  -19723234,          0
  7394,   268,   31000000,   10004584,        0,  -20995416,          0
  7394,   269,   31000000,    7343083,        0,  -23656917,          0
  7394,   270,   31000000,    8779901,        0,  -22220099,          0
  7394,   271,   31000000,    6681729,        0,  -24318271,          0
  7394,   272,   31000000,    7293209,        0,  -23706791,          0
  7394,   273,   31000000,    8265124,        0,  -22734876,          0
  7394,   274,   31000000,    9336243,        0,  -21663757,          0
  7394,   275,   31000000,    9263495,        0,  -21736505,          0
  7394,   276,   31000000,    7264573,        0,  -23735427,          0
  7394,   277,   31000000,    8313119,        0,  -22686881,          0
  7394,   278,   31000000,   10210859,        0,  -20789141,          0
  7394,   279,   31000000,    6245868,        0,  -24754132,          0
  7394,   280,   31000000,    9693863,        0,  -21306137,          0
  7394,   281,   31000000,    8384590,        0,  -22615410,          0
  7394,   282,   31000000,    9335843,        0,  -21664157,          0
  7394,   283,   31000000,    6909177,        0,  -24090823,          0
  7394,   284,   31000000,    6361990,        0,  -24638010,          0
  7394,   285,   31000000,    8303468,        0,  -22696532,          0
  7394,   286,   31000000,    8775888,        0,  -22224112,          0
  7394,   287,   31000000,    6254242,        0,  -24745758,          0
  7394,   288,   31000000,    6294218,        0,  -24705782,          0
  7394,   289,   31000000,   11117445,        0,  -19882555,          0
  7394,   290,   31000000,    8766137,        0,  -22233863,          0
  7394,   291,   31000000,    6624936,        0,  -24375064,          0
  7394,   292,   31000000,    7234447,        0,  -23765553,          0
  7394,   293,   31000000,    8298631,        0,  -22701369,          0
  7394,   294,   31000000,   10345906,        0,  -20654094,          0
  7394,   295,   31000000,    6282199,        0,  -24717801,          0
  7394,   296,   31000000,    7214343,        0,  -23785657,          0
  7394,   297,   31000000,    8741217,        0,  -22258783,          0
  7394,   298,   31000000,    9298419,        0,  -21701581,          0
  7394,   299,   31000000,    6916004,        0,  -24083996,          0
  7394,   300,   31000000,    6275372,        0,  -24724628,          0
  7394,   301,   31000000,    8560622,        0,  -22439378,          0
  7394,   302,   31000000,    8432748,        0,  -22567252,          0
  7394,   303,   31000000,    6231294,        0,  -24768706,          0
  7394,   304,   31000000,    6896713,        0,  -24103287,          0
  7394,   305,   31000000,    8515313,        0,  -22484687,          0
  7394,   306,   31000000,    8753088,        0,  -22246912,          0
  7394,   307,   31000000,    7976371,        0,  -23023629,          0
  7394,   308,   31000000,    7246381,        0,  -23753619,          0
  7394,   309,   31000000,    8391831,        0,  -22608169,          0
  7394,   310,   31000000,    8368319,        0,  -22631681,          0
  7394,   311,   31000000,    6250964,        0,  -24749036,          0
  7394,   312,   31000000,    7204026,        0,  -23795974,          0
  7394,   313,   31000000,   10314494,        0,  -20685506,          0
  7394,   314,   31000000,    8764556,        0,  -22235444,          0
  7394,   315,   31000000,    8643902,        0,  -22356098,          0
  7394,   316,   31000000,    7209433,        0,  -23790567,          0
  7394,   317,   31000000,    9636519,        0,  -21363481,          0
  7394,   318,   31000000,    8775967,        0,  -22224033,          0
  7394,   319,   31000000,    6199246,        0,  -24800754,          0
  7394,   320,   31000000,    7224336,        0,  -23775664,          0
  7394,   321,   31000000,    7875647,        0,  -23124353,          0
  7394,   322,   31000000,    9252761,        0,  -21747239,          0
  7394,   323,   31000000,    6233647,        0,  -24766353,          0
  7394,   324,   31000000,    7314560,        0,  -23685440,          0
  7394,   325,   31000000,    8812861,        0,  -22187139,          0
  7394,   326,   31000000,    9260077,        0,  -21739923,          0
