# Task,   Job,     Period,   Response, DL Miss?,   Lateness,  Tardiness
# task NAME=myapp PID=31895 COST=8964000 PERIOD=55000000 CPU=0
 31895,     2,   55000000,       7502,        0,  -54992498,          0
 31895,     3,   55000000,      78181,        0,  -54921819,          0
 31895,     4,   55000000,   13163767,        0,  -41836233,          0
 31895,     5,   55000000,   11603638,        0,  -43396362,          0
 31895,     6,   55000000,   14639351,        0,  -40360649,          0
 31895,     7,   55000000,   13619391,        0,  -41380609,          0
 31895,     8,   55000000,   10602606,        0,  -44397394,          0
 31895,     9,   55000000,   13630945,        0,  -41369055,          0
 31895,    10,   55000000,   12118488,        0,  -42881512,          0
 31895,    11,   55000000,   15667586,        0,  -39332414,          0
 31895,    12,   55000000,   13088608,        0,  -41911392,          0
 31895,    13,   55000000,   10600548,        0,  -44399452,          0
 31895,    14,   55000000,   15130304,        0,  -39869696,          0
 31895,    15,   55000000,   13611624,        0,  -41388376,          0
 31895,    16,   55000000,   12649932,        0,  -42350068,          0
 31895,    17,   55000000,   13653381,        0,  -41346619,          0
 31895,    18,   55000000,   14673706,        0,  -40326294,          0
 31895,    19,   55000000,   13679247,        0,  -41320753,          0
 31895,    20,   55000000,   10631508,        0,  -44368492,          0
 31895,    21,   55000000,   11175393,        0,  -43824607,          0
 31895,    22,   55000000,   12913553,        0,  -42086447,          0
 31895,    23,   55000000,   15662998,        0,  -39337002,          0
 31895,    24,   55000000,   10615387,        0,  -44384613,          0
 31895,    25,   55000000,   13627339,        0,  -41372661,          0
 31895,    26,   55000000,   12692538,        0,  -42307462,          0
 31895,    27,   55000000,   15664999,        0,  -39335001,          0
 31895,    28,   55000000,   14203343,        0,  -40796657,          0
 31895,    29,   55000000,   13561845,        0,  -41438155,          0
 31895,    30,   55000000,   15147433,        0,  -39852567,          0
 31895,    31,   55000000,   16441923,        0,  -38558077,          0
 31895,    32,   55000000,   12632847,        0,  -42367153,          0
 31895,    33,   55000000,   11174112,        0,  -43825888,          0
 31895,    34,   55000000,   12676503,        0,  -42323497,          0
 31895,    35,   55000000,   15686094,        0,  -39313906,          0
 31895,    36,   55000000,   12644398,        0,  -42355602,          0
 31895,    37,   55000000,   11136106,        0,  -43863894,          0
 31895,    38,   55000000,   12146921,        0,  -42853079,          0
 31895,    39,   55000000,   17096905,        0,  -37903095,          0
 31895,    40,   55000000,   10643469,        0,  -44356531,          0
 31895,    41,   55000000,   11127150,        0,  -43872850,          0
 31895,    42,   55000000,   14620387,        0,  -40379613,          0
 31895,    43,   55000000,   16148507,        0,  -38851493,          0
 31895,    44,   55000000,   10653962,        0,  -44346038,          0
 31895,    45,   55000000,   13698880,        0,  -41301120,          0
 31895,    46,   55000000,   14619628,        0,  -40380372,          0
 31895,    47,   55000000,   15905437,        0,  -39094563,          0
 31895,    48,   55000000,   10511714,        0,  -44488286,          0
 31895,    49,   55000000,   11085073,        0,  -43914927,          0
 31895,    50,   55000000,   12734027,        0,  -42265973,          0
 31895,    51,   55000000,   13678889,        0,  -41321111,          0
 31895,    52,   55000000,   10654479,        0,  -44345521,          0
 31895,    53,   55000000,   10593303,        0,  -44406697,          0
 31895,    54,   55000000,   14596747,        0,  -40403253,          0
 31895,    55,   55000000,   15622900,        0,  -39377100,          0
 31895,    56,   55000000,   12900668,        0,  -42099332,          0
 31895,    57,   55000000,   10634258,        0,  -44365742,          0
 31895,    58,   55000000,   12615748,        0,  -42384252,          0
 31895,    59,   55000000,   13443888,        0,  -41556112,          0
 31895,    60,   55000000,   12594517,        0,  -42405483,          0
 31895,    61,   55000000,   13651941,        0,  -41348059,          0
 31895,    62,   55000000,   14921977,        0,  -40078023,          0
 31895,    63,   55000000,   13861286,        0,  -41138714,          0
 31895,    64,   55000000,   12588670,        0,  -42411330,          0
 31895,    65,   55000000,   13714543,        0,  -41285457,          0
 31895,    66,   55000000,   14644887,        0,  -40355113,          0
 31895,    67,   55000000,   15846511,        0,  -39153489,          0
 31895,    68,   55000000,   11722050,        0,  -43277950,          0
 31895,    69,   55000000,   11720182,        0,  -43279818,          0
 31895,    70,   55000000,   15163614,        0,  -39836386,          0
 31895,    71,   55000000,   13634210,        0,  -41365790,          0
 31895,    72,   55000000,   12693428,        0,  -42306572,          0
 31895,    73,   55000000,   10666910,        0,  -44333090,          0
 31895,    74,   55000000,   12673354,        0,  -42326646,          0
 31895,    75,   55000000,   13692027,        0,  -41307973,          0
 31895,    76,   55000000,   13101092,        0,  -41898908,          0
 31895,    77,   55000000,   11108222,        0,  -43891778,          0
 31895,    78,   55000000,   14648986,        0,  -40351014,          0
 31895,    79,   55000000,   16209966,        0,  -38790034,          0
 31895,    80,   55000000,   10642387,        0,  -44357613,          0
 31895,    81,   55000000,   11076319,        0,  -43923681,          0
 31895,    82,   55000000,   15214872,        0,  -39785128,          0
 31895,    83,   55000000,   13548244,        0,  -41451756,          0
 31895,    84,   55000000,   13155308,        0,  -41844692,          0
 31895,    85,   55000000,   14098960,        0,  -40901040,          0
 31895,    86,   55000000,   14620980,        0,  -40379020,          0
 31895,    87,   55000000,   13623884,        0,  -41376116,          0
 31895,    88,   55000000,   11013492,        0,  -43986508,          0
 31895,    89,   55000000,   13706010,        0,  -41293990,          0
 31895,    90,   55000000,   12668766,        0,  -42331234,          0
 31895,    91,   55000000,   15630843,        0,  -39369157,          0
 31895,    92,   55000000,   10566590,        0,  -44433410,          0
 31895,    93,   55000000,   11677026,        0,  -43322974,          0
 31895,    94,   55000000,   14721482,        0,  -40278518,          0
 31895,    95,   55000000,   13584021,        0,  -41415979,          0
 31895,    96,   55000000,   13283770,        0,  -41716230,          0
 31895,    97,   55000000,   11622461,        0,  -43377539,          0
 31895,    98,   55000000,   12653484,        0,  -42346516,          0
 31895,    99,   55000000,   15613348,        0,  -39386652,          0
 31895,   100,   55000000,   13077317,        0,  -41922683,          0
 31895,   101,   55000000,   11043802,        0,  -43956198,          0
 31895,   102,   55000000,   12209974,        0,  -42790026,          0
 31895,   103,   55000000,   13157998,        0,  -41842002,          0
 31895,   104,   55000000,   12595998,        0,  -42404002,          0
 31895,   105,   55000000,   13635748,        0,  -41364252,          0
 31895,   106,   55000000,   12734372,        0,  -42265628,          0
 31895,   107,   55000000,   13654017,        0,  -41345983,          0
 31895,   108,   55000000,   12617469,        0,  -42382531,          0
 31895,   109,   55000000,   11858251,        0,  -43141749,          0
 31895,   110,   55000000,   12264942,        0,  -42735058,          0
 31895,   111,   55000000,   15606392,        0,  -39393608,          0
 31895,   112,   55000000,   12667295,        0,  -42332705,          0
 31895,   113,   55000000,   11138620,        0,  -43861380,          0
 31895,   114,   55000000,   15232932,        0,  -39767068,          0
 31895,   115,   55000000,   16115465,        0,  -38884535,          0
 31895,   116,   55000000,   12042154,        0,  -42957846,          0
 31895,   117,   55000000,   11044495,        0,  -43955505,          0
 31895,   118,   55000000,   12282353,        0,  -42717647,          0
 31895,   119,   55000000,   13183349,        0,  -41816651,          0
 31895,   120,   55000000,   10656012,        0,  -44343988,          0
 31895,   121,   55000000,   11583806,        0,  -43416194,          0
 31895,   122,   55000000,   11986978,        0,  -43013022,          0
 31895,   123,   55000000,   16109082,        0,  -38890918,          0
 31895,   124,   55000000,   13149659,        0,  -41850341,          0
 31895,   125,   55000000,   17838270,        0,  -37161730,          0
 31895,   126,   55000000,   14753268,        0,  -40246732,          0
 31895,   127,   55000000,   12656388,        0,  -42343612,          0
 31895,   128,   55000000,   10548492,        0,  -44451508,          0
 31895,   129,   55000000,   14116040,        0,  -40883960,          0
 31895,   130,   55000000,   12163380,        0,  -42836620,          0
 31895,   131,   55000000,   15907415,        0,  -39092585,          0
 31895,   132,   55000000,   10761339,        0,  -44238661,          0
 31895,   133,   55000000,   10660479,        0,  -44339521,          0
 31895,   134,   55000000,   12526493,        0,  -42473507,          0
 31895,   135,   55000000,   15672613,        0,  -39327387,          0
 31895,   136,   55000000,   12645343,        0,  -42354657,          0
 31895,   137,   55000000,   13601532,        0,  -41398468,          0
 31895,   138,   55000000,   12137274,        0,  -42862726,          0
 31895,   139,   55000000,   13270517,        0,  -41729483,          0
 31895,   140,   55000000,   13114579,        0,  -41885421,          0
 31895,   141,   55000000,   10582573,        0,  -44417427,          0
 31895,   142,   55000000,   14666560,        0,  -40333440,          0
 31895,   143,   55000000,   12710700,        0,  -42289300,          0
 31895,   144,   55000000,   10748490,        0,  -44251510,          0
 31895,   145,   55000000,   11111031,        0,  -43888969,          0
 31895,   146,   55000000,   12100757,        0,  -42899243,          0
 31895,   147,   55000000,   13952227,        0,  -41047773,          0
 31895,   148,   55000000,   12679109,        0,  -42320891,          0
 31895,   149,   55000000,   11592629,        0,  -43407371,          0
 31895,   150,   55000000,   14662446,        0,  -40337554,          0
 31895,   151,   55000000,   15674724,        0,  -39325276,          0
 31895,   152,   55000000,   13083172,        0,  -41916828,          0
 31895,   153,   55000000,   11113507,        0,  -43886493,          0
 31895,   154,   55000000,   12730255,        0,  -42269745,          0
 31895,   155,   55000000,   15676673,        0,  -39323327,          0
 31895,   156,   55000000,   12902510,        0,  -42097490,          0
 31895,   157,   55000000,   11201404,        0,  -43798596,          0
 31895,   158,   55000000,   12650983,        0,  -42349017,          0
 31895,   159,   55000000,   16160024,        0,  -38839976,          0
 31895,   160,   55000000,   10628249,        0,  -44371751,          0
 31895,   161,   55000000,   10655348,        0,  -44344652,          0
 31895,   162,   55000000,   12399700,        0,  -42600300,          0
 31895,   163,   55000000,   13259774,        0,  -41740226,          0
 31895,   164,   55000000,   10621347,        0,  -44378653,          0
 31895,   165,   55000000,   11602363,        0,  -43397637,          0
 31895,   166,   55000000,   12711049,        0,  -42288951,          0
 31895,   167,   55000000,   13166582,        0,  -41833418,          0
 31895,   168,   55000000,   13068334,        0,  -41931666,          0
 31895,   169,   55000000,   12052660,        0,  -42947340,          0
 31895,   170,   55000000,   12999215,        0,  -42000785,          0
 31895,   171,   55000000,   13693218,        0,  -41306782,          0
 31895,   172,   55000000,   12666876,        0,  -42333124,          0
 31895,   173,   55000000,   13686850,        0,  -41313150,          0
 31895,   174,   55000000,   14623363,        0,  -40376637,          0
 31895,   175,   55000000,   13161418,        0,  -41838582,          0
 31895,   176,   55000000,   10653858,        0,  -44346142,          0
 31895,   177,   55000000,   12038087,        0,  -42961913,          0
 31895,   178,   55000000,   14717722,        0,  -40282278,          0
 31895,   179,   55000000,   13257637,        0,  -41742363,          0
 31895,   180,   55000000,   10954267,        0,  -44045733,          0
 31895,   181,   55000000,   11626026,        0,  -43373974,          0
 31895,   182,   55000000,   12129748,        0,  -42870252,          0
 31895,   183,   55000000,   15711152,        0,  -39288848,          0
 31895,   184,   55000000,   10503469,        0,  -44496531,          0
 31895,   185,   55000000,   11651788,        0,  -43348212,          0
# task NAME=myapp PID=31898 COST=14787000 PERIOD=72000000 CPU=0
 31898,     2,   72000000,      10776,        0,  -71989224,          0
 31898,     3,   72000000,     119368,        0,  -71880632,          0
 31898,     4,   72000000,   23845520,        0,  -48154480,          0
 31898,     5,   72000000,   23759862,        0,  -48240138,          0
 31898,     6,   72000000,   24232549,        0,  -47767451,          0
 31898,     7,   72000000,   24206552,        0,  -47793448,          0
 31898,     8,   72000000,   24297988,        0,  -47702012,          0
 31898,     9,   72000000,   25253935,        0,  -46746065,          0
 31898,    10,   72000000,   24780015,        0,  -47219985,          0
 31898,    11,   72000000,   24749352,        0,  -47250648,          0
 31898,    12,   72000000,   24401185,        0,  -47598815,          0
 31898,    13,   72000000,   23900519,        0,  -48099481,          0
 31898,    14,   72000000,   23816411,        0,  -48183589,          0
 31898,    15,   72000000,   23919653,        0,  -48080347,          0
 31898,    16,   72000000,   24858547,        0,  -47141453,          0
 31898,    17,   72000000,   24829276,        0,  -47170724,          0
 31898,    18,   72000000,   24746591,        0,  -47253409,          0
 31898,    19,   72000000,   21738202,        0,  -50261798,          0
 31898,    20,   72000000,   24674257,        0,  -47325743,          0
 31898,    21,   72000000,   21780255,        0,  -50219745,          0
 31898,    22,   72000000,   24409312,        0,  -47590688,          0
 31898,    23,   72000000,   24181449,        0,  -47818551,          0
 31898,    24,   72000000,   23882537,        0,  -48117463,          0
 31898,    25,   72000000,   25264605,        0,  -46735395,          0
 31898,    26,   72000000,   23783205,        0,  -48216795,          0
 31898,    27,   72000000,   24817694,        0,  -47182306,          0
 31898,    28,   72000000,   25304544,        0,  -46695456,          0
 31898,    29,   72000000,   24738789,        0,  -47261211,          0
 31898,    30,   72000000,   23925358,        0,  -48074642,          0
 31898,    31,   72000000,   24967048,        0,  -47032952,          0
 31898,    32,   72000000,   24779358,        0,  -47220642,          0
 31898,    33,   72000000,   24700464,        0,  -47299536,          0
 31898,    34,   72000000,   25518003,        0,  -46481997,          0
 31898,    35,   72000000,   24195773,        0,  -47804227,          0
 31898,    36,   72000000,   24713816,        0,  -47286184,          0
 31898,    37,   72000000,   23766813,        0,  -48233187,          0
 31898,    38,   72000000,   24221049,        0,  -47778951,          0
 31898,    39,   72000000,   20692933,        0,  -51307067,          0
 31898,    40,   72000000,   21747903,        0,  -50252097,          0
 31898,    41,   72000000,   21625477,        0,  -50374523,          0
 31898,    42,   72000000,   24708876,        0,  -47291124,          0
 31898,    43,   72000000,   24179997,        0,  -47820003,          0
 31898,    44,   72000000,   22291651,        0,  -49708349,          0
 31898,    45,   72000000,   21779981,        0,  -50220019,          0
 31898,    46,   72000000,   23724501,        0,  -48275499,          0
 31898,    47,   72000000,   24810468,        0,  -47189532,          0
 31898,    48,   72000000,   24342034,        0,  -47657966,          0
 31898,    49,   72000000,   24173034,        0,  -47826966,          0
 31898,    50,   72000000,   24603778,        0,  -47396222,          0
 31898,    51,   72000000,   23714265,        0,  -48285735,          0
 31898,    52,   72000000,   24559983,        0,  -47440017,          0
 31898,    53,   72000000,   24303931,        0,  -47696069,          0
 31898,    54,   72000000,   24226906,        0,  -47773094,          0
 31898,    55,   72000000,   24727960,        0,  -47272040,          0
 31898,    56,   72000000,   23742317,        0,  -48257683,          0
 31898,    57,   72000000,   28696359,        0,  -43303641,          0
 31898,    58,   72000000,   23660237,        0,  -48339763,          0
 31898,    59,   72000000,   27610235,        0,  -44389765,          0
 31898,    60,   72000000,   23803412,        0,  -48196588,          0
 31898,    61,   72000000,   24724807,        0,  -47275193,          0
 31898,    62,   72000000,   23780918,        0,  -48219082,          0
 31898,    63,   72000000,   21681897,        0,  -50318103,          0
 31898,    64,   72000000,   24706920,        0,  -47293080,          0
 31898,    65,   72000000,   24680767,        0,  -47319233,          0
 31898,    66,   72000000,   25508822,        0,  -46491178,          0
 31898,    67,   72000000,   23907045,        0,  -48092955,          0
 31898,    68,   72000000,   25213817,        0,  -46786183,          0
 31898,    69,   72000000,   24318321,        0,  -47681679,          0
 31898,    70,   72000000,   24247783,        0,  -47752217,          0
 31898,    71,   72000000,   23761318,        0,  -48238682,          0
 31898,    72,   72000000,   23789548,        0,  -48210452,          0
 31898,    73,   72000000,   24502725,        0,  -47497275,          0
 31898,    74,   72000000,   21713576,        0,  -50286424,          0
 31898,    75,   72000000,   25315641,        0,  -46684359,          0
 31898,    76,   72000000,   24075622,        0,  -47924378,          0
 31898,    77,   72000000,   23851547,        0,  -48148453,          0
 31898,    78,   72000000,   23822103,        0,  -48177897,          0
 31898,    79,   72000000,   24635636,        0,  -47364364,          0
 31898,    80,   72000000,   25391868,        0,  -46608132,          0
 31898,    81,   72000000,   23813428,        0,  -48186572,          0
 31898,    82,   72000000,   23789682,        0,  -48210318,          0
 31898,    83,   72000000,   24329262,        0,  -47670738,          0
 31898,    84,   72000000,   24793471,        0,  -47206529,          0
 31898,    85,   72000000,   24118857,        0,  -47881143,          0
 31898,    86,   72000000,   24629614,        0,  -47370386,          0
 31898,    87,   72000000,   24564169,        0,  -47435831,          0
 31898,    88,   72000000,   24731616,        0,  -47268384,          0
 31898,    89,   72000000,   24700434,        0,  -47299566,          0
 31898,    90,   72000000,   24376298,        0,  -47623702,          0
 31898,    91,   72000000,   21547907,        0,  -50452093,          0
 31898,    92,   72000000,   23579459,        0,  -48420541,          0
 31898,    93,   72000000,   23770961,        0,  -48229039,          0
 31898,    94,   72000000,   27691443,        0,  -44308557,          0
 31898,    95,   72000000,   23699468,        0,  -48300532,          0
 31898,    96,   72000000,   23820929,        0,  -48179071,          0
 31898,    97,   72000000,   24651237,        0,  -47348763,          0
 31898,    98,   72000000,   23707156,        0,  -48292844,          0
 31898,    99,   72000000,   22436079,        0,  -49563921,          0
 31898,   100,   72000000,   24218632,        0,  -47781368,          0
 31898,   101,   72000000,   23841104,        0,  -48158896,          0
 31898,   102,   72000000,   24777070,        0,  -47222930,          0
 31898,   103,   72000000,   21238346,        0,  -50761654,          0
 31898,   104,   72000000,   21811739,        0,  -50188261,          0
 31898,   105,   72000000,   24376530,        0,  -47623470,          0
 31898,   106,   72000000,   23734878,        0,  -48265122,          0
 31898,   107,   72000000,   25964882,        0,  -46035118,          0
 31898,   108,   72000000,   21796870,        0,  -50203130,          0
 31898,   109,   72000000,   24296374,        0,  -47703626,          0
 31898,   110,   72000000,   24318950,        0,  -47681050,          0
 31898,   111,   72000000,   24326228,        0,  -47673772,          0
 31898,   112,   72000000,   24304241,        0,  -47695759,          0
 31898,   113,   72000000,   24078975,        0,  -47921025,          0
 31898,   114,   72000000,   21291563,        0,  -50708437,          0
 31898,   115,   72000000,   24745678,        0,  -47254322,          0
 31898,   116,   72000000,   25241666,        0,  -46758334,          0
 31898,   117,   72000000,   24246737,        0,  -47753263,          0
 31898,   118,   72000000,   24138932,        0,  -47861068,          0
 31898,   119,   72000000,   24222251,        0,  -47777749,          0
 31898,   120,   72000000,   23985855,        0,  -48014145,          0
 31898,   121,   72000000,   24239965,        0,  -47760035,          0
 31898,   122,   72000000,   24200259,        0,  -47799741,          0
 31898,   123,   72000000,   20755343,        0,  -51244657,          0
 31898,   124,   72000000,   24182399,        0,  -47817601,          0
 31898,   125,   72000000,   24244464,        0,  -47755536,          0
 31898,   126,   72000000,   24796097,        0,  -47203903,          0
 31898,   127,   72000000,   24477198,        0,  -47522802,          0
 31898,   128,   72000000,   24275551,        0,  -47724449,          0
 31898,   129,   72000000,   24235869,        0,  -47764131,          0
 31898,   130,   72000000,   24239763,        0,  -47760237,          0
 31898,   131,   72000000,   24355715,        0,  -47644285,          0
 31898,   132,   72000000,   24403597,        0,  -47596403,          0
 31898,   133,   72000000,   24295247,        0,  -47704753,          0
 31898,   134,   72000000,   25106104,        0,  -46893896,          0
 31898,   135,   72000000,   24752680,        0,  -47247320,          0
 31898,   136,   72000000,   24776036,        0,  -47223964,          0
 31898,   137,   72000000,   23778403,        0,  -48221597,          0
 31898,   138,   72000000,   24208032,        0,  -47791968,          0
 31898,   139,   72000000,   23754343,        0,  -48245657,          0
 31898,   140,   72000000,   23862556,        0,  -48137444,          0
 31898,   141,   72000000,   23866464,        0,  -48133536,          0
 31898,   142,   72000000,   24287804,        0,  -47712196,          0
# task NAME=myapp PID=31903 COST=2436000 PERIOD=77000000 CPU=0
 31903,     2,   77000000,      16483,        0,  -76983517,          0
 31903,     3,   77000000,     150035,        0,  -76849965,          0
 31903,     4,   77000000,    2886817,        0,  -74113183,          0
 31903,     5,   77000000,    2356445,        0,  -74643555,          0
 31903,     6,   77000000,    2346641,        0,  -74653359,          0
 31903,     7,   77000000,    2564331,        0,  -74435669,          0
 31903,     8,   77000000,    2956601,        0,  -74043399,          0
 31903,     9,   77000000,    2373968,        0,  -74626032,          0
 31903,    10,   77000000,    2372223,        0,  -74627777,          0
 31903,    11,   77000000,    3870022,        0,  -73129978,          0
 31903,    12,   77000000,    2893925,        0,  -74106075,          0
 31903,    13,   77000000,    2412003,        0,  -74587997,          0
 31903,    14,   77000000,    2386241,        0,  -74613759,          0
 31903,    15,   77000000,    4178479,        0,  -72821521,          0
 31903,    16,   77000000,    2849313,        0,  -74150687,          0
 31903,    17,   77000000,    2372687,        0,  -74627313,          0
 31903,    18,   77000000,    2514808,        0,  -74485192,          0
 31903,    19,   77000000,    3891867,        0,  -73108133,          0
 31903,    20,   77000000,    2862411,        0,  -74137589,          0
 31903,    21,   77000000,    3425494,        0,  -73574506,          0
 31903,    22,   77000000,    2368349,        0,  -74631651,          0
 31903,    23,   77000000,    3921179,        0,  -73078821,          0
 31903,    24,   77000000,    2919834,        0,  -74080166,          0
 31903,    25,   77000000,    2426587,        0,  -74573413,          0
 31903,    26,   77000000,    2383120,        0,  -74616880,          0
 31903,    27,   77000000,    3921713,        0,  -73078287,          0
 31903,    28,   77000000,    2895131,        0,  -74104869,          0
 31903,    29,   77000000,    2375721,        0,  -74624279,          0
 31903,    30,   77000000,    2381589,        0,  -74618411,          0
 31903,    31,   77000000,    3904460,        0,  -73095540,          0
 31903,    32,   77000000,    3363140,        0,  -73636860,          0
 31903,    33,   77000000,    2537329,        0,  -74462671,          0
 31903,    34,   77000000,    2337695,        0,  -74662305,          0
 31903,    35,   77000000,    5383915,        0,  -71616085,          0
 31903,    36,   77000000,    2879239,        0,  -74120761,          0
 31903,    37,   77000000,    2378034,        0,  -74621966,          0
 31903,    38,   77000000,    2459988,        0,  -74540012,          0
 31903,    39,   77000000,    3901679,        0,  -73098321,          0
 31903,    40,   77000000,    2903188,        0,  -74096812,          0
 31903,    41,   77000000,    2339568,        0,  -74660432,          0
 31903,    42,   77000000,    2368533,        0,  -74631467,          0
 31903,    43,   77000000,    4353242,        0,  -72646758,          0
 31903,    44,   77000000,    2948117,        0,  -74051883,          0
 31903,    45,   77000000,    2369163,        0,  -74630837,          0
 31903,    46,   77000000,    2416457,        0,  -74583543,          0
 31903,    47,   77000000,    3898606,        0,  -73101394,          0
 31903,    48,   77000000,    4882858,        0,  -72117142,          0
 31903,    49,   77000000,    2348643,        0,  -74651357,          0
 31903,    50,   77000000,    2387207,        0,  -74612793,          0
 31903,    51,   77000000,    3870265,        0,  -73129735,          0
 31903,    52,   77000000,    2860624,        0,  -74139376,          0
 31903,    53,   77000000,    2409302,        0,  -74590698,          0
 31903,    54,   77000000,    2375838,        0,  -74624162,          0
 31903,    55,   77000000,    3917381,        0,  -73082619,          0
 31903,    56,   77000000,    2840375,        0,  -74159625,          0
 31903,    57,   77000000,    4385778,        0,  -72614222,          0
 31903,    58,   77000000,    2384154,        0,  -74615846,          0
 31903,    59,   77000000,    3891317,        0,  -73108683,          0
 31903,    60,   77000000,    2887614,        0,  -74112386,          0
 31903,    61,   77000000,    2348517,        0,  -74651483,          0
 31903,    62,   77000000,    2350792,        0,  -74649208,          0
 31903,    63,   77000000,    2393059,        0,  -74606941,          0
 31903,    64,   77000000,    4873221,        0,  -72126779,          0
 31903,    65,   77000000,    2353836,        0,  -74646164,          0
 31903,    66,   77000000,    2331027,        0,  -74668973,          0
 31903,    67,   77000000,    2898334,        0,  -74101666,          0
 31903,    68,   77000000,    2886023,        0,  -74113977,          0
 31903,    69,   77000000,    2373265,        0,  -74626735,          0
 31903,    70,   77000000,    2447812,        0,  -74552188,          0
 31903,    71,   77000000,    3904427,        0,  -73095573,          0
 31903,    72,   77000000,    3373817,        0,  -73626183,          0
 31903,    73,   77000000,    2392325,        0,  -74607675,          0
 31903,    74,   77000000,    2468701,        0,  -74531299,          0
 31903,    75,   77000000,    3916390,        0,  -73083610,          0
 31903,    76,   77000000,    4943310,        0,  -72056690,          0
 31903,    77,   77000000,    2326995,        0,  -74673005,          0
 31903,    78,   77000000,    2464485,        0,  -74535515,          0
 31903,    79,   77000000,    3905511,        0,  -73094489,          0
 31903,    80,   77000000,    3218434,        0,  -73781566,          0
 31903,    81,   77000000,    2378288,        0,  -74621712,          0
 31903,    82,   77000000,    2418311,        0,  -74581689,          0
 31903,    83,   77000000,    3913626,        0,  -73086374,          0
 31903,    84,   77000000,    2872967,        0,  -74127033,          0
 31903,    85,   77000000,    2359302,        0,  -74640698,          0
 31903,    86,   77000000,    2443164,        0,  -74556836,          0
 31903,    87,   77000000,    2397286,        0,  -74602714,          0
 31903,    88,   77000000,    3892954,        0,  -73107046,          0
 31903,    89,   77000000,    2404364,        0,  -74595636,          0
 31903,    90,   77000000,    2350635,        0,  -74649365,          0
 31903,    91,   77000000,    3896737,        0,  -73103263,          0
 31903,    92,   77000000,    2861850,        0,  -74138150,          0
 31903,    93,   77000000,    2432621,        0,  -74567379,          0
 31903,    94,   77000000,    2392140,        0,  -74607860,          0
 31903,    95,   77000000,    3914520,        0,  -73085480,          0
 31903,    96,   77000000,    2852471,        0,  -74147529,          0
 31903,    97,   77000000,    2362761,        0,  -74637239,          0
 31903,    98,   77000000,    2396899,        0,  -74603101,          0
 31903,    99,   77000000,    2472766,        0,  -74527234,          0
 31903,   100,   77000000,    2882737,        0,  -74117263,          0
 31903,   101,   77000000,    2431003,        0,  -74568997,          0
 31903,   102,   77000000,    2360795,        0,  -74639205,          0
 31903,   103,   77000000,    3909233,        0,  -73090767,          0
 31903,   104,   77000000,    4328466,        0,  -72671534,          0
 31903,   105,   77000000,    2699383,        0,  -74300617,          0
 31903,   106,   77000000,    4744772,        0,  -72255228,          0
 31903,   107,   77000000,    3893505,        0,  -73106495,          0
 31903,   108,   77000000,    2901735,        0,  -74098265,          0
 31903,   109,   77000000,    2380128,        0,  -74619872,          0
 31903,   110,   77000000,    2417575,        0,  -74582425,          0
 31903,   111,   77000000,    3886085,        0,  -73113915,          0
 31903,   112,   77000000,    2876199,        0,  -74123801,          0
 31903,   113,   77000000,    2358369,        0,  -74641631,          0
 31903,   114,   77000000,    2610738,        0,  -74389262,          0
 31903,   115,   77000000,    2368252,        0,  -74631748,          0
 31903,   116,   77000000,    2851490,        0,  -74148510,          0
 31903,   117,   77000000,    2523763,        0,  -74476237,          0
 31903,   118,   77000000,    2378090,        0,  -74621910,          0
 31903,   119,   77000000,    4168839,        0,  -72831161,          0
 31903,   120,   77000000,    2862320,        0,  -74137680,          0
 31903,   121,   77000000,    2358590,        0,  -74641410,          0
 31903,   122,   77000000,    2356665,        0,  -74643335,          0
 31903,   123,   77000000,    2395507,        0,  -74604493,          0
 31903,   124,   77000000,    2874880,        0,  -74125120,          0
 31903,   125,   77000000,    2435203,        0,  -74564797,          0
 31903,   126,   77000000,    2361849,        0,  -74638151,          0
 31903,   127,   77000000,    4135136,        0,  -72864864,          0
 31903,   128,   77000000,    2954883,        0,  -74045117,          0
 31903,   129,   77000000,    2356852,        0,  -74643148,          0
 31903,   130,   77000000,    2414190,        0,  -74585810,          0
 31903,   131,   77000000,    3902402,        0,  -73097598,          0
 31903,   132,   77000000,    2885770,        0,  -74114230,          0
 31903,   133,   77000000,    2374113,        0,  -74625887,          0
