# Task,   Job,     Period,   Response, DL Miss?,   Lateness,  Tardiness
# task NAME=myapp PID=1847 COST=34555000 PERIOD=94000000 CPU=0
  1847,     2,   94000000,       6017,        0,  -93993983,          0
  1847,     3,   94000000,     140401,        0,  -93859599,          0
  1847,     4,   94000000,   56028498,        0,  -37971502,          0
  1847,     5,   94000000,   54724403,        0,  -39275597,          0
  1847,     6,   94000000,   59023143,        0,  -34976857,          0
  1847,     7,   94000000,   54001695,        0,  -39998305,          0
  1847,     8,   94000000,   55794162,        0,  -38205838,          0
  1847,     9,   94000000,   54463034,        0,  -39536966,          0
  1847,    10,   94000000,   52415809,        0,  -41584191,          0
  1847,    11,   94000000,   56632971,        0,  -37367029,          0
  1847,    12,   94000000,   58592130,        0,  -35407870,          0
  1847,    13,   94000000,   50485499,        0,  -43514501,          0
  1847,    14,   94000000,   54930071,        0,  -39069929,          0
  1847,    15,   94000000,   53049056,        0,  -40950944,          0
  1847,    16,   94000000,   56349986,        0,  -37650014,          0
  1847,    17,   94000000,   54182349,        0,  -39817651,          0
  1847,    18,   94000000,   55725469,        0,  -38274531,          0
  1847,    19,   94000000,   54013471,        0,  -39986529,          0
  1847,    20,   94000000,   54846335,        0,  -39153665,          0
  1847,    21,   94000000,   58919494,        0,  -35080506,          0
  1847,    22,   94000000,   59298599,        0,  -34701401,          0
  1847,    23,   94000000,   57115534,        0,  -36884466,          0
  1847,    24,   94000000,   59097975,        0,  -34902025,          0
  1847,    25,   94000000,   54933861,        0,  -39066139,          0
  1847,    26,   94000000,   54788736,        0,  -39211264,          0
  1847,    27,   94000000,   56625140,        0,  -37374860,          0
  1847,    28,   94000000,   58809057,        0,  -35190943,          0
  1847,    29,   94000000,   58017531,        0,  -35982469,          0
  1847,    30,   94000000,   58668137,        0,  -35331863,          0
  1847,    31,   94000000,   52628896,        0,  -41371104,          0
  1847,    32,   94000000,   59058924,        0,  -34941076,          0
  1847,    33,   94000000,   54076903,        0,  -39923097,          0
  1847,    34,   94000000,   56612470,        0,  -37387530,          0
  1847,    35,   94000000,   54137283,        0,  -39862717,          0
  1847,    36,   94000000,   55639580,        0,  -38360420,          0
  1847,    37,   94000000,   57480044,        0,  -36519956,          0
  1847,    38,   94000000,   55744061,        0,  -38255939,          0
  1847,    39,   94000000,   57231092,        0,  -36768908,          0
  1847,    40,   94000000,   56301376,        0,  -37698624,          0
  1847,    41,   94000000,   54368119,        0,  -39631881,          0
  1847,    42,   94000000,   55278935,        0,  -38721065,          0
  1847,    43,   94000000,   56625282,        0,  -37374718,          0
  1847,    44,   94000000,   59135475,        0,  -34864525,          0
  1847,    45,   94000000,   56742634,        0,  -37257366,          0
  1847,    46,   94000000,   58590038,        0,  -35409962,          0
  1847,    47,   94000000,   56914391,        0,  -37085609,          0
  1847,    48,   94000000,   56553867,        0,  -37446133,          0
  1847,    49,   94000000,   60597870,        0,  -33402130,          0
  1847,    50,   94000000,   56172533,        0,  -37827467,          0
  1847,    51,   94000000,   57207315,        0,  -36792685,          0
  1847,    52,   94000000,   56214594,        0,  -37785406,          0
  1847,    53,   94000000,   54459822,        0,  -39540178,          0
  1847,    54,   94000000,   56296884,        0,  -37703116,          0
  1847,    55,   94000000,   54736665,        0,  -39263335,          0
  1847,    56,   94000000,   55284533,        0,  -38715467,          0
  1847,    57,   94000000,   53108242,        0,  -40891758,          0
  1847,    58,   94000000,   55845076,        0,  -38154924,          0
  1847,    59,   94000000,   54226822,        0,  -39773178,          0
  1847,    60,   94000000,   55207406,        0,  -38792594,          0
  1847,    61,   94000000,   56636005,        0,  -37363995,          0
  1847,    62,   94000000,   58594972,        0,  -35405028,          0
  1847,    63,   94000000,   56764495,        0,  -37235505,          0
  1847,    64,   94000000,   55642036,        0,  -38357964,          0
  1847,    65,   94000000,   54258475,        0,  -39741525,          0
  1847,    66,   94000000,   56499069,        0,  -37500931,          0
  1847,    67,   94000000,   53711429,        0,  -40288571,          0
  1847,    68,   94000000,   58950881,        0,  -35049119,          0
  1847,    69,   94000000,   58001263,        0,  -35998737,          0
  1847,    70,   94000000,   52950643,        0,  -41049357,          0
  1847,    71,   94000000,   54712738,        0,  -39287262,          0
  1847,    72,   94000000,   56212806,        0,  -37787194,          0
  1847,    73,   94000000,   54395027,        0,  -39604973,          0
  1847,    74,   94000000,   56450196,        0,  -37549804,          0
  1847,    75,   94000000,   54121021,        0,  -39878979,          0
  1847,    76,   94000000,   56073876,        0,  -37926124,          0
  1847,    77,   94000000,   55073759,        0,  -38926241,          0
  1847,    78,   94000000,   56010856,        0,  -37989144,          0
  1847,    79,   94000000,   56893368,        0,  -37106632,          0
  1847,    80,   94000000,   55538903,        0,  -38461097,          0
  1847,    81,   94000000,   54165494,        0,  -39834506,          0
  1847,    82,   94000000,   55202862,        0,  -38797138,          0
  1847,    83,   94000000,   54514972,        0,  -39485028,          0
  1847,    84,   94000000,   55415608,        0,  -38584392,          0
  1847,    85,   94000000,   54934947,        0,  -39065053,          0
  1847,    86,   94000000,   55718915,        0,  -38281085,          0
  1847,    87,   94000000,   57116441,        0,  -36883559,          0
  1847,    88,   94000000,   54802184,        0,  -39197816,          0
  1847,    89,   94000000,   55039929,        0,  -38960071,          0
  1847,    90,   94000000,   56349230,        0,  -37650770,          0
  1847,    91,   94000000,   53809664,        0,  -40190336,          0
  1847,    92,   94000000,   52305964,        0,  -41694036,          0
  1847,    93,   94000000,   54529105,        0,  -39470895,          0
  1847,    94,   94000000,   59205405,        0,  -34794595,          0
  1847,    95,   94000000,   54214087,        0,  -39785913,          0
  1847,    96,   94000000,   56261046,        0,  -37738954,          0
  1847,    97,   94000000,   53119261,        0,  -40880739,          0
  1847,    98,   94000000,   58737232,        0,  -35262768,          0
  1847,    99,   94000000,   53653737,        0,  -40346263,          0
  1847,   100,   94000000,   58086480,        0,  -35913520,          0
  1847,   101,   94000000,   56889904,        0,  -37110096,          0
  1847,   102,   94000000,   55416777,        0,  -38583223,          0
  1847,   103,   94000000,   54540597,        0,  -39459403,          0
  1847,   104,   94000000,   56361005,        0,  -37638995,          0
  1847,   105,   94000000,   53703684,        0,  -40296316,          0
  1847,   106,   94000000,   56437355,        0,  -37562645,          0
  1847,   107,   94000000,   57301766,        0,  -36698234,          0
  1847,   108,   94000000,   55165472,        0,  -38834528,          0
  1847,   109,   94000000,   54650551,        0,  -39349449,          0
  1847,   110,   94000000,   56063569,        0,  -37936431,          0
# task NAME=myapp PID=1851 COST=8512000 PERIOD=73000000 CPU=0
  1851,     2,   73000000,       6608,        0,  -72993392,          0
  1851,     3,   73000000,     162781,        0,  -72837219,          0
  1851,     4,   73000000,   11609558,        0,  -61390442,          0
  1851,     5,   73000000,   11039990,        0,  -61960010,          0
  1851,     6,   73000000,   13459676,        0,  -59540324,          0
  1851,     7,   73000000,   12188623,        0,  -60811377,          0
  1851,     8,   73000000,   11304880,        0,  -61695120,          0
  1851,     9,   73000000,   12667650,        0,  -60332350,          0
  1851,    10,   73000000,   13167242,        0,  -59832758,          0
  1851,    11,   73000000,   11399694,        0,  -61600306,          0
  1851,    12,   73000000,   11618363,        0,  -61381637,          0
  1851,    13,   73000000,   10114564,        0,  -62885436,          0
  1851,    14,   73000000,   13805349,        0,  -59194651,          0
  1851,    15,   73000000,   12150084,        0,  -60849916,          0
  1851,    16,   73000000,   11164894,        0,  -61835106,          0
  1851,    17,   73000000,   10721815,        0,  -62278185,          0
  1851,    18,   73000000,   13876086,        0,  -59123914,          0
  1851,    19,   73000000,   11669499,        0,  -61330501,          0
  1851,    20,   73000000,   11210621,        0,  -61789379,          0
  1851,    21,   73000000,   10124756,        0,  -62875244,          0
  1851,    22,   73000000,   13589916,        0,  -59410084,          0
  1851,    23,   73000000,   12446573,        0,  -60553427,          0
  1851,    24,   73000000,   11147976,        0,  -61852024,          0
  1851,    25,   73000000,   10743055,        0,  -62256945,          0
  1851,    26,   73000000,   12149604,        0,  -60850396,          0
  1851,    27,   73000000,   12289156,        0,  -60710844,          0
  1851,    28,   73000000,   12623506,        0,  -60376494,          0
  1851,    29,   73000000,    9702784,        0,  -63297216,          0
  1851,    30,   73000000,   13356911,        0,  -59643089,          0
  1851,    31,   73000000,   11645907,        0,  -61354093,          0
  1851,    32,   73000000,   11234530,        0,  -61765470,          0
  1851,    33,   73000000,   10110960,        0,  -62889040,          0
  1851,    34,   73000000,   13023543,        0,  -59976457,          0
  1851,    35,   73000000,   12443695,        0,  -60556305,          0
  1851,    36,   73000000,   11217617,        0,  -61782383,          0
  1851,    37,   73000000,   10704254,        0,  -62295746,          0
  1851,    38,   73000000,   12265217,        0,  -60734783,          0
  1851,    39,   73000000,   12218277,        0,  -60781723,          0
  1851,    40,   73000000,   11395596,        0,  -61604404,          0
  1851,    41,   73000000,   13210466,        0,  -59789534,          0
  1851,    42,   73000000,   13090874,        0,  -59909126,          0
  1851,    43,   73000000,   12200064,        0,  -60799936,          0
  1851,    44,   73000000,   11176657,        0,  -61823343,          0
  1851,    45,   73000000,   10779318,        0,  -62220682,          0
  1851,    46,   73000000,   13223431,        0,  -59776569,          0
  1851,    47,   73000000,   11247293,        0,  -61752707,          0
  1851,    48,   73000000,   11038049,        0,  -61961951,          0
  1851,    49,   73000000,   10293539,        0,  -62706461,          0
  1851,    50,   73000000,   12726097,        0,  -60273903,          0
  1851,    51,   73000000,   12156422,        0,  -60843578,          0
  1851,    52,   73000000,   11157186,        0,  -61842814,          0
  1851,    53,   73000000,   10176525,        0,  -62823475,          0
  1851,    54,   73000000,   12401305,        0,  -60598695,          0
  1851,    55,   73000000,   12741793,        0,  -60258207,          0
  1851,    56,   73000000,   11690838,        0,  -61309162,          0
  1851,    57,   73000000,    9723455,        0,  -63276545,          0
  1851,    58,   73000000,   13207613,        0,  -59792387,          0
  1851,    59,   73000000,   12479482,        0,  -60520518,          0
  1851,    60,   73000000,   14192716,        0,  -58807284,          0
  1851,    61,   73000000,   10617673,        0,  -62382327,          0
  1851,    62,   73000000,   12796505,        0,  -60203495,          0
  1851,    63,   73000000,   11640060,        0,  -61359940,          0
  1851,    64,   73000000,   11699236,        0,  -61300764,          0
  1851,    65,   73000000,   12826965,        0,  -60173035,          0
  1851,    66,   73000000,   12236477,        0,  -60763523,          0
  1851,    67,   73000000,   11757216,        0,  -61242784,          0
  1851,    68,   73000000,   11657041,        0,  -61342959,          0
  1851,    69,   73000000,   10249658,        0,  -62750342,          0
  1851,    70,   73000000,   13208203,        0,  -59791797,          0
  1851,    71,   73000000,   12455198,        0,  -60544802,          0
  1851,    72,   73000000,   10820694,        0,  -62179306,          0
  1851,    73,   73000000,   10625496,        0,  -62374504,          0
  1851,    74,   73000000,   13710984,        0,  -59289016,          0
  1851,    75,   73000000,   12198097,        0,  -60801903,          0
  1851,    76,   73000000,   11133221,        0,  -61866779,          0
  1851,    77,   73000000,   12649071,        0,  -60350929,          0
  1851,    78,   73000000,   10736972,        0,  -62263028,          0
  1851,    79,   73000000,   12661744,        0,  -60338256,          0
  1851,    80,   73000000,   12673942,        0,  -60326058,          0
  1851,    81,   73000000,   11688377,        0,  -61311623,          0
  1851,    82,   73000000,   11695767,        0,  -61304233,          0
  1851,    83,   73000000,   12641722,        0,  -60358278,          0
  1851,    84,   73000000,   12998491,        0,  -60001509,          0
  1851,    85,   73000000,   12201439,        0,  -60798561,          0
  1851,    86,   73000000,   13748659,        0,  -59251341,          0
  1851,    87,   73000000,   10645634,        0,  -62354366,          0
  1851,    88,   73000000,   12760811,        0,  -60239189,          0
  1851,    89,   73000000,   12234851,        0,  -60765149,          0
  1851,    90,   73000000,   10670447,        0,  -62329553,          0
  1851,    91,   73000000,   12676921,        0,  -60323079,          0
  1851,    92,   73000000,   13228235,        0,  -59771765,          0
  1851,    93,   73000000,   11732025,        0,  -61267975,          0
  1851,    94,   73000000,   13673163,        0,  -59326837,          0
  1851,    95,   73000000,   11011094,        0,  -61988906,          0
  1851,    96,   73000000,   13179831,        0,  -59820169,          0
  1851,    97,   73000000,   12709197,        0,  -60290803,          0
  1851,    98,   73000000,   10204912,        0,  -62795088,          0
  1851,    99,   73000000,   10209646,        0,  -62790354,          0
  1851,   100,   73000000,   15677099,        0,  -57322901,          0
  1851,   101,   73000000,   12245965,        0,  -60754035,          0
  1851,   102,   73000000,   13875737,        0,  -59124263,          0
  1851,   103,   73000000,   10169233,        0,  -62830767,          0
  1851,   104,   73000000,   13230670,        0,  -59769330,          0
  1851,   105,   73000000,   11528406,        0,  -61471594,          0
  1851,   106,   73000000,   11128972,        0,  -61871028,          0
  1851,   107,   73000000,   12958547,        0,  -60041453,          0
  1851,   108,   73000000,   12749027,        0,  -60250973,          0
  1851,   109,   73000000,   12668639,        0,  -60331361,          0
  1851,   110,   73000000,   11223833,        0,  -61776167,          0
  1851,   111,   73000000,   12683485,        0,  -60316515,          0
  1851,   112,   73000000,   13314761,        0,  -59685239,          0
  1851,   113,   73000000,   11812629,        0,  -61187371,          0
  1851,   114,   73000000,   10695907,        0,  -62304093,          0
  1851,   115,   73000000,   10387871,        0,  -62612129,          0
  1851,   116,   73000000,   13154930,        0,  -59845070,          0
  1851,   117,   73000000,   12648601,        0,  -60351399,          0
  1851,   118,   73000000,   11296090,        0,  -61703910,          0
  1851,   119,   73000000,   10692889,        0,  -62307111,          0
  1851,   120,   73000000,   13201069,        0,  -59798931,          0
  1851,   121,   73000000,   11737967,        0,  -61262033,          0
  1851,   122,   73000000,   10110075,        0,  -62889925,          0
  1851,   123,   73000000,   10244942,        0,  -62755058,          0
  1851,   124,   73000000,   13750468,        0,  -59249532,          0
  1851,   125,   73000000,   11748683,        0,  -61251317,          0
  1851,   126,   73000000,   11623606,        0,  -61376394,          0
  1851,   127,   73000000,   12687898,        0,  -60312102,          0
  1851,   128,   73000000,   15765423,        0,  -57234577,          0
  1851,   129,   73000000,   11713527,        0,  -61286473,          0
  1851,   130,   73000000,   13732596,        0,  -59267404,          0
  1851,   131,   73000000,   10970754,        0,  -62029246,          0
  1851,   132,   73000000,   13315686,        0,  -59684314,          0
  1851,   133,   73000000,   11871303,        0,  -61128697,          0
  1851,   134,   73000000,   13673355,        0,  -59326645,          0
  1851,   135,   73000000,   10236469,        0,  -62763531,          0
  1851,   136,   73000000,   13203887,        0,  -59796113,          0
  1851,   137,   73000000,   12270589,        0,  -60729411,          0
  1851,   138,   73000000,   11202769,        0,  -61797231,          0
  1851,   139,   73000000,   10161954,        0,  -62838046,          0
  1851,   140,   73000000,   17774637,        0,  -55225363,          0
# task NAME=myapp PID=1854 COST=8684000 PERIOD=75000000 CPU=0
  1854,     2,   75000000,      18821,        0,  -74981179,          0
  1854,     3,   75000000,     110782,        0,  -74889218,          0
  1854,     4,   75000000,   11375855,        0,  -63624145,          0
  1854,     5,   75000000,   12296766,        0,  -62703234,          0
  1854,     6,   75000000,   15578001,        0,  -59421999,          0
  1854,     7,   75000000,   10385444,        0,  -64614556,          0
  1854,     8,   75000000,   11387830,        0,  -63612170,          0
  1854,     9,   75000000,   12433082,        0,  -62566918,          0
  1854,    10,   75000000,   13819800,        0,  -61180200,          0
  1854,    11,   75000000,   13750196,        0,  -61249804,          0
  1854,    12,   75000000,   12163470,        0,  -62836530,          0
  1854,    13,   75000000,   11750533,        0,  -63249467,          0
  1854,    14,   75000000,   13874569,        0,  -61125431,          0
  1854,    15,   75000000,   10399797,        0,  -64600203,          0
  1854,    16,   75000000,   11309515,        0,  -63690485,          0
  1854,    17,   75000000,   11931642,        0,  -63068358,          0
  1854,    18,   75000000,   15820583,        0,  -59179417,          0
  1854,    19,   75000000,   10409935,        0,  -64590065,          0
  1854,    20,   75000000,   10898268,        0,  -64101732,          0
  1854,    21,   75000000,   12870896,        0,  -62129104,          0
  1854,    22,   75000000,   17829090,        0,  -57170910,          0
  1854,    23,   75000000,   10904273,        0,  -64095727,          0
  1854,    24,   75000000,   11454967,        0,  -63545033,          0
  1854,    25,   75000000,   12340151,        0,  -62659849,          0
  1854,    26,   75000000,   13331853,        0,  -61668147,          0
  1854,    27,   75000000,   10383862,        0,  -64616138,          0
  1854,    28,   75000000,   13847723,        0,  -61152277,          0
  1854,    29,   75000000,   12920650,        0,  -62079350,          0
  1854,    30,   75000000,   13909549,        0,  -61090451,          0
  1854,    31,   75000000,   10848127,        0,  -64151873,          0
  1854,    32,   75000000,   10333124,        0,  -64666876,          0
  1854,    33,   75000000,   13323839,        0,  -61676161,          0
  1854,    34,   75000000,   13795057,        0,  -61204943,          0
  1854,    35,   75000000,   10392758,        0,  -64607242,          0
  1854,    36,   75000000,   11291439,        0,  -63708561,          0
  1854,    37,   75000000,   11914097,        0,  -63085903,          0
  1854,    38,   75000000,   13396111,        0,  -61603889,          0
  1854,    39,   75000000,   12835750,        0,  -62164250,          0
  1854,    40,   75000000,   10574338,        0,  -64425662,          0
  1854,    41,   75000000,   14842814,        0,  -60157186,          0
  1854,    42,   75000000,   15784438,        0,  -59215562,          0
  1854,    43,   75000000,   10376984,        0,  -64623016,          0
  1854,    44,   75000000,   13893028,        0,  -61106972,          0
  1854,    45,   75000000,   12893380,        0,  -62106620,          0
  1854,    46,   75000000,   12953018,        0,  -62046982,          0
  1854,    47,   75000000,   10915930,        0,  -64084070,          0
  1854,    48,   75000000,   11229118,        0,  -63770882,          0
  1854,    49,   75000000,   12443635,        0,  -62556365,          0
  1854,    50,   75000000,   14924704,        0,  -60075296,          0
  1854,    51,   75000000,   10761654,        0,  -64238346,          0
  1854,    52,   75000000,   11292091,        0,  -63707909,          0
  1854,    53,   75000000,   14906830,        0,  -60093170,          0
  1854,    54,   75000000,   15872153,        0,  -59127847,          0
  1854,    55,   75000000,   10342891,        0,  -64657109,          0
  1854,    56,   75000000,   14046333,        0,  -60953667,          0
  1854,    57,   75000000,   14887173,        0,  -60112827,          0
  1854,    58,   75000000,   13313897,        0,  -61686103,          0
  1854,    59,   75000000,   12843268,        0,  -62156732,          0
  1854,    60,   75000000,   11354510,        0,  -63645490,          0
  1854,    61,   75000000,   12305214,        0,  -62694786,          0
  1854,    62,   75000000,   13363484,        0,  -61636516,          0
  1854,    63,   75000000,   12881720,        0,  -62118280,          0
  1854,    64,   75000000,   11842635,        0,  -63157365,          0
  1854,    65,   75000000,   12325976,        0,  -62674024,          0
  1854,    66,   75000000,   11850368,        0,  -63149632,          0
  1854,    67,   75000000,   12807375,        0,  -62192625,          0
  1854,    68,   75000000,   13848423,        0,  -61151577,          0
  1854,    69,   75000000,   14882718,        0,  -60117282,          0
  1854,    70,   75000000,   12845807,        0,  -62154193,          0
  1854,    71,   75000000,   10969457,        0,  -64030543,          0
  1854,    72,   75000000,   10965974,        0,  -64034026,          0
  1854,    73,   75000000,   14855656,        0,  -60144344,          0
  1854,    74,   75000000,   13327029,        0,  -61672971,          0
  1854,    75,   75000000,   10731170,        0,  -64268830,          0
  1854,    76,   75000000,   11171895,        0,  -63828105,          0
  1854,    77,   75000000,   11865076,        0,  -63134924,          0
  1854,    78,   75000000,   12916567,        0,  -62083433,          0
  1854,    79,   75000000,   10353511,        0,  -64646489,          0
  1854,    80,   75000000,   10284001,        0,  -64715999,          0
  1854,    81,   75000000,   12383950,        0,  -62616050,          0
  1854,    82,   75000000,   12906358,        0,  -62093642,          0
  1854,    83,   75000000,   10426311,        0,  -64573689,          0
  1854,    84,   75000000,   11826261,        0,  -63173739,          0
  1854,    85,   75000000,   11774762,        0,  -63225238,          0
  1854,    86,   75000000,   13798003,        0,  -61201997,          0
  1854,    87,   75000000,   12820020,        0,  -62179980,          0
  1854,    88,   75000000,   11419232,        0,  -63580768,          0
  1854,    89,   75000000,   12390103,        0,  -62609897,          0
  1854,    90,   75000000,   13343447,        0,  -61656553,          0
  1854,    91,   75000000,   10877705,        0,  -64122295,          0
  1854,    92,   75000000,   11791817,        0,  -63208183,          0
  1854,    93,   75000000,   12498245,        0,  -62501755,          0
  1854,    94,   75000000,   12933092,        0,  -62066908,          0
  1854,    95,   75000000,   10917832,        0,  -64082168,          0
  1854,    96,   75000000,   10602828,        0,  -64397172,          0
  1854,    97,   75000000,   14826287,        0,  -60173713,          0
  1854,    98,   75000000,   11887375,        0,  -63112625,          0
  1854,    99,   75000000,   10349587,        0,  -64650413,          0
  1854,   100,   75000000,   11766761,        0,  -63233239,          0
  1854,   101,   75000000,   12328961,        0,  -62671039,          0
  1854,   102,   75000000,   13797887,        0,  -61202113,          0
  1854,   103,   75000000,   10851714,        0,  -64148286,          0
  1854,   104,   75000000,   11778561,        0,  -63221439,          0
  1854,   105,   75000000,   12863139,        0,  -62136861,          0
  1854,   106,   75000000,   13363775,        0,  -61636225,          0
  1854,   107,   75000000,   10425247,        0,  -64574753,          0
  1854,   108,   75000000,   10958227,        0,  -64041773,          0
  1854,   109,   75000000,   12410658,        0,  -62589342,          0
  1854,   110,   75000000,   13384936,        0,  -61615064,          0
  1854,   111,   75000000,   10307963,        0,  -64692037,          0
  1854,   112,   75000000,   13749537,        0,  -61250463,          0
  1854,   113,   75000000,   12836343,        0,  -62163657,          0
  1854,   114,   75000000,   15824494,        0,  -59175506,          0
  1854,   115,   75000000,   12765889,        0,  -62234111,          0
  1854,   116,   75000000,   11747968,        0,  -63252032,          0
  1854,   117,   75000000,   12297959,        0,  -62702041,          0
  1854,   118,   75000000,   13353283,        0,  -61646717,          0
  1854,   119,   75000000,   10377116,        0,  -64622884,          0
  1854,   120,   75000000,   11855058,        0,  -63144942,          0
  1854,   121,   75000000,   12499198,        0,  -62500802,          0
  1854,   122,   75000000,   13470769,        0,  -61529231,          0
  1854,   123,   75000000,   10369955,        0,  -64630045,          0
  1854,   124,   75000000,   13788066,        0,  -61211934,          0
  1854,   125,   75000000,   12371737,        0,  -62628263,          0
  1854,   126,   75000000,   13864994,        0,  -61135006,          0
  1854,   127,   75000000,   12814315,        0,  -62185685,          0
  1854,   128,   75000000,   13827476,        0,  -61172524,          0
  1854,   129,   75000000,   14894838,        0,  -60105162,          0
  1854,   130,   75000000,   12881903,        0,  -62118097,          0
  1854,   131,   75000000,   10779910,        0,  -64220090,          0
  1854,   132,   75000000,   11375128,        0,  -63624872,          0
  1854,   133,   75000000,   12514720,        0,  -62485280,          0
  1854,   134,   75000000,   15902768,        0,  -59097232,          0
  1854,   135,   75000000,   10386412,        0,  -64613588,          0
  1854,   136,   75000000,   11326151,        0,  -63673849,          0
  1854,   137,   75000000,   12427413,        0,  -62572587,          0
