# Task,   Job,     Period,   Response, DL Miss?,   Lateness,  Tardiness
# task NAME=myapp PID=32706 COST=15656000 PERIOD=40000000 CPU=0
 32706,     2,   40000000,       9846,        0,  -39990154,          0
 32706,     3,   40000000,      65197,        0,  -39934803,          0
 32706,     4,   40000000,   26770187,        0,  -13229813,          0
 32706,     5,   40000000,   25630444,        0,  -14369556,          0
 32706,     6,   40000000,   25487900,        0,  -14512100,          0
 32706,     7,   40000000,   25506963,        0,  -14493037,          0
 32706,     8,   40000000,   26724587,        0,  -13275413,          0
 32706,     9,   40000000,   25549975,        0,  -14450025,          0
 32706,    10,   40000000,   25432844,        0,  -14567156,          0
 32706,    11,   40000000,   23959668,        0,  -16040332,          0
 32706,    12,   40000000,   23683903,        0,  -16316097,          0
 32706,    13,   40000000,   26317678,        0,  -13682322,          0
 32706,    14,   40000000,   25817731,        0,  -14182269,          0
 32706,    15,   40000000,   25279717,        0,  -14720283,          0
 32706,    16,   40000000,   25924965,        0,  -14075035,          0
 32706,    17,   40000000,   23831444,        0,  -16168556,          0
 32706,    18,   40000000,   25826166,        0,  -14173834,          0
 32706,    19,   40000000,   23534723,        0,  -16465277,          0
 32706,    20,   40000000,   26308884,        0,  -13691116,          0
 32706,    21,   40000000,   25032556,        0,  -14967444,          0
 32706,    22,   40000000,   25505681,        0,  -14494319,          0
 32706,    23,   40000000,   25807649,        0,  -14192351,          0
 32706,    24,   40000000,   26202499,        0,  -13797501,          0
 32706,    25,   40000000,   27125291,        0,  -12874709,          0
 32706,    26,   40000000,   23518662,        0,  -16481338,          0
 32706,    27,   40000000,   25812445,        0,  -14187555,          0
 32706,    28,   40000000,   25906112,        0,  -14093888,          0
 32706,    29,   40000000,   23092913,        0,  -16907087,          0
 32706,    30,   40000000,   25873046,        0,  -14126954,          0
 32706,    31,   40000000,   23902747,        0,  -16097253,          0
 32706,    32,   40000000,   25390703,        0,  -14609297,          0
 32706,    33,   40000000,   25649980,        0,  -14350020,          0
 32706,    34,   40000000,   25782605,        0,  -14217395,          0
 32706,    35,   40000000,   23116607,        0,  -16883393,          0
 32706,    36,   40000000,   26149837,        0,  -13850163,          0
 32706,    37,   40000000,   25567784,        0,  -14432216,          0
 32706,    38,   40000000,   25769947,        0,  -14230053,          0
 32706,    39,   40000000,   23434334,        0,  -16565666,          0
 32706,    40,   40000000,   26524147,        0,  -13475853,          0
 32706,    41,   40000000,   22933015,        0,  -17066985,          0
 32706,    42,   40000000,   25948665,        0,  -14051335,          0
 32706,    43,   40000000,   25456108,        0,  -14543892,          0
 32706,    44,   40000000,   23522356,        0,  -16477644,          0
 32706,    45,   40000000,   25473308,        0,  -14526692,          0
 32706,    46,   40000000,   23470934,        0,  -16529066,          0
 32706,    47,   40000000,   24077847,        0,  -15922153,          0
 32706,    48,   40000000,   25534330,        0,  -14465670,          0
 32706,    49,   40000000,   25314446,        0,  -14685554,          0
 32706,    50,   40000000,   25488697,        0,  -14511303,          0
 32706,    51,   40000000,   26156010,        0,  -13843990,          0
 32706,    52,   40000000,   26968799,        0,  -13031201,          0
 32706,    53,   40000000,   25369315,        0,  -14630685,          0
 32706,    54,   40000000,   25434857,        0,  -14565143,          0
 32706,    55,   40000000,   25394677,        0,  -14605323,          0
 32706,    56,   40000000,   28070907,        0,  -11929093,          0
 32706,    57,   40000000,   25448037,        0,  -14551963,          0
 32706,    58,   40000000,   25857923,        0,  -14142077,          0
 32706,    59,   40000000,   25836231,        0,  -14163769,          0
 32706,    60,   40000000,   26174516,        0,  -13825484,          0
 32706,    61,   40000000,   25553440,        0,  -14446560,          0
 32706,    62,   40000000,   23863755,        0,  -16136245,          0
 32706,    63,   40000000,   23063096,        0,  -16936904,          0
 32706,    64,   40000000,   23166097,        0,  -16833903,          0
 32706,    65,   40000000,   26048748,        0,  -13951252,          0
 32706,    66,   40000000,   25289117,        0,  -14710883,          0
 32706,    67,   40000000,   27366218,        0,  -12633782,          0
 32706,    68,   40000000,   25796949,        0,  -14203051,          0
 32706,    69,   40000000,   26619606,        0,  -13380394,          0
 32706,    70,   40000000,   25939712,        0,  -14060288,          0
 32706,    71,   40000000,   25485544,        0,  -14514456,          0
 32706,    72,   40000000,   25832670,        0,  -14167330,          0
 32706,    73,   40000000,   25892055,        0,  -14107945,          0
 32706,    74,   40000000,   23845436,        0,  -16154564,          0
 32706,    75,   40000000,   23941723,        0,  -16058277,          0
 32706,    76,   40000000,   26185469,        0,  -13814531,          0
 32706,    77,   40000000,   23120179,        0,  -16879821,          0
 32706,    78,   40000000,   25927225,        0,  -14072775,          0
 32706,    79,   40000000,   26295758,        0,  -13704242,          0
 32706,    80,   40000000,   25471320,        0,  -14528680,          0
 32706,    81,   40000000,   25814531,        0,  -14185469,          0
 32706,    82,   40000000,   25931301,        0,  -14068699,          0
 32706,    83,   40000000,   26812104,        0,  -13187896,          0
 32706,    84,   40000000,   24241666,        0,  -15758334,          0
 32706,    85,   40000000,   25809870,        0,  -14190130,          0
 32706,    86,   40000000,   25932855,        0,  -14067145,          0
 32706,    87,   40000000,   26207166,        0,  -13792834,          0
 32706,    88,   40000000,   25468598,        0,  -14531402,          0
 32706,    89,   40000000,   25962751,        0,  -14037249,          0
 32706,    90,   40000000,   25480716,        0,  -14519284,          0
 32706,    91,   40000000,   22102215,        0,  -17897785,          0
 32706,    92,   40000000,   25911622,        0,  -14088378,          0
 32706,    93,   40000000,   22980359,        0,  -17019641,          0
 32706,    94,   40000000,   26266091,        0,  -13733909,          0
 32706,    95,   40000000,   26663487,        0,  -13336513,          0
 32706,    96,   40000000,   23572470,        0,  -16427530,          0
 32706,    97,   40000000,   25785124,        0,  -14214876,          0
 32706,    98,   40000000,   26743236,        0,  -13256764,          0
 32706,    99,   40000000,   25460360,        0,  -14539640,          0
 32706,   100,   40000000,   23366863,        0,  -16633137,          0
 32706,   101,   40000000,   23094195,        0,  -16905805,          0
 32706,   102,   40000000,   25666211,        0,  -14333789,          0
 32706,   103,   40000000,   25536758,        0,  -14463242,          0
 32706,   104,   40000000,   25857536,        0,  -14142464,          0
 32706,   105,   40000000,   25451414,        0,  -14548586,          0
 32706,   106,   40000000,   25459848,        0,  -14540152,          0
 32706,   107,   40000000,   26051643,        0,  -13948357,          0
 32706,   108,   40000000,   26206231,        0,  -13793769,          0
 32706,   109,   40000000,   26759185,        0,  -13240815,          0
 32706,   110,   40000000,   23151632,        0,  -16848368,          0
 32706,   111,   40000000,   25806227,        0,  -14193773,          0
 32706,   112,   40000000,   23613387,        0,  -16386613,          0
 32706,   113,   40000000,   26210250,        0,  -13789750,          0
 32706,   114,   40000000,   25482675,        0,  -14517325,          0
 32706,   115,   40000000,   26192545,        0,  -13807455,          0
 32706,   116,   40000000,   25425951,        0,  -14574049,          0
 32706,   117,   40000000,   25754098,        0,  -14245902,          0
 32706,   118,   40000000,   23368873,        0,  -16631127,          0
 32706,   119,   40000000,   26590865,        0,  -13409135,          0
 32706,   120,   40000000,   25476966,        0,  -14523034,          0
 32706,   121,   40000000,   26304787,        0,  -13695213,          0
 32706,   122,   40000000,   26326238,        0,  -13673762,          0
 32706,   123,   40000000,   25572083,        0,  -14427917,          0
 32706,   124,   40000000,   26229490,        0,  -13770510,          0
 32706,   125,   40000000,   25676701,        0,  -14323299,          0
 32706,   126,   40000000,   23675286,        0,  -16324714,          0
 32706,   127,   40000000,   23799154,        0,  -16200846,          0
 32706,   128,   40000000,   23115534,        0,  -16884466,          0
 32706,   129,   40000000,   26064331,        0,  -13935669,          0
 32706,   130,   40000000,   23468039,        0,  -16531961,          0
 32706,   131,   40000000,   24064575,        0,  -15935425,          0
 32706,   132,   40000000,   26339465,        0,  -13660535,          0
 32706,   133,   40000000,   25339423,        0,  -14660577,          0
 32706,   134,   40000000,   27861884,        0,  -12138116,          0
 32706,   135,   40000000,   25890789,        0,  -14109211,          0
 32706,   136,   40000000,   23656184,        0,  -16343816,          0
 32706,   137,   40000000,   25366249,        0,  -14633751,          0
 32706,   138,   40000000,   26210662,        0,  -13789338,          0
 32706,   139,   40000000,   26509836,        0,  -13490164,          0
 32706,   140,   40000000,   27183304,        0,  -12816696,          0
 32706,   141,   40000000,   23389503,        0,  -16610497,          0
 32706,   142,   40000000,   25662418,        0,  -14337582,          0
 32706,   143,   40000000,   23134148,        0,  -16865852,          0
 32706,   144,   40000000,   25790441,        0,  -14209559,          0
 32706,   145,   40000000,   25373265,        0,  -14626735,          0
 32706,   146,   40000000,   26280770,        0,  -13719230,          0
 32706,   147,   40000000,   26206591,        0,  -13793409,          0
 32706,   148,   40000000,   25563551,        0,  -14436449,          0
 32706,   149,   40000000,   23273273,        0,  -16726727,          0
 32706,   150,   40000000,   25807419,        0,  -14192581,          0
 32706,   151,   40000000,   25722554,        0,  -14277446,          0
 32706,   152,   40000000,   22968075,        0,  -17031925,          0
 32706,   153,   40000000,   25793827,        0,  -14206173,          0
 32706,   154,   40000000,   25483514,        0,  -14516486,          0
 32706,   155,   40000000,   22793444,        0,  -17206556,          0
 32706,   156,   40000000,   23741812,        0,  -16258188,          0
 32706,   157,   40000000,   26233160,        0,  -13766840,          0
 32706,   158,   40000000,   26028079,        0,  -13971921,          0
 32706,   159,   40000000,   25984952,        0,  -14015048,          0
 32706,   160,   40000000,   26277198,        0,  -13722802,          0
 32706,   161,   40000000,   26660075,        0,  -13339925,          0
 32706,   162,   40000000,   25413923,        0,  -14586077,          0
 32706,   163,   40000000,   25764261,        0,  -14235739,          0
 32706,   164,   40000000,   26423693,        0,  -13576307,          0
 32706,   165,   40000000,   26077548,        0,  -13922452,          0
 32706,   166,   40000000,   26244379,        0,  -13755621,          0
 32706,   167,   40000000,   25646134,        0,  -14353866,          0
 32706,   168,   40000000,   25911138,        0,  -14088862,          0
 32706,   169,   40000000,   25944646,        0,  -14055354,          0
 32706,   170,   40000000,   25799566,        0,  -14200434,          0
 32706,   171,   40000000,   25805764,        0,  -14194236,          0
 32706,   172,   40000000,   26810577,        0,  -13189423,          0
 32706,   173,   40000000,   27668995,        0,  -12331005,          0
 32706,   174,   40000000,   25289437,        0,  -14710563,          0
 32706,   175,   40000000,   26298250,        0,  -13701750,          0
 32706,   176,   40000000,   25873098,        0,  -14126902,          0
 32706,   177,   40000000,   26121077,        0,  -13878923,          0
 32706,   178,   40000000,   25353394,        0,  -14646606,          0
 32706,   179,   40000000,   26183204,        0,  -13816796,          0
 32706,   180,   40000000,   23506053,        0,  -16493947,          0
 32706,   181,   40000000,   23562076,        0,  -16437924,          0
 32706,   182,   40000000,   26017905,        0,  -13982095,          0
 32706,   183,   40000000,   26851215,        0,  -13148785,          0
 32706,   184,   40000000,   25487581,        0,  -14512419,          0
 32706,   185,   40000000,   25480997,        0,  -14519003,          0
 32706,   186,   40000000,   27185107,        0,  -12814893,          0
 32706,   187,   40000000,   23581385,        0,  -16418615,          0
 32706,   188,   40000000,   26305594,        0,  -13694406,          0
 32706,   189,   40000000,   25781232,        0,  -14218768,          0
 32706,   190,   40000000,   25837887,        0,  -14162113,          0
 32706,   191,   40000000,   23967203,        0,  -16032797,          0
 32706,   192,   40000000,   22731940,        0,  -17268060,          0
 32706,   193,   40000000,   26134202,        0,  -13865798,          0
 32706,   194,   40000000,   25763653,        0,  -14236347,          0
 32706,   195,   40000000,   23466957,        0,  -16533043,          0
 32706,   196,   40000000,   25399531,        0,  -14600469,          0
 32706,   197,   40000000,   25832568,        0,  -14167432,          0
 32706,   198,   40000000,   26256377,        0,  -13743623,          0
 32706,   199,   40000000,   26131754,        0,  -13868246,          0
 32706,   200,   40000000,   25920889,        0,  -14079111,          0
 32706,   201,   40000000,   25975621,        0,  -14024379,          0
 32706,   202,   40000000,   25871647,        0,  -14128353,          0
 32706,   203,   40000000,   26752878,        0,  -13247122,          0
 32706,   204,   40000000,   25686888,        0,  -14313112,          0
 32706,   205,   40000000,   23566602,        0,  -16433398,          0
 32706,   206,   40000000,   23499307,        0,  -16500693,          0
 32706,   207,   40000000,   25640326,        0,  -14359674,          0
 32706,   208,   40000000,   26466692,        0,  -13533308,          0
 32706,   209,   40000000,   25779060,        0,  -14220940,          0
 32706,   210,   40000000,   25484600,        0,  -14515400,          0
 32706,   211,   40000000,   25917597,        0,  -14082403,          0
 32706,   212,   40000000,   26184422,        0,  -13815578,          0
 32706,   213,   40000000,   25248665,        0,  -14751335,          0
 32706,   214,   40000000,   23563938,        0,  -16436062,          0
 32706,   215,   40000000,   23565365,        0,  -16434635,          0
 32706,   216,   40000000,   25779945,        0,  -14220055,          0
 32706,   217,   40000000,   23432973,        0,  -16567027,          0
 32706,   218,   40000000,   26239629,        0,  -13760371,          0
 32706,   219,   40000000,   23201630,        0,  -16798370,          0
 32706,   220,   40000000,   23368229,        0,  -16631771,          0
 32706,   221,   40000000,   26265527,        0,  -13734473,          0
 32706,   222,   40000000,   25441897,        0,  -14558103,          0
 32706,   223,   40000000,   25626947,        0,  -14373053,          0
 32706,   224,   40000000,   25931210,        0,  -14068790,          0
 32706,   225,   40000000,   25899800,        0,  -14100200,          0
 32706,   226,   40000000,   22922968,        0,  -17077032,          0
 32706,   227,   40000000,   23572412,        0,  -16427588,          0
 32706,   228,   40000000,   25292410,        0,  -14707590,          0
 32706,   229,   40000000,   25770256,        0,  -14229744,          0
 32706,   230,   40000000,   25615509,        0,  -14384491,          0
 32706,   231,   40000000,   25766785,        0,  -14233215,          0
 32706,   232,   40000000,   24536091,        0,  -15463909,          0
 32706,   233,   40000000,   26303144,        0,  -13696856,          0
 32706,   234,   40000000,   26313460,        0,  -13686540,          0
 32706,   235,   40000000,   23458912,        0,  -16541088,          0
 32706,   236,   40000000,   25838199,        0,  -14161801,          0
 32706,   237,   40000000,   22838115,        0,  -17161885,          0
 32706,   238,   40000000,   25366513,        0,  -14633487,          0
 32706,   239,   40000000,   26405926,        0,  -13594074,          0
 32706,   240,   40000000,   25843689,        0,  -14156311,          0
 32706,   241,   40000000,   25873086,        0,  -14126914,          0
 32706,   242,   40000000,   26081318,        0,  -13918682,          0
 32706,   243,   40000000,   25958658,        0,  -14041342,          0
 32706,   244,   40000000,   25914033,        0,  -14085967,          0
 32706,   245,   40000000,   27114053,        0,  -12885947,          0
 32706,   246,   40000000,   23492543,        0,  -16507457,          0
 32706,   247,   40000000,   23283130,        0,  -16716870,          0
 32706,   248,   40000000,   26524460,        0,  -13475540,          0
 32706,   249,   40000000,   26470737,        0,  -13529263,          0
 32706,   250,   40000000,   22881642,        0,  -17118358,          0
 32706,   251,   40000000,   26346787,        0,  -13653213,          0
 32706,   252,   40000000,   25917729,        0,  -14082271,          0
 32706,   253,   40000000,   26004283,        0,  -13995717,          0
 32706,   254,   40000000,   25693512,        0,  -14306488,          0
# task NAME=myapp PID=32709 COST=14285000 PERIOD=47000000 CPU=0
 32709,     2,   47000000,      22433,        0,  -46977567,          0
 32709,     3,   47000000,      83027,        0,  -46916973,          0
 32709,     4,   47000000,   24036098,        0,  -22963902,          0
 32709,     5,   47000000,   25351425,        0,  -21648575,          0
 32709,     6,   47000000,   21226405,        0,  -25773595,          0
 32709,     7,   47000000,   23852468,        0,  -23147532,          0
 32709,     8,   47000000,   23224902,        0,  -23775098,          0
 32709,     9,   47000000,   24426568,        0,  -22573432,          0
 32709,    10,   47000000,   21209049,        0,  -25790951,          0
 32709,    11,   47000000,   22964888,        0,  -24035112,          0
 32709,    12,   47000000,   23447269,        0,  -23552731,          0
 32709,    13,   47000000,   24538353,        0,  -22461647,          0
 32709,    14,   47000000,   20538947,        0,  -26461053,          0
 32709,    15,   47000000,   23128273,        0,  -23871727,          0
 32709,    16,   47000000,   24315205,        0,  -22684795,          0
 32709,    17,   47000000,   24826321,        0,  -22173679,          0
 32709,    18,   47000000,   21835594,        0,  -25164406,          0
 32709,    19,   47000000,   22889049,        0,  -24110951,          0
 32709,    20,   47000000,   23912024,        0,  -23087976,          0
 32709,    21,   47000000,   24534999,        0,  -22465001,          0
 32709,    22,   47000000,   21933882,        0,  -25066118,          0
 32709,    23,   47000000,   23456792,        0,  -23543208,          0
 32709,    24,   47000000,   22819773,        0,  -24180227,          0
 32709,    25,   47000000,   24491008,        0,  -22508992,          0
 32709,    26,   47000000,   21833521,        0,  -25166479,          0
 32709,    27,   47000000,   22988045,        0,  -24011955,          0
 32709,    28,   47000000,   23575661,        0,  -23424339,          0
 32709,    29,   47000000,   24954434,        0,  -22045566,          0
 32709,    30,   47000000,   21490070,        0,  -25509930,          0
 32709,    31,   47000000,   23404637,        0,  -23595363,          0
 32709,    32,   47000000,   23196347,        0,  -23803653,          0
 32709,    33,   47000000,   24400326,        0,  -22599674,          0
 32709,    34,   47000000,   21911705,        0,  -25088295,          0
 32709,    35,   47000000,   22874817,        0,  -24125183,          0
 32709,    36,   47000000,   23324390,        0,  -23675610,          0
 32709,    37,   47000000,   24560226,        0,  -22439774,          0
 32709,    38,   47000000,   21119441,        0,  -25880559,          0
 32709,    39,   47000000,   22386241,        0,  -24613759,          0
 32709,    40,   47000000,   23102883,        0,  -23897117,          0
 32709,    41,   47000000,   25688121,        0,  -21311879,          0
 32709,    42,   47000000,   21526561,        0,  -25473439,          0
 32709,    43,   47000000,   22169840,        0,  -24830160,          0
 32709,    44,   47000000,   24255724,        0,  -22744276,          0
 32709,    45,   47000000,   24910027,        0,  -22089973,          0
 32709,    46,   47000000,   22314820,        0,  -24685180,          0
 32709,    47,   47000000,   22253519,        0,  -24746481,          0
 32709,    48,   47000000,   23511550,        0,  -23488450,          0
 32709,    49,   47000000,   24843585,        0,  -22156415,          0
 32709,    50,   47000000,   21905385,        0,  -25094615,          0
 32709,    51,   47000000,   21373040,        0,  -25626960,          0
 32709,    52,   47000000,   24015253,        0,  -22984747,          0
 32709,    53,   47000000,   23701787,        0,  -23298213,          0
 32709,    54,   47000000,   21293722,        0,  -25706278,          0
 32709,    55,   47000000,   22427036,        0,  -24572964,          0
 32709,    56,   47000000,   22783552,        0,  -24216448,          0
 32709,    57,   47000000,   25334430,        0,  -21665570,          0
 32709,    58,   47000000,   21980332,        0,  -25019668,          0
 32709,    59,   47000000,   23126463,        0,  -23873537,          0
 32709,    60,   47000000,   22781169,        0,  -24218831,          0
 32709,    61,   47000000,   24567664,        0,  -22432336,          0
 32709,    62,   47000000,   21810175,        0,  -25189825,          0
 32709,    63,   47000000,   22533655,        0,  -24466345,          0
 32709,    64,   47000000,   23502655,        0,  -23497345,          0
 32709,    65,   47000000,   24161110,        0,  -22838890,          0
 32709,    66,   47000000,   21149315,        0,  -25850685,          0
 32709,    67,   47000000,   23015404,        0,  -23984596,          0
 32709,    68,   47000000,   24071295,        0,  -22928705,          0
 32709,    69,   47000000,   23990636,        0,  -23009364,          0
 32709,    70,   47000000,   21964434,        0,  -25035566,          0
 32709,    71,   47000000,   22540577,        0,  -24459423,          0
 32709,    72,   47000000,   24177456,        0,  -22822544,          0
 32709,    73,   47000000,   24177396,        0,  -22822604,          0
 32709,    74,   47000000,   21337290,        0,  -25662710,          0
 32709,    75,   47000000,   23392518,        0,  -23607482,          0
 32709,    76,   47000000,   23346000,        0,  -23654000,          0
 32709,    77,   47000000,   24167116,        0,  -22832884,          0
 32709,    78,   47000000,   21671388,        0,  -25328612,          0
 32709,    79,   47000000,   23130070,        0,  -23869930,          0
 32709,    80,   47000000,   22732875,        0,  -24267125,          0
 32709,    81,   47000000,   24056586,        0,  -22943414,          0
 32709,    82,   47000000,   21128434,        0,  -25871566,          0
 32709,    83,   47000000,   22462075,        0,  -24537925,          0
 32709,    84,   47000000,   23651593,        0,  -23348407,          0
 32709,    85,   47000000,   24946516,        0,  -22053484,          0
 32709,    86,   47000000,   21871921,        0,  -25128079,          0
 32709,    87,   47000000,   22894994,        0,  -24105006,          0
 32709,    88,   47000000,   23706209,        0,  -23293791,          0
 32709,    89,   47000000,   24209608,        0,  -22790392,          0
 32709,    90,   47000000,   21150563,        0,  -25849437,          0
 32709,    91,   47000000,   22559585,        0,  -24440415,          0
 32709,    92,   47000000,   23866639,        0,  -23133361,          0
 32709,    93,   47000000,   25185753,        0,  -21814247,          0
 32709,    94,   47000000,   21170893,        0,  -25829107,          0
 32709,    95,   47000000,   22496465,        0,  -24503535,          0
 32709,    96,   47000000,   23248663,        0,  -23751337,          0
 32709,    97,   47000000,   24487562,        0,  -22512438,          0
 32709,    98,   47000000,   23708766,        0,  -23291234,          0
 32709,    99,   47000000,   22905108,        0,  -24094892,          0
 32709,   100,   47000000,   23811704,        0,  -23188296,          0
 32709,   101,   47000000,   25048988,        0,  -21951012,          0
 32709,   102,   47000000,   21801862,        0,  -25198138,          0
 32709,   103,   47000000,   23130582,        0,  -23869418,          0
 32709,   104,   47000000,   24497472,        0,  -22502528,          0
 32709,   105,   47000000,   24192281,        0,  -22807719,          0
 32709,   106,   47000000,   21848527,        0,  -25151473,          0
 32709,   107,   47000000,   22470710,        0,  -24529290,          0
 32709,   108,   47000000,   23781551,        0,  -23218449,          0
 32709,   109,   47000000,   23657706,        0,  -23342294,          0
 32709,   110,   47000000,   22055300,        0,  -24944700,          0
 32709,   111,   47000000,   21961294,        0,  -25038706,          0
 32709,   112,   47000000,   22863452,        0,  -24136548,          0
 32709,   113,   47000000,   24531750,        0,  -22468250,          0
 32709,   114,   47000000,   22403246,        0,  -24596754,          0
 32709,   115,   47000000,   22172271,        0,  -24827729,          0
 32709,   116,   47000000,   23525986,        0,  -23474014,          0
 32709,   117,   47000000,   24589080,        0,  -22410920,          0
 32709,   118,   47000000,   20609941,        0,  -26390059,          0
 32709,   119,   47000000,   22770405,        0,  -24229595,          0
 32709,   120,   47000000,   23866306,        0,  -23133694,          0
 32709,   121,   47000000,   24428660,        0,  -22571340,          0
 32709,   122,   47000000,   21552685,        0,  -25447315,          0
 32709,   123,   47000000,   22357791,        0,  -24642209,          0
 32709,   124,   47000000,   24122579,        0,  -22877421,          0
 32709,   125,   47000000,   24267669,        0,  -22732331,          0
 32709,   126,   47000000,   21226309,        0,  -25773691,          0
 32709,   127,   47000000,   23164771,        0,  -23835229,          0
 32709,   128,   47000000,   23482745,        0,  -23517255,          0
 32709,   129,   47000000,   24209145,        0,  -22790855,          0
 32709,   130,   47000000,   21222823,        0,  -25777177,          0
 32709,   131,   47000000,   22859273,        0,  -24140727,          0
 32709,   132,   47000000,   23834789,        0,  -23165211,          0
 32709,   133,   47000000,   24573074,        0,  -22426926,          0
 32709,   134,   47000000,   21127221,        0,  -25872779,          0
 32709,   135,   47000000,   22555708,        0,  -24444292,          0
 32709,   136,   47000000,   23327980,        0,  -23672020,          0
 32709,   137,   47000000,   24765755,        0,  -22234245,          0
 32709,   138,   47000000,   21503750,        0,  -25496250,          0
 32709,   139,   47000000,   22272557,        0,  -24727443,          0
 32709,   140,   47000000,   24176210,        0,  -22823790,          0
 32709,   141,   47000000,   24144286,        0,  -22855714,          0
 32709,   142,   47000000,   21896904,        0,  -25103096,          0
 32709,   143,   47000000,   22920685,        0,  -24079315,          0
 32709,   144,   47000000,   23370252,        0,  -23629748,          0
 32709,   145,   47000000,   24578623,        0,  -22421377,          0
 32709,   146,   47000000,   22361312,        0,  -24638688,          0
 32709,   147,   47000000,   23309914,        0,  -23690086,          0
 32709,   148,   47000000,   23993063,        0,  -23006937,          0
 32709,   149,   47000000,   24483722,        0,  -22516278,          0
 32709,   150,   47000000,   21852606,        0,  -25147394,          0
 32709,   151,   47000000,   22109729,        0,  -24890271,          0
 32709,   152,   47000000,   23226788,        0,  -23773212,          0
 32709,   153,   47000000,   24699863,        0,  -22300137,          0
 32709,   154,   47000000,   21210918,        0,  -25789082,          0
 32709,   155,   47000000,   22508477,        0,  -24491523,          0
 32709,   156,   47000000,   23289146,        0,  -23710854,          0
 32709,   157,   47000000,   24713798,        0,  -22286202,          0
 32709,   158,   47000000,   20705822,        0,  -26294178,          0
 32709,   159,   47000000,   23448159,        0,  -23551841,          0
 32709,   160,   47000000,   23488128,        0,  -23511872,          0
 32709,   161,   47000000,   25699652,        0,  -21300348,          0
 32709,   162,   47000000,   21296285,        0,  -25703715,          0
 32709,   163,   47000000,   22915700,        0,  -24084300,          0
 32709,   164,   47000000,   23495873,        0,  -23504127,          0
 32709,   165,   47000000,   24875217,        0,  -22124783,          0
 32709,   166,   47000000,   21405901,        0,  -25594099,          0
 32709,   167,   47000000,   22606376,        0,  -24393624,          0
 32709,   168,   47000000,   23687724,        0,  -23312276,          0
 32709,   169,   47000000,   24739201,        0,  -22260799,          0
 32709,   170,   47000000,   22457006,        0,  -24542994,          0
 32709,   171,   47000000,   22809708,        0,  -24190292,          0
 32709,   172,   47000000,   23661043,        0,  -23338957,          0
 32709,   173,   47000000,   25294367,        0,  -21705633,          0
 32709,   174,   47000000,   21941482,        0,  -25058518,          0
 32709,   175,   47000000,   21927684,        0,  -25072316,          0
 32709,   176,   47000000,   23642919,        0,  -23357081,          0
 32709,   177,   47000000,   24366173,        0,  -22633827,          0
 32709,   178,   47000000,   21784799,        0,  -25215201,          0
 32709,   179,   47000000,   22362130,        0,  -24637870,          0
 32709,   180,   47000000,   23640197,        0,  -23359803,          0
 32709,   181,   47000000,   24962391,        0,  -22037609,          0
 32709,   182,   47000000,   21582902,        0,  -25417098,          0
 32709,   183,   47000000,   22947703,        0,  -24052297,          0
 32709,   184,   47000000,   23681349,        0,  -23318651,          0
 32709,   185,   47000000,   24285129,        0,  -22714871,          0
 32709,   186,   47000000,   20906331,        0,  -26093669,          0
 32709,   187,   47000000,   22088776,        0,  -24911224,          0
 32709,   188,   47000000,   23069888,        0,  -23930112,          0
 32709,   189,   47000000,   24439755,        0,  -22560245,          0
 32709,   190,   47000000,   22134477,        0,  -24865523,          0
 32709,   191,   47000000,   22558329,        0,  -24441671,          0
 32709,   192,   47000000,   23912386,        0,  -23087614,          0
 32709,   193,   47000000,   24235302,        0,  -22764698,          0
 32709,   194,   47000000,   21711559,        0,  -25288441,          0
 32709,   195,   47000000,   22569760,        0,  -24430240,          0
 32709,   196,   47000000,   23243208,        0,  -23756792,          0
 32709,   197,   47000000,   25335659,        0,  -21664341,          0
 32709,   198,   47000000,   21154731,        0,  -25845269,          0
 32709,   199,   47000000,   22892480,        0,  -24107520,          0
 32709,   200,   47000000,   23244377,        0,  -23755623,          0
 32709,   201,   47000000,   24938079,        0,  -22061921,          0
 32709,   202,   47000000,   21920545,        0,  -25079455,          0
 32709,   203,   47000000,   21715992,        0,  -25284008,          0
 32709,   204,   47000000,   24057578,        0,  -22942422,          0
 32709,   205,   47000000,   24629226,        0,  -22370774,          0
 32709,   206,   47000000,   21203791,        0,  -25796209,          0
 32709,   207,   47000000,   23050930,        0,  -23949070,          0
 32709,   208,   47000000,   23330374,        0,  -23669626,          0
 32709,   209,   47000000,   25763989,        0,  -21236011,          0
 32709,   210,   47000000,   22261449,        0,  -24738551,          0
 32709,   211,   47000000,   23757772,        0,  -23242228,          0
 32709,   212,   47000000,   23503665,        0,  -23496335,          0
 32709,   213,   47000000,   25442880,        0,  -21557120,          0
 32709,   214,   47000000,   21476401,        0,  -25523599,          0
 32709,   215,   47000000,   22898471,        0,  -24101529,          0
 32709,   216,   47000000,   22473489,        0,  -24526511,          0
# task NAME=myapp PID=32714 COST=6803000 PERIOD=65000000 CPU=0
 32714,     2,   65000000,      22073,        0,  -64977927,          0
 32714,     3,   65000000,      57124,        0,  -64942876,          0
 32714,     4,   65000000,    8719748,        0,  -56280252,          0
 32714,     5,   65000000,   11778964,        0,  -53221036,          0
 32714,     6,   65000000,   11642884,        0,  -53357116,          0
 32714,     7,   65000000,   10398794,        0,  -54601206,          0
 32714,     8,   65000000,   12436417,        0,  -52563583,          0
 32714,     9,   65000000,   12695748,        0,  -52304252,          0
 32714,    10,   65000000,   10374527,        0,  -54625473,          0
 32714,    11,   65000000,    9673172,        0,  -55326828,          0
 32714,    12,   65000000,    8679557,        0,  -56320443,          0
 32714,    13,   65000000,    8846326,        0,  -56153674,          0
 32714,    14,   65000000,   10708199,        0,  -54291801,          0
 32714,    15,   65000000,    9872718,        0,  -55127282,          0
 32714,    16,   65000000,    9492025,        0,  -55507975,          0
 32714,    17,   65000000,   11786704,        0,  -53213296,          0
 32714,    18,   65000000,   10296083,        0,  -54703917,          0
 32714,    19,   65000000,    9754222,        0,  -55245778,          0
 32714,    20,   65000000,    8667283,        0,  -56332717,          0
 32714,    21,   65000000,    9632999,        0,  -55367001,          0
 32714,    22,   65000000,   10364557,        0,  -54635443,          0
 32714,    23,   65000000,    9421817,        0,  -55578183,          0
 32714,    24,   65000000,    8333564,        0,  -56666436,          0
 32714,    25,   65000000,   11435783,        0,  -53564217,          0
 32714,    26,   65000000,   11560121,        0,  -53439879,          0
 32714,    27,   65000000,   10013001,        0,  -54986999,          0
 32714,    28,   65000000,    8706116,        0,  -56293884,          0
 32714,    29,   65000000,   11828629,        0,  -53171371,          0
 32714,    30,   65000000,   10702955,        0,  -54297045,          0
 32714,    31,   65000000,    9927476,        0,  -55072524,          0
 32714,    32,   65000000,    9256574,        0,  -55743426,          0
 32714,    33,   65000000,   11292154,        0,  -53707846,          0
 32714,    34,   65000000,    9300491,        0,  -55699509,          0
 32714,    35,   65000000,    9777547,        0,  -55222453,          0
 32714,    36,   65000000,    8672539,        0,  -56327461,          0
 32714,    37,   65000000,   11396869,        0,  -53603131,          0
 32714,    38,   65000000,   10784508,        0,  -54215492,          0
 32714,    39,   65000000,    9601889,        0,  -55398111,          0
 32714,    40,   65000000,    8428636,        0,  -56571364,          0
 32714,    41,   65000000,   12615370,        0,  -52384630,          0
 32714,    42,   65000000,    7775887,        0,  -57224113,          0
 32714,    43,   65000000,    9750849,        0,  -55249151,          0
 32714,    44,   65000000,    8343350,        0,  -56656650,          0
 32714,    45,   65000000,   12599931,        0,  -52400069,          0
 32714,    46,   65000000,   10695159,        0,  -54304841,          0
 32714,    47,   65000000,    9875992,        0,  -55124008,          0
 32714,    48,   65000000,    9509216,        0,  -55490784,          0
 32714,    49,   65000000,   11760078,        0,  -53239922,          0
 32714,    50,   65000000,   11537743,        0,  -53462257,          0
 32714,    51,   65000000,   10338377,        0,  -54661623,          0
 32714,    52,   65000000,    8989246,        0,  -56010754,          0
 32714,    53,   65000000,   12503780,        0,  -52496220,          0
 32714,    54,   65000000,   10819791,        0,  -54180209,          0
 32714,    55,   65000000,    9405933,        0,  -55594067,          0
 32714,    56,   65000000,    8950067,        0,  -56049933,          0
 32714,    57,   65000000,   11596498,        0,  -53403502,          0
 32714,    58,   65000000,   11066296,        0,  -53933704,          0
 32714,    59,   65000000,    9709041,        0,  -55290959,          0
 32714,    60,   65000000,    8286528,        0,  -56713472,          0
 32714,    61,   65000000,   11399897,        0,  -53600103,          0
 32714,    62,   65000000,    8610671,        0,  -56389329,          0
 32714,    63,   65000000,   10624008,        0,  -54375992,          0
 32714,    64,   65000000,    8576008,        0,  -56423992,          0
 32714,    65,   65000000,    9520702,        0,  -55479298,          0
 32714,    66,   65000000,   10372470,        0,  -54627530,          0
 32714,    67,   65000000,   10786309,        0,  -54213691,          0
 32714,    68,   65000000,    8809681,        0,  -56190319,          0
 32714,    69,   65000000,   11842258,        0,  -53157742,          0
 32714,    70,   65000000,   10694116,        0,  -54305884,          0
 32714,    71,   65000000,   10333174,        0,  -54666826,          0
 32714,    72,   65000000,    8777571,        0,  -56222429,          0
 32714,    73,   65000000,   11783055,        0,  -53216945,          0
 32714,    74,   65000000,   11239725,        0,  -53760275,          0
 32714,    75,   65000000,    9391589,        0,  -55608411,          0
 32714,    76,   65000000,    9576421,        0,  -55423579,          0
 32714,    77,   65000000,   11544530,        0,  -53455470,          0
 32714,    78,   65000000,   10481816,        0,  -54518184,          0
 32714,    79,   65000000,    9770522,        0,  -55229478,          0
 32714,    80,   65000000,    8327735,        0,  -56672265,          0
 32714,    81,   65000000,   11568217,        0,  -53431783,          0
 32714,    82,   65000000,   10303217,        0,  -54696783,          0
 32714,    83,   65000000,    9777064,        0,  -55222936,          0
 32714,    84,   65000000,    9184129,        0,  -55815871,          0
 32714,    85,   65000000,   11798844,        0,  -53201156,          0
 32714,    86,   65000000,    8211519,        0,  -56788481,          0
 32714,    87,   65000000,    9360223,        0,  -55639777,          0
 32714,    88,   65000000,    8738093,        0,  -56261907,          0
 32714,    89,   65000000,   12039119,        0,  -52960881,          0
 32714,    90,   65000000,   10534299,        0,  -54465701,          0
 32714,    91,   65000000,    9771546,        0,  -55228454,          0
 32714,    92,   65000000,    8722587,        0,  -56277413,          0
 32714,    93,   65000000,    8973937,        0,  -56026063,          0
 32714,    94,   65000000,    8419075,        0,  -56580925,          0
 32714,    95,   65000000,   10095343,        0,  -54904657,          0
 32714,    96,   65000000,    8499895,        0,  -56500105,          0
 32714,    97,   65000000,    9412073,        0,  -55587927,          0
 32714,    98,   65000000,   10773162,        0,  -54226838,          0
 32714,    99,   65000000,   11440804,        0,  -53559196,          0
 32714,   100,   65000000,    8372975,        0,  -56627025,          0
 32714,   101,   65000000,   11426150,        0,  -53573850,          0
 32714,   102,   65000000,   10810245,        0,  -54189755,          0
 32714,   103,   65000000,    9363246,        0,  -55636754,          0
 32714,   104,   65000000,    9203515,        0,  -55796485,          0
 32714,   105,   65000000,   11717158,        0,  -53282842,          0
 32714,   106,   65000000,   10316704,        0,  -54683296,          0
 32714,   107,   65000000,    9572765,        0,  -55427235,          0
 32714,   108,   65000000,    8969330,        0,  -56030670,          0
 32714,   109,   65000000,    9911072,        0,  -55088928,          0
 32714,   110,   65000000,   11201556,        0,  -53798444,          0
 32714,   111,   65000000,   10241871,        0,  -54758129,          0
 32714,   112,   65000000,    8369790,        0,  -56630210,          0
 32714,   113,   65000000,   11760285,        0,  -53239715,          0
 32714,   114,   65000000,   11218432,        0,  -53781568,          0
 32714,   115,   65000000,    9703720,        0,  -55296280,          0
 32714,   116,   65000000,    9512087,        0,  -55487913,          0
 32714,   117,   65000000,   12475720,        0,  -52524280,          0
 32714,   118,   65000000,   11374310,        0,  -53625690,          0
 32714,   119,   65000000,   10539449,        0,  -54460551,          0
 32714,   120,   65000000,    8711608,        0,  -56288392,          0
 32714,   121,   65000000,   11291905,        0,  -53708095,          0
 32714,   122,   65000000,   10768512,        0,  -54231488,          0
 32714,   123,   65000000,    9381019,        0,  -55618981,          0
 32714,   124,   65000000,    8725864,        0,  -56274136,          0
 32714,   125,   65000000,   11813219,        0,  -53186781,          0
 32714,   126,   65000000,   10716904,        0,  -54283096,          0
 32714,   127,   65000000,    9617094,        0,  -55382906,          0
 32714,   128,   65000000,    8380722,        0,  -56619278,          0
 32714,   129,   65000000,   11465271,        0,  -53534729,          0
 32714,   130,   65000000,    8323275,        0,  -56676725,          0
 32714,   131,   65000000,    9713832,        0,  -55286168,          0
 32714,   132,   65000000,    8464145,        0,  -56535855,          0
 32714,   133,   65000000,   11396930,        0,  -53603070,          0
 32714,   134,   65000000,   10523842,        0,  -54476158,          0
 32714,   135,   65000000,    9837549,        0,  -55162451,          0
 32714,   136,   65000000,    8369405,        0,  -56630595,          0
 32714,   137,   65000000,    9394769,        0,  -55605231,          0
 32714,   138,   65000000,   10320624,        0,  -54679376,          0
 32714,   139,   65000000,    9763954,        0,  -55236046,          0
 32714,   140,   65000000,    9533837,        0,  -55466163,          0
 32714,   141,   65000000,   11525551,        0,  -53474449,          0
 32714,   142,   65000000,    8379182,        0,  -56620818,          0
 32714,   143,   65000000,    9769142,        0,  -55230858,          0
 32714,   144,   65000000,    8523641,        0,  -56476359,          0
 32714,   145,   65000000,   11801781,        0,  -53198219,          0
 32714,   146,   65000000,   10323137,        0,  -54676863,          0
 32714,   147,   65000000,   10782671,        0,  -54217329,          0
 32714,   148,   65000000,    8331791,        0,  -56668209,          0
 32714,   149,   65000000,   10026082,        0,  -54973918,          0
 32714,   150,   65000000,    8439366,        0,  -56560634,          0
 32714,   151,   65000000,    9688909,        0,  -55311091,          0
 32714,   152,   65000000,    8713201,        0,  -56286799,          0
 32714,   153,   65000000,   11255991,        0,  -53744009,          0
 32714,   154,   65000000,   11261678,        0,  -53738322,          0
 32714,   155,   65000000,    9412647,        0,  -55587353,          0
 32714,   156,   65000000,    8976402,        0,  -56023598,          0
 32714,   157,   65000000,    9436152,        0,  -55563848,          0
