157 156 1
116 116 0
172 172 0
140 140 0
114 114 0
260 260 0
167 167 0
125 125 0
123 123 0
837 772 65
156 156 0
239 239 0
774 712 62
112 112 0
242 242 0
201 201 0
212 212 0
387 383 4
192 192 0
317 316 1
774 721 53
114 114 0
105 105 0
403 402 1
208 207 1
166 166 0
326 326 0
203 203 0
912 838 74
127 127 0
158 158 0
237 237 0
772 703 69
276 275 1
194 194 0
122 122 0
184 184 0
154 154 0
211 211 0
187 187 0
236 236 0
250 250 0
632 601 31
113 113 0
505 499 6
533 521 12
144 143 1
125 125 0
211 211 0
424 417 7
114 114 0
126 126 0
150 150 0
