# Task,   Job,     Period,   Response, DL Miss?,   Lateness,  Tardiness
# task NAME=myapp PID=5285 COST=1169000 PERIOD=75000000 CPU=0
  5285,     2,   75000000,      13571,        0,  -74986429,          0
  5285,     3,   75000000,      99976,        0,  -74900024,          0
  5285,     4,   75000000,    1277881,        0,  -73722119,          0
  5285,     5,   75000000,    1305388,        0,  -73694612,          0
  5285,     6,   75000000,    1292167,        0,  -73707833,          0
  5285,     7,   75000000,    1257528,        0,  -73742472,          0
  5285,     8,   75000000,    1248362,        0,  -73751638,          0
  5285,     9,   75000000,    1222635,        0,  -73777365,          0
  5285,    10,   75000000,    1235861,        0,  -73764139,          0
  5285,    11,   75000000,    1207278,        0,  -73792722,          0
  5285,    12,   75000000,    1265282,        0,  -73734718,          0
  5285,    13,   75000000,    1224659,        0,  -73775341,          0
  5285,    14,   75000000,    1269850,        0,  -73730150,          0
  5285,    15,   75000000,    1299179,        0,  -73700821,          0
  5285,    16,   75000000,    1333240,        0,  -73666760,          0
  5285,    17,   75000000,    1296930,        0,  -73703070,          0
  5285,    18,   75000000,    1319835,        0,  -73680165,          0
  5285,    19,   75000000,    1233182,        0,  -73766818,          0
  5285,    20,   75000000,    1262310,        0,  -73737690,          0
  5285,    21,   75000000,    1282401,        0,  -73717599,          0
  5285,    22,   75000000,    1260855,        0,  -73739145,          0
  5285,    23,   75000000,    1233543,        0,  -73766457,          0
  5285,    24,   75000000,    1238105,        0,  -73761895,          0
  5285,    25,   75000000,    1265106,        0,  -73734894,          0
  5285,    26,   75000000,    1233085,        0,  -73766915,          0
  5285,    27,   75000000,    1277450,        0,  -73722550,          0
  5285,    28,   75000000,    1267308,        0,  -73732692,          0
  5285,    29,   75000000,    1242356,        0,  -73757644,          0
  5285,    30,   75000000,    1248216,        0,  -73751784,          0
  5285,    31,   75000000,    1214652,        0,  -73785348,          0
  5285,    32,   75000000,    1221121,        0,  -73778879,          0
  5285,    33,   75000000,    1209127,        0,  -73790873,          0
  5285,    34,   75000000,    1278434,        0,  -73721566,          0
  5285,    35,   75000000,    1206001,        0,  -73793999,          0
  5285,    36,   75000000,    1288061,        0,  -73711939,          0
  5285,    37,   75000000,    4460184,        0,  -70539816,          0
  5285,    38,   75000000,    1247185,        0,  -73752815,          0
  5285,    39,   75000000,    1256271,        0,  -73743729,          0
  5285,    40,   75000000,    1248144,        0,  -73751856,          0
  5285,    41,   75000000,    1265474,        0,  -73734526,          0
  5285,    42,   75000000,    1192938,        0,  -73807062,          0
  5285,    43,   75000000,    1240361,        0,  -73759639,          0
  5285,    44,   75000000,    1254395,        0,  -73745605,          0
  5285,    45,   75000000,    1263043,        0,  -73736957,          0
  5285,    46,   75000000,    1271651,        0,  -73728349,          0
  5285,    47,   75000000,    1311170,        0,  -73688830,          0
  5285,    48,   75000000,    1287464,        0,  -73712536,          0
  5285,    49,   75000000,    1259102,        0,  -73740898,          0
  5285,    50,   75000000,    1260551,        0,  -73739449,          0
  5285,    51,   75000000,    1249475,        0,  -73750525,          0
  5285,    52,   75000000,    1243662,        0,  -73756338,          0
  5285,    53,   75000000,    1241165,        0,  -73758835,          0
  5285,    54,   75000000,    1283469,        0,  -73716531,          0
  5285,    55,   75000000,    1248176,        0,  -73751824,          0
  5285,    56,   75000000,    1239671,        0,  -73760329,          0
  5285,    57,   75000000,    4298830,        0,  -70701170,          0
  5285,    58,   75000000,    1258825,        0,  -73741175,          0
  5285,    59,   75000000,    1252305,        0,  -73747695,          0
  5285,    60,   75000000,    1209029,        0,  -73790971,          0
  5285,    61,   75000000,    1242148,        0,  -73757852,          0
  5285,    62,   75000000,    1236015,        0,  -73763985,          0
  5285,    63,   75000000,    1253518,        0,  -73746482,          0
  5285,    64,   75000000,    1216180,        0,  -73783820,          0
  5285,    65,   75000000,    1255117,        0,  -73744883,          0
  5285,    66,   75000000,    1241358,        0,  -73758642,          0
  5285,    67,   75000000,    1252820,        0,  -73747180,          0
  5285,    68,   75000000,    1209184,        0,  -73790816,          0
  5285,    69,   75000000,    1309717,        0,  -73690283,          0
  5285,    70,   75000000,    1258895,        0,  -73741105,          0
  5285,    71,   75000000,    1220342,        0,  -73779658,          0
  5285,    72,   75000000,    1234971,        0,  -73765029,          0
  5285,    73,   75000000,    1285768,        0,  -73714232,          0
  5285,    74,   75000000,    1263841,        0,  -73736159,          0
  5285,    75,   75000000,    1272158,        0,  -73727842,          0
  5285,    76,   75000000,    1248789,        0,  -73751211,          0
  5285,    77,   75000000,    2328025,        0,  -72671975,          0
  5285,    78,   75000000,    1203407,        0,  -73796593,          0
  5285,    79,   75000000,    1294118,        0,  -73705882,          0
  5285,    80,   75000000,    5822483,        0,  -69177517,          0
  5285,    81,   75000000,    1249841,        0,  -73750159,          0
  5285,    82,   75000000,    1234555,        0,  -73765445,          0
  5285,    83,   75000000,    1201270,        0,  -73798730,          0
  5285,    84,   75000000,    1283955,        0,  -73716045,          0
  5285,    85,   75000000,    1267904,        0,  -73732096,          0
  5285,    86,   75000000,    1236135,        0,  -73763865,          0
  5285,    87,   75000000,    1209361,        0,  -73790639,          0
  5285,    88,   75000000,    1233445,        0,  -73766555,          0
  5285,    89,   75000000,    1227882,        0,  -73772118,          0
  5285,    90,   75000000,    1234217,        0,  -73765783,          0
  5285,    91,   75000000,    1297775,        0,  -73702225,          0
  5285,    92,   75000000,    1222882,        0,  -73777118,          0
  5285,    93,   75000000,    1236206,        0,  -73763794,          0
  5285,    94,   75000000,    1209423,        0,  -73790577,          0
  5285,    95,   75000000,    1220296,        0,  -73779704,          0
  5285,    96,   75000000,    1314796,        0,  -73685204,          0
  5285,    97,   75000000,    1340376,        0,  -73659624,          0
  5285,    98,   75000000,    1252850,        0,  -73747150,          0
  5285,    99,   75000000,    1233677,        0,  -73766323,          0
  5285,   100,   75000000,    1228029,        0,  -73771971,          0
  5285,   101,   75000000,    1272572,        0,  -73727428,          0
  5285,   102,   75000000,    1279458,        0,  -73720542,          0
  5285,   103,   75000000,    1234667,        0,  -73765333,          0
  5285,   104,   75000000,    1199095,        0,  -73800905,          0
  5285,   105,   75000000,    1244519,        0,  -73755481,          0
  5285,   106,   75000000,    1233049,        0,  -73766951,          0
  5285,   107,   75000000,    1252272,        0,  -73747728,          0
  5285,   108,   75000000,    1241098,        0,  -73758902,          0
  5285,   109,   75000000,    1259691,        0,  -73740309,          0
  5285,   110,   75000000,    1233050,        0,  -73766950,          0
  5285,   111,   75000000,    1214459,        0,  -73785541,          0
  5285,   112,   75000000,    1272830,        0,  -73727170,          0
  5285,   113,   75000000,    1280967,        0,  -73719033,          0
  5285,   114,   75000000,    3080593,        0,  -71919407,          0
  5285,   115,   75000000,    1246363,        0,  -73753637,          0
  5285,   116,   75000000,    1236476,        0,  -73763524,          0
  5285,   117,   75000000,    1198688,        0,  -73801312,          0
  5285,   118,   75000000,    1230008,        0,  -73769992,          0
  5285,   119,   75000000,    2030529,        0,  -72969471,          0
  5285,   120,   75000000,    1312673,        0,  -73687327,          0
  5285,   121,   75000000,    1201974,        0,  -73798026,          0
  5285,   122,   75000000,    1265450,        0,  -73734550,          0
  5285,   123,   75000000,    1255813,        0,  -73744187,          0
  5285,   124,   75000000,    1239239,        0,  -73760761,          0
  5285,   125,   75000000,    1235222,        0,  -73764778,          0
  5285,   126,   75000000,    1206352,        0,  -73793648,          0
  5285,   127,   75000000,    1264276,        0,  -73735724,          0
  5285,   128,   75000000,    1235812,        0,  -73764188,          0
  5285,   129,   75000000,    1221894,        0,  -73778106,          0
  5285,   130,   75000000,    1262496,        0,  -73737504,          0
  5285,   131,   75000000,    1256958,        0,  -73743042,          0
  5285,   132,   75000000,    1238010,        0,  -73761990,          0
  5285,   133,   75000000,    1198316,        0,  -73801684,          0
  5285,   134,   75000000,    1238111,        0,  -73761889,          0
  5285,   135,   75000000,    1268007,        0,  -73731993,          0
  5285,   136,   75000000,    1274785,        0,  -73725215,          0
  5285,   137,   75000000,    1236379,        0,  -73763621,          0
# task NAME=myapp PID=5289 COST=5355000 PERIOD=81000000 CPU=0
  5289,     2,   81000000,      13587,        0,  -80986413,          0
  5289,     3,   81000000,     120155,        0,  -80879845,          0
  5289,     4,   81000000,    5382400,        0,  -75617600,          0
  5289,     5,   81000000,    5375619,        0,  -75624381,          0
  5289,     6,   81000000,    5355048,        0,  -75644952,          0
  5289,     7,   81000000,    5398420,        0,  -75601580,          0
  5289,     8,   81000000,    5392966,        0,  -75607034,          0
  5289,     9,   81000000,    5391738,        0,  -75608262,          0
  5289,    10,   81000000,    5414545,        0,  -75585455,          0
  5289,    11,   81000000,    5354708,        0,  -75645292,          0
  5289,    12,   81000000,    5381898,        0,  -75618102,          0
  5289,    13,   81000000,    5559744,        0,  -75440256,          0
  5289,    14,   81000000,    7509135,        0,  -73490865,          0
  5289,    15,   81000000,    5398613,        0,  -75601387,          0
  5289,    16,   81000000,    5391587,        0,  -75608413,          0
  5289,    17,   81000000,    5397757,        0,  -75602243,          0
  5289,    18,   81000000,    5387355,        0,  -75612645,          0
  5289,    19,   81000000,    5359332,        0,  -75640668,          0
  5289,    20,   81000000,    5418039,        0,  -75581961,          0
  5289,    21,   81000000,    5379356,        0,  -75620644,          0
  5289,    22,   81000000,    5366193,        0,  -75633807,          0
  5289,    23,   81000000,    5408358,        0,  -75591642,          0
  5289,    24,   81000000,    5353356,        0,  -75646644,          0
  5289,    25,   81000000,    5394112,        0,  -75605888,          0
  5289,    26,   81000000,    5435230,        0,  -75564770,          0
  5289,    27,   81000000,    5409548,        0,  -75590452,          0
  5289,    28,   81000000,    5406589,        0,  -75593411,          0
  5289,    29,   81000000,    5375305,        0,  -75624695,          0
  5289,    30,   81000000,    5342183,        0,  -75657817,          0
  5289,    31,   81000000,    5407214,        0,  -75592786,          0
  5289,    32,   81000000,    5378745,        0,  -75621255,          0
  5289,    33,   81000000,    5654536,        0,  -75345464,          0
  5289,    34,   81000000,    5390726,        0,  -75609274,          0
  5289,    35,   81000000,    7268300,        0,  -73731700,          0
  5289,    36,   81000000,    5422706,        0,  -75577294,          0
  5289,    37,   81000000,    5376347,        0,  -75623653,          0
  5289,    38,   81000000,    5395797,        0,  -75604203,          0
  5289,    39,   81000000,    5353149,        0,  -75646851,          0
  5289,    40,   81000000,    5418516,        0,  -75581484,          0
  5289,    41,   81000000,    5395246,        0,  -75604754,          0
  5289,    42,   81000000,    5347551,        0,  -75652449,          0
  5289,    43,   81000000,    5356438,        0,  -75643562,          0
  5289,    44,   81000000,    5430167,        0,  -75569833,          0
  5289,    45,   81000000,    5361695,        0,  -75638305,          0
  5289,    46,   81000000,    5394640,        0,  -75605360,          0
  5289,    47,   81000000,    5351406,        0,  -75648594,          0
  5289,    48,   81000000,    5396869,        0,  -75603131,          0
  5289,    49,   81000000,    5433814,        0,  -75566186,          0
  5289,    50,   81000000,    5729198,        0,  -75270802,          0
  5289,    51,   81000000,    5380166,        0,  -75619834,          0
  5289,    52,   81000000,    5356963,        0,  -75643037,          0
  5289,    53,   81000000,    7581158,        0,  -73418842,          0
  5289,    54,   81000000,    5399174,        0,  -75600826,          0
  5289,    55,   81000000,    5395269,        0,  -75604731,          0
  5289,    56,   81000000,    5355579,        0,  -75644421,          0
  5289,    57,   81000000,    5377575,        0,  -75622425,          0
  5289,    58,   81000000,    5475776,        0,  -75524224,          0
  5289,    59,   81000000,    5412546,        0,  -75587454,          0
  5289,    60,   81000000,    5405925,        0,  -75594075,          0
  5289,    61,   81000000,    5400760,        0,  -75599240,          0
  5289,    62,   81000000,    5385139,        0,  -75614861,          0
  5289,    63,   81000000,    5366807,        0,  -75633193,          0
  5289,    64,   81000000,    5393777,        0,  -75606223,          0
  5289,    65,   81000000,    5390558,        0,  -75609442,          0
  5289,    66,   81000000,    5404617,        0,  -75595383,          0
  5289,    67,   81000000,    5710772,        0,  -75289228,          0
  5289,    68,   81000000,    5429661,        0,  -75570339,          0
  5289,    69,   81000000,    5417222,        0,  -75582778,          0
  5289,    70,   81000000,    5372672,        0,  -75627328,          0
  5289,    71,   81000000,    5394922,        0,  -75605078,          0
  5289,    72,   81000000,    5377409,        0,  -75622591,          0
  5289,    73,   81000000,    5334407,        0,  -75665593,          0
  5289,    74,   81000000,    5379570,        0,  -75620430,          0
  5289,    75,   81000000,    5361518,        0,  -75638482,          0
  5289,    76,   81000000,    5377870,        0,  -75622130,          0
  5289,    77,   81000000,    5371612,        0,  -75628388,          0
  5289,    78,   81000000,    5422852,        0,  -75577148,          0
  5289,    79,   81000000,    5377559,        0,  -75622441,          0
  5289,    80,   81000000,    5379688,        0,  -75620312,          0
  5289,    81,   81000000,    5355321,        0,  -75644679,          0
  5289,    82,   81000000,    5397183,        0,  -75602817,          0
  5289,    83,   81000000,    5429391,        0,  -75570609,          0
  5289,    84,   81000000,    5351523,        0,  -75648477,          0
  5289,    85,   81000000,    5393561,        0,  -75606439,          0
  5289,    86,   81000000,    5412370,        0,  -75587630,          0
  5289,    87,   81000000,    5402273,        0,  -75597727,          0
  5289,    88,   81000000,    5435439,        0,  -75564561,          0
  5289,    89,   81000000,    5343538,        0,  -75656462,          0
  5289,    90,   81000000,    5351676,        0,  -75648324,          0
  5289,    91,   81000000,    5357256,        0,  -75642744,          0
  5289,    92,   81000000,    5389459,        0,  -75610541,          0
  5289,    93,   81000000,    5353954,        0,  -75646046,          0
  5289,    94,   81000000,    5402280,        0,  -75597720,          0
  5289,    95,   81000000,    5387834,        0,  -75612166,          0
  5289,    96,   81000000,    5413625,        0,  -75586375,          0
  5289,    97,   81000000,    8369647,        0,  -72630353,          0
  5289,    98,   81000000,    5410566,        0,  -75589434,          0
  5289,    99,   81000000,    5387947,        0,  -75612053,          0
  5289,   100,   81000000,    5403898,        0,  -75596102,          0
  5289,   101,   81000000,    5400756,        0,  -75599244,          0
  5289,   102,   81000000,    5405116,        0,  -75594884,          0
  5289,   103,   81000000,    5362803,        0,  -75637197,          0
  5289,   104,   81000000,    5672723,        0,  -75327277,          0
  5289,   105,   81000000,    5385703,        0,  -75614297,          0
  5289,   106,   81000000,    5397381,        0,  -75602619,          0
  5289,   107,   81000000,    5383901,        0,  -75616099,          0
  5289,   108,   81000000,    5380601,        0,  -75619399,          0
  5289,   109,   81000000,    5336007,        0,  -75663993,          0
  5289,   110,   81000000,    5419976,        0,  -75580024,          0
  5289,   111,   81000000,    5412068,        0,  -75587932,          0
  5289,   112,   81000000,    5419551,        0,  -75580449,          0
  5289,   113,   81000000,    5400733,        0,  -75599267,          0
  5289,   114,   81000000,    7188825,        0,  -73811175,          0
  5289,   115,   81000000,    5389394,        0,  -75610606,          0
  5289,   116,   81000000,    5416893,        0,  -75583107,          0
  5289,   117,   81000000,    5366549,        0,  -75633451,          0
  5289,   118,   81000000,    5451628,        0,  -75548372,          0
  5289,   119,   81000000,    5583039,        0,  -75416961,          0
  5289,   120,   81000000,    5377790,        0,  -75622210,          0
  5289,   121,   81000000,    5682306,        0,  -75317694,          0
  5289,   122,   81000000,    5414296,        0,  -75585704,          0
  5289,   123,   81000000,    5406024,        0,  -75593976,          0
  5289,   124,   81000000,    5415414,        0,  -75584586,          0
  5289,   125,   81000000,    5405085,        0,  -75594915,          0
  5289,   126,   81000000,    5372693,        0,  -75627307,          0
  5289,   127,   81000000,    5375856,        0,  -75624144,          0
# task NAME=myapp PID=5292 COST=2969000 PERIOD=47000000 CPU=0
  5292,     2,   47000000,      13027,        0,  -46986973,          0
  5292,     3,   47000000,      96578,        0,  -46903422,          0
  5292,     4,   47000000,    2974127,        0,  -44025873,          0
  5292,     5,   47000000,    4030863,        0,  -42969137,          0
  5292,     6,   47000000,    3065906,        0,  -43934094,          0
  5292,     7,   47000000,    3032626,        0,  -43967374,          0
  5292,     8,   47000000,    3020024,        0,  -43979976,          0
  5292,     9,   47000000,    3047208,        0,  -43952792,          0
  5292,    10,   47000000,    3060178,        0,  -43939822,          0
  5292,    11,   47000000,    2997310,        0,  -44002690,          0
  5292,    12,   47000000,    3053518,        0,  -43946482,          0
  5292,    13,   47000000,    3062296,        0,  -43937704,          0
  5292,    14,   47000000,    2986720,        0,  -44013280,          0
  5292,    15,   47000000,    3028662,        0,  -43971338,          0
  5292,    16,   47000000,    3019410,        0,  -43980590,          0
  5292,    17,   47000000,    2980780,        0,  -44019220,          0
  5292,    18,   47000000,    3031429,        0,  -43968571,          0
  5292,    19,   47000000,    3016746,        0,  -43983254,          0
  5292,    20,   47000000,    2995376,        0,  -44004624,          0
  5292,    21,   47000000,    3031135,        0,  -43968865,          0
  5292,    22,   47000000,    2973566,        0,  -44026434,          0
  5292,    23,   47000000,    2995259,        0,  -44004741,          0
  5292,    24,   47000000,    3020561,        0,  -43979439,          0
  5292,    25,   47000000,    3017785,        0,  -43982215,          0
  5292,    26,   47000000,    3072159,        0,  -43927841,          0
  5292,    27,   47000000,    3204630,        0,  -43795370,          0
  5292,    28,   47000000,    2988527,        0,  -44011473,          0
  5292,    29,   47000000,    5229709,        0,  -41770291,          0
  5292,    30,   47000000,    3016748,        0,  -43983252,          0
  5292,    31,   47000000,    3023394,        0,  -43976606,          0
  5292,    32,   47000000,    3015233,        0,  -43984767,          0
  5292,    33,   47000000,    3069618,        0,  -43930382,          0
  5292,    34,   47000000,    2973268,        0,  -44026732,          0
  5292,    35,   47000000,    3067842,        0,  -43932158,          0
  5292,    36,   47000000,    3070332,        0,  -43929668,          0
  5292,    37,   47000000,    2998917,        0,  -44001083,          0
  5292,    38,   47000000,    2981675,        0,  -44018325,          0
  5292,    39,   47000000,    3018315,        0,  -43981685,          0
  5292,    40,   47000000,    3036157,        0,  -43963843,          0
  5292,    41,   47000000,    2993682,        0,  -44006318,          0
  5292,    42,   47000000,    2996383,        0,  -44003617,          0
  5292,    43,   47000000,    2990223,        0,  -44009777,          0
  5292,    44,   47000000,    3116497,        0,  -43883503,          0
  5292,    45,   47000000,    3032963,        0,  -43967037,          0
  5292,    46,   47000000,    2986706,        0,  -44013294,          0
  5292,    47,   47000000,    3022032,        0,  -43977968,          0
  5292,    48,   47000000,    3028552,        0,  -43971448,          0
  5292,    49,   47000000,    3022142,        0,  -43977858,          0
  5292,    50,   47000000,    3040293,        0,  -43959707,          0
  5292,    51,   47000000,    3018136,        0,  -43981864,          0
  5292,    52,   47000000,    3006497,        0,  -43993503,          0
  5292,    53,   47000000,    3021184,        0,  -43978816,          0
  5292,    54,   47000000,    3014651,        0,  -43985349,          0
  5292,    55,   47000000,    3054538,        0,  -43945462,          0
  5292,    56,   47000000,    3000597,        0,  -43999403,          0
  5292,    57,   47000000,    3035239,        0,  -43964761,          0
  5292,    58,   47000000,    3041478,        0,  -43958522,          0
  5292,    59,   47000000,    3015333,        0,  -43984667,          0
  5292,    60,   47000000,    3105176,        0,  -43894824,          0
  5292,    61,   47000000,    3046275,        0,  -43953725,          0
  5292,    62,   47000000,    3034418,        0,  -43965582,          0
  5292,    63,   47000000,    3014520,        0,  -43985480,          0
  5292,    64,   47000000,    2988544,        0,  -44011456,          0
  5292,    65,   47000000,    3038868,        0,  -43961132,          0
  5292,    66,   47000000,    3023938,        0,  -43976062,          0
  5292,    67,   47000000,    3025802,        0,  -43974198,          0
  5292,    68,   47000000,    3047291,        0,  -43952709,          0
  5292,    69,   47000000,    2997680,        0,  -44002320,          0
  5292,    70,   47000000,    3058174,        0,  -43941826,          0
  5292,    71,   47000000,    3045631,        0,  -43954369,          0
  5292,    72,   47000000,    2992235,        0,  -44007765,          0
  5292,    73,   47000000,    3048624,        0,  -43951376,          0
  5292,    74,   47000000,    3054736,        0,  -43945264,          0
  5292,    75,   47000000,    3047786,        0,  -43952214,          0
  5292,    76,   47000000,    3043162,        0,  -43956838,          0
  5292,    77,   47000000,    3019779,        0,  -43980221,          0
  5292,    78,   47000000,    3057190,        0,  -43942810,          0
  5292,    79,   47000000,    2982428,        0,  -44017572,          0
  5292,    80,   47000000,    3062144,        0,  -43937856,          0
  5292,    81,   47000000,    2990872,        0,  -44009128,          0
  5292,    82,   47000000,    3025668,        0,  -43974332,          0
  5292,    83,   47000000,    3053882,        0,  -43946118,          0
  5292,    84,   47000000,    3309680,        0,  -43690320,          0
  5292,    85,   47000000,    3006805,        0,  -43993195,          0
  5292,    86,   47000000,    3014118,        0,  -43985882,          0
  5292,    87,   47000000,    3039515,        0,  -43960485,          0
  5292,    88,   47000000,    2984205,        0,  -44015795,          0
  5292,    89,   47000000,    3001466,        0,  -43998534,          0
  5292,    90,   47000000,    3032246,        0,  -43967754,          0
  5292,    91,   47000000,    3055635,        0,  -43944365,          0
  5292,    92,   47000000,    3343633,        0,  -43656367,          0
  5292,    93,   47000000,    3014120,        0,  -43985880,          0
  5292,    94,   47000000,    3039785,        0,  -43960215,          0
  5292,    95,   47000000,    2986915,        0,  -44013085,          0
  5292,    96,   47000000,    3044666,        0,  -43955334,          0
  5292,    97,   47000000,    2973658,        0,  -44026342,          0
  5292,    98,   47000000,    3024911,        0,  -43975089,          0
  5292,    99,   47000000,    2994840,        0,  -44005160,          0
  5292,   100,   47000000,    3288890,        0,  -43711110,          0
  5292,   101,   47000000,    3029860,        0,  -43970140,          0
  5292,   102,   47000000,    3002059,        0,  -43997941,          0
  5292,   103,   47000000,    3016732,        0,  -43983268,          0
  5292,   104,   47000000,    3049331,        0,  -43950669,          0
  5292,   105,   47000000,    3589645,        0,  -43410355,          0
  5292,   106,   47000000,    3014298,        0,  -43985702,          0
  5292,   107,   47000000,    3000933,        0,  -43999067,          0
  5292,   108,   47000000,    3226489,        0,  -43773511,          0
  5292,   109,   47000000,    2982866,        0,  -44017134,          0
  5292,   110,   47000000,    3041148,        0,  -43958852,          0
  5292,   111,   47000000,    3018692,        0,  -43981308,          0
  5292,   112,   47000000,    3070207,        0,  -43929793,          0
  5292,   113,   47000000,    3021348,        0,  -43978652,          0
  5292,   114,   47000000,    3016728,        0,  -43983272,          0
  5292,   115,   47000000,    3066777,        0,  -43933223,          0
  5292,   116,   47000000,    3000216,        0,  -43999784,          0
  5292,   117,   47000000,    3049161,        0,  -43950839,          0
  5292,   118,   47000000,    2979049,        0,  -44020951,          0
  5292,   119,   47000000,    2998267,        0,  -44001733,          0
  5292,   120,   47000000,    3007311,        0,  -43992689,          0
  5292,   121,   47000000,    2986314,        0,  -44013686,          0
  5292,   122,   47000000,    3037517,        0,  -43962483,          0
  5292,   123,   47000000,    2989274,        0,  -44010726,          0
  5292,   124,   47000000,    3038450,        0,  -43961550,          0
  5292,   125,   47000000,    3022967,        0,  -43977033,          0
  5292,   126,   47000000,    3027686,        0,  -43972314,          0
  5292,   127,   47000000,    3062677,        0,  -43937323,          0
  5292,   128,   47000000,    2989687,        0,  -44010313,          0
  5292,   129,   47000000,    3019635,        0,  -43980365,          0
  5292,   130,   47000000,    3015970,        0,  -43984030,          0
  5292,   131,   47000000,    3046616,        0,  -43953384,          0
  5292,   132,   47000000,    3030291,        0,  -43969709,          0
  5292,   133,   47000000,    2967958,        0,  -44032042,          0
  5292,   134,   47000000,    2986315,        0,  -44013685,          0
  5292,   135,   47000000,    2983881,        0,  -44016119,          0
  5292,   136,   47000000,    2978974,        0,  -44021026,          0
  5292,   137,   47000000,    3006022,        0,  -43993978,          0
  5292,   138,   47000000,    2986588,        0,  -44013412,          0
  5292,   139,   47000000,    4142629,        0,  -42857371,          0
  5292,   140,   47000000,    6901106,        0,  -40098894,          0
  5292,   141,   47000000,    3047385,        0,  -43952615,          0
  5292,   142,   47000000,    3035273,        0,  -43964727,          0
  5292,   143,   47000000,    3106446,        0,  -43893554,          0
  5292,   144,   47000000,    3016166,        0,  -43983834,          0
  5292,   145,   47000000,    2991105,        0,  -44008895,          0
  5292,   146,   47000000,    3067683,        0,  -43932317,          0
  5292,   147,   47000000,    3018886,        0,  -43981114,          0
  5292,   148,   47000000,    3057611,        0,  -43942389,          0
  5292,   149,   47000000,    2980032,        0,  -44019968,          0
  5292,   150,   47000000,    3052839,        0,  -43947161,          0
  5292,   151,   47000000,    3086144,        0,  -43913856,          0
  5292,   152,   47000000,    3017237,        0,  -43982763,          0
  5292,   153,   47000000,    3117224,        0,  -43882776,          0
  5292,   154,   47000000,    2979929,        0,  -44020071,          0
  5292,   155,   47000000,    2980851,        0,  -44019149,          0
  5292,   156,   47000000,    3040129,        0,  -43959871,          0
  5292,   157,   47000000,    3028492,        0,  -43971508,          0
  5292,   158,   47000000,    3022110,        0,  -43977890,          0
  5292,   159,   47000000,    3016449,        0,  -43983551,          0
  5292,   160,   47000000,    3065177,        0,  -43934823,          0
  5292,   161,   47000000,    2985557,        0,  -44014443,          0
  5292,   162,   47000000,    3015751,        0,  -43984249,          0
  5292,   163,   47000000,    3078423,        0,  -43921577,          0
  5292,   164,   47000000,    3052920,        0,  -43947080,          0
  5292,   165,   47000000,    2995124,        0,  -44004876,          0
  5292,   166,   47000000,    3016991,        0,  -43983009,          0
  5292,   167,   47000000,    3014552,        0,  -43985448,          0
  5292,   168,   47000000,    3051719,        0,  -43948281,          0
  5292,   169,   47000000,    3039250,        0,  -43960750,          0
  5292,   170,   47000000,    3037554,        0,  -43962446,          0
  5292,   171,   47000000,    3059815,        0,  -43940185,          0
  5292,   172,   47000000,    3023156,        0,  -43976844,          0
  5292,   173,   47000000,    2974725,        0,  -44025275,          0
  5292,   174,   47000000,    3052901,        0,  -43947099,          0
  5292,   175,   47000000,    3045364,        0,  -43954636,          0
  5292,   176,   47000000,    2997728,        0,  -44002272,          0
  5292,   177,   47000000,    3041847,        0,  -43958153,          0
  5292,   178,   47000000,    3022709,        0,  -43977291,          0
  5292,   179,   47000000,    3049483,        0,  -43950517,          0
  5292,   180,   47000000,    3047700,        0,  -43952300,          0
  5292,   181,   47000000,    3105952,        0,  -43894048,          0
  5292,   182,   47000000,    3071163,        0,  -43928837,          0
  5292,   183,   47000000,    3078722,        0,  -43921278,          0
  5292,   184,   47000000,    3058258,        0,  -43941742,          0
  5292,   185,   47000000,    3051412,        0,  -43948588,          0
  5292,   186,   47000000,    3034839,        0,  -43965161,          0
  5292,   187,   47000000,    3044515,        0,  -43955485,          0
  5292,   188,   47000000,    3065952,        0,  -43934048,          0
  5292,   189,   47000000,    3018201,        0,  -43981799,          0
  5292,   190,   47000000,    2999132,        0,  -44000868,          0
  5292,   191,   47000000,    3043654,        0,  -43956346,          0
  5292,   192,   47000000,    2984195,        0,  -44015805,          0
  5292,   193,   47000000,    3058022,        0,  -43941978,          0
  5292,   194,   47000000,    3014048,        0,  -43985952,          0
  5292,   195,   47000000,    2974588,        0,  -44025412,          0
  5292,   196,   47000000,    3021476,        0,  -43978524,          0
  5292,   197,   47000000,    3060187,        0,  -43939813,          0
  5292,   198,   47000000,    3014974,        0,  -43985026,          0
  5292,   199,   47000000,    2979246,        0,  -44020754,          0
  5292,   200,   47000000,    3013124,        0,  -43986876,          0
  5292,   201,   47000000,    3056488,        0,  -43943512,          0
  5292,   202,   47000000,    3007348,        0,  -43992652,          0
  5292,   203,   47000000,    4094065,        0,  -42905935,          0
  5292,   204,   47000000,    3049257,        0,  -43950743,          0
  5292,   205,   47000000,    2990069,        0,  -44009931,          0
  5292,   206,   47000000,    3035242,        0,  -43964758,          0
  5292,   207,   47000000,    3019385,        0,  -43980615,          0
  5292,   208,   47000000,    3017646,        0,  -43982354,          0
  5292,   209,   47000000,    3344635,        0,  -43655365,          0
  5292,   210,   47000000,    3019957,        0,  -43980043,          0
  5292,   211,   47000000,    2992671,        0,  -44007329,          0
  5292,   212,   47000000,    2991852,        0,  -44008148,          0
  5292,   213,   47000000,    3022996,        0,  -43977004,          0
  5292,   214,   47000000,    2986419,        0,  -44013581,          0
  5292,   215,   47000000,    3026208,        0,  -43973792,          0
  5292,   216,   47000000,    3049028,        0,  -43950972,          0
# task NAME=myapp PID=5297 COST=4054000 PERIOD=89000000 CPU=0
  5297,     2,   89000000,       2933,        0,  -88997067,          0
  5297,     3,   89000000,     124560,        0,  -88875440,          0
  5297,     4,   89000000,    4127341,        0,  -84872659,          0
  5297,     5,   89000000,    4067732,        0,  -84932268,          0
  5297,     6,   89000000,    4118906,        0,  -84881094,          0
  5297,     7,   89000000,    4118938,        0,  -84881062,          0
  5297,     8,   89000000,    4119708,        0,  -84880292,          0
  5297,     9,   89000000,    4088880,        0,  -84911120,          0
  5297,    10,   89000000,    4085720,        0,  -84914280,          0
  5297,    11,   89000000,    6272377,        0,  -82727623,          0
  5297,    12,   89000000,    4074849,        0,  -84925151,          0
  5297,    13,   89000000,    4133350,        0,  -84866650,          0
  5297,    14,   89000000,    4406047,        0,  -84593953,          0
  5297,    15,   89000000,    4125015,        0,  -84874985,          0
  5297,    16,   89000000,    4126142,        0,  -84873858,          0
  5297,    17,   89000000,    4087947,        0,  -84912053,          0
  5297,    18,   89000000,    4095610,        0,  -84904390,          0
  5297,    19,   89000000,    4084636,        0,  -84915364,          0
  5297,    20,   89000000,    4071587,        0,  -84928413,          0
  5297,    21,   89000000,    4070538,        0,  -84929462,          0
  5297,    22,   89000000,    4168631,        0,  -84831369,          0
  5297,    23,   89000000,    4091237,        0,  -84908763,          0
  5297,    24,   89000000,    4107339,        0,  -84892661,          0
  5297,    25,   89000000,    4099264,        0,  -84900736,          0
  5297,    26,   89000000,    4157047,        0,  -84842953,          0
  5297,    27,   89000000,    4075553,        0,  -84924447,          0
  5297,    28,   89000000,    4122661,        0,  -84877339,          0
  5297,    29,   89000000,    4104976,        0,  -84895024,          0
  5297,    30,   89000000,    4070802,        0,  -84929198,          0
  5297,    31,   89000000,    4128880,        0,  -84871120,          0
  5297,    32,   89000000,    4091654,        0,  -84908346,          0
  5297,    33,   89000000,    4187171,        0,  -84812829,          0
  5297,    34,   89000000,    4121134,        0,  -84878866,          0
  5297,    35,   89000000,    4120453,        0,  -84879547,          0
  5297,    36,   89000000,    4157072,        0,  -84842928,          0
  5297,    37,   89000000,    4088381,        0,  -84911619,          0
  5297,    38,   89000000,    4076875,        0,  -84923125,          0
  5297,    39,   89000000,    4081479,        0,  -84918521,          0
  5297,    40,   89000000,    4124479,        0,  -84875521,          0
  5297,    41,   89000000,    4092763,        0,  -84907237,          0
  5297,    42,   89000000,    7083992,        0,  -81916008,          0
  5297,    43,   89000000,    4324619,        0,  -84675381,          0
  5297,    44,   89000000,    4121210,        0,  -84878790,          0
  5297,    45,   89000000,    4106277,        0,  -84893723,          0
  5297,    46,   89000000,    4091994,        0,  -84908006,          0
  5297,    47,   89000000,    4093173,        0,  -84906827,          0
  5297,    48,   89000000,    4089216,        0,  -84910784,          0
  5297,    49,   89000000,    4063311,        0,  -84936689,          0
  5297,    50,   89000000,    4419485,        0,  -84580515,          0
  5297,    51,   89000000,    5436337,        0,  -83563663,          0
  5297,    52,   89000000,    4066350,        0,  -84933650,          0
  5297,    53,   89000000,    4137645,        0,  -84862355,          0
  5297,    54,   89000000,    4112032,        0,  -84887968,          0
  5297,    55,   89000000,    4125628,        0,  -84874372,          0
  5297,    56,   89000000,    4092937,        0,  -84907063,          0
  5297,    57,   89000000,    4364688,        0,  -84635312,          0
  5297,    58,   89000000,    4141001,        0,  -84858999,          0
  5297,    59,   89000000,    4090490,        0,  -84909510,          0
  5297,    60,   89000000,    4070265,        0,  -84929735,          0
  5297,    61,   89000000,    4061330,        0,  -84938670,          0
  5297,    62,   89000000,    4090964,        0,  -84909036,          0
  5297,    63,   89000000,    4121635,        0,  -84878365,          0
  5297,    64,   89000000,    4098441,        0,  -84901559,          0
  5297,    65,   89000000,    4088009,        0,  -84911991,          0
  5297,    66,   89000000,    4090627,        0,  -84909373,          0
  5297,    67,   89000000,    4113792,        0,  -84886208,          0
  5297,    68,   89000000,    4092909,        0,  -84907091,          0
  5297,    69,   89000000,    4081814,        0,  -84918186,          0
  5297,    70,   89000000,    4063333,        0,  -84936667,          0
  5297,    71,   89000000,    4081638,        0,  -84918362,          0
  5297,    72,   89000000,    4127923,        0,  -84872077,          0
  5297,    73,   89000000,    4092875,        0,  -84907125,          0
  5297,    74,   89000000,    4121060,        0,  -84878940,          0
  5297,    75,   89000000,    4104623,        0,  -84895377,          0
  5297,    76,   89000000,    4099532,        0,  -84900468,          0
  5297,    77,   89000000,    4086721,        0,  -84913279,          0
  5297,    78,   89000000,    4095770,        0,  -84904230,          0
  5297,    79,   89000000,    4089990,        0,  -84910010,          0
  5297,    80,   89000000,    4143496,        0,  -84856504,          0
  5297,    81,   89000000,    4137519,        0,  -84862481,          0
  5297,    82,   89000000,    4085833,        0,  -84914167,          0
  5297,    83,   89000000,    4076866,        0,  -84923134,          0
  5297,    84,   89000000,    4114600,        0,  -84885400,          0
  5297,    85,   89000000,    4093106,        0,  -84906894,          0
  5297,    86,   89000000,    4094316,        0,  -84905684,          0
  5297,    87,   89000000,    4072037,        0,  -84927963,          0
  5297,    88,   89000000,    4075436,        0,  -84924564,          0
  5297,    89,   89000000,    4149533,        0,  -84850467,          0
  5297,    90,   89000000,    4066052,        0,  -84933948,          0
  5297,    91,   89000000,    4088779,        0,  -84911221,          0
  5297,    92,   89000000,    4099731,        0,  -84900269,          0
  5297,    93,   89000000,    4071559,        0,  -84928441,          0
  5297,    94,   89000000,    4143499,        0,  -84856501,          0
  5297,    95,   89000000,    4069903,        0,  -84930097,          0
  5297,    96,   89000000,    4319883,        0,  -84680117,          0
  5297,    97,   89000000,    7232329,        0,  -81767671,          0
  5297,    98,   89000000,    4099111,        0,  -84900889,          0
  5297,    99,   89000000,    4098099,        0,  -84901901,          0
  5297,   100,   89000000,    4138763,        0,  -84861237,          0
  5297,   101,   89000000,    4079008,        0,  -84920992,          0
  5297,   102,   89000000,    4128831,        0,  -84871169,          0
  5297,   103,   89000000,    4090441,        0,  -84909559,          0
  5297,   104,   89000000,    4118805,        0,  -84881195,          0
  5297,   105,   89000000,    4060498,        0,  -84939502,          0
  5297,   106,   89000000,    4083744,        0,  -84916256,          0
  5297,   107,   89000000,    4096357,        0,  -84903643,          0
  5297,   108,   89000000,    4085526,        0,  -84914474,          0
  5297,   109,   89000000,    4395891,        0,  -84604109,          0
  5297,   110,   89000000,    4074301,        0,  -84925699,          0
  5297,   111,   89000000,    4096191,        0,  -84903809,          0
  5297,   112,   89000000,    4155869,        0,  -84844131,          0
  5297,   113,   89000000,    4130691,        0,  -84869309,          0
  5297,   114,   89000000,    4119366,        0,  -84880634,          0
  5297,   115,   89000000,    4098036,        0,  -84901964,          0
  5297,   116,   89000000,    4337853,        0,  -84662147,          0
# task NAME=myapp PID=5301 COST=1753000 PERIOD=37000000 CPU=0
  5301,     2,   37000000,      20804,        0,  -36979196,          0
  5301,     3,   37000000,     128134,        0,  -36871866,          0
  5301,     4,   37000000,    1806073,        0,  -35193927,          0
  5301,     5,   37000000,    1789689,        0,  -35210311,          0
  5301,     6,   37000000,    1848297,        0,  -35151703,          0
  5301,     7,   37000000,    1828370,        0,  -35171630,          0
  5301,     8,   37000000,    1968639,        0,  -35031361,          0
  5301,     9,   37000000,    1833522,        0,  -35166478,          0
  5301,    10,   37000000,    1844001,        0,  -35155999,          0
  5301,    11,   37000000,    1803383,        0,  -35196617,          0
  5301,    12,   37000000,    1776680,        0,  -35223320,          0
  5301,    13,   37000000,    1779317,        0,  -35220683,          0
  5301,    14,   37000000,    1820724,        0,  -35179276,          0
  5301,    15,   37000000,    1826548,        0,  -35173452,          0
  5301,    16,   37000000,    1770142,        0,  -35229858,          0
  5301,    17,   37000000,    1816250,        0,  -35183750,          0
  5301,    18,   37000000,    1792620,        0,  -35207380,          0
  5301,    19,   37000000,    1794406,        0,  -35205594,          0
  5301,    20,   37000000,    1839594,        0,  -35160406,          0
  5301,    21,   37000000,    1838501,        0,  -35161499,          0
  5301,    22,   37000000,    1808018,        0,  -35191982,          0
  5301,    23,   37000000,    1801897,        0,  -35198103,          0
  5301,    24,   37000000,    1833882,        0,  -35166118,          0
  5301,    25,   37000000,    5266865,        0,  -31733135,          0
  5301,    26,   37000000,    1972378,        0,  -35027622,          0
  5301,    27,   37000000,    1839143,        0,  -35160857,          0
  5301,    28,   37000000,    1789823,        0,  -35210177,          0
  5301,    29,   37000000,    1832154,        0,  -35167846,          0
  5301,    30,   37000000,    1834735,        0,  -35165265,          0
  5301,    31,   37000000,    1832057,        0,  -35167943,          0
  5301,    32,   37000000,    1831953,        0,  -35168047,          0
  5301,    33,   37000000,    1901214,        0,  -35098786,          0
  5301,    34,   37000000,    1785049,        0,  -35214951,          0
  5301,    35,   37000000,    2137118,        0,  -34862882,          0
  5301,    36,   37000000,    1816389,        0,  -35183611,          0
  5301,    37,   37000000,    1823254,        0,  -35176746,          0
  5301,    38,   37000000,    1838552,        0,  -35161448,          0
  5301,    39,   37000000,    1838656,        0,  -35161344,          0
  5301,    40,   37000000,    1790477,        0,  -35209523,          0
  5301,    41,   37000000,    1816865,        0,  -35183135,          0
  5301,    42,   37000000,    1862054,        0,  -35137946,          0
  5301,    43,   37000000,    1826152,        0,  -35173848,          0
  5301,    44,   37000000,    1768799,        0,  -35231201,          0
  5301,    45,   37000000,    1814237,        0,  -35185763,          0
  5301,    46,   37000000,    1825622,        0,  -35174378,          0
  5301,    47,   37000000,    1834464,        0,  -35165536,          0
  5301,    48,   37000000,    1848650,        0,  -35151350,          0
  5301,    49,   37000000,    1774482,        0,  -35225518,          0
  5301,    50,   37000000,    1824007,        0,  -35175993,          0
  5301,    51,   37000000,    1821494,        0,  -35178506,          0
  5301,    52,   37000000,    1809949,        0,  -35190051,          0
  5301,    53,   37000000,    1801395,        0,  -35198605,          0
  5301,    54,   37000000,    1818390,        0,  -35181610,          0
  5301,    55,   37000000,    1786378,        0,  -35213622,          0
  5301,    56,   37000000,    1821415,        0,  -35178585,          0
  5301,    57,   37000000,    1852060,        0,  -35147940,          0
  5301,    58,   37000000,    1853151,        0,  -35146849,          0
  5301,    59,   37000000,    1812351,        0,  -35187649,          0
  5301,    60,   37000000,    1796845,        0,  -35203155,          0
  5301,    61,   37000000,    1791395,        0,  -35208605,          0
  5301,    62,   37000000,    1774976,        0,  -35225024,          0
  5301,    63,   37000000,    1771153,        0,  -35228847,          0
  5301,    64,   37000000,    1788400,        0,  -35211600,          0
  5301,    65,   37000000,    1786870,        0,  -35213130,          0
  5301,    66,   37000000,    1807845,        0,  -35192155,          0
  5301,    67,   37000000,    1804642,        0,  -35195358,          0
  5301,    68,   37000000,    1807785,        0,  -35192215,          0
  5301,    69,   37000000,    1847333,        0,  -35152667,          0
  5301,    70,   37000000,    1804797,        0,  -35195203,          0
  5301,    71,   37000000,    1835178,        0,  -35164822,          0
  5301,    72,   37000000,    1970691,        0,  -35029309,          0
  5301,    73,   37000000,    1851454,        0,  -35148546,          0
  5301,    74,   37000000,    1867709,        0,  -35132291,          0
  5301,    75,   37000000,    1917928,        0,  -35082072,          0
  5301,    76,   37000000,    1844513,        0,  -35155487,          0
  5301,    77,   37000000,    1776722,        0,  -35223278,          0
  5301,    78,   37000000,    1803261,        0,  -35196739,          0
  5301,    79,   37000000,    1799640,        0,  -35200360,          0
  5301,    80,   37000000,    1809387,        0,  -35190613,          0
  5301,    81,   37000000,    1815098,        0,  -35184902,          0
  5301,    82,   37000000,    1807211,        0,  -35192789,          0
  5301,    83,   37000000,    1805467,        0,  -35194533,          0
  5301,    84,   37000000,    1868513,        0,  -35131487,          0
  5301,    85,   37000000,    1802876,        0,  -35197124,          0
  5301,    86,   37000000,    1784398,        0,  -35215602,          0
  5301,    87,   37000000,    1834455,        0,  -35165545,          0
  5301,    88,   37000000,    1833323,        0,  -35166677,          0
  5301,    89,   37000000,    1771029,        0,  -35228971,          0
  5301,    90,   37000000,    1809086,        0,  -35190914,          0
  5301,    91,   37000000,    1807778,        0,  -35192222,          0
  5301,    92,   37000000,    1817991,        0,  -35182009,          0
  5301,    93,   37000000,    1820013,        0,  -35179987,          0
  5301,    94,   37000000,    1821282,        0,  -35178718,          0
  5301,    95,   37000000,    1846897,        0,  -35153103,          0
  5301,    96,   37000000,    1836462,        0,  -35163538,          0
  5301,    97,   37000000,    3296010,        0,  -33703990,          0
  5301,    98,   37000000,    1776703,        0,  -35223297,          0
  5301,    99,   37000000,    1811477,        0,  -35188523,          0
  5301,   100,   37000000,    1826219,        0,  -35173781,          0
  5301,   101,   37000000,    1794265,        0,  -35205735,          0
  5301,   102,   37000000,    1788319,        0,  -35211681,          0
  5301,   103,   37000000,    1775393,        0,  -35224607,          0
  5301,   104,   37000000,    1809305,        0,  -35190695,          0
  5301,   105,   37000000,    1850435,        0,  -35149565,          0
  5301,   106,   37000000,    1847172,        0,  -35152828,          0
  5301,   107,   37000000,    1808462,        0,  -35191538,          0
  5301,   108,   37000000,    1774972,        0,  -35225028,          0
  5301,   109,   37000000,    1814655,        0,  -35185345,          0
  5301,   110,   37000000,    1796744,        0,  -35203256,          0
  5301,   111,   37000000,    1839008,        0,  -35160992,          0
  5301,   112,   37000000,    1785669,        0,  -35214331,          0
  5301,   113,   37000000,    1818075,        0,  -35181925,          0
  5301,   114,   37000000,    1939351,        0,  -35060649,          0
  5301,   115,   37000000,    1787161,        0,  -35212839,          0
  5301,   116,   37000000,    2031161,        0,  -34968839,          0
  5301,   117,   37000000,    1818447,        0,  -35181553,          0
  5301,   118,   37000000,    1843112,        0,  -35156888,          0
  5301,   119,   37000000,    1808030,        0,  -35191970,          0
  5301,   120,   37000000,    1801306,        0,  -35198694,          0
  5301,   121,   37000000,    1811446,        0,  -35188554,          0
  5301,   122,   37000000,    1770702,        0,  -35229298,          0
  5301,   123,   37000000,    1843521,        0,  -35156479,          0
  5301,   124,   37000000,    1833862,        0,  -35166138,          0
  5301,   125,   37000000,    1768790,        0,  -35231210,          0
  5301,   126,   37000000,    1799265,        0,  -35200735,          0
  5301,   127,   37000000,    1788870,        0,  -35211130,          0
  5301,   128,   37000000,    1828943,        0,  -35171057,          0
  5301,   129,   37000000,    1810647,        0,  -35189353,          0
  5301,   130,   37000000,    1806963,        0,  -35193037,          0
  5301,   131,   37000000,    1817406,        0,  -35182594,          0
  5301,   132,   37000000,    1830267,        0,  -35169733,          0
  5301,   133,   37000000,    2028598,        0,  -34971402,          0
  5301,   134,   37000000,    1784311,        0,  -35215689,          0
  5301,   135,   37000000,    1768775,        0,  -35231225,          0
  5301,   136,   37000000,    1800001,        0,  -35199999,          0
  5301,   137,   37000000,    1788331,        0,  -35211669,          0
  5301,   138,   37000000,    1847972,        0,  -35152028,          0
  5301,   139,   37000000,    1805179,        0,  -35194821,          0
  5301,   140,   37000000,    1801115,        0,  -35198885,          0
  5301,   141,   37000000,    1797263,        0,  -35202737,          0
  5301,   142,   37000000,    1816447,        0,  -35183553,          0
  5301,   143,   37000000,    1835222,        0,  -35164778,          0
  5301,   144,   37000000,    1794537,        0,  -35205463,          0
  5301,   145,   37000000,    1775658,        0,  -35224342,          0
  5301,   146,   37000000,    1792618,        0,  -35207382,          0
  5301,   147,   37000000,    1790736,        0,  -35209264,          0
  5301,   148,   37000000,    1873901,        0,  -35126099,          0
  5301,   149,   37000000,    1790022,        0,  -35209978,          0
  5301,   150,   37000000,    1824809,        0,  -35175191,          0
  5301,   151,   37000000,    1815886,        0,  -35184114,          0
  5301,   152,   37000000,    1800493,        0,  -35199507,          0
  5301,   153,   37000000,    1809718,        0,  -35190282,          0
  5301,   154,   37000000,    1821945,        0,  -35178055,          0
  5301,   155,   37000000,    1839135,        0,  -35160865,          0
  5301,   156,   37000000,    1823843,        0,  -35176157,          0
  5301,   157,   37000000,    1836743,        0,  -35163257,          0
  5301,   158,   37000000,    1825461,        0,  -35174539,          0
  5301,   159,   37000000,    1806480,        0,  -35193520,          0
  5301,   160,   37000000,    2117716,        0,  -34882284,          0
  5301,   161,   37000000,    1767507,        0,  -35232493,          0
  5301,   162,   37000000,    1780967,        0,  -35219033,          0
  5301,   163,   37000000,    1808072,        0,  -35191928,          0
  5301,   164,   37000000,    1861078,        0,  -35138922,          0
  5301,   165,   37000000,    1795578,        0,  -35204422,          0
  5301,   166,   37000000,    1837208,        0,  -35162792,          0
  5301,   167,   37000000,    1835344,        0,  -35164656,          0
  5301,   168,   37000000,    1854358,        0,  -35145642,          0
  5301,   169,   37000000,    4889678,        0,  -32110322,          0
  5301,   170,   37000000,    1820829,        0,  -35179171,          0
  5301,   171,   37000000,    1767638,        0,  -35232362,          0
  5301,   172,   37000000,    1816308,        0,  -35183692,          0
  5301,   173,   37000000,    1853505,        0,  -35146495,          0
  5301,   174,   37000000,    1927532,        0,  -35072468,          0
  5301,   175,   37000000,    1806851,        0,  -35193149,          0
  5301,   176,   37000000,    1832347,        0,  -35167653,          0
  5301,   177,   37000000,    5898647,        0,  -31101353,          0
  5301,   178,   37000000,    1895159,        0,  -35104841,          0
  5301,   179,   37000000,    1863934,        0,  -35136066,          0
  5301,   180,   37000000,    1825891,        0,  -35174109,          0
  5301,   181,   37000000,    1807523,        0,  -35192477,          0
  5301,   182,   37000000,    1808671,        0,  -35191329,          0
  5301,   183,   37000000,    1766559,        0,  -35233441,          0
  5301,   184,   37000000,    1790527,        0,  -35209473,          0
  5301,   185,   37000000,    1836513,        0,  -35163487,          0
  5301,   186,   37000000,    2451297,        0,  -34548703,          0
  5301,   187,   37000000,    1781692,        0,  -35218308,          0
  5301,   188,   37000000,    1803267,        0,  -35196733,          0
  5301,   189,   37000000,    1826067,        0,  -35173933,          0
  5301,   190,   37000000,    1802746,        0,  -35197254,          0
  5301,   191,   37000000,    1874895,        0,  -35125105,          0
  5301,   192,   37000000,    1829176,        0,  -35170824,          0
  5301,   193,   37000000,    1783488,        0,  -35216512,          0
  5301,   194,   37000000,    1818212,        0,  -35181788,          0
  5301,   195,   37000000,    1809362,        0,  -35190638,          0
  5301,   196,   37000000,    1816073,        0,  -35183927,          0
  5301,   197,   37000000,    1835287,        0,  -35164713,          0
  5301,   198,   37000000,    1780600,        0,  -35219400,          0
  5301,   199,   37000000,    1808640,        0,  -35191360,          0
  5301,   200,   37000000,    1781245,        0,  -35218755,          0
  5301,   201,   37000000,    1817668,        0,  -35182332,          0
  5301,   202,   37000000,    1817534,        0,  -35182466,          0
  5301,   203,   37000000,    1843560,        0,  -35156440,          0
  5301,   204,   37000000,    1822995,        0,  -35177005,          0
  5301,   205,   37000000,    1826698,        0,  -35173302,          0
  5301,   206,   37000000,    1849461,        0,  -35150539,          0
  5301,   207,   37000000,    1821941,        0,  -35178059,          0
  5301,   208,   37000000,    1787940,        0,  -35212060,          0
  5301,   209,   37000000,    1813764,        0,  -35186236,          0
  5301,   210,   37000000,    1806219,        0,  -35193781,          0
  5301,   211,   37000000,    1840257,        0,  -35159743,          0
  5301,   212,   37000000,    1857851,        0,  -35142149,          0
  5301,   213,   37000000,    1860701,        0,  -35139299,          0
  5301,   214,   37000000,    1829597,        0,  -35170403,          0
  5301,   215,   37000000,    1842882,        0,  -35157118,          0
  5301,   216,   37000000,    1821740,        0,  -35178260,          0
  5301,   217,   37000000,    1802599,        0,  -35197401,          0
  5301,   218,   37000000,    1790686,        0,  -35209314,          0
  5301,   219,   37000000,    1802631,        0,  -35197369,          0
  5301,   220,   37000000,    1833917,        0,  -35166083,          0
  5301,   221,   37000000,    1829724,        0,  -35170276,          0
  5301,   222,   37000000,    1826404,        0,  -35173596,          0
  5301,   223,   37000000,    1847494,        0,  -35152506,          0
  5301,   224,   37000000,    1816936,        0,  -35183064,          0
  5301,   225,   37000000,    1829603,        0,  -35170397,          0
  5301,   226,   37000000,    1858304,        0,  -35141696,          0
  5301,   227,   37000000,    1796129,        0,  -35203871,          0
  5301,   228,   37000000,    1868209,        0,  -35131791,          0
  5301,   229,   37000000,    1775255,        0,  -35224745,          0
  5301,   230,   37000000,    1839525,        0,  -35160475,          0
  5301,   231,   37000000,    1803221,        0,  -35196779,          0
  5301,   232,   37000000,    1784867,        0,  -35215133,          0
  5301,   233,   37000000,    1830788,        0,  -35169212,          0
  5301,   234,   37000000,    1844691,        0,  -35155309,          0
  5301,   235,   37000000,    1822676,        0,  -35177324,          0
  5301,   236,   37000000,    1783168,        0,  -35216832,          0
  5301,   237,   37000000,    1787533,        0,  -35212467,          0
  5301,   238,   37000000,    1842534,        0,  -35157466,          0
  5301,   239,   37000000,    1772031,        0,  -35227969,          0
  5301,   240,   37000000,    1865236,        0,  -35134764,          0
  5301,   241,   37000000,    1806856,        0,  -35193144,          0
  5301,   242,   37000000,    1794415,        0,  -35205585,          0
  5301,   243,   37000000,    1813157,        0,  -35186843,          0
  5301,   244,   37000000,    1848364,        0,  -35151636,          0
  5301,   245,   37000000,    1881610,        0,  -35118390,          0
  5301,   246,   37000000,    1834489,        0,  -35165511,          0
  5301,   247,   37000000,    1830099,        0,  -35169901,          0
  5301,   248,   37000000,    1804863,        0,  -35195137,          0
  5301,   249,   37000000,    1806690,        0,  -35193310,          0
  5301,   250,   37000000,    1776118,        0,  -35223882,          0
  5301,   251,   37000000,    1847153,        0,  -35152847,          0
  5301,   252,   37000000,    1772635,        0,  -35227365,          0
  5301,   253,   37000000,    1760240,        0,  -35239760,          0
  5301,   254,   37000000,    1889275,        0,  -35110725,          0
  5301,   255,   37000000,    1834674,        0,  -35165326,          0
  5301,   256,   37000000,    1836039,        0,  -35163961,          0
  5301,   257,   37000000,    1780203,        0,  -35219797,          0
  5301,   258,   37000000,    2095883,        0,  -34904117,          0
  5301,   259,   37000000,    1769445,        0,  -35230555,          0
  5301,   260,   37000000,    1794954,        0,  -35205046,          0
  5301,   261,   37000000,    1799068,        0,  -35200932,          0
  5301,   262,   37000000,    1808232,        0,  -35191768,          0
  5301,   263,   37000000,    1926470,        0,  -35073530,          0
  5301,   264,   37000000,    1844703,        0,  -35155297,          0
  5301,   265,   37000000,    1846144,        0,  -35153856,          0
  5301,   266,   37000000,    1803853,        0,  -35196147,          0
  5301,   267,   37000000,    1855407,        0,  -35144593,          0
  5301,   268,   37000000,    1820746,        0,  -35179254,          0
  5301,   269,   37000000,    1779749,        0,  -35220251,          0
  5301,   270,   37000000,    1817253,        0,  -35182747,          0
  5301,   271,   37000000,    1816443,        0,  -35183557,          0
  5301,   272,   37000000,    1843660,        0,  -35156340,          0
  5301,   273,   37000000,    1820741,        0,  -35179259,          0
  5301,   274,   37000000,    1811245,        0,  -35188755,          0
# task NAME=myapp PID=5304 COST=4560000 PERIOD=55000000 CPU=0
  5304,     2,   55000000,       2897,        0,  -54997103,          0
  5304,     3,   55000000,     110512,        0,  -54889488,          0
  5304,     4,   55000000,    4633237,        0,  -50366763,          0
  5304,     5,   55000000,    4628868,        0,  -50371132,          0
  5304,     6,   55000000,    4561136,        0,  -50438864,          0
  5304,     7,   55000000,    4586264,        0,  -50413736,          0
  5304,     8,   55000000,    4624427,        0,  -50375573,          0
  5304,     9,   55000000,    4618025,        0,  -50381975,          0
  5304,    10,   55000000,    4595532,        0,  -50404468,          0
  5304,    11,   55000000,    4608296,        0,  -50391704,          0
  5304,    12,   55000000,    4586929,        0,  -50413071,          0
  5304,    13,   55000000,    4582437,        0,  -50417563,          0
  5304,    14,   55000000,    4570158,        0,  -50429842,          0
  5304,    15,   55000000,    4621212,        0,  -50378788,          0
  5304,    16,   55000000,    7686263,        0,  -47313737,          0
  5304,    17,   55000000,    4626214,        0,  -50373786,          0
  5304,    18,   55000000,    4628834,        0,  -50371166,          0
  5304,    19,   55000000,    4618952,        0,  -50381048,          0
  5304,    20,   55000000,    4797572,        0,  -50202428,          0
  5304,    21,   55000000,    4625087,        0,  -50374913,          0
  5304,    22,   55000000,    4606748,        0,  -50393252,          0
  5304,    23,   55000000,    4619713,        0,  -50380287,          0
  5304,    24,   55000000,    4705876,        0,  -50294124,          0
  5304,    25,   55000000,    4592426,        0,  -50407574,          0
  5304,    26,   55000000,    4587092,        0,  -50412908,          0
  5304,    27,   55000000,    4597585,        0,  -50402415,          0
  5304,    28,   55000000,    4599047,        0,  -50400953,          0
  5304,    29,   55000000,    4618908,        0,  -50381092,          0
  5304,    30,   55000000,    4621131,        0,  -50378869,          0
  5304,    31,   55000000,    4625955,        0,  -50374045,          0
  5304,    32,   55000000,    4554495,        0,  -50445505,          0
  5304,    33,   55000000,    4623849,        0,  -50376151,          0
  5304,    34,   55000000,    4571483,        0,  -50428517,          0
  5304,    35,   55000000,    4621680,        0,  -50378320,          0
  5304,    36,   55000000,    4616027,        0,  -50383973,          0
  5304,    37,   55000000,    4601135,        0,  -50398865,          0
  5304,    38,   55000000,    4579308,        0,  -50420692,          0
  5304,    39,   55000000,    4631277,        0,  -50368723,          0
  5304,    40,   55000000,    4630349,        0,  -50369651,          0
  5304,    41,   55000000,    4646691,        0,  -50353309,          0
  5304,    42,   55000000,    4607550,        0,  -50392450,          0
  5304,    43,   55000000,    4632040,        0,  -50367960,          0
  5304,    44,   55000000,    4588749,        0,  -50411251,          0
  5304,    45,   55000000,    4791473,        0,  -50208527,          0
  5304,    46,   55000000,    4613165,        0,  -50386835,          0
  5304,    47,   55000000,    4647956,        0,  -50352044,          0
  5304,    48,   55000000,    4639806,        0,  -50360194,          0
  5304,    49,   55000000,    4560461,        0,  -50439539,          0
  5304,    50,   55000000,    4599736,        0,  -50400264,          0
  5304,    51,   55000000,    4592512,        0,  -50407488,          0
  5304,    52,   55000000,    4607865,        0,  -50392135,          0
  5304,    53,   55000000,    4616820,        0,  -50383180,          0
  5304,    54,   55000000,    4630662,        0,  -50369338,          0
  5304,    55,   55000000,    4584452,        0,  -50415548,          0
  5304,    56,   55000000,    4609581,        0,  -50390419,          0
  5304,    57,   55000000,    4561872,        0,  -50438128,          0
  5304,    58,   55000000,    4565235,        0,  -50434765,          0
  5304,    59,   55000000,    4692575,        0,  -50307425,          0
  5304,    60,   55000000,    4644652,        0,  -50355348,          0
  5304,    61,   55000000,    4615115,        0,  -50384885,          0
  5304,    62,   55000000,    4627776,        0,  -50372224,          0
  5304,    63,   55000000,    4953724,        0,  -50046276,          0
  5304,    64,   55000000,    4562895,        0,  -50437105,          0
  5304,    65,   55000000,    4588277,        0,  -50411723,          0
  5304,    66,   55000000,    4674469,        0,  -50325531,          0
  5304,    67,   55000000,    4581690,        0,  -50418310,          0
  5304,    68,   55000000,    4592550,        0,  -50407450,          0
  5304,    69,   55000000,    4643905,        0,  -50356095,          0
  5304,    70,   55000000,    4808014,        0,  -50191986,          0
  5304,    71,   55000000,    4606546,        0,  -50393454,          0
  5304,    72,   55000000,    4597401,        0,  -50402599,          0
  5304,    73,   55000000,    4606763,        0,  -50393237,          0
  5304,    74,   55000000,    4582836,        0,  -50417164,          0
  5304,    75,   55000000,    4596412,        0,  -50403588,          0
  5304,    76,   55000000,    4580752,        0,  -50419248,          0
  5304,    77,   55000000,    4599425,        0,  -50400575,          0
  5304,    78,   55000000,    4602221,        0,  -50397779,          0
  5304,    79,   55000000,    6821897,        0,  -48178103,          0
  5304,    80,   55000000,    4599099,        0,  -50400901,          0
  5304,    81,   55000000,    4613548,        0,  -50386452,          0
  5304,    82,   55000000,    4566159,        0,  -50433841,          0
  5304,    83,   55000000,    4619002,        0,  -50380998,          0
  5304,    84,   55000000,    4675746,        0,  -50324254,          0
  5304,    85,   55000000,    4629808,        0,  -50370192,          0
  5304,    86,   55000000,    4662541,        0,  -50337459,          0
  5304,    87,   55000000,    4607327,        0,  -50392673,          0
  5304,    88,   55000000,    4563436,        0,  -50436564,          0
  5304,    89,   55000000,    4621909,        0,  -50378091,          0
  5304,    90,   55000000,    4624792,        0,  -50375208,          0
  5304,    91,   55000000,    4624457,        0,  -50375543,          0
  5304,    92,   55000000,    4645757,        0,  -50354243,          0
  5304,    93,   55000000,    4658726,        0,  -50341274,          0
  5304,    94,   55000000,    4581124,        0,  -50418876,          0
  5304,    95,   55000000,    4820829,        0,  -50179171,          0
  5304,    96,   55000000,    4593520,        0,  -50406480,          0
  5304,    97,   55000000,    4591714,        0,  -50408286,          0
  5304,    98,   55000000,    4586073,        0,  -50413927,          0
  5304,    99,   55000000,    4582743,        0,  -50417257,          0
  5304,   100,   55000000,    4609093,        0,  -50390907,          0
  5304,   101,   55000000,    4659289,        0,  -50340711,          0
  5304,   102,   55000000,    4584121,        0,  -50415879,          0
  5304,   103,   55000000,    4615751,        0,  -50384249,          0
  5304,   104,   55000000,    4587559,        0,  -50412441,          0
  5304,   105,   55000000,    4613169,        0,  -50386831,          0
  5304,   106,   55000000,    4577184,        0,  -50422816,          0
  5304,   107,   55000000,    4611471,        0,  -50388529,          0
  5304,   108,   55000000,    4623696,        0,  -50376304,          0
  5304,   109,   55000000,    4591977,        0,  -50408023,          0
  5304,   110,   55000000,    4567973,        0,  -50432027,          0
  5304,   111,   55000000,    4618264,        0,  -50381736,          0
  5304,   112,   55000000,    4646775,        0,  -50353225,          0
  5304,   113,   55000000,    4574115,        0,  -50425885,          0
  5304,   114,   55000000,    4602147,        0,  -50397853,          0
  5304,   115,   55000000,    4594830,        0,  -50405170,          0
  5304,   116,   55000000,    4562856,        0,  -50437144,          0
  5304,   117,   55000000,    4616844,        0,  -50383156,          0
  5304,   118,   55000000,    4643480,        0,  -50356520,          0
  5304,   119,   55000000,    4572765,        0,  -50427235,          0
  5304,   120,   55000000,    4965493,        0,  -50034507,          0
  5304,   121,   55000000,    4589877,        0,  -50410123,          0
  5304,   122,   55000000,    4618730,        0,  -50381270,          0
  5304,   123,   55000000,    4648445,        0,  -50351555,          0
  5304,   124,   55000000,    4618288,        0,  -50381712,          0
  5304,   125,   55000000,    4590842,        0,  -50409158,          0
  5304,   126,   55000000,    4588090,        0,  -50411910,          0
  5304,   127,   55000000,    4582626,        0,  -50417374,          0
  5304,   128,   55000000,    4631595,        0,  -50368405,          0
  5304,   129,   55000000,    4601910,        0,  -50398090,          0
  5304,   130,   55000000,    4589476,        0,  -50410524,          0
  5304,   131,   55000000,    4591126,        0,  -50408874,          0
  5304,   132,   55000000,    4619925,        0,  -50380075,          0
  5304,   133,   55000000,    4572774,        0,  -50427226,          0
  5304,   134,   55000000,    4586771,        0,  -50413229,          0
  5304,   135,   55000000,    4618842,        0,  -50381158,          0
  5304,   136,   55000000,    4577172,        0,  -50422828,          0
  5304,   137,   55000000,    4644562,        0,  -50355438,          0
  5304,   138,   55000000,    4645149,        0,  -50354851,          0
  5304,   139,   55000000,    4596460,        0,  -50403540,          0
  5304,   140,   55000000,    4600056,        0,  -50399944,          0
  5304,   141,   55000000,    4576459,        0,  -50423541,          0
  5304,   142,   55000000,    4639190,        0,  -50360810,          0
  5304,   143,   55000000,    4602451,        0,  -50397549,          0
  5304,   144,   55000000,    4616624,        0,  -50383376,          0
  5304,   145,   55000000,    4929693,        0,  -50070307,          0
  5304,   146,   55000000,    4587329,        0,  -50412671,          0
  5304,   147,   55000000,    4596537,        0,  -50403463,          0
  5304,   148,   55000000,    4631635,        0,  -50368365,          0
  5304,   149,   55000000,    4634249,        0,  -50365751,          0
  5304,   150,   55000000,    4579969,        0,  -50420031,          0
  5304,   151,   55000000,    4616747,        0,  -50383253,          0
  5304,   152,   55000000,    4566254,        0,  -50433746,          0
  5304,   153,   55000000,    4629433,        0,  -50370567,          0
  5304,   154,   55000000,    4616379,        0,  -50383621,          0
  5304,   155,   55000000,    4590653,        0,  -50409347,          0
  5304,   156,   55000000,    4565797,        0,  -50434203,          0
  5304,   157,   55000000,    4598204,        0,  -50401796,          0
  5304,   158,   55000000,    4574857,        0,  -50425143,          0
  5304,   159,   55000000,    4619643,        0,  -50380357,          0
  5304,   160,   55000000,    4586734,        0,  -50413266,          0
  5304,   161,   55000000,    4617049,        0,  -50382951,          0
  5304,   162,   55000000,    4646742,        0,  -50353258,          0
  5304,   163,   55000000,    4611980,        0,  -50388020,          0
  5304,   164,   55000000,    4597362,        0,  -50402638,          0
  5304,   165,   55000000,    4613452,        0,  -50386548,          0
  5304,   166,   55000000,    4582366,        0,  -50417634,          0
  5304,   167,   55000000,    4608575,        0,  -50391425,          0
  5304,   168,   55000000,    4591000,        0,  -50409000,          0
  5304,   169,   55000000,    4617455,        0,  -50382545,          0
  5304,   170,   55000000,    4877490,        0,  -50122510,          0
  5304,   171,   55000000,    7707841,        0,  -47292159,          0
  5304,   172,   55000000,    4612333,        0,  -50387667,          0
  5304,   173,   55000000,    4562359,        0,  -50437641,          0
  5304,   174,   55000000,    4815230,        0,  -50184770,          0
  5304,   175,   55000000,    4619942,        0,  -50380058,          0
  5304,   176,   55000000,    4632572,        0,  -50367428,          0
  5304,   177,   55000000,    4615661,        0,  -50384339,          0
  5304,   178,   55000000,    4594117,        0,  -50405883,          0
  5304,   179,   55000000,    4557770,        0,  -50442230,          0
  5304,   180,   55000000,    4623834,        0,  -50376166,          0
  5304,   181,   55000000,    4625738,        0,  -50374262,          0
  5304,   182,   55000000,    4601584,        0,  -50398416,          0
  5304,   183,   55000000,    4633400,        0,  -50366600,          0
  5304,   184,   55000000,    4572885,        0,  -50427115,          0
  5304,   185,   55000000,    4606427,        0,  -50393573,          0
# task NAME=myapp PID=5308 COST=6105000 PERIOD=77000000 CPU=0
  5308,     2,   77000000,       6554,        0,  -76993446,          0
  5308,     3,   77000000,     116520,        0,  -76883480,          0
  5308,     4,   77000000,    6082572,        0,  -70917428,          0
  5308,     5,   77000000,    6112077,        0,  -70887923,          0
  5308,     6,   77000000,    6163389,        0,  -70836611,          0
  5308,     7,   77000000,    6435522,        0,  -70564478,          0
  5308,     8,   77000000,    8218529,        0,  -68781471,          0
  5308,     9,   77000000,    6124876,        0,  -70875124,          0
  5308,    10,   77000000,    6157511,        0,  -70842489,          0
  5308,    11,   77000000,    6145686,        0,  -70854314,          0
  5308,    12,   77000000,    6143119,        0,  -70856881,          0
  5308,    13,   77000000,    6160713,        0,  -70839287,          0
  5308,    14,   77000000,    6141894,        0,  -70858106,          0
  5308,    15,   77000000,    6140072,        0,  -70859928,          0
  5308,    16,   77000000,    6124114,        0,  -70875886,          0
  5308,    17,   77000000,    6145974,        0,  -70854026,          0
  5308,    18,   77000000,    6193620,        0,  -70806380,          0
  5308,    19,   77000000,    6162580,        0,  -70837420,          0
  5308,    20,   77000000,    6370932,        0,  -70629068,          0
  5308,    21,   77000000,    6091696,        0,  -70908304,          0
  5308,    22,   77000000,    6116193,        0,  -70883807,          0
  5308,    23,   77000000,    6182676,        0,  -70817324,          0
  5308,    24,   77000000,    6198324,        0,  -70801676,          0
  5308,    25,   77000000,    6115008,        0,  -70884992,          0
  5308,    26,   77000000,    6143353,        0,  -70856647,          0
  5308,    27,   77000000,    6179454,        0,  -70820546,          0
  5308,    28,   77000000,    6120592,        0,  -70879408,          0
  5308,    29,   77000000,    6235497,        0,  -70764503,          0
  5308,    30,   77000000,    6133560,        0,  -70866440,          0
  5308,    31,   77000000,    6155609,        0,  -70844391,          0
  5308,    32,   77000000,    6106775,        0,  -70893225,          0
  5308,    33,   77000000,    9207089,        0,  -67792911,          0
  5308,    34,   77000000,    6099839,        0,  -70900161,          0
  5308,    35,   77000000,    6124796,        0,  -70875204,          0
  5308,    36,   77000000,    6099514,        0,  -70900486,          0
  5308,    37,   77000000,    6133500,        0,  -70866500,          0
  5308,    38,   77000000,    6157780,        0,  -70842220,          0
  5308,    39,   77000000,    6137106,        0,  -70862894,          0
  5308,    40,   77000000,    6134665,        0,  -70865335,          0
  5308,    41,   77000000,    6166994,        0,  -70833006,          0
  5308,    42,   77000000,    6127587,        0,  -70872413,          0
  5308,    43,   77000000,    6226127,        0,  -70773873,          0
  5308,    44,   77000000,    6088541,        0,  -70911459,          0
  5308,    45,   77000000,    6135899,        0,  -70864101,          0
  5308,    46,   77000000,    6151376,        0,  -70848624,          0
  5308,    47,   77000000,    6112872,        0,  -70887128,          0
  5308,    48,   77000000,    6213658,        0,  -70786342,          0
  5308,    49,   77000000,    6173417,        0,  -70826583,          0
  5308,    50,   77000000,    6169443,        0,  -70830557,          0
  5308,    51,   77000000,    6230764,        0,  -70769236,          0
  5308,    52,   77000000,    6157281,        0,  -70842719,          0
  5308,    53,   77000000,    6225234,        0,  -70774766,          0
  5308,    54,   77000000,    6139294,        0,  -70860706,          0
  5308,    55,   77000000,    6104203,        0,  -70895797,          0
  5308,    56,   77000000,    6257032,        0,  -70742968,          0
  5308,    57,   77000000,    6207488,        0,  -70792512,          0
  5308,    58,   77000000,    6128953,        0,  -70871047,          0
  5308,    59,   77000000,    6169646,        0,  -70830354,          0
  5308,    60,   77000000,    6173570,        0,  -70826430,          0
  5308,    61,   77000000,    6131080,        0,  -70868920,          0
  5308,    62,   77000000,    6096667,        0,  -70903333,          0
  5308,    63,   77000000,    6153539,        0,  -70846461,          0
  5308,    64,   77000000,    6129075,        0,  -70870925,          0
  5308,    65,   77000000,    6139048,        0,  -70860952,          0
  5308,    66,   77000000,    6154026,        0,  -70845974,          0
  5308,    67,   77000000,    6193065,        0,  -70806935,          0
  5308,    68,   77000000,    6125247,        0,  -70874753,          0
  5308,    69,   77000000,    6188893,        0,  -70811107,          0
  5308,    70,   77000000,    6093461,        0,  -70906539,          0
  5308,    71,   77000000,    6193826,        0,  -70806174,          0
  5308,    72,   77000000,    6146683,        0,  -70853317,          0
  5308,    73,   77000000,    6188263,        0,  -70811737,          0
  5308,    74,   77000000,    6235670,        0,  -70764330,          0
  5308,    75,   77000000,    6136912,        0,  -70863088,          0
  5308,    76,   77000000,    6160299,        0,  -70839701,          0
  5308,    77,   77000000,    6167851,        0,  -70832149,          0
  5308,    78,   77000000,    7252918,        0,  -69747082,          0
  5308,    79,   77000000,    6147830,        0,  -70852170,          0
  5308,    80,   77000000,    6430865,        0,  -70569135,          0
  5308,    81,   77000000,    6132600,        0,  -70867400,          0
  5308,    82,   77000000,    6154013,        0,  -70845987,          0
  5308,    83,   77000000,    6127027,        0,  -70872973,          0
  5308,    84,   77000000,    6133190,        0,  -70866810,          0
  5308,    85,   77000000,    6200128,        0,  -70799872,          0
  5308,    86,   77000000,    6105012,        0,  -70894988,          0
  5308,    87,   77000000,    6144491,        0,  -70855509,          0
  5308,    88,   77000000,   10707355,        0,  -66292645,          0
  5308,    89,   77000000,    6088008,        0,  -70911992,          0
  5308,    90,   77000000,    6114100,        0,  -70885900,          0
  5308,    91,   77000000,    6154430,        0,  -70845570,          0
  5308,    92,   77000000,    6177962,        0,  -70822038,          0
  5308,    93,   77000000,    6423216,        0,  -70576784,          0
  5308,    94,   77000000,    6092884,        0,  -70907116,          0
  5308,    95,   77000000,    6140653,        0,  -70859347,          0
  5308,    96,   77000000,    6171177,        0,  -70828823,          0
  5308,    97,   77000000,    6164341,        0,  -70835659,          0
  5308,    98,   77000000,    6716895,        0,  -70283105,          0
  5308,    99,   77000000,    6117573,        0,  -70882427,          0
  5308,   100,   77000000,    6129770,        0,  -70870230,          0
  5308,   101,   77000000,    6151788,        0,  -70848212,          0
  5308,   102,   77000000,    6145909,        0,  -70854091,          0
  5308,   103,   77000000,    8334926,        0,  -68665074,          0
  5308,   104,   77000000,    6134390,        0,  -70865610,          0
  5308,   105,   77000000,    6145729,        0,  -70854271,          0
  5308,   106,   77000000,    6420966,        0,  -70579034,          0
  5308,   107,   77000000,    6098619,        0,  -70901381,          0
  5308,   108,   77000000,    8153341,        0,  -68846659,          0
  5308,   109,   77000000,    6097689,        0,  -70902311,          0
  5308,   110,   77000000,    6124336,        0,  -70875664,          0
  5308,   111,   77000000,    6130654,        0,  -70869346,          0
  5308,   112,   77000000,    6083793,        0,  -70916207,          0
  5308,   113,   77000000,    6144095,        0,  -70855905,          0
  5308,   114,   77000000,    6171538,        0,  -70828462,          0
  5308,   115,   77000000,    6129623,        0,  -70870377,          0
  5308,   116,   77000000,    6099017,        0,  -70900983,          0
  5308,   117,   77000000,    6125720,        0,  -70874280,          0
  5308,   118,   77000000,    6143353,        0,  -70856647,          0
  5308,   119,   77000000,    6385412,        0,  -70614588,          0
  5308,   120,   77000000,    6159267,        0,  -70840733,          0
  5308,   121,   77000000,    6171253,        0,  -70828747,          0
  5308,   122,   77000000,    6152876,        0,  -70847124,          0
  5308,   123,   77000000,    6192167,        0,  -70807833,          0
  5308,   124,   77000000,    6121344,        0,  -70878656,          0
  5308,   125,   77000000,    6115614,        0,  -70884386,          0
  5308,   126,   77000000,    6124291,        0,  -70875709,          0
  5308,   127,   77000000,    6166301,        0,  -70833699,          0
  5308,   128,   77000000,    6126769,        0,  -70873231,          0
  5308,   129,   77000000,    6124323,        0,  -70875677,          0
  5308,   130,   77000000,    6095928,        0,  -70904072,          0
  5308,   131,   77000000,    6166627,        0,  -70833373,          0
  5308,   132,   77000000,    6413385,        0,  -70586615,          0
  5308,   133,   77000000,    6154528,        0,  -70845472,          0
