656 57 599
242 24 218
628 51 577
217 21 196
152 17 135
175 18 157
362 35 327
299 28 271
247 25 222
112 9 103
561 44 517
130 14 116
204 20 184
679 63 616
269 21 248
123 11 112
169 18 151
198 19 179
112 11 101
115 10 105
132 13 119
162 18 144
693 55 638
653 61 592
163 16 147
105 11 94
281 31 250
174 17 157
215 23 192
162 16 146
124 13 111
482 39 443
390 35 355
122 14 108
174 19 155
423 32 391
124 11 113
138 15 123
111 12 99
113 12 101
160 15 145
108 12 96
361 31 330
109 11 98
162 18 144
126 13 113
144 18 126
618 50 568
160 16 144
159 15 144
328 35 293
124 16 108
104 9 95
266 23 243
631 51 580
135 15 120
155 15 140
284 30 254
125 13 112
374 35 339
593 43 550
255 22 233
505 35 470
351 29 322
150 19 131
108 10 98
117 13 104
135 10 125
126 11 115
142 14 128
165 19 146
153 17 136
187 19 168
242 24 218
254 20 234
288 25 263
173 17 156
113 12 101
162 20 142
