# Task,   Job,     Period,   Response, DL Miss?,   Lateness,  Tardiness
# task NAME=myapp PID=28372 COST=7046000 PERIOD=23000000 CPU=0
 28372,     2,   23000000,       6427,        0,  -22993573,          0
 28372,     3,   23000000,      54219,        0,  -22945781,          0
 28372,     4,   23000000,   11116055,        0,  -11883945,          0
 28372,     5,   23000000,   12072722,        0,  -10927278,          0
 28372,     6,   23000000,    9416187,        0,  -13583813,          0
 28372,     7,   23000000,   11104324,        0,  -11895676,          0
 28372,     8,   23000000,   12888031,        0,  -10111969,          0
 28372,     9,   23000000,   14075111,        0,   -8924889,          0
 28372,    10,   23000000,    9028224,        0,  -13971776,          0
 28372,    11,   23000000,   10133772,        0,  -12866228,          0
 28372,    12,   23000000,   11138764,        0,  -11861236,          0
 28372,    13,   23000000,   12081680,        0,  -10918320,          0
 28372,    14,   23000000,   10200815,        0,  -12799185,          0
 28372,    15,   23000000,   10351123,        0,  -12648877,          0
 28372,    16,   23000000,   11143899,        0,  -11856101,          0
 28372,    17,   23000000,   12159719,        0,  -10840281,          0
 28372,    18,   23000000,    9081446,        0,  -13918554,          0
 28372,    19,   23000000,   10125110,        0,  -12874890,          0
 28372,    20,   23000000,   12320180,        0,  -10679820,          0
 28372,    21,   23000000,   12091436,        0,  -10908564,          0
 28372,    22,   23000000,    9153777,        0,  -13846223,          0
 28372,    23,   23000000,   10153020,        0,  -12846980,          0
 28372,    24,   23000000,   11143341,        0,  -11856659,          0
 28372,    25,   23000000,   12073039,        0,  -10926961,          0
 28372,    26,   23000000,    9055835,        0,  -13944165,          0
 28372,    27,   23000000,   10033372,        0,  -12966628,          0
 28372,    28,   23000000,   11086843,        0,  -11913157,          0
 28372,    29,   23000000,   12027055,        0,  -10972945,          0
 28372,    30,   23000000,    9031629,        0,  -13968371,          0
 28372,    31,   23000000,   10070876,        0,  -12929124,          0
 28372,    32,   23000000,   11049047,        0,  -11950953,          0
 28372,    33,   23000000,   12940584,        0,  -10059416,          0
 28372,    34,   23000000,    9082453,        0,  -13917547,          0
 28372,    35,   23000000,   10064394,        0,  -12935606,          0
 28372,    36,   23000000,   11111392,        0,  -11888608,          0
 28372,    37,   23000000,   12069026,        0,  -10930974,          0
 28372,    38,   23000000,    9113903,        0,  -13886097,          0
 28372,    39,   23000000,   10123831,        0,  -12876169,          0
 28372,    40,   23000000,   11126646,        0,  -11873354,          0
 28372,    41,   23000000,   12134427,        0,  -10865573,          0
 28372,    42,   23000000,    8999877,        0,  -14000123,          0
 28372,    43,   23000000,   10098498,        0,  -12901502,          0
 28372,    44,   23000000,   11084679,        0,  -11915321,          0
 28372,    45,   23000000,   12084725,        0,  -10915275,          0
 28372,    46,   23000000,    8992368,        0,  -14007632,          0
 28372,    47,   23000000,   12137351,        0,  -10862649,          0
 28372,    48,   23000000,   11138031,        0,  -11861969,          0
 28372,    49,   23000000,   12070838,        0,  -10929162,          0
 28372,    50,   23000000,    9108093,        0,  -13891907,          0
 28372,    51,   23000000,   10056520,        0,  -12943480,          0
 28372,    52,   23000000,   11072218,        0,  -11927782,          0
 28372,    53,   23000000,   12385394,        0,  -10614606,          0
 28372,    54,   23000000,   11101462,        0,  -11898538,          0
 28372,    55,   23000000,   10021253,        0,  -12978747,          0
 28372,    56,   23000000,   11033994,        0,  -11966006,          0
 28372,    57,   23000000,   12143326,        0,  -10856674,          0
 28372,    58,   23000000,   11060327,        0,  -11939673,          0
 28372,    59,   23000000,   10079615,        0,  -12920385,          0
 28372,    60,   23000000,   11191103,        0,  -11808897,          0
 28372,    61,   23000000,   12160627,        0,  -10839373,          0
 28372,    62,   23000000,    9084516,        0,  -13915484,          0
 28372,    63,   23000000,   10075032,        0,  -12924968,          0
 28372,    64,   23000000,   11076419,        0,  -11923581,          0
 28372,    65,   23000000,   12090990,        0,  -10909010,          0
 28372,    66,   23000000,   11049145,        0,  -11950855,          0
 28372,    67,   23000000,   10165789,        0,  -12834211,          0
 28372,    68,   23000000,   11079676,        0,  -11920324,          0
 28372,    69,   23000000,   12478566,        0,  -10521434,          0
 28372,    70,   23000000,    9060718,        0,  -13939282,          0
 28372,    71,   23000000,   10058948,        0,  -12941052,          0
 28372,    72,   23000000,   11075882,        0,  -11924118,          0
 28372,    73,   23000000,   12114468,        0,  -10885532,          0
 28372,    74,   23000000,    8993098,        0,  -14006902,          0
 28372,    75,   23000000,    9997703,        0,  -13002297,          0
 28372,    76,   23000000,   11105430,        0,  -11894570,          0
 28372,    77,   23000000,   12070455,        0,  -10929545,          0
 28372,    78,   23000000,   11086941,        0,  -11913059,          0
 28372,    79,   23000000,   10153702,        0,  -12846298,          0
 28372,    80,   23000000,   11354424,        0,  -11645576,          0
 28372,    81,   23000000,   12127700,        0,  -10872300,          0
 28372,    82,   23000000,    9056993,        0,  -13943007,          0
 28372,    83,   23000000,   10041871,        0,  -12958129,          0
 28372,    84,   23000000,   11128963,        0,  -11871037,          0
 28372,    85,   23000000,   12130280,        0,  -10869720,          0
 28372,    86,   23000000,    9514550,        0,  -13485450,          0
 28372,    87,   23000000,   11233791,        0,  -11766209,          0
 28372,    88,   23000000,   11072515,        0,  -11927485,          0
 28372,    89,   23000000,   12792172,        0,  -10207828,          0
 28372,    90,   23000000,    9051238,        0,  -13948762,          0
 28372,    91,   23000000,   14097652,        0,   -8902348,          0
 28372,    92,   23000000,   11078729,        0,  -11921271,          0
 28372,    93,   23000000,   12121301,        0,  -10878699,          0
 28372,    94,   23000000,    9050471,        0,  -13949529,          0
 28372,    95,   23000000,   10123742,        0,  -12876258,          0
 28372,    96,   23000000,   11135458,        0,  -11864542,          0
 28372,    97,   23000000,   12097650,        0,  -10902350,          0
 28372,    98,   23000000,    9068297,        0,  -13931703,          0
 28372,    99,   23000000,    9983259,        0,  -13016741,          0
 28372,   100,   23000000,   11110358,        0,  -11889642,          0
 28372,   101,   23000000,   12126737,        0,  -10873263,          0
 28372,   102,   23000000,   11296650,        0,  -11703350,          0
 28372,   103,   23000000,   10083675,        0,  -12916325,          0
 28372,   104,   23000000,   11917523,        0,  -11082477,          0
 28372,   105,   23000000,   12056882,        0,  -10943118,          0
 28372,   106,   23000000,    9079075,        0,  -13920925,          0
 28372,   107,   23000000,   11452463,        0,  -11547537,          0
 28372,   108,   23000000,   11093209,        0,  -11906791,          0
 28372,   109,   23000000,   12095050,        0,  -10904950,          0
 28372,   110,   23000000,    9082693,        0,  -13917307,          0
 28372,   111,   23000000,   10134258,        0,  -12865742,          0
 28372,   112,   23000000,   11151656,        0,  -11848344,          0
 28372,   113,   23000000,   12069382,        0,  -10930618,          0
 28372,   114,   23000000,   11069324,        0,  -11930676,          0
 28372,   115,   23000000,   10053529,        0,  -12946471,          0
 28372,   116,   23000000,   11084850,        0,  -11915150,          0
 28372,   117,   23000000,   12130272,        0,  -10869728,          0
 28372,   118,   23000000,    9302658,        0,  -13697342,          0
 28372,   119,   23000000,   10071541,        0,  -12928459,          0
 28372,   120,   23000000,   11049351,        0,  -11950649,          0
 28372,   121,   23000000,   14042991,        0,   -8957009,          0
 28372,   122,   23000000,    9023330,        0,  -13976670,          0
 28372,   123,   23000000,   10038895,        0,  -12961105,          0
 28372,   124,   23000000,   11073034,        0,  -11926966,          0
 28372,   125,   23000000,   12113942,        0,  -10886058,          0
 28372,   126,   23000000,    9027413,        0,  -13972587,          0
 28372,   127,   23000000,    9993494,        0,  -13006506,          0
 28372,   128,   23000000,   11088416,        0,  -11911584,          0
 28372,   129,   23000000,   12372445,        0,  -10627555,          0
 28372,   130,   23000000,    9093634,        0,  -13906366,          0
 28372,   131,   23000000,   10044196,        0,  -12955804,          0
 28372,   132,   23000000,   11073045,        0,  -11926955,          0
 28372,   133,   23000000,   12104891,        0,  -10895109,          0
 28372,   134,   23000000,    9071977,        0,  -13928023,          0
 28372,   135,   23000000,   10033764,        0,  -12966236,          0
 28372,   136,   23000000,   11089872,        0,  -11910128,          0
 28372,   137,   23000000,   12104710,        0,  -10895290,          0
 28372,   138,   23000000,    9073566,        0,  -13926434,          0
 28372,   139,   23000000,   10085802,        0,  -12914198,          0
 28372,   140,   23000000,   11343217,        0,  -11656783,          0
 28372,   141,   23000000,   12106924,        0,  -10893076,          0
 28372,   142,   23000000,    9018159,        0,  -13981841,          0
 28372,   143,   23000000,   10100259,        0,  -12899741,          0
 28372,   144,   23000000,   13031084,        0,   -9968916,          0
 28372,   145,   23000000,   12370399,        0,  -10629601,          0
 28372,   146,   23000000,    9026504,        0,  -13973496,          0
 28372,   147,   23000000,   10050396,        0,  -12949604,          0
 28372,   148,   23000000,   11116210,        0,  -11883790,          0
 28372,   149,   23000000,   12081678,        0,  -10918322,          0
 28372,   150,   23000000,    9156846,        0,  -13843154,          0
 28372,   151,   23000000,   10091739,        0,  -12908261,          0
 28372,   152,   23000000,   11067089,        0,  -11932911,          0
 28372,   153,   23000000,   13450263,        0,   -9549737,          0
 28372,   154,   23000000,    8997744,        0,  -14002256,          0
 28372,   155,   23000000,   10056835,        0,  -12943165,          0
 28372,   156,   23000000,   11124034,        0,  -11875966,          0
 28372,   157,   23000000,   12073638,        0,  -10926362,          0
 28372,   158,   23000000,    9132657,        0,  -13867343,          0
 28372,   159,   23000000,   10099797,        0,  -12900203,          0
 28372,   160,   23000000,   11518959,        0,  -11481041,          0
 28372,   161,   23000000,   12060051,        0,  -10939949,          0
 28372,   162,   23000000,    9033522,        0,  -13966478,          0
 28372,   163,   23000000,   10033556,        0,  -12966444,          0
 28372,   164,   23000000,   11191356,        0,  -11808644,          0
 28372,   165,   23000000,   12043631,        0,  -10956369,          0
 28372,   166,   23000000,    9036334,        0,  -13963666,          0
 28372,   167,   23000000,   10349560,        0,  -12650440,          0
 28372,   168,   23000000,   11101480,        0,  -11898520,          0
 28372,   169,   23000000,   12161443,        0,  -10838557,          0
 28372,   170,   23000000,    9074053,        0,  -13925947,          0
 28372,   171,   23000000,   10059192,        0,  -12940808,          0
 28372,   172,   23000000,   11110587,        0,  -11889413,          0
 28372,   173,   23000000,   14082590,        0,   -8917410,          0
 28372,   174,   23000000,    9117171,        0,  -13882829,          0
 28372,   175,   23000000,   10050569,        0,  -12949431,          0
 28372,   176,   23000000,   11083050,        0,  -11916950,          0
 28372,   177,   23000000,   12159426,        0,  -10840574,          0
 28372,   178,   23000000,    9350929,        0,  -13649071,          0
 28372,   179,   23000000,   11704449,        0,  -11295551,          0
 28372,   180,   23000000,   11115236,        0,  -11884764,          0
 28372,   181,   23000000,   12083158,        0,  -10916842,          0
 28372,   182,   23000000,    9137053,        0,  -13862947,          0
 28372,   183,   23000000,   10075316,        0,  -12924684,          0
 28372,   184,   23000000,   11046221,        0,  -11953779,          0
 28372,   185,   23000000,   12814491,        0,  -10185509,          0
 28372,   186,   23000000,    9204916,        0,  -13795084,          0
 28372,   187,   23000000,   10088406,        0,  -12911594,          0
 28372,   188,   23000000,   11085943,        0,  -11914057,          0
 28372,   189,   23000000,   12037792,        0,  -10962208,          0
 28372,   190,   23000000,    9064108,        0,  -13935892,          0
 28372,   191,   23000000,   10099219,        0,  -12900781,          0
 28372,   192,   23000000,   11119622,        0,  -11880378,          0
 28372,   193,   23000000,   12102582,        0,  -10897418,          0
 28372,   194,   23000000,    8999459,        0,  -14000541,          0
 28372,   195,   23000000,   10117492,        0,  -12882508,          0
 28372,   196,   23000000,   11105839,        0,  -11894161,          0
 28372,   197,   23000000,   12107721,        0,  -10892279,          0
 28372,   198,   23000000,    9016639,        0,  -13983361,          0
 28372,   199,   23000000,   12096992,        0,  -10903008,          0
 28372,   200,   23000000,   11070905,        0,  -11929095,          0
 28372,   201,   23000000,   12136850,        0,  -10863150,          0
 28372,   202,   23000000,    9065206,        0,  -13934794,          0
 28372,   203,   23000000,   10028675,        0,  -12971325,          0
 28372,   204,   23000000,   13090532,        0,   -9909468,          0
 28372,   205,   23000000,   12113905,        0,  -10886095,          0
 28372,   206,   23000000,    9613792,        0,  -13386208,          0
 28372,   207,   23000000,   10039113,        0,  -12960887,          0
 28372,   208,   23000000,   12200303,        0,  -10799697,          0
 28372,   209,   23000000,   14046932,        0,   -8953068,          0
 28372,   210,   23000000,    9066007,        0,  -13933993,          0
 28372,   211,   23000000,   12055974,        0,  -10944026,          0
 28372,   212,   23000000,   13041185,        0,   -9958815,          0
 28372,   213,   23000000,   12112399,        0,  -10887601,          0
 28372,   214,   23000000,    9051660,        0,  -13948340,          0
 28372,   215,   23000000,    9975891,        0,  -13024109,          0
 28372,   216,   23000000,   13108270,        0,   -9891730,          0
 28372,   217,   23000000,   13245696,        0,   -9754304,          0
 28372,   218,   23000000,    9119031,        0,  -13880969,          0
 28372,   219,   23000000,   10049466,        0,  -12950534,          0
 28372,   220,   23000000,   11140114,        0,  -11859886,          0
 28372,   221,   23000000,   12157453,        0,  -10842547,          0
 28372,   222,   23000000,   10929136,        0,  -12070864,          0
 28372,   223,   23000000,   10052336,        0,  -12947664,          0
 28372,   224,   23000000,   11075605,        0,  -11924395,          0
 28372,   225,   23000000,   12114492,        0,  -10885508,          0
 28372,   226,   23000000,   11088226,        0,  -11911774,          0
 28372,   227,   23000000,   10362654,        0,  -12637346,          0
 28372,   228,   23000000,   11075148,        0,  -11924852,          0
 28372,   229,   23000000,   12073407,        0,  -10926593,          0
 28372,   230,   23000000,    9117322,        0,  -13882678,          0
 28372,   231,   23000000,   12103064,        0,  -10896936,          0
 28372,   232,   23000000,   11363685,        0,  -11636315,          0
 28372,   233,   23000000,   12012814,        0,  -10987186,          0
 28372,   234,   23000000,    9114717,        0,  -13885283,          0
 28372,   235,   23000000,   10083054,        0,  -12916946,          0
 28372,   236,   23000000,   11034534,        0,  -11965466,          0
 28372,   237,   23000000,   12092088,        0,  -10907912,          0
 28372,   238,   23000000,    9072251,        0,  -13927749,          0
 28372,   239,   23000000,   10152849,        0,  -12847151,          0
 28372,   240,   23000000,   11101938,        0,  -11898062,          0
 28372,   241,   23000000,   12086413,        0,  -10913587,          0
 28372,   242,   23000000,    9353827,        0,  -13646173,          0
 28372,   243,   23000000,   10040230,        0,  -12959770,          0
 28372,   244,   23000000,   11093092,        0,  -11906908,          0
 28372,   245,   23000000,   12077403,        0,  -10922597,          0
 28372,   246,   23000000,    9094378,        0,  -13905622,          0
 28372,   247,   23000000,   10083509,        0,  -12916491,          0
 28372,   248,   23000000,   11052872,        0,  -11947128,          0
 28372,   249,   23000000,   12084650,        0,  -10915350,          0
 28372,   250,   23000000,    9066511,        0,  -13933489,          0
 28372,   251,   23000000,   10089336,        0,  -12910664,          0
 28372,   252,   23000000,   11046342,        0,  -11953658,          0
 28372,   253,   23000000,   12117583,        0,  -10882417,          0
 28372,   254,   23000000,    9283650,        0,  -13716350,          0
 28372,   255,   23000000,   10038123,        0,  -12961877,          0
 28372,   256,   23000000,   11109309,        0,  -11890691,          0
 28372,   257,   23000000,   12048801,        0,  -10951199,          0
 28372,   258,   23000000,    9104875,        0,  -13895125,          0
 28372,   259,   23000000,   10032321,        0,  -12967679,          0
 28372,   260,   23000000,   11253243,        0,  -11746757,          0
 28372,   261,   23000000,   12063868,        0,  -10936132,          0
 28372,   262,   23000000,    9093437,        0,  -13906563,          0
 28372,   263,   23000000,   12043817,        0,  -10956183,          0
 28372,   264,   23000000,   11115656,        0,  -11884344,          0
 28372,   265,   23000000,   12324298,        0,  -10675702,          0
 28372,   266,   23000000,    9078948,        0,  -13921052,          0
 28372,   267,   23000000,   10440764,        0,  -12559236,          0
 28372,   268,   23000000,   11081813,        0,  -11918187,          0
 28372,   269,   23000000,   12042045,        0,  -10957955,          0
 28372,   270,   23000000,    9030085,        0,  -13969915,          0
 28372,   271,   23000000,   10124734,        0,  -12875266,          0
 28372,   272,   23000000,   13162440,        0,   -9837560,          0
 28372,   273,   23000000,   12088795,        0,  -10911205,          0
 28372,   274,   23000000,    9079435,        0,  -13920565,          0
 28372,   275,   23000000,   10050972,        0,  -12949028,          0
 28372,   276,   23000000,   11125137,        0,  -11874863,          0
 28372,   277,   23000000,   12065563,        0,  -10934437,          0
 28372,   278,   23000000,   10240825,        0,  -12759175,          0
 28372,   279,   23000000,   10059938,        0,  -12940062,          0
 28372,   280,   23000000,   11450834,        0,  -11549166,          0
 28372,   281,   23000000,   12057254,        0,  -10942746,          0
 28372,   282,   23000000,    9078440,        0,  -13921560,          0
 28372,   283,   23000000,   10103924,        0,  -12896076,          0
 28372,   284,   23000000,   11041480,        0,  -11958520,          0
 28372,   285,   23000000,   12098021,        0,  -10901979,          0
 28372,   286,   23000000,    9030801,        0,  -13969199,          0
 28372,   287,   23000000,   10110253,        0,  -12889747,          0
 28372,   288,   23000000,   11076498,        0,  -11923502,          0
 28372,   289,   23000000,   12058361,        0,  -10941639,          0
 28372,   290,   23000000,    9034052,        0,  -13965948,          0
 28372,   291,   23000000,   10054239,        0,  -12945761,          0
 28372,   292,   23000000,   11070808,        0,  -11929192,          0
 28372,   293,   23000000,   12102440,        0,  -10897560,          0
 28372,   294,   23000000,    8989664,        0,  -14010336,          0
 28372,   295,   23000000,   10778497,        0,  -12221503,          0
 28372,   296,   23000000,   11100719,        0,  -11899281,          0
 28372,   297,   23000000,   12080465,        0,  -10919535,          0
 28372,   298,   23000000,    9061524,        0,  -13938476,          0
 28372,   299,   23000000,   12098177,        0,  -10901823,          0
 28372,   300,   23000000,   11080287,        0,  -11919713,          0
 28372,   301,   23000000,   12075398,        0,  -10924602,          0
 28372,   302,   23000000,    8989913,        0,  -14010087,          0
 28372,   303,   23000000,   10387691,        0,  -12612309,          0
 28372,   304,   23000000,   11074427,        0,  -11925573,          0
 28372,   305,   23000000,   12098504,        0,  -10901496,          0
 28372,   306,   23000000,    9084730,        0,  -13915270,          0
 28372,   307,   23000000,   10076721,        0,  -12923279,          0
 28372,   308,   23000000,   11159637,        0,  -11840363,          0
 28372,   309,   23000000,   12123759,        0,  -10876241,          0
 28372,   310,   23000000,    9030161,        0,  -13969839,          0
 28372,   311,   23000000,   10061083,        0,  -12938917,          0
 28372,   312,   23000000,   11107901,        0,  -11892099,          0
 28372,   313,   23000000,   12089926,        0,  -10910074,          0
 28372,   314,   23000000,    9138823,        0,  -13861177,          0
 28372,   315,   23000000,   10119860,        0,  -12880140,          0
 28372,   316,   23000000,   12345151,        0,  -10654849,          0
 28372,   317,   23000000,   12093254,        0,  -10906746,          0
 28372,   318,   23000000,   11076835,        0,  -11923165,          0
 28372,   319,   23000000,   10349984,        0,  -12650016,          0
 28372,   320,   23000000,   11126325,        0,  -11873675,          0
 28372,   321,   23000000,   12071064,        0,  -10928936,          0
 28372,   322,   23000000,    9029430,        0,  -13970570,          0
 28372,   323,   23000000,   10019213,        0,  -12980787,          0
 28372,   324,   23000000,   11088138,        0,  -11911862,          0
 28372,   325,   23000000,   12114286,        0,  -10885714,          0
 28372,   326,   23000000,    9068702,        0,  -13931298,          0
 28372,   327,   23000000,   10091375,        0,  -12908625,          0
 28372,   328,   23000000,   11159294,        0,  -11840706,          0
 28372,   329,   23000000,   12095398,        0,  -10904602,          0
 28372,   330,   23000000,    9084567,        0,  -13915433,          0
 28372,   331,   23000000,   10083200,        0,  -12916800,          0
 28372,   332,   23000000,   11187774,        0,  -11812226,          0
 28372,   333,   23000000,   12132847,        0,  -10867153,          0
 28372,   334,   23000000,   10992429,        0,  -12007571,          0
 28372,   335,   23000000,   10051777,        0,  -12948223,          0
 28372,   336,   23000000,   11104523,        0,  -11895477,          0
 28372,   337,   23000000,   12159694,        0,  -10840306,          0
 28372,   338,   23000000,    9071463,        0,  -13928537,          0
 28372,   339,   23000000,   10215993,        0,  -12784007,          0
 28372,   340,   23000000,   11132093,        0,  -11867907,          0
 28372,   341,   23000000,   12139439,        0,  -10860561,          0
 28372,   342,   23000000,    9057132,        0,  -13942868,          0
 28372,   343,   23000000,   12030035,        0,  -10969965,          0
 28372,   344,   23000000,   11100724,        0,  -11899276,          0
 28372,   345,   23000000,   12115656,        0,  -10884344,          0
 28372,   346,   23000000,   11049904,        0,  -11950096,          0
 28372,   347,   23000000,   10077067,        0,  -12922933,          0
 28372,   348,   23000000,   11090852,        0,  -11909148,          0
 28372,   349,   23000000,   16110723,        0,   -6889277,          0
 28372,   350,   23000000,    9102444,        0,  -13897556,          0
 28372,   351,   23000000,   10050344,        0,  -12949656,          0
 28372,   352,   23000000,   11353070,        0,  -11646930,          0
 28372,   353,   23000000,   12211565,        0,  -10788435,          0
 28372,   354,   23000000,    9487425,        0,  -13512575,          0
 28372,   355,   23000000,   10062013,        0,  -12937987,          0
 28372,   356,   23000000,   11052066,        0,  -11947934,          0
 28372,   357,   23000000,   12109126,        0,  -10890874,          0
 28372,   358,   23000000,    9071984,        0,  -13928016,          0
 28372,   359,   23000000,   10024249,        0,  -12975751,          0
 28372,   360,   23000000,   11101802,        0,  -11898198,          0
 28372,   361,   23000000,   12067873,        0,  -10932127,          0
 28372,   362,   23000000,    9079716,        0,  -13920284,          0
 28372,   363,   23000000,   10036245,        0,  -12963755,          0
 28372,   364,   23000000,   11055489,        0,  -11944511,          0
 28372,   365,   23000000,   12091455,        0,  -10908545,          0
 28372,   366,   23000000,    9024679,        0,  -13975321,          0
 28372,   367,   23000000,   10131471,        0,  -12868529,          0
 28372,   368,   23000000,   11377225,        0,  -11622775,          0
 28372,   369,   23000000,   12403269,        0,  -10596731,          0
 28372,   370,   23000000,    9120422,        0,  -13879578,          0
 28372,   371,   23000000,   14081036,        0,   -8918964,          0
 28372,   372,   23000000,   11069573,        0,  -11930427,          0
 28372,   373,   23000000,   12148353,        0,  -10851647,          0
 28372,   374,   23000000,    9071591,        0,  -13928409,          0
 28372,   375,   23000000,   12037628,        0,  -10962372,          0
 28372,   376,   23000000,   11101484,        0,  -11898516,          0
 28372,   377,   23000000,   12077736,        0,  -10922264,          0
 28372,   378,   23000000,    9036801,        0,  -13963199,          0
 28372,   379,   23000000,   10449581,        0,  -12550419,          0
 28372,   380,   23000000,   12772588,        0,  -10227412,          0
 28372,   381,   23000000,   12117712,        0,  -10882288,          0
 28372,   382,   23000000,    9087016,        0,  -13912984,          0
 28372,   383,   23000000,   10101641,        0,  -12898359,          0
 28372,   384,   23000000,   11035548,        0,  -11964452,          0
 28372,   385,   23000000,   12058968,        0,  -10941032,          0
 28372,   386,   23000000,    9164516,        0,  -13835484,          0
 28372,   387,   23000000,   14105679,        0,   -8894321,          0
 28372,   388,   23000000,   11075621,        0,  -11924379,          0
 28372,   389,   23000000,   12112891,        0,  -10887109,          0
 28372,   390,   23000000,    9851949,        0,  -13148051,          0
 28372,   391,   23000000,   10133636,        0,  -12866364,          0
 28372,   392,   23000000,   11082061,        0,  -11917939,          0
 28372,   393,   23000000,   12095140,        0,  -10904860,          0
 28372,   394,   23000000,    9108499,        0,  -13891501,          0
 28372,   395,   23000000,   10092896,        0,  -12907104,          0
 28372,   396,   23000000,   11115229,        0,  -11884771,          0
 28372,   397,   23000000,   12151107,        0,  -10848893,          0
 28372,   398,   23000000,    9128777,        0,  -13871223,          0
 28372,   399,   23000000,   10043389,        0,  -12956611,          0
 28372,   400,   23000000,   11068137,        0,  -11931863,          0
 28372,   401,   23000000,   12061904,        0,  -10938096,          0
 28372,   402,   23000000,    9645068,        0,  -13354932,          0
 28372,   403,   23000000,   10031007,        0,  -12968993,          0
 28372,   404,   23000000,   11061734,        0,  -11938266,          0
 28372,   405,   23000000,   12070938,        0,  -10929062,          0
 28372,   406,   23000000,    9322093,        0,  -13677907,          0
 28372,   407,   23000000,   10030521,        0,  -12969479,          0
 28372,   408,   23000000,   11094570,        0,  -11905430,          0
 28372,   409,   23000000,   12070061,        0,  -10929939,          0
 28372,   410,   23000000,    9064324,        0,  -13935676,          0
 28372,   411,   23000000,   10068218,        0,  -12931782,          0
 28372,   412,   23000000,   11318985,        0,  -11681015,          0
 28372,   413,   23000000,   12071785,        0,  -10928215,          0
 28372,   414,   23000000,   11066743,        0,  -11933257,          0
 28372,   415,   23000000,   10030112,        0,  -12969888,          0
 28372,   416,   23000000,   11067888,        0,  -11932112,          0
 28372,   417,   23000000,   12106653,        0,  -10893347,          0
 28372,   418,   23000000,    9409110,        0,  -13590890,          0
 28372,   419,   23000000,   10709007,        0,  -12290993,          0
 28372,   420,   23000000,   11042401,        0,  -11957599,          0
 28372,   421,   23000000,   12141700,        0,  -10858300,          0
 28372,   422,   23000000,    8995847,        0,  -14004153,          0
 28372,   423,   23000000,   10146476,        0,  -12853524,          0
 28372,   424,   23000000,   11170519,        0,  -11829481,          0
 28372,   425,   23000000,   12119338,        0,  -10880662,          0
 28372,   426,   23000000,    9085652,        0,  -13914348,          0
 28372,   427,   23000000,   11314002,        0,  -11685998,          0
 28372,   428,   23000000,   11385128,        0,  -11614872,          0
 28372,   429,   23000000,   12125129,        0,  -10874871,          0
 28372,   430,   23000000,   10996697,        0,  -12003303,          0
 28372,   431,   23000000,   10075945,        0,  -12924055,          0
 28372,   432,   23000000,   11099136,        0,  -11900864,          0
 28372,   433,   23000000,   12074499,        0,  -10925501,          0
 28372,   434,   23000000,    9045393,        0,  -13954607,          0
 28372,   435,   23000000,   10046235,        0,  -12953765,          0
 28372,   436,   23000000,   11077504,        0,  -11922496,          0
 28372,   437,   23000000,   12048072,        0,  -10951928,          0
 28372,   438,   23000000,    9055673,        0,  -13944327,          0
# task NAME=myapp PID=28375 COST=16812000 PERIOD=63000000 CPU=0
 28375,     2,   63000000,      18099,        0,  -62981901,          0
 28375,     3,   63000000,      65408,        0,  -62934592,          0
 28375,     4,   63000000,   30395483,        0,  -32604517,          0
 28375,     5,   63000000,   29349155,        0,  -33650845,          0
 28375,     6,   63000000,   28422845,        0,  -34577155,          0
 28375,     7,   63000000,   29627311,        0,  -33372689,          0
 28375,     8,   63000000,   30390287,        0,  -32609713,          0
 28375,     9,   63000000,   31698244,        0,  -31301756,          0
 28375,    10,   63000000,   26338139,        0,  -36661861,          0
 28375,    11,   63000000,   27309114,        0,  -35690886,          0
 28375,    12,   63000000,   30454652,        0,  -32545348,          0
 28375,    13,   63000000,   29329985,        0,  -33670015,          0
 28375,    14,   63000000,   26317102,        0,  -36682898,          0
 28375,    15,   63000000,   29665033,        0,  -33334967,          0
 28375,    16,   63000000,   30391998,        0,  -32608002,          0
 28375,    17,   63000000,   31681766,        0,  -31318234,          0
 28375,    18,   63000000,   26290924,        0,  -36709076,          0
 28375,    19,   63000000,   31453396,        0,  -31546604,          0
 28375,    20,   63000000,   28301226,        0,  -34698774,          0
 28375,    21,   63000000,   29279999,        0,  -33720001,          0
 28375,    22,   63000000,   28387524,        0,  -34612476,          0
 28375,    23,   63000000,   29653851,        0,  -33346149,          0
 28375,    24,   63000000,   30541870,        0,  -32458130,          0
 28375,    25,   63000000,   31702085,        0,  -31297915,          0
 28375,    26,   63000000,   26327469,        0,  -36672531,          0
 28375,    27,   63000000,   29380738,        0,  -33619262,          0
 28375,    28,   63000000,   30453004,        0,  -32546996,          0
 28375,    29,   63000000,   29303467,        0,  -33696533,          0
 28375,    30,   63000000,   28470449,        0,  -34529551,          0
 28375,    31,   63000000,   29648196,        0,  -33351804,          0
 28375,    32,   63000000,   30483853,        0,  -32516147,          0
 28375,    33,   63000000,   31727306,        0,  -31272694,          0
 28375,    34,   63000000,   28436831,        0,  -34563169,          0
 28375,    35,   63000000,   29473051,        0,  -33526949,          0
 28375,    36,   63000000,   30451503,        0,  -32548497,          0
 28375,    37,   63000000,   31415469,        0,  -31584531,          0
 28375,    38,   63000000,   26323132,        0,  -36676868,          0
 28375,    39,   63000000,   29658110,        0,  -33341890,          0
 28375,    40,   63000000,   30479333,        0,  -32520667,          0
 28375,    41,   63000000,   31600466,        0,  -31399534,          0
 28375,    42,   63000000,   28407863,        0,  -34592137,          0
 28375,    43,   63000000,   29438318,        0,  -33561682,          0
 28375,    44,   63000000,   30392727,        0,  -32607273,          0
 28375,    45,   63000000,   31666855,        0,  -31333145,          0
 28375,    46,   63000000,   28397502,        0,  -34602498,          0
 28375,    47,   63000000,   29618474,        0,  -33381526,          0
 28375,    48,   63000000,   30423640,        0,  -32576360,          0
 28375,    49,   63000000,   31672061,        0,  -31327939,          0
 28375,    50,   63000000,   28385644,        0,  -34614356,          0
 28375,    51,   63000000,   29834589,        0,  -33165411,          0
 28375,    52,   63000000,   30460985,        0,  -32539015,          0
 28375,    53,   63000000,   31667566,        0,  -31332434,          0
 28375,    54,   63000000,   26307728,        0,  -36692272,          0
 28375,    55,   63000000,   29727296,        0,  -33272704,          0
 28375,    56,   63000000,   28311210,        0,  -34688790,          0
 28375,    57,   63000000,   29308924,        0,  -33691076,          0
 28375,    58,   63000000,   26331470,        0,  -36668530,          0
 28375,    59,   63000000,   27332011,        0,  -35667989,          0
 28375,    60,   63000000,   31101235,        0,  -31898765,          0
 28375,    61,   63000000,   31447160,        0,  -31552840,          0
 28375,    62,   63000000,   26324286,        0,  -36675714,          0
 28375,    63,   63000000,   29435986,        0,  -33564014,          0
 28375,    64,   63000000,   28318524,        0,  -34681476,          0
 28375,    65,   63000000,   31492049,        0,  -31507951,          0
 28375,    66,   63000000,   26280562,        0,  -36719438,          0
 28375,    67,   63000000,   29395138,        0,  -33604862,          0
 28375,    68,   63000000,   30418335,        0,  -32581665,          0
 28375,    69,   63000000,   31550566,        0,  -31449434,          0
 28375,    70,   63000000,   26307634,        0,  -36692366,          0
 28375,    71,   63000000,   29493536,        0,  -33506464,          0
 28375,    72,   63000000,   30420799,        0,  -32579201,          0
 28375,    73,   63000000,   29344100,        0,  -33655900,          0
 28375,    74,   63000000,   26340959,        0,  -36659041,          0
 28375,    75,   63000000,   27335211,        0,  -35664789,          0
 28375,    76,   63000000,   30401270,        0,  -32598730,          0
 28375,    77,   63000000,   31445056,        0,  -31554944,          0
 28375,    78,   63000000,   28452702,        0,  -34547298,          0
 28375,    79,   63000000,   29307318,        0,  -33692682,          0
 28375,    80,   63000000,   30403825,        0,  -32596175,          0
 28375,    81,   63000000,   31481314,        0,  -31518686,          0
 28375,    82,   63000000,   26291057,        0,  -36708943,          0
 28375,    83,   63000000,   27320631,        0,  -35679369,          0
 28375,    84,   63000000,   28329705,        0,  -34670295,          0
 28375,    85,   63000000,   31483776,        0,  -31516224,          0
 28375,    86,   63000000,   26328613,        0,  -36671387,          0
 28375,    87,   63000000,   29415313,        0,  -33584687,          0
 28375,    88,   63000000,   30420710,        0,  -32579290,          0
 28375,    89,   63000000,   31419579,        0,  -31580421,          0
 28375,    90,   63000000,   28436369,        0,  -34563631,          0
 28375,    91,   63000000,   30133664,        0,  -32866336,          0
 28375,    92,   63000000,   30382703,        0,  -32617297,          0
 28375,    93,   63000000,   31366628,        0,  -31633372,          0
 28375,    94,   63000000,   28379255,        0,  -34620745,          0
 28375,    95,   63000000,   29412789,        0,  -33587211,          0
 28375,    96,   63000000,   30423311,        0,  -32576689,          0
 28375,    97,   63000000,   31397658,        0,  -31602342,          0
 28375,    98,   63000000,   26289258,        0,  -36710742,          0
 28375,    99,   63000000,   30677496,        0,  -32322504,          0
 28375,   100,   63000000,   30453274,        0,  -32546726,          0
 28375,   101,   63000000,   31450417,        0,  -31549583,          0
 28375,   102,   63000000,   26274763,        0,  -36725237,          0
 28375,   103,   63000000,   29391846,        0,  -33608154,          0
 28375,   104,   63000000,   28330927,        0,  -34669073,          0
 28375,   105,   63000000,   31406428,        0,  -31593572,          0
 28375,   106,   63000000,   26311705,        0,  -36688295,          0
 28375,   107,   63000000,   29429208,        0,  -33570792,          0
 28375,   108,   63000000,   30400502,        0,  -32599498,          0
 28375,   109,   63000000,   31374143,        0,  -31625857,          0
 28375,   110,   63000000,   28413320,        0,  -34586680,          0
 28375,   111,   63000000,   29408136,        0,  -33591864,          0
 28375,   112,   63000000,   28327195,        0,  -34672805,          0
 28375,   113,   63000000,   31450680,        0,  -31549320,          0
 28375,   114,   63000000,   28428775,        0,  -34571225,          0
 28375,   115,   63000000,   29465831,        0,  -33534169,          0
 28375,   116,   63000000,   30428056,        0,  -32571944,          0
 28375,   117,   63000000,   31485573,        0,  -31514427,          0
 28375,   118,   63000000,   28388470,        0,  -34611530,          0
 28375,   119,   63000000,   27326966,        0,  -35673034,          0
 28375,   120,   63000000,   30438261,        0,  -32561739,          0
 28375,   121,   63000000,   31458701,        0,  -31541299,          0
 28375,   122,   63000000,   28439866,        0,  -34560134,          0
 28375,   123,   63000000,   29283815,        0,  -33716185,          0
 28375,   124,   63000000,   30477726,        0,  -32522274,          0
 28375,   125,   63000000,   31449920,        0,  -31550080,          0
 28375,   126,   63000000,   28410805,        0,  -34589195,          0
 28375,   127,   63000000,   27334419,        0,  -35665581,          0
 28375,   128,   63000000,   30705015,        0,  -32294985,          0
 28375,   129,   63000000,   31505017,        0,  -31494983,          0
 28375,   130,   63000000,   26336450,        0,  -36663550,          0
 28375,   131,   63000000,   29382399,        0,  -33617601,          0
 28375,   132,   63000000,   30436385,        0,  -32563615,          0
 28375,   133,   63000000,   31371465,        0,  -31628535,          0
 28375,   134,   63000000,   28626745,        0,  -34373255,          0
 28375,   135,   63000000,   29392513,        0,  -33607487,          0
 28375,   136,   63000000,   30639525,        0,  -32360475,          0
 28375,   137,   63000000,   31389966,        0,  -31610034,          0
 28375,   138,   63000000,   28433408,        0,  -34566592,          0
 28375,   139,   63000000,   27293571,        0,  -35706429,          0
 28375,   140,   63000000,   30418047,        0,  -32581953,          0
 28375,   141,   63000000,   29330683,        0,  -33669317,          0
 28375,   142,   63000000,   28733687,        0,  -34266313,          0
 28375,   143,   63000000,   29470185,        0,  -33529815,          0
 28375,   144,   63000000,   30608867,        0,  -32391133,          0
 28375,   145,   63000000,   33402571,        0,  -29597429,          0
 28375,   146,   63000000,   28695746,        0,  -34304254,          0
 28375,   147,   63000000,   29395996,        0,  -33604004,          0
 28375,   148,   63000000,   30393245,        0,  -32606755,          0
 28375,   149,   63000000,   31769853,        0,  -31230147,          0
 28375,   150,   63000000,   28697293,        0,  -34302707,          0
 28375,   151,   63000000,   29439725,        0,  -33560275,          0
 28375,   152,   63000000,   30633190,        0,  -32366810,          0
 28375,   153,   63000000,   31477569,        0,  -31522431,          0
 28375,   154,   63000000,   28372393,        0,  -34627607,          0
 28375,   155,   63000000,   29416941,        0,  -33583059,          0
 28375,   156,   63000000,   30427592,        0,  -32572408,          0
 28375,   157,   63000000,   33396459,        0,  -29603541,          0
 28375,   158,   63000000,   28673744,        0,  -34326256,          0
 28375,   159,   63000000,   29403143,        0,  -33596857,          0
 28375,   160,   63000000,   30708537,        0,  -32291463,          0
 28375,   161,   63000000,   31400080,        0,  -31599920,          0
 28375,   162,   63000000,   28501917,        0,  -34498083,          0
# task NAME=myapp PID=28379 COST=6350000 PERIOD=28000000 CPU=0
 28379,     2,   28000000,      11822,        0,  -27988178,          0
 28379,     3,   28000000,      74668,        0,  -27925332,          0
 28379,     4,   28000000,    9410626,        0,  -18589374,          0
 28379,     5,   28000000,    9431985,        0,  -18568015,          0
 28379,     6,   28000000,    9457114,        0,  -18542886,          0
 28379,     7,   28000000,   11431508,        0,  -16568492,          0
 28379,     8,   28000000,    7353206,        0,  -20646794,          0
 28379,     9,   28000000,    9458508,        0,  -18541492,          0
 28379,    10,   28000000,    9096239,        0,  -18903761,          0
 28379,    11,   28000000,    9462202,        0,  -18537798,          0
 28379,    12,   28000000,    9427898,        0,  -18572102,          0
 28379,    13,   28000000,    7338687,        0,  -20661313,          0
 28379,    14,   28000000,    7360681,        0,  -20639319,          0
 28379,    15,   28000000,    9394817,        0,  -18605183,          0
 28379,    16,   28000000,   11396166,        0,  -16603834,          0
 28379,    17,   28000000,    9388008,        0,  -18611992,          0
 28379,    18,   28000000,    9678923,        0,  -18321077,          0
 28379,    19,   28000000,   10367851,        0,  -17632149,          0
 28379,    20,   28000000,   11461105,        0,  -16538895,          0
 28379,    21,   28000000,    9426241,        0,  -18573759,          0
 28379,    22,   28000000,    9419421,        0,  -18580579,          0
 28379,    23,   28000000,    9387677,        0,  -18612323,          0
 28379,    24,   28000000,    9411080,        0,  -18588920,          0
 28379,    25,   28000000,    9380482,        0,  -18619518,          0
 28379,    26,   28000000,    9423340,        0,  -18576660,          0
 28379,    27,   28000000,    9483158,        0,  -18516842,          0
 28379,    28,   28000000,    9405380,        0,  -18594620,          0
 28379,    29,   28000000,    9422176,        0,  -18577824,          0
 28379,    30,   28000000,    9438232,        0,  -18561768,          0
 28379,    31,   28000000,    7354047,        0,  -20645953,          0
 28379,    32,   28000000,   11411487,        0,  -16588513,          0
 28379,    33,   28000000,    9327849,        0,  -18672151,          0
 28379,    34,   28000000,    9451694,        0,  -18548306,          0
 28379,    35,   28000000,    9671258,        0,  -18328742,          0
 28379,    36,   28000000,    9375441,        0,  -18624559,          0
 28379,    37,   28000000,    7350590,        0,  -20649410,          0
 28379,    38,   28000000,    9397445,        0,  -18602555,          0
 28379,    39,   28000000,    9438983,        0,  -18561017,          0
 28379,    40,   28000000,    9397405,        0,  -18602595,          0
 28379,    41,   28000000,    9417709,        0,  -18582291,          0
 28379,    42,   28000000,   11421213,        0,  -16578787,          0
 28379,    43,   28000000,    9409531,        0,  -18590469,          0
 28379,    44,   28000000,   11750424,        0,  -16249576,          0
 28379,    45,   28000000,   11431199,        0,  -16568801,          0
 28379,    46,   28000000,    9391877,        0,  -18608123,          0
 28379,    47,   28000000,   11376357,        0,  -16623643,          0
 28379,    48,   28000000,    9464864,        0,  -18535136,          0
 28379,    49,   28000000,    9413876,        0,  -18586124,          0
 28379,    50,   28000000,    8741853,        0,  -19258147,          0
 28379,    51,   28000000,    9425142,        0,  -18574858,          0
 28379,    52,   28000000,    9487977,        0,  -18512023,          0
 28379,    53,   28000000,   10404648,        0,  -17595352,          0
 28379,    54,   28000000,    9421455,        0,  -18578545,          0
 28379,    55,   28000000,    8284505,        0,  -19715495,          0
 28379,    56,   28000000,    9415254,        0,  -18584746,          0
 28379,    57,   28000000,    9476862,        0,  -18523138,          0
 28379,    58,   28000000,    9410337,        0,  -18589663,          0
 28379,    59,   28000000,    7319709,        0,  -20680291,          0
 28379,    60,   28000000,    7336039,        0,  -20663961,          0
 28379,    61,   28000000,    9421831,        0,  -18578169,          0
 28379,    62,   28000000,   10033914,        0,  -17966086,          0
 28379,    63,   28000000,    9441184,        0,  -18558816,          0
 28379,    64,   28000000,    9356065,        0,  -18643935,          0
 28379,    65,   28000000,    9387006,        0,  -18612994,          0
 28379,    66,   28000000,    9419312,        0,  -18580688,          0
 28379,    67,   28000000,    9351829,        0,  -18648171,          0
 28379,    68,   28000000,    9407062,        0,  -18592938,          0
 28379,    69,   28000000,    9461902,        0,  -18538098,          0
 28379,    70,   28000000,    9384451,        0,  -18615549,          0
 28379,    71,   28000000,    9379369,        0,  -18620631,          0
 28379,    72,   28000000,    9422250,        0,  -18577750,          0
 28379,    73,   28000000,   13451365,        0,  -14548635,          0
 28379,    74,   28000000,    9428206,        0,  -18571794,          0
 28379,    75,   28000000,    9404196,        0,  -18595804,          0
 28379,    76,   28000000,   11541135,        0,  -16458865,          0
 28379,    77,   28000000,    7496571,        0,  -20503429,          0
 28379,    78,   28000000,    9446487,        0,  -18553513,          0
 28379,    79,   28000000,    9426611,        0,  -18573389,          0
 28379,    80,   28000000,    9386916,        0,  -18613084,          0
 28379,    81,   28000000,    9456404,        0,  -18543596,          0
 28379,    82,   28000000,    7336985,        0,  -20663015,          0
 28379,    83,   28000000,    9365041,        0,  -18634959,          0
 28379,    84,   28000000,    9391448,        0,  -18608552,          0
 28379,    85,   28000000,    9507103,        0,  -18492897,          0
 28379,    86,   28000000,    9406817,        0,  -18593183,          0
 28379,    87,   28000000,    9516865,        0,  -18483135,          0
 28379,    88,   28000000,    7379578,        0,  -20620422,          0
 28379,    89,   28000000,    9459309,        0,  -18540691,          0
 28379,    90,   28000000,    9455162,        0,  -18544838,          0
 28379,    91,   28000000,    9414527,        0,  -18585473,          0
 28379,    92,   28000000,   11222635,        0,  -16777365,          0
 28379,    93,   28000000,    9462025,        0,  -18537975,          0
 28379,    94,   28000000,    9407212,        0,  -18592788,          0
 28379,    95,   28000000,   11421401,        0,  -16578599,          0
 28379,    96,   28000000,    7334665,        0,  -20665335,          0
 28379,    97,   28000000,    9464876,        0,  -18535124,          0
 28379,    98,   28000000,    9429485,        0,  -18570515,          0
 28379,    99,   28000000,    9516661,        0,  -18483339,          0
 28379,   100,   28000000,    9435400,        0,  -18564600,          0
 28379,   101,   28000000,    9422419,        0,  -18577581,          0
 28379,   102,   28000000,    9690822,        0,  -18309178,          0
 28379,   103,   28000000,    9404323,        0,  -18595677,          0
 28379,   104,   28000000,    7332851,        0,  -20667149,          0
 28379,   105,   28000000,    9418845,        0,  -18581155,          0
 28379,   106,   28000000,    9403213,        0,  -18596787,          0
 28379,   107,   28000000,   11321957,        0,  -16678043,          0
 28379,   108,   28000000,    9397697,        0,  -18602303,          0
 28379,   109,   28000000,    9381802,        0,  -18618198,          0
 28379,   110,   28000000,    8178644,        0,  -19821356,          0
 28379,   111,   28000000,    9652051,        0,  -18347949,          0
 28379,   112,   28000000,    9407061,        0,  -18592939,          0
 28379,   113,   28000000,    9423981,        0,  -18576019,          0
 28379,   114,   28000000,    8858870,        0,  -19141130,          0
 28379,   115,   28000000,    9483893,        0,  -18516107,          0
 28379,   116,   28000000,    9428721,        0,  -18571279,          0
 28379,   117,   28000000,    7743743,        0,  -20256257,          0
 28379,   118,   28000000,    9467969,        0,  -18532031,          0
 28379,   119,   28000000,   11396654,        0,  -16603346,          0
 28379,   120,   28000000,    9702797,        0,  -18297203,          0
 28379,   121,   28000000,    9433828,        0,  -18566172,          0
 28379,   122,   28000000,   11418288,        0,  -16581712,          0
 28379,   123,   28000000,    9387900,        0,  -18612100,          0
 28379,   124,   28000000,    9376831,        0,  -18623169,          0
 28379,   125,   28000000,    9374409,        0,  -18625591,          0
 28379,   126,   28000000,    7367747,        0,  -20632253,          0
 28379,   127,   28000000,    7308846,        0,  -20691154,          0
 28379,   128,   28000000,    9413855,        0,  -18586145,          0
 28379,   129,   28000000,    9468535,        0,  -18531465,          0
 28379,   130,   28000000,    9421330,        0,  -18578670,          0
 28379,   131,   28000000,    9455970,        0,  -18544030,          0
 28379,   132,   28000000,    9363038,        0,  -18636962,          0
 28379,   133,   28000000,    9421575,        0,  -18578425,          0
 28379,   134,   28000000,    9440291,        0,  -18559709,          0
 28379,   135,   28000000,    9424501,        0,  -18575499,          0
 28379,   136,   28000000,    9391536,        0,  -18608464,          0
 28379,   137,   28000000,    9388815,        0,  -18611185,          0
 28379,   138,   28000000,    9418534,        0,  -18581466,          0
 28379,   139,   28000000,    9474811,        0,  -18525189,          0
 28379,   140,   28000000,    9459963,        0,  -18540037,          0
 28379,   141,   28000000,    9361187,        0,  -18638813,          0
 28379,   142,   28000000,    9401812,        0,  -18598188,          0
 28379,   143,   28000000,    9404971,        0,  -18595029,          0
 28379,   144,   28000000,    7343548,        0,  -20656452,          0
 28379,   145,   28000000,    9352611,        0,  -18647389,          0
 28379,   146,   28000000,    9424273,        0,  -18575727,          0
 28379,   147,   28000000,    9442115,        0,  -18557885,          0
 28379,   148,   28000000,    9387044,        0,  -18612956,          0
 28379,   149,   28000000,    7368784,        0,  -20631216,          0
 28379,   150,   28000000,    9430071,        0,  -18569929,          0
 28379,   151,   28000000,   11663137,        0,  -16336863,          0
 28379,   152,   28000000,    9387635,        0,  -18612365,          0
 28379,   153,   28000000,    9406914,        0,  -18593086,          0
 28379,   154,   28000000,   11395962,        0,  -16604038,          0
 28379,   155,   28000000,    9498876,        0,  -18501124,          0
 28379,   156,   28000000,    9508156,        0,  -18491844,          0
 28379,   157,   28000000,    9396446,        0,  -18603554,          0
 28379,   158,   28000000,    9446598,        0,  -18553402,          0
 28379,   159,   28000000,    9356806,        0,  -18643194,          0
 28379,   160,   28000000,    9660367,        0,  -18339633,          0
 28379,   161,   28000000,    7344360,        0,  -20655640,          0
 28379,   162,   28000000,    9435859,        0,  -18564141,          0
 28379,   163,   28000000,    7664580,        0,  -20335420,          0
 28379,   164,   28000000,    9422783,        0,  -18577217,          0
 28379,   165,   28000000,    9434799,        0,  -18565201,          0
 28379,   166,   28000000,    9436094,        0,  -18563906,          0
 28379,   167,   28000000,   11400199,        0,  -16599801,          0
 28379,   168,   28000000,    9448388,        0,  -18551612,          0
 28379,   169,   28000000,    9452940,        0,  -18547060,          0
 28379,   170,   28000000,    9386963,        0,  -18613037,          0
 28379,   171,   28000000,   11556129,        0,  -16443871,          0
 28379,   172,   28000000,   11359809,        0,  -16640191,          0
 28379,   173,   28000000,    9408474,        0,  -18591526,          0
 28379,   174,   28000000,    7356795,        0,  -20643205,          0
 28379,   175,   28000000,    9420891,        0,  -18579109,          0
 28379,   176,   28000000,    9383211,        0,  -18616789,          0
 28379,   177,   28000000,    9461585,        0,  -18538415,          0
 28379,   178,   28000000,   11657928,        0,  -16342072,          0
 28379,   179,   28000000,    9408325,        0,  -18591675,          0
 28379,   180,   28000000,    9405732,        0,  -18594268,          0
 28379,   181,   28000000,    9411664,        0,  -18588336,          0
 28379,   182,   28000000,    9440180,        0,  -18559820,          0
 28379,   183,   28000000,    7338692,        0,  -20661308,          0
 28379,   184,   28000000,    9378576,        0,  -18621424,          0
 28379,   185,   28000000,    9413296,        0,  -18586704,          0
 28379,   186,   28000000,    9385295,        0,  -18614705,          0
 28379,   187,   28000000,    9736970,        0,  -18263030,          0
 28379,   188,   28000000,   13484607,        0,  -14515393,          0
 28379,   189,   28000000,    9393145,        0,  -18606855,          0
 28379,   190,   28000000,   10026265,        0,  -17973735,          0
 28379,   191,   28000000,    9857679,        0,  -18142321,          0
 28379,   192,   28000000,    9371959,        0,  -18628041,          0
 28379,   193,   28000000,   11481451,        0,  -16518549,          0
 28379,   194,   28000000,    9848760,        0,  -18151240,          0
 28379,   195,   28000000,    9387954,        0,  -18612046,          0
 28379,   196,   28000000,    9377464,        0,  -18622536,          0
 28379,   197,   28000000,    9457268,        0,  -18542732,          0
 28379,   198,   28000000,    9434138,        0,  -18565862,          0
 28379,   199,   28000000,   11509178,        0,  -16490822,          0
 28379,   200,   28000000,    9438031,        0,  -18561969,          0
 28379,   201,   28000000,    9389424,        0,  -18610576,          0
 28379,   202,   28000000,    9403506,        0,  -18596494,          0
 28379,   203,   28000000,    9402108,        0,  -18597892,          0
 28379,   204,   28000000,    9501173,        0,  -18498827,          0
 28379,   205,   28000000,    8309576,        0,  -19690424,          0
 28379,   206,   28000000,    9402387,        0,  -18597613,          0
 28379,   207,   28000000,    9427458,        0,  -18572542,          0
 28379,   208,   28000000,    7615957,        0,  -20384043,          0
 28379,   209,   28000000,    9460839,        0,  -18539161,          0
 28379,   210,   28000000,   10145944,        0,  -17854056,          0
 28379,   211,   28000000,    8643078,        0,  -19356922,          0
 28379,   212,   28000000,    7336872,        0,  -20663128,          0
 28379,   213,   28000000,   11444532,        0,  -16555468,          0
 28379,   214,   28000000,    7354766,        0,  -20645234,          0
 28379,   215,   28000000,    9308401,        0,  -18691599,          0
 28379,   216,   28000000,    9389050,        0,  -18610950,          0
 28379,   217,   28000000,   11408971,        0,  -16591029,          0
 28379,   218,   28000000,    9367592,        0,  -18632408,          0
 28379,   219,   28000000,    9394486,        0,  -18605514,          0
 28379,   220,   28000000,    7312159,        0,  -20687841,          0
 28379,   221,   28000000,    9384547,        0,  -18615453,          0
 28379,   222,   28000000,    7748504,        0,  -20251496,          0
 28379,   223,   28000000,    9378458,        0,  -18621542,          0
 28379,   224,   28000000,    9340925,        0,  -18659075,          0
 28379,   225,   28000000,    9413474,        0,  -18586526,          0
 28379,   226,   28000000,    7334109,        0,  -20665891,          0
 28379,   227,   28000000,    9700533,        0,  -18299467,          0
 28379,   228,   28000000,   11408869,        0,  -16591131,          0
 28379,   229,   28000000,    9424707,        0,  -18575293,          0
 28379,   230,   28000000,    9373035,        0,  -18626965,          0
 28379,   231,   28000000,    9394249,        0,  -18605751,          0
 28379,   232,   28000000,    9458870,        0,  -18541130,          0
 28379,   233,   28000000,    9380806,        0,  -18619194,          0
 28379,   234,   28000000,    9475523,        0,  -18524477,          0
 28379,   235,   28000000,    9659164,        0,  -18340836,          0
 28379,   236,   28000000,    9624188,        0,  -18375812,          0
 28379,   237,   28000000,    9457874,        0,  -18542126,          0
 28379,   238,   28000000,    9335658,        0,  -18664342,          0
 28379,   239,   28000000,    9408690,        0,  -18591310,          0
 28379,   240,   28000000,    9436199,        0,  -18563801,          0
 28379,   241,   28000000,    9371953,        0,  -18628047,          0
 28379,   242,   28000000,    9442038,        0,  -18557962,          0
 28379,   243,   28000000,    9430181,        0,  -18569819,          0
 28379,   244,   28000000,    9399383,        0,  -18600617,          0
 28379,   245,   28000000,   11664389,        0,  -16335611,          0
 28379,   246,   28000000,   11502375,        0,  -16497625,          0
 28379,   247,   28000000,    9425534,        0,  -18574466,          0
 28379,   248,   28000000,    9412270,        0,  -18587730,          0
 28379,   249,   28000000,    9485927,        0,  -18514073,          0
 28379,   250,   28000000,    9445468,        0,  -18554532,          0
 28379,   251,   28000000,    9653058,        0,  -18346942,          0
 28379,   252,   28000000,    9406462,        0,  -18593538,          0
 28379,   253,   28000000,    9435775,        0,  -18564225,          0
 28379,   254,   28000000,    9489006,        0,  -18510994,          0
 28379,   255,   28000000,    9446873,        0,  -18553127,          0
 28379,   256,   28000000,    9416261,        0,  -18583739,          0
 28379,   257,   28000000,   11355147,        0,  -16644853,          0
 28379,   258,   28000000,    9406894,        0,  -18593106,          0
 28379,   259,   28000000,   11446854,        0,  -16553146,          0
 28379,   260,   28000000,    9410155,        0,  -18589845,          0
 28379,   261,   28000000,    9401765,        0,  -18598235,          0
 28379,   262,   28000000,   10449195,        0,  -17550805,          0
 28379,   263,   28000000,    9410919,        0,  -18589081,          0
 28379,   264,   28000000,    9411019,        0,  -18588981,          0
 28379,   265,   28000000,    9414982,        0,  -18585018,          0
 28379,   266,   28000000,    9471641,        0,  -18528359,          0
 28379,   267,   28000000,    7340259,        0,  -20659741,          0
 28379,   268,   28000000,    9424844,        0,  -18575156,          0
 28379,   269,   28000000,    7599061,        0,  -20400939,          0
 28379,   270,   28000000,    9398947,        0,  -18601053,          0
 28379,   271,   28000000,    8205358,        0,  -19794642,          0
 28379,   272,   28000000,    9378261,        0,  -18621739,          0
 28379,   273,   28000000,    9478403,        0,  -18521597,          0
 28379,   274,   28000000,    9525685,        0,  -18474315,          0
 28379,   275,   28000000,    7334223,        0,  -20665777,          0
 28379,   276,   28000000,    7341879,        0,  -20658121,          0
 28379,   277,   28000000,    9427420,        0,  -18572580,          0
 28379,   278,   28000000,    9518751,        0,  -18481249,          0
 28379,   279,   28000000,    9421994,        0,  -18578006,          0
 28379,   280,   28000000,   13450743,        0,  -14549257,          0
 28379,   281,   28000000,    9392533,        0,  -18607467,          0
 28379,   282,   28000000,    9565113,        0,  -18434887,          0
 28379,   283,   28000000,    9480425,        0,  -18519575,          0
 28379,   284,   28000000,    7348429,        0,  -20651571,          0
 28379,   285,   28000000,   10087462,        0,  -17912538,          0
 28379,   286,   28000000,    9489640,        0,  -18510360,          0
 28379,   287,   28000000,    7348229,        0,  -20651771,          0
 28379,   288,   28000000,    9407116,        0,  -18592884,          0
 28379,   289,   28000000,   11323789,        0,  -16676211,          0
 28379,   290,   28000000,   11502977,        0,  -16497023,          0
 28379,   291,   28000000,    9415585,        0,  -18584415,          0
 28379,   292,   28000000,    9424365,        0,  -18575635,          0
 28379,   293,   28000000,    7337911,        0,  -20662089,          0
 28379,   294,   28000000,    9433109,        0,  -18566891,          0
 28379,   295,   28000000,    8844040,        0,  -19155960,          0
 28379,   296,   28000000,    9413919,        0,  -18586081,          0
 28379,   297,   28000000,    9422020,        0,  -18577980,          0
 28379,   298,   28000000,    9406647,        0,  -18593353,          0
 28379,   299,   28000000,    9380281,        0,  -18619719,          0
 28379,   300,   28000000,    9415096,        0,  -18584904,          0
 28379,   301,   28000000,    9434923,        0,  -18565077,          0
 28379,   302,   28000000,    9462257,        0,  -18537743,          0
 28379,   303,   28000000,    9655004,        0,  -18344996,          0
 28379,   304,   28000000,    9450951,        0,  -18549049,          0
 28379,   305,   28000000,    7339682,        0,  -20660318,          0
 28379,   306,   28000000,   11529269,        0,  -16470731,          0
 28379,   307,   28000000,    9506524,        0,  -18493476,          0
 28379,   308,   28000000,    9452010,        0,  -18547990,          0
 28379,   309,   28000000,   11449086,        0,  -16550914,          0
 28379,   310,   28000000,    9409572,        0,  -18590428,          0
 28379,   311,   28000000,    7914334,        0,  -20085666,          0
 28379,   312,   28000000,    9697545,        0,  -18302455,          0
 28379,   313,   28000000,    9442657,        0,  -18557343,          0
 28379,   314,   28000000,    9411815,        0,  -18588185,          0
 28379,   315,   28000000,    9462181,        0,  -18537819,          0
 28379,   316,   28000000,    8284339,        0,  -19715661,          0
 28379,   317,   28000000,    9405070,        0,  -18594930,          0
 28379,   318,   28000000,    9465114,        0,  -18534886,          0
 28379,   319,   28000000,    9394904,        0,  -18605096,          0
 28379,   320,   28000000,    9449316,        0,  -18550684,          0
 28379,   321,   28000000,    9796658,        0,  -18203342,          0
 28379,   322,   28000000,    9435255,        0,  -18564745,          0
 28379,   323,   28000000,    9417085,        0,  -18582915,          0
 28379,   324,   28000000,    9367575,        0,  -18632425,          0
 28379,   325,   28000000,    9392891,        0,  -18607109,          0
 28379,   326,   28000000,    9370768,        0,  -18629232,          0
 28379,   327,   28000000,    9399277,        0,  -18600723,          0
 28379,   328,   28000000,    9446850,        0,  -18553150,          0
 28379,   329,   28000000,    9433494,        0,  -18566506,          0
 28379,   330,   28000000,    9774766,        0,  -18225234,          0
 28379,   331,   28000000,    9522161,        0,  -18477839,          0
 28379,   332,   28000000,    9414113,        0,  -18585887,          0
 28379,   333,   28000000,    9531132,        0,  -18468868,          0
 28379,   334,   28000000,    9401248,        0,  -18598752,          0
 28379,   335,   28000000,    9377607,        0,  -18622393,          0
 28379,   336,   28000000,    9380111,        0,  -18619889,          0
 28379,   337,   28000000,    9406377,        0,  -18593623,          0
 28379,   338,   28000000,    9416647,        0,  -18583353,          0
 28379,   339,   28000000,    9355591,        0,  -18644409,          0
 28379,   340,   28000000,    9447333,        0,  -18552667,          0
 28379,   341,   28000000,    9400809,        0,  -18599191,          0
 28379,   342,   28000000,    9431490,        0,  -18568510,          0
 28379,   343,   28000000,    9700504,        0,  -18299496,          0
 28379,   344,   28000000,    8476105,        0,  -19523895,          0
 28379,   345,   28000000,    9675638,        0,  -18324362,          0
 28379,   346,   28000000,    7343729,        0,  -20656271,          0
 28379,   347,   28000000,    9383092,        0,  -18616908,          0
 28379,   348,   28000000,   11395246,        0,  -16604754,          0
 28379,   349,   28000000,    9396319,        0,  -18603681,          0
 28379,   350,   28000000,    9385992,        0,  -18614008,          0
 28379,   351,   28000000,    9435321,        0,  -18564679,          0
 28379,   352,   28000000,    9808168,        0,  -18191832,          0
 28379,   353,   28000000,    9394164,        0,  -18605836,          0
 28379,   354,   28000000,    9434527,        0,  -18565473,          0
 28379,   355,   28000000,    9435714,        0,  -18564286,          0
 28379,   356,   28000000,    9501694,        0,  -18498306,          0
 28379,   357,   28000000,    7333189,        0,  -20666811,          0
 28379,   358,   28000000,    9449868,        0,  -18550132,          0
 28379,   359,   28000000,    9424016,        0,  -18575984,          0
 28379,   360,   28000000,    7349538,        0,  -20650462,          0
 28379,   361,   28000000,    9659109,        0,  -18340891,          0
