# Task,   Job,     Period,   Response, DL Miss?,   Lateness,  Tardiness
# task NAME=myapp PID=32522 COST=38720000 PERIOD=100000000 CPU=0
 32522,     2,  100000000,       9166,        0,  -99990834,          0
 32522,     3,  100000000,      87424,        0,  -99912576,          0
 32522,     4,  100000000,   37909159,        0,  -62090841,          0
 32522,     5,  100000000,   37914419,        0,  -62085581,          0
 32522,     6,  100000000,   37881974,        0,  -62118026,          0
 32522,     7,  100000000,   38166327,        0,  -61833673,          0
 32522,     8,  100000000,   38351653,        0,  -61648347,          0
 32522,     9,  100000000,   37880311,        0,  -62119689,          0
 32522,    10,  100000000,   37878360,        0,  -62121640,          0
 32522,    11,  100000000,   37866798,        0,  -62133202,          0
 32522,    12,  100000000,   38172709,        0,  -61827291,          0
 32522,    13,  100000000,   38349428,        0,  -61650572,          0
 32522,    14,  100000000,   37889534,        0,  -62110466,          0
 32522,    15,  100000000,   37934451,        0,  -62065549,          0
 32522,    16,  100000000,   37897940,        0,  -62102060,          0
 32522,    17,  100000000,   38158661,        0,  -61841339,          0
 32522,    18,  100000000,   38256173,        0,  -61743827,          0
 32522,    19,  100000000,   37881894,        0,  -62118106,          0
 32522,    20,  100000000,   37930612,        0,  -62069388,          0
 32522,    21,  100000000,   37881870,        0,  -62118130,          0
 32522,    22,  100000000,   38162299,        0,  -61837701,          0
 32522,    23,  100000000,   38165724,        0,  -61834276,          0
 32522,    24,  100000000,   37907896,        0,  -62092104,          0
 32522,    25,  100000000,   37899458,        0,  -62100542,          0
 32522,    26,  100000000,   37914317,        0,  -62085683,          0
 32522,    27,  100000000,   38191659,        0,  -61808341,          0
 32522,    28,  100000000,   38233753,        0,  -61766247,          0
 32522,    29,  100000000,   37869512,        0,  -62130488,          0
 32522,    30,  100000000,   37934609,        0,  -62065391,          0
 32522,    31,  100000000,   37916133,        0,  -62083867,          0
 32522,    32,  100000000,   38163608,        0,  -61836392,          0
 32522,    33,  100000000,   38170007,        0,  -61829993,          0
 32522,    34,  100000000,   37903244,        0,  -62096756,          0
 32522,    35,  100000000,   37877605,        0,  -62122395,          0
 32522,    36,  100000000,   37875825,        0,  -62124175,          0
 32522,    37,  100000000,   38217717,        0,  -61782283,          0
 32522,    38,  100000000,   38272233,        0,  -61727767,          0
 32522,    39,  100000000,   37891424,        0,  -62108576,          0
 32522,    40,  100000000,   37877605,        0,  -62122395,          0
 32522,    41,  100000000,   37908335,        0,  -62091665,          0
 32522,    42,  100000000,   38227027,        0,  -61772973,          0
 32522,    43,  100000000,   38557149,        0,  -61442851,          0
 32522,    44,  100000000,   39183589,        0,  -60816411,          0
 32522,    45,  100000000,   37892531,        0,  -62107469,          0
 32522,    46,  100000000,   37890197,        0,  -62109803,          0
 32522,    47,  100000000,   38189590,        0,  -61810410,          0
 32522,    48,  100000000,   38226388,        0,  -61773612,          0
 32522,    49,  100000000,   37913108,        0,  -62086892,          0
 32522,    50,  100000000,   37906583,        0,  -62093417,          0
 32522,    51,  100000000,   37887639,        0,  -62112361,          0
 32522,    52,  100000000,   38644726,        0,  -61355274,          0
 32522,    53,  100000000,   58679651,        0,  -41320349,          0
 32522,    54,  100000000,   37908501,        0,  -62091499,          0
 32522,    55,  100000000,   37910859,        0,  -62089141,          0
 32522,    56,  100000000,   37899057,        0,  -62100943,          0
 32522,    57,  100000000,   38200476,        0,  -61799524,          0
 32522,    58,  100000000,   38277662,        0,  -61722338,          0
 32522,    59,  100000000,   37928567,        0,  -62071433,          0
 32522,    60,  100000000,   37899165,        0,  -62100835,          0
 32522,    61,  100000000,   38557528,        0,  -61442472,          0
 32522,    62,  100000000,   58626528,        0,  -41373472,          0
 32522,    63,  100000000,   38156465,        0,  -61843535,          0
 32522,    64,  100000000,   37948973,        0,  -62051027,          0
 32522,    65,  100000000,   37898477,        0,  -62101523,          0
 32522,    66,  100000000,   46137506,        0,  -53862494,          0
 32522,    67,  100000000,   38200235,        0,  -61799765,          0
 32522,    68,  100000000,   38258869,        0,  -61741131,          0
 32522,    69,  100000000,   37912496,        0,  -62087504,          0
 32522,    70,  100000000,   38453646,        0,  -61546354,          0
 32522,    71,  100000000,   37899002,        0,  -62100998,          0
 32522,    72,  100000000,   38177543,        0,  -61822457,          0
 32522,    73,  100000000,   38171232,        0,  -61828768,          0
 32522,    74,  100000000,   37879868,        0,  -62120132,          0
 32522,    75,  100000000,   37885363,        0,  -62114637,          0
 32522,    76,  100000000,   37897795,        0,  -62102205,          0
 32522,    77,  100000000,   44353607,        0,  -55646393,          0
 32522,    78,  100000000,   38272214,        0,  -61727786,          0
 32522,    79,  100000000,   37888442,        0,  -62111558,          0
 32522,    80,  100000000,   37874958,        0,  -62125042,          0
 32522,    81,  100000000,   37908594,        0,  -62091406,          0
 32522,    82,  100000000,   38176241,        0,  -61823759,          0
 32522,    83,  100000000,   38188254,        0,  -61811746,          0
 32522,    84,  100000000,   37890278,        0,  -62109722,          0
 32522,    85,  100000000,   37913365,        0,  -62086635,          0
 32522,    86,  100000000,   37908574,        0,  -62091426,          0
 32522,    87,  100000000,   38170419,        0,  -61829581,          0
 32522,    88,  100000000,   40288189,        0,  -59711811,          0
 32522,    89,  100000000,   37918106,        0,  -62081894,          0
 32522,    90,  100000000,   37879907,        0,  -62120093,          0
 32522,    91,  100000000,   37871104,        0,  -62128896,          0
 32522,    92,  100000000,   38175459,        0,  -61824541,          0
 32522,    93,  100000000,   49256962,        0,  -50743038,          0
 32522,    94,  100000000,   37916333,        0,  -62083667,          0
 32522,    95,  100000000,   37920167,        0,  -62079833,          0
 32522,    96,  100000000,   37906185,        0,  -62093815,          0
 32522,    97,  100000000,   38783915,        0,  -61216085,          0
 32522,    98,  100000000,   38264971,        0,  -61735029,          0
 32522,    99,  100000000,   49233367,        0,  -50766633,          0
 32522,   100,  100000000,   37874874,        0,  -62125126,          0
 32522,   101,  100000000,   49798364,        0,  -50201636,          0
 32522,   102,  100000000,   38183671,        0,  -61816329,          0
 32522,   103,  100000000,   38175838,        0,  -61824162,          0
 32522,   104,  100000000,   37960724,        0,  -62039276,          0
# task NAME=myapp PID=32525 COST=1049000 PERIOD=82000000 CPU=0
 32525,     2,   82000000,      15926,        0,  -81984074,          0
 32525,     3,   82000000,      79659,        0,  -81920341,          0
 32525,     4,   82000000,    1055744,        0,  -80944256,          0
 32525,     5,   82000000,   21793810,        0,  -60206190,          0
 32525,     6,   82000000,    1056799,        0,  -80943201,          0
 32525,     7,   82000000,    1069476,        0,  -80930524,          0
 32525,     8,   82000000,    1094377,        0,  -80905623,          0
 32525,     9,   82000000,    1062544,        0,  -80937456,          0
 32525,    10,   82000000,    1094407,        0,  -80905593,          0
 32525,    11,   82000000,    1078185,        0,  -80921815,          0
 32525,    12,   82000000,    1069857,        0,  -80930143,          0
 32525,    13,   82000000,    1077227,        0,  -80922773,          0
 32525,    14,   82000000,    1067825,        0,  -80932175,          0
 32525,    15,   82000000,    1092725,        0,  -80907275,          0
 32525,    16,   82000000,    1088970,        0,  -80911030,          0
 32525,    17,   82000000,    1057147,        0,  -80942853,          0
 32525,    18,   82000000,    1066852,        0,  -80933148,          0
 32525,    19,   82000000,    1076337,        0,  -80923663,          0
 32525,    20,   82000000,    1109312,        0,  -80890688,          0
 32525,    21,   82000000,    1101702,        0,  -80898298,          0
 32525,    22,   82000000,   13202599,        0,  -68797401,          0
 32525,    23,   82000000,    1068293,        0,  -80931707,          0
 32525,    24,   82000000,    1079581,        0,  -80920419,          0
 32525,    25,   82000000,    1103053,        0,  -80896947,          0
 32525,    26,   82000000,    1055069,        0,  -80944931,          0
 32525,    27,   82000000,   23264019,        0,  -58735981,          0
 32525,    28,   82000000,    1091787,        0,  -80908213,          0
 32525,    29,   82000000,    1069232,        0,  -80930768,          0
 32525,    30,   82000000,    1064723,        0,  -80935277,          0
 32525,    31,   82000000,    1084138,        0,  -80915862,          0
 32525,    32,   82000000,    1076254,        0,  -80923746,          0
 32525,    33,   82000000,    1078956,        0,  -80921044,          0
 32525,    34,   82000000,    1067680,        0,  -80932320,          0
 32525,    35,   82000000,   14974276,        0,  -67025724,          0
 32525,    36,   82000000,    1059854,        0,  -80940146,          0
 32525,    37,   82000000,    1081309,        0,  -80918691,          0
 32525,    38,   82000000,    1064656,        0,  -80935344,          0
 32525,    39,   82000000,    1053464,        0,  -80946536,          0
 32525,    40,   82000000,    1074763,        0,  -80925237,          0
 32525,    41,   82000000,    1055892,        0,  -80944108,          0
 32525,    42,   82000000,    1081261,        0,  -80918739,          0
 32525,    43,   82000000,    1078958,        0,  -80921042,          0
 32525,    44,   82000000,    1115624,        0,  -80884376,          0
 32525,    45,   82000000,   14724596,        0,  -67275404,          0
 32525,    46,   82000000,    1073902,        0,  -80926098,          0
 32525,    47,   82000000,    1078840,        0,  -80921160,          0
 32525,    48,   82000000,    1058385,        0,  -80941615,          0
 32525,    49,   82000000,    1054386,        0,  -80945614,          0
 32525,    50,   82000000,   27457299,        0,  -54542701,          0
 32525,    51,   82000000,    1083504,        0,  -80916496,          0
 32525,    52,   82000000,    1065907,        0,  -80934093,          0
 32525,    53,   82000000,    1135463,        0,  -80864537,          0
 32525,    54,   82000000,    1093161,        0,  -80906839,          0
 32525,    55,   82000000,    1060190,        0,  -80939810,          0
 32525,    56,   82000000,    1109366,        0,  -80890634,          0
 32525,    57,   82000000,    1107317,        0,  -80892683,          0
 32525,    58,   82000000,    1063267,        0,  -80936733,          0
 32525,    59,   82000000,    1111487,        0,  -80888513,          0
 32525,    60,   82000000,    1116741,        0,  -80883259,          0
 32525,    61,   82000000,    1133037,        0,  -80866963,          0
 32525,    62,   82000000,    1062784,        0,  -80937216,          0
 32525,    63,   82000000,    1107986,        0,  -80892014,          0
 32525,    64,   82000000,   19563557,        0,  -62436443,          0
 32525,    65,   82000000,    1095054,        0,  -80904946,          0
 32525,    66,   82000000,    1076560,        0,  -80923440,          0
 32525,    67,   82000000,    1115337,        0,  -80884663,          0
 32525,    68,   82000000,    1069863,        0,  -80930137,          0
 32525,    69,   82000000,    1097236,        0,  -80902764,          0
 32525,    70,   82000000,    1063569,        0,  -80936431,          0
 32525,    71,   82000000,    1083795,        0,  -80916205,          0
 32525,    72,   82000000,    1143071,        0,  -80856929,          0
 32525,    73,   82000000,    1094668,        0,  -80905332,          0
 32525,    74,   82000000,    1058694,        0,  -80941306,          0
 32525,    75,   82000000,   17775563,        0,  -64224437,          0
 32525,    76,   82000000,    1083530,        0,  -80916470,          0
 32525,    77,   82000000,    3774458,        0,  -78225542,          0
 32525,    78,   82000000,    1056140,        0,  -80943860,          0
 32525,    79,   82000000,    1049998,        0,  -80950002,          0
 32525,    80,   82000000,    1061415,        0,  -80938585,          0
 32525,    81,   82000000,    1098081,        0,  -80901919,          0
 32525,    82,   82000000,    1044598,        0,  -80955402,          0
 32525,    83,   82000000,    1116166,        0,  -80883834,          0
 32525,    84,   82000000,    1090347,        0,  -80909653,          0
 32525,    85,   82000000,    1081414,        0,  -80918586,          0
 32525,    86,   82000000,    1079178,        0,  -80920822,          0
 32525,    87,   82000000,    1072053,        0,  -80927947,          0
 32525,    88,   82000000,    1058760,        0,  -80941240,          0
 32525,    89,   82000000,    1095668,        0,  -80904332,          0
 32525,    90,   82000000,    1091396,        0,  -80908604,          0
 32525,    91,   82000000,    1063378,        0,  -80936622,          0
 32525,    92,   82000000,    1086086,        0,  -80913914,          0
 32525,    93,   82000000,    1081299,        0,  -80918701,          0
 32525,    94,   82000000,    1087286,        0,  -80912714,          0
 32525,    95,   82000000,    1067695,        0,  -80932305,          0
 32525,    96,   82000000,    1071463,        0,  -80928537,          0
 32525,    97,   82000000,    1090334,        0,  -80909666,          0
 32525,    98,   82000000,    1083687,        0,  -80916313,          0
 32525,    99,   82000000,    1069662,        0,  -80930338,          0
 32525,   100,   82000000,    1094345,        0,  -80905655,          0
 32525,   101,   82000000,    1074506,        0,  -80925494,          0
 32525,   102,   82000000,    1091405,        0,  -80908595,          0
 32525,   103,   82000000,    1064942,        0,  -80935058,          0
 32525,   104,   82000000,    9682855,        0,  -72317145,          0
 32525,   105,   82000000,    1057860,        0,  -80942140,          0
 32525,   106,   82000000,    1079379,        0,  -80920621,          0
 32525,   107,   82000000,    1395406,        0,  -80604594,          0
 32525,   108,   82000000,    1086831,        0,  -80913169,          0
 32525,   109,   82000000,    1051245,        0,  -80948755,          0
 32525,   110,   82000000,    1097698,        0,  -80902302,          0
 32525,   111,   82000000,    1106108,        0,  -80893892,          0
 32525,   112,   82000000,    1389808,        0,  -80610192,          0
 32525,   113,   82000000,   23098778,        0,  -58901222,          0
 32525,   114,   82000000,    1069246,        0,  -80930754,          0
 32525,   115,   82000000,    1090104,        0,  -80909896,          0
 32525,   116,   82000000,    1111479,        0,  -80888521,          0
 32525,   117,   82000000,    1059630,        0,  -80940370,          0
 32525,   118,   82000000,    1103665,        0,  -80896335,          0
 32525,   119,   82000000,    1068379,        0,  -80931621,          0
 32525,   120,   82000000,   18225267,        0,  -63774733,          0
 32525,   121,   82000000,    1077126,        0,  -80922874,          0
 32525,   122,   82000000,    1091364,        0,  -80908636,          0
 32525,   123,   82000000,    1080351,        0,  -80919649,          0
 32525,   124,   82000000,    9783178,        0,  -72216822,          0
 32525,   125,   82000000,    1090874,        0,  -80909126,          0
