599 568 31
247 247 0
254 253 1
126 125 1
122 122 0
136 135 1
146 146 0
355 350 5
304 301 3
214 214 0
257 257 0
176 176 0
236 236 0
147 147 0
182 182 0
124 124 0
435 421 14
146 146 0
197 197 0
160 160 0
188 188 0
135 135 0
166 166 0
127 127 0
188 187 1
131 131 0
126 126 0
279 277 2
734 693 41
606 579 27
526 512 14
227 226 1
300 299 1
176 174 2
124 123 1
111 111 0
425 410 15
184 184 0
122 122 0
117 116 1
206 205 1
424 413 11
413 405 8
118 118 0
495 482 13
385 375 10
182 182 0
220 220 0
167 167 0
215 214 1
166 166 0
116 116 0
194 194 0
189 188 1
187 186 1
216 215 1
156 155 1
273 271 2
1016 937 79
680 638 42
679 633 46
