# Task,   Job,     Period,   Response, DL Miss?,   Lateness,  Tardiness
# task NAME=myapp PID=18216 COST=4783000 PERIOD=23000000 CPU=0
 18216,     2,   23000000,       6349,        0,  -22993651,          0
 18216,     3,   23000000,      64775,        0,  -22935225,          0
 18216,     4,   23000000,    6204996,        0,  -16795004,          0
 18216,     5,   23000000,    7184827,        0,  -15815173,          0
 18216,     6,   23000000,    8233364,        0,  -14766636,          0
 18216,     7,   23000000,    6660420,        0,  -16339580,          0
 18216,     8,   23000000,    6187965,        0,  -16812035,          0
 18216,     9,   23000000,    7251627,        0,  -15748373,          0
 18216,    10,   23000000,    9112608,        0,  -13887392,          0
 18216,    11,   23000000,    5486148,        0,  -17513852,          0
 18216,    12,   23000000,    6178845,        0,  -16821155,          0
 18216,    13,   23000000,    7192914,        0,  -15807086,          0
 18216,    14,   23000000,   10239760,        0,  -12760240,          0
 18216,    15,   23000000,    5206265,        0,  -17793735,          0
 18216,    16,   23000000,    6235904,        0,  -16764096,          0
 18216,    17,   23000000,    9302468,        0,  -13697532,          0
 18216,    18,   23000000,    8259789,        0,  -14740211,          0
 18216,    19,   23000000,    5186239,        0,  -17813761,          0
 18216,    20,   23000000,    6238718,        0,  -16761282,          0
 18216,    21,   23000000,    9403011,        0,  -13596989,          0
 18216,    22,   23000000,    8466244,        0,  -14533756,          0
 18216,    23,   23000000,    5196538,        0,  -17803462,          0
 18216,    24,   23000000,    6197860,        0,  -16802140,          0
 18216,    25,   23000000,    7251574,        0,  -15748426,          0
 18216,    26,   23000000,    8223750,        0,  -14776250,          0
 18216,    27,   23000000,    5510818,        0,  -17489182,          0
 18216,    28,   23000000,    6199449,        0,  -16800551,          0
 18216,    29,   23000000,    8330932,        0,  -14669068,          0
 18216,    30,   23000000,    9366561,        0,  -13633439,          0
 18216,    31,   23000000,    5315781,        0,  -17684219,          0
 18216,    32,   23000000,    8193626,        0,  -14806374,          0
 18216,    33,   23000000,    9214147,        0,  -13785853,          0
 18216,    34,   23000000,    8233467,        0,  -14766533,          0
 18216,    35,   23000000,    5278481,        0,  -17721519,          0
 18216,    36,   23000000,    6198074,        0,  -16801926,          0
 18216,    37,   23000000,    7233613,        0,  -15766387,          0
 18216,    38,   23000000,   10491258,        0,  -12508742,          0
 18216,    39,   23000000,    7231079,        0,  -15768921,          0
 18216,    40,   23000000,    6198119,        0,  -16801881,          0
 18216,    41,   23000000,    9242399,        0,  -13757601,          0
 18216,    42,   23000000,    8221854,        0,  -14778146,          0
 18216,    43,   23000000,    6502920,        0,  -16497080,          0
 18216,    44,   23000000,    6221194,        0,  -16778806,          0
 18216,    45,   23000000,    7238040,        0,  -15761960,          0
 18216,    46,   23000000,    8231031,        0,  -14768969,          0
 18216,    47,   23000000,    5252870,        0,  -17747130,          0
 18216,    48,   23000000,    6171322,        0,  -16828678,          0
 18216,    49,   23000000,    8589775,        0,  -14410225,          0
 18216,    50,   23000000,    8298455,        0,  -14701545,          0
 18216,    51,   23000000,    7222064,        0,  -15777936,          0
 18216,    52,   23000000,    6184182,        0,  -16815818,          0
 18216,    53,   23000000,    7254574,        0,  -15745426,          0
 18216,    54,   23000000,    8252170,        0,  -14747830,          0
 18216,    55,   23000000,    6558446,        0,  -16441554,          0
 18216,    56,   23000000,    8219864,        0,  -14780136,          0
 18216,    57,   23000000,    7890574,        0,  -15109426,          0
 18216,    58,   23000000,    8241027,        0,  -14758973,          0
 18216,    59,   23000000,    7246941,        0,  -15753059,          0
 18216,    60,   23000000,    6456547,        0,  -16543453,          0
 18216,    61,   23000000,    9217478,        0,  -13782522,          0
 18216,    62,   23000000,    8269170,        0,  -14730830,          0
 18216,    63,   23000000,    5265416,        0,  -17734584,          0
 18216,    64,   23000000,    6231545,        0,  -16768455,          0
 18216,    65,   23000000,    7206698,        0,  -15793302,          0
 18216,    66,   23000000,    8276018,        0,  -14723982,          0
 18216,    67,   23000000,    7178001,        0,  -15821999,          0
 18216,    68,   23000000,    6218696,        0,  -16781304,          0
 18216,    69,   23000000,    7200563,        0,  -15799437,          0
 18216,    70,   23000000,    8224001,        0,  -14775999,          0
 18216,    71,   23000000,    5274095,        0,  -17725905,          0
 18216,    72,   23000000,    6180414,        0,  -16819586,          0
 18216,    73,   23000000,    7806161,        0,  -15193839,          0
 18216,    74,   23000000,    8220165,        0,  -14779835,          0
 18216,    75,   23000000,    5182121,        0,  -17817879,          0
 18216,    76,   23000000,    6206692,        0,  -16793308,          0
 18216,    77,   23000000,    9209615,        0,  -13790385,          0
 18216,    78,   23000000,    8249871,        0,  -14750129,          0
 18216,    79,   23000000,    5240074,        0,  -17759926,          0
 18216,    80,   23000000,    7115686,        0,  -15884314,          0
 18216,    81,   23000000,    7517594,        0,  -15482406,          0
 18216,    82,   23000000,   10234148,        0,  -12765852,          0
 18216,    83,   23000000,    5193469,        0,  -17806531,          0
 18216,    84,   23000000,    6308521,        0,  -16691479,          0
 18216,    85,   23000000,    7188317,        0,  -15811683,          0
 18216,    86,   23000000,    8276084,        0,  -14723916,          0
 18216,    87,   23000000,    5517027,        0,  -17482973,          0
 18216,    88,   23000000,    6263657,        0,  -16736343,          0
 18216,    89,   23000000,    7204783,        0,  -15795217,          0
 18216,    90,   23000000,    8301299,        0,  -14698701,          0
 18216,    91,   23000000,    6569529,        0,  -16430471,          0
 18216,    92,   23000000,   10258271,        0,  -12741729,          0
 18216,    93,   23000000,    9253500,        0,  -13746500,          0
 18216,    94,   23000000,    8239048,        0,  -14760952,          0
 18216,    95,   23000000,    7211682,        0,  -15788318,          0
 18216,    96,   23000000,    8170870,        0,  -14829130,          0
 18216,    97,   23000000,    7228544,        0,  -15771456,          0
 18216,    98,   23000000,    8191891,        0,  -14808109,          0
 18216,    99,   23000000,    5189877,        0,  -17810123,          0
 18216,   100,   23000000,    6244916,        0,  -16755084,          0
 18216,   101,   23000000,    7276955,        0,  -15723045,          0
 18216,   102,   23000000,    8241597,        0,  -14758403,          0
 18216,   103,   23000000,    7244773,        0,  -15755227,          0
 18216,   104,   23000000,    6176020,        0,  -16823980,          0
 18216,   105,   23000000,    7266069,        0,  -15733931,          0
 18216,   106,   23000000,    8244777,        0,  -14755223,          0
 18216,   107,   23000000,    5195213,        0,  -17804787,          0
 18216,   108,   23000000,    6180013,        0,  -16819987,          0
 18216,   109,   23000000,    7224215,        0,  -15775785,          0
 18216,   110,   23000000,   10204726,        0,  -12795274,          0
 18216,   111,   23000000,    5265634,        0,  -17734366,          0
 18216,   112,   23000000,    6210978,        0,  -16789022,          0
 18216,   113,   23000000,    7259394,        0,  -15740606,          0
 18216,   114,   23000000,    8234296,        0,  -14765704,          0
 18216,   115,   23000000,    7210961,        0,  -15789039,          0
 18216,   116,   23000000,    6236454,        0,  -16763546,          0
 18216,   117,   23000000,    7216399,        0,  -15783601,          0
 18216,   118,   23000000,    8223478,        0,  -14776522,          0
 18216,   119,   23000000,    5188008,        0,  -17811992,          0
 18216,   120,   23000000,    6196492,        0,  -16803508,          0
 18216,   121,   23000000,    7190318,        0,  -15809682,          0
 18216,   122,   23000000,    8256435,        0,  -14743565,          0
 18216,   123,   23000000,    7199917,        0,  -15800083,          0
 18216,   124,   23000000,    6202037,        0,  -16797963,          0
 18216,   125,   23000000,    7223432,        0,  -15776568,          0
 18216,   126,   23000000,    8217263,        0,  -14782737,          0
 18216,   127,   23000000,    5202230,        0,  -17797770,          0
 18216,   128,   23000000,    8205662,        0,  -14794338,          0
 18216,   129,   23000000,    9212481,        0,  -13787519,          0
 18216,   130,   23000000,    9210476,        0,  -13789524,          0
 18216,   131,   23000000,    5229998,        0,  -17770002,          0
 18216,   132,   23000000,    6209036,        0,  -16790964,          0
 18216,   133,   23000000,    7260062,        0,  -15739938,          0
 18216,   134,   23000000,    8222087,        0,  -14777913,          0
 18216,   135,   23000000,    5304322,        0,  -17695678,          0
 18216,   136,   23000000,    6436577,        0,  -16563423,          0
 18216,   137,   23000000,    7220820,        0,  -15779180,          0
 18216,   138,   23000000,   10834112,        0,  -12165888,          0
 18216,   139,   23000000,    7229876,        0,  -15770124,          0
 18216,   140,   23000000,    6208291,        0,  -16791709,          0
 18216,   141,   23000000,    7224285,        0,  -15775715,          0
 18216,   142,   23000000,    8252723,        0,  -14747277,          0
 18216,   143,   23000000,    7257459,        0,  -15742541,          0
 18216,   144,   23000000,    7743529,        0,  -15256471,          0
 18216,   145,   23000000,    7233486,        0,  -15766514,          0
 18216,   146,   23000000,    8252411,        0,  -14747589,          0
 18216,   147,   23000000,    5458591,        0,  -17541409,          0
 18216,   148,   23000000,    8262334,        0,  -14737666,          0
 18216,   149,   23000000,    7254486,        0,  -15745514,          0
 18216,   150,   23000000,    8203196,        0,  -14796804,          0
 18216,   151,   23000000,    7229579,        0,  -15770421,          0
 18216,   152,   23000000,    7116506,        0,  -15883494,          0
 18216,   153,   23000000,    9258495,        0,  -13741505,          0
 18216,   154,   23000000,    8215799,        0,  -14784201,          0
 18216,   155,   23000000,    5266062,        0,  -17733938,          0
 18216,   156,   23000000,    6273869,        0,  -16726131,          0
 18216,   157,   23000000,    7190797,        0,  -15809203,          0
 18216,   158,   23000000,    8291958,        0,  -14708042,          0
 18216,   159,   23000000,    5224594,        0,  -17775406,          0
 18216,   160,   23000000,    6233766,        0,  -16766234,          0
 18216,   161,   23000000,    7243419,        0,  -15756581,          0
 18216,   162,   23000000,    8567283,        0,  -14432717,          0
 18216,   163,   23000000,    5312561,        0,  -17687439,          0
 18216,   164,   23000000,    6242873,        0,  -16757127,          0
 18216,   165,   23000000,    9220985,        0,  -13779015,          0
 18216,   166,   23000000,    9365465,        0,  -13634535,          0
 18216,   167,   23000000,    5226632,        0,  -17773368,          0
 18216,   168,   23000000,    6208761,        0,  -16791239,          0
 18216,   169,   23000000,    7318737,        0,  -15681263,          0
 18216,   170,   23000000,    8229437,        0,  -14770563,          0
 18216,   171,   23000000,    5190044,        0,  -17809956,          0
 18216,   172,   23000000,    6315445,        0,  -16684555,          0
 18216,   173,   23000000,    8128479,        0,  -14871521,          0
 18216,   174,   23000000,   10491953,        0,  -12508047,          0
 18216,   175,   23000000,    7251066,        0,  -15748934,          0
 18216,   176,   23000000,    6153869,        0,  -16846131,          0
 18216,   177,   23000000,    7198596,        0,  -15801404,          0
 18216,   178,   23000000,    8235355,        0,  -14764645,          0
 18216,   179,   23000000,    5264117,        0,  -17735883,          0
 18216,   180,   23000000,    6258233,        0,  -16741767,          0
 18216,   181,   23000000,    7231183,        0,  -15768817,          0
 18216,   182,   23000000,    8193421,        0,  -14806579,          0
 18216,   183,   23000000,    5171173,        0,  -17828827,          0
 18216,   184,   23000000,    8220989,        0,  -14779011,          0
 18216,   185,   23000000,    9341252,        0,  -13658748,          0
 18216,   186,   23000000,    8253369,        0,  -14746631,          0
 18216,   187,   23000000,    5931501,        0,  -17068499,          0
 18216,   188,   23000000,    6210608,        0,  -16789392,          0
 18216,   189,   23000000,    7191807,        0,  -15808193,          0
 18216,   190,   23000000,    8219536,        0,  -14780464,          0
 18216,   191,   23000000,    5187223,        0,  -17812777,          0
 18216,   192,   23000000,   10244031,        0,  -12755969,          0
 18216,   193,   23000000,    7196108,        0,  -15803892,          0
 18216,   194,   23000000,    8201868,        0,  -14798132,          0
 18216,   195,   23000000,    7206204,        0,  -15793796,          0
 18216,   196,   23000000,    6173355,        0,  -16826645,          0
 18216,   197,   23000000,    7239470,        0,  -15760530,          0
 18216,   198,   23000000,    8238055,        0,  -14761945,          0
 18216,   199,   23000000,    7210388,        0,  -15789612,          0
 18216,   200,   23000000,    7983541,        0,  -15016459,          0
 18216,   201,   23000000,    7202133,        0,  -15797867,          0
 18216,   202,   23000000,    8235366,        0,  -14764634,          0
 18216,   203,   23000000,    5573366,        0,  -17426634,          0
 18216,   204,   23000000,    6242303,        0,  -16757697,          0
 18216,   205,   23000000,    9243125,        0,  -13756875,          0
 18216,   206,   23000000,    8237779,        0,  -14762221,          0
 18216,   207,   23000000,    5214382,        0,  -17785618,          0
 18216,   208,   23000000,    6182474,        0,  -16817526,          0
 18216,   209,   23000000,    7302119,        0,  -15697881,          0
 18216,   210,   23000000,    8190614,        0,  -14809386,          0
 18216,   211,   23000000,    5222340,        0,  -17777660,          0
 18216,   212,   23000000,    8176050,        0,  -14823950,          0
 18216,   213,   23000000,    7248727,        0,  -15751273,          0
 18216,   214,   23000000,    8292987,        0,  -14707013,          0
 18216,   215,   23000000,    5951368,        0,  -17048632,          0
 18216,   216,   23000000,    8195756,        0,  -14804244,          0
 18216,   217,   23000000,    7265472,        0,  -15734528,          0
 18216,   218,   23000000,   10199353,        0,  -12800647,          0
 18216,   219,   23000000,    5260205,        0,  -17739795,          0
 18216,   220,   23000000,    7203197,        0,  -15796803,          0
 18216,   221,   23000000,    7248866,        0,  -15751134,          0
 18216,   222,   23000000,    8207275,        0,  -14792725,          0
 18216,   223,   23000000,    5490663,        0,  -17509337,          0
 18216,   224,   23000000,    6280360,        0,  -16719640,          0
 18216,   225,   23000000,    7237216,        0,  -15762784,          0
 18216,   226,   23000000,    8230275,        0,  -14769725,          0
 18216,   227,   23000000,    5251697,        0,  -17748303,          0
 18216,   228,   23000000,    7791485,        0,  -15208515,          0
 18216,   229,   23000000,    8312354,        0,  -14687646,          0
 18216,   230,   23000000,    8211957,        0,  -14788043,          0
 18216,   231,   23000000,    5265796,        0,  -17734204,          0
 18216,   232,   23000000,    6236041,        0,  -16763959,          0
 18216,   233,   23000000,    7193372,        0,  -15806628,          0
 18216,   234,   23000000,    8327780,        0,  -14672220,          0
 18216,   235,   23000000,    5219369,        0,  -17780631,          0
 18216,   236,   23000000,    6190385,        0,  -16809615,          0
 18216,   237,   23000000,    7368142,        0,  -15631858,          0
 18216,   238,   23000000,   10209590,        0,  -12790410,          0
 18216,   239,   23000000,    7216004,        0,  -15783996,          0
 18216,   240,   23000000,    6253739,        0,  -16746261,          0
 18216,   241,   23000000,    7213828,        0,  -15786172,          0
 18216,   242,   23000000,    8234748,        0,  -14765252,          0
 18216,   243,   23000000,    7258252,        0,  -15741748,          0
 18216,   244,   23000000,    7553267,        0,  -15446733,          0
 18216,   245,   23000000,    9237613,        0,  -13762387,          0
 18216,   246,   23000000,    8276950,        0,  -14723050,          0
 18216,   247,   23000000,    5214686,        0,  -17785314,          0
 18216,   248,   23000000,    8175928,        0,  -14824072,          0
 18216,   249,   23000000,    8399210,        0,  -14600790,          0
 18216,   250,   23000000,    8212038,        0,  -14787962,          0
 18216,   251,   23000000,    7202472,        0,  -15797528,          0
 18216,   252,   23000000,    6199551,        0,  -16800449,          0
 18216,   253,   23000000,    7270032,        0,  -15729968,          0
 18216,   254,   23000000,    9496595,        0,  -13503405,          0
 18216,   255,   23000000,    7254996,        0,  -15745004,          0
 18216,   256,   23000000,    7260021,        0,  -15739979,          0
 18216,   257,   23000000,    7222708,        0,  -15777292,          0
 18216,   258,   23000000,    8238500,        0,  -14761500,          0
 18216,   259,   23000000,    9267579,        0,  -13732421,          0
 18216,   260,   23000000,    6198433,        0,  -16801567,          0
 18216,   261,   23000000,    7260437,        0,  -15739563,          0
 18216,   262,   23000000,    8223427,        0,  -14776573,          0
 18216,   263,   23000000,    5198653,        0,  -17801347,          0
 18216,   264,   23000000,    6198711,        0,  -16801289,          0
 18216,   265,   23000000,    7238600,        0,  -15761400,          0
 18216,   266,   23000000,   10240489,        0,  -12759511,          0
 18216,   267,   23000000,    5197249,        0,  -17802751,          0
 18216,   268,   23000000,    6198169,        0,  -16801831,          0
 18216,   269,   23000000,    9261113,        0,  -13738887,          0
 18216,   270,   23000000,    8227203,        0,  -14772797,          0
 18216,   271,   23000000,    5209317,        0,  -17790683,          0
 18216,   272,   23000000,    6509682,        0,  -16490318,          0
 18216,   273,   23000000,    7238242,        0,  -15761758,          0
 18216,   274,   23000000,    8228367,        0,  -14771633,          0
 18216,   275,   23000000,    5203400,        0,  -17796600,          0
 18216,   276,   23000000,    6199890,        0,  -16800110,          0
 18216,   277,   23000000,    7222670,        0,  -15777330,          0
 18216,   278,   23000000,    8223859,        0,  -14776141,          0
 18216,   279,   23000000,    5222957,        0,  -17777043,          0
 18216,   280,   23000000,    6383139,        0,  -16616861,          0
 18216,   281,   23000000,    9209828,        0,  -13790172,          0
 18216,   282,   23000000,    8220620,        0,  -14779380,          0
 18216,   283,   23000000,    5197989,        0,  -17802011,          0
 18216,   284,   23000000,    6235572,        0,  -16764428,          0
 18216,   285,   23000000,    7432905,        0,  -15567095,          0
 18216,   286,   23000000,   10213402,        0,  -12786598,          0
 18216,   287,   23000000,    7187763,        0,  -15812237,          0
 18216,   288,   23000000,    6171595,        0,  -16828405,          0
 18216,   289,   23000000,    7249433,        0,  -15750567,          0
 18216,   290,   23000000,    9470854,        0,  -13529146,          0
 18216,   291,   23000000,    5209338,        0,  -17790662,          0
 18216,   292,   23000000,    6236946,        0,  -16763054,          0
 18216,   293,   23000000,    7225932,        0,  -15774068,          0
 18216,   294,   23000000,    8255078,        0,  -14744922,          0
 18216,   295,   23000000,    7235371,        0,  -15764629,          0
 18216,   296,   23000000,    8164719,        0,  -14835281,          0
 18216,   297,   23000000,    7226060,        0,  -15773940,          0
 18216,   298,   23000000,    8237283,        0,  -14762717,          0
 18216,   299,   23000000,    5159278,        0,  -17840722,          0
 18216,   300,   23000000,    6229551,        0,  -16770449,          0
 18216,   301,   23000000,    7244377,        0,  -15755623,          0
 18216,   302,   23000000,    8243204,        0,  -14756796,          0
 18216,   303,   23000000,    7228413,        0,  -15771587,          0
 18216,   304,   23000000,    6178866,        0,  -16821134,          0
 18216,   305,   23000000,    7244338,        0,  -15755662,          0
 18216,   306,   23000000,    8242263,        0,  -14757737,          0
 18216,   307,   23000000,    7222803,        0,  -15777197,          0
 18216,   308,   23000000,    6225121,        0,  -16774879,          0
 18216,   309,   23000000,    7246819,        0,  -15753181,          0
 18216,   310,   23000000,    8939619,        0,  -14060381,          0
 18216,   311,   23000000,    7201483,        0,  -15798517,          0
 18216,   312,   23000000,    8166865,        0,  -14833135,          0
 18216,   313,   23000000,    7283473,        0,  -15716527,          0
 18216,   314,   23000000,    9210702,        0,  -13789298,          0
 18216,   315,   23000000,    7238882,        0,  -15761118,          0
 18216,   316,   23000000,    6271640,        0,  -16728360,          0
 18216,   317,   23000000,    7252353,        0,  -15747647,          0
 18216,   318,   23000000,    8223025,        0,  -14776975,          0
 18216,   319,   23000000,    7203882,        0,  -15796118,          0
 18216,   320,   23000000,    8218060,        0,  -14781940,          0
 18216,   321,   23000000,    7229572,        0,  -15770428,          0
 18216,   322,   23000000,    8215837,        0,  -14784163,          0
 18216,   323,   23000000,    5272767,        0,  -17727233,          0
 18216,   324,   23000000,    7948930,        0,  -15051070,          0
 18216,   325,   23000000,    7262944,        0,  -15737056,          0
 18216,   326,   23000000,    8203052,        0,  -14796948,          0
 18216,   327,   23000000,    5252998,        0,  -17747002,          0
 18216,   328,   23000000,    8209776,        0,  -14790224,          0
 18216,   329,   23000000,    7256661,        0,  -15743339,          0
 18216,   330,   23000000,    8201237,        0,  -14798763,          0
 18216,   331,   23000000,    5228767,        0,  -17771233,          0
 18216,   332,   23000000,    6184514,        0,  -16815486,          0
 18216,   333,   23000000,    7240421,        0,  -15759579,          0
 18216,   334,   23000000,    8357011,        0,  -14642989,          0
 18216,   335,   23000000,    5185002,        0,  -17814998,          0
 18216,   336,   23000000,    6197673,        0,  -16802327,          0
 18216,   337,   23000000,    7242544,        0,  -15757456,          0
 18216,   338,   23000000,    8321748,        0,  -14678252,          0
 18216,   339,   23000000,    5229435,        0,  -17770565,          0
 18216,   340,   23000000,    6194663,        0,  -16805337,          0
 18216,   341,   23000000,    7245885,        0,  -15754115,          0
 18216,   342,   23000000,    8255971,        0,  -14744029,          0
 18216,   343,   23000000,    5233929,        0,  -17766071,          0
 18216,   344,   23000000,    6207262,        0,  -16792738,          0
 18216,   345,   23000000,    9222985,        0,  -13777015,          0
 18216,   346,   23000000,    8232687,        0,  -14767313,          0
 18216,   347,   23000000,    7213353,        0,  -15786647,          0
 18216,   348,   23000000,    7304855,        0,  -15695145,          0
 18216,   349,   23000000,    9193917,        0,  -13806083,          0
 18216,   350,   23000000,    8231852,        0,  -14768148,          0
 18216,   351,   23000000,   11221204,        0,  -11778796,          0
 18216,   352,   23000000,    6605828,        0,  -16394172,          0
 18216,   353,   23000000,    7231787,        0,  -15768213,          0
 18216,   354,   23000000,    8585522,        0,  -14414478,          0
 18216,   355,   23000000,   11236578,        0,  -11763422,          0
 18216,   356,   23000000,    6233759,        0,  -16766241,          0
 18216,   357,   23000000,    7256297,        0,  -15743703,          0
 18216,   358,   23000000,    8211125,        0,  -14788875,          0
 18216,   359,   23000000,    5196429,        0,  -17803571,          0
 18216,   360,   23000000,    6193518,        0,  -16806482,          0
 18216,   361,   23000000,    7204597,        0,  -15795403,          0
 18216,   362,   23000000,    8209182,        0,  -14790818,          0
 18216,   363,   23000000,    5208451,        0,  -17791549,          0
 18216,   364,   23000000,    8292168,        0,  -14707832,          0
 18216,   365,   23000000,    7234401,        0,  -15765599,          0
 18216,   366,   23000000,    8240431,        0,  -14759569,          0
 18216,   367,   23000000,    9200528,        0,  -13799472,          0
 18216,   368,   23000000,    6231637,        0,  -16768363,          0
 18216,   369,   23000000,    7200237,        0,  -15799763,          0
 18216,   370,   23000000,    8224677,        0,  -14775323,          0
 18216,   371,   23000000,    9229278,        0,  -13770722,          0
 18216,   372,   23000000,    8205506,        0,  -14794494,          0
 18216,   373,   23000000,    7313035,        0,  -15686965,          0
 18216,   374,   23000000,    8234808,        0,  -14765192,          0
 18216,   375,   23000000,    9480995,        0,  -13519005,          0
 18216,   376,   23000000,    8194816,        0,  -14805184,          0
 18216,   377,   23000000,    9188591,        0,  -13811409,          0
 18216,   378,   23000000,    8257819,        0,  -14742181,          0
 18216,   379,   23000000,    9216374,        0,  -13783626,          0
 18216,   380,   23000000,    6237283,        0,  -16762717,          0
 18216,   381,   23000000,    7226443,        0,  -15773557,          0
 18216,   382,   23000000,    8242946,        0,  -14757054,          0
 18216,   383,   23000000,    7195404,        0,  -15804596,          0
 18216,   384,   23000000,    8186793,        0,  -14813207,          0
 18216,   385,   23000000,    9236895,        0,  -13763105,          0
 18216,   386,   23000000,    8255774,        0,  -14744226,          0
 18216,   387,   23000000,    7230087,        0,  -15769913,          0
 18216,   388,   23000000,    8189900,        0,  -14810100,          0
 18216,   389,   23000000,    7412619,        0,  -15587381,          0
 18216,   390,   23000000,    8218639,        0,  -14781361,          0
 18216,   391,   23000000,    7299031,        0,  -15700969,          0
 18216,   392,   23000000,    6216415,        0,  -16783585,          0
 18216,   393,   23000000,    7225669,        0,  -15774331,          0
 18216,   394,   23000000,    8174702,        0,  -14825298,          0
 18216,   395,   23000000,    5252620,        0,  -17747380,          0
 18216,   396,   23000000,    6239164,        0,  -16760836,          0
 18216,   397,   23000000,    7238673,        0,  -15761327,          0
 18216,   398,   23000000,    9362913,        0,  -13637087,          0
 18216,   399,   23000000,    6550300,        0,  -16449700,          0
 18216,   400,   23000000,    6203390,        0,  -16796610,          0
 18216,   401,   23000000,    7224845,        0,  -15775155,          0
 18216,   402,   23000000,    8206323,        0,  -14793677,          0
 18216,   403,   23000000,    5202485,        0,  -17797515,          0
 18216,   404,   23000000,    7844338,        0,  -15155662,          0
 18216,   405,   23000000,    7162713,        0,  -15837287,          0
 18216,   406,   23000000,   10209692,        0,  -12790308,          0
 18216,   407,   23000000,    7247359,        0,  -15752641,          0
 18216,   408,   23000000,    6186136,        0,  -16813864,          0
 18216,   409,   23000000,    7249048,        0,  -15750952,          0
 18216,   410,   23000000,    8212208,        0,  -14787792,          0
 18216,   411,   23000000,    7305844,        0,  -15694156,          0
 18216,   412,   23000000,    6272493,        0,  -16727507,          0
 18216,   413,   23000000,    7210331,        0,  -15789669,          0
 18216,   414,   23000000,    8239523,        0,  -14760477,          0
 18216,   415,   23000000,    6912055,        0,  -16087945,          0
 18216,   416,   23000000,    6295427,        0,  -16704573,          0
 18216,   417,   23000000,    7268082,        0,  -15731918,          0
 18216,   418,   23000000,    8211664,        0,  -14788336,          0
 18216,   419,   23000000,    5215959,        0,  -17784041,          0
 18216,   420,   23000000,    6194969,        0,  -16805031,          0
 18216,   421,   23000000,    7263915,        0,  -15736085,          0
 18216,   422,   23000000,    8215714,        0,  -14784286,          0
 18216,   423,   23000000,    5239414,        0,  -17760586,          0
 18216,   424,   23000000,    6185417,        0,  -16814583,          0
 18216,   425,   23000000,    9228421,        0,  -13771579,          0
 18216,   426,   23000000,    8266434,        0,  -14733566,          0
 18216,   427,   23000000,    5205131,        0,  -17794869,          0
 18216,   428,   23000000,    6231198,        0,  -16768802,          0
 18216,   429,   23000000,    7767858,        0,  -15232142,          0
 18216,   430,   23000000,    8257114,        0,  -14742886,          0
 18216,   431,   23000000,    5197039,        0,  -17802961,          0
 18216,   432,   23000000,    8328175,        0,  -14671825,          0
 18216,   433,   23000000,    9280733,        0,  -13719267,          0
 18216,   434,   23000000,    8220636,        0,  -14779364,          0
 18216,   435,   23000000,    5460540,        0,  -17539460,          0
 18216,   436,   23000000,    7814078,        0,  -15185922,          0
 18216,   437,   23000000,    7243127,        0,  -15756873,          0
 18216,   438,   23000000,    8224218,        0,  -14775782,          0
# task NAME=myapp PID=18219 COST=19008000 PERIOD=85000000 CPU=0
 18219,     2,   85000000,       8394,        0,  -84991606,          0
 18219,     3,   85000000,      69254,        0,  -84930746,          0
 18219,     4,   85000000,   35846367,        0,  -49153633,          0
 18219,     5,   85000000,   35033845,        0,  -49966155,          0
 18219,     6,   85000000,   34368707,        0,  -50631293,          0
 18219,     7,   85000000,   32960028,        0,  -52039972,          0
 18219,     8,   85000000,   36064044,        0,  -48935956,          0
 18219,     9,   85000000,   34948254,        0,  -50051746,          0
 18219,    10,   85000000,   34910370,        0,  -50089630,          0
 18219,    11,   85000000,   33038324,        0,  -51961676,          0
 18219,    12,   85000000,   35850204,        0,  -49149796,          0
 18219,    13,   85000000,   34787030,        0,  -50212970,          0
 18219,    14,   85000000,   36038094,        0,  -48961906,          0
 18219,    15,   85000000,   32800870,        0,  -52199130,          0
 18219,    16,   85000000,   35804047,        0,  -49195953,          0
 18219,    17,   85000000,   34842638,        0,  -50157362,          0
 18219,    18,   85000000,   35020253,        0,  -49979747,          0
 18219,    19,   85000000,   32838867,        0,  -52161133,          0
 18219,    20,   85000000,   35821208,        0,  -49178792,          0
 18219,    21,   85000000,   35121789,        0,  -49878211,          0
 18219,    22,   85000000,   33789229,        0,  -51210771,          0
 18219,    23,   85000000,   32795842,        0,  -52204158,          0
 18219,    24,   85000000,   35907870,        0,  -49092130,          0
 18219,    25,   85000000,   34809845,        0,  -50190155,          0
 18219,    26,   85000000,   33842004,        0,  -51157996,          0
 18219,    27,   85000000,   33172903,        0,  -51827097,          0
 18219,    28,   85000000,   35795324,        0,  -49204676,          0
 18219,    29,   85000000,   36406025,        0,  -48593975,          0
 18219,    30,   85000000,   33784124,        0,  -51215876,          0
 18219,    31,   85000000,   32824119,        0,  -52175881,          0
 18219,    32,   85000000,   36318889,        0,  -48681111,          0
 18219,    33,   85000000,   35143029,        0,  -49856971,          0
 18219,    34,   85000000,   33936935,        0,  -51063065,          0
 18219,    35,   85000000,   32807158,        0,  -52192842,          0
 18219,    36,   85000000,   35893440,        0,  -49106560,          0
 18219,    37,   85000000,   34884567,        0,  -50115433,          0
 18219,    38,   85000000,   33767152,        0,  -51232848,          0
 18219,    39,   85000000,   33056293,        0,  -51943707,          0
 18219,    40,   85000000,   35798278,        0,  -49201722,          0
 18219,    41,   85000000,   34755922,        0,  -50244078,          0
 18219,    42,   85000000,   33778968,        0,  -51221032,          0
 18219,    43,   85000000,   32867153,        0,  -52132847,          0
 18219,    44,   85000000,   35763502,        0,  -49236498,          0
 18219,    45,   85000000,   34877071,        0,  -50122929,          0
 18219,    46,   85000000,   33848100,        0,  -51151900,          0
 18219,    47,   85000000,   35298369,        0,  -49701631,          0
 18219,    48,   85000000,   35866444,        0,  -49133556,          0
 18219,    49,   85000000,   34876272,        0,  -50123728,          0
 18219,    50,   85000000,   33865449,        0,  -51134551,          0
 18219,    51,   85000000,   32865107,        0,  -52134893,          0
 18219,    52,   85000000,   35911986,        0,  -49088014,          0
 18219,    53,   85000000,   35910222,        0,  -49089778,          0
 18219,    54,   85000000,   37888959,        0,  -47111041,          0
 18219,    55,   85000000,   33078991,        0,  -51921009,          0
 18219,    56,   85000000,   35790630,        0,  -49209370,          0
 18219,    57,   85000000,   37314047,        0,  -47685953,          0
 18219,    58,   85000000,   35081351,        0,  -49918649,          0
 18219,    59,   85000000,   32858758,        0,  -52141242,          0
 18219,    60,   85000000,   35928736,        0,  -49071264,          0
 18219,    61,   85000000,   35204427,        0,  -49795573,          0
 18219,    62,   85000000,   33838885,        0,  -51161115,          0
 18219,    63,   85000000,   32771670,        0,  -52228330,          0
 18219,    64,   85000000,   35768945,        0,  -49231055,          0
 18219,    65,   85000000,   34765938,        0,  -50234062,          0
 18219,    66,   85000000,   33786052,        0,  -51213948,          0
 18219,    67,   85000000,   32864343,        0,  -52135657,          0
 18219,    68,   85000000,   35944113,        0,  -49055887,          0
 18219,    69,   85000000,   34822018,        0,  -50177982,          0
 18219,    70,   85000000,   33880863,        0,  -51119137,          0
 18219,    71,   85000000,   32777163,        0,  -52222837,          0
 18219,    72,   85000000,   35933256,        0,  -49066744,          0
 18219,    73,   85000000,   34844251,        0,  -50155749,          0
 18219,    74,   85000000,   33952684,        0,  -51047316,          0
 18219,    75,   85000000,   32752457,        0,  -52247543,          0
 18219,    76,   85000000,   36160583,        0,  -48839417,          0
 18219,    77,   85000000,   34806569,        0,  -50193431,          0
 18219,    78,   85000000,   33785979,        0,  -51214021,          0
 18219,    79,   85000000,   32831975,        0,  -52168025,          0
 18219,    80,   85000000,   36133427,        0,  -48866573,          0
 18219,    81,   85000000,   34817104,        0,  -50182896,          0
 18219,    82,   85000000,   33749480,        0,  -51250520,          0
 18219,    83,   85000000,   33078161,        0,  -51921839,          0
 18219,    84,   85000000,   35828204,        0,  -49171796,          0
 18219,    85,   85000000,   36864260,        0,  -48135740,          0
 18219,    86,   85000000,   33872803,        0,  -51127197,          0
 18219,    87,   85000000,   32775313,        0,  -52224687,          0
 18219,    88,   85000000,   35784641,        0,  -49215359,          0
 18219,    89,   85000000,   35066227,        0,  -49933773,          0
 18219,    90,   85000000,   33787096,        0,  -51212904,          0
 18219,    91,   85000000,   32876229,        0,  -52123771,          0
 18219,    92,   85000000,   35788282,        0,  -49211718,          0
 18219,    93,   85000000,   34757826,        0,  -50242174,          0
 18219,    94,   85000000,   33777353,        0,  -51222647,          0
 18219,    95,   85000000,   32862650,        0,  -52137350,          0
 18219,    96,   85000000,   36273228,        0,  -48726772,          0
 18219,    97,   85000000,   34832804,        0,  -50167196,          0
 18219,    98,   85000000,   34019828,        0,  -50980172,          0
 18219,    99,   85000000,   32785933,        0,  -52214067,          0
 18219,   100,   85000000,   35932624,        0,  -49067376,          0
 18219,   101,   85000000,   34941406,        0,  -50058594,          0
 18219,   102,   85000000,   34052699,        0,  -50947301,          0
 18219,   103,   85000000,   32724131,        0,  -52275869,          0
 18219,   104,   85000000,   35851338,        0,  -49148662,          0
 18219,   105,   85000000,   34907428,        0,  -50092572,          0
 18219,   106,   85000000,   35774340,        0,  -49225660,          0
 18219,   107,   85000000,   32737950,        0,  -52262050,          0
 18219,   108,   85000000,   36057186,        0,  -48942814,          0
 18219,   109,   85000000,   34801602,        0,  -50198398,          0
 18219,   110,   85000000,   33798317,        0,  -51201683,          0
 18219,   111,   85000000,   32835163,        0,  -52164837,          0
 18219,   112,   85000000,   35795564,        0,  -49204436,          0
 18219,   113,   85000000,   34894796,        0,  -50105204,          0
 18219,   114,   85000000,   34071411,        0,  -50928589,          0
 18219,   115,   85000000,   32767560,        0,  -52232440,          0
 18219,   116,   85000000,   35848294,        0,  -49151706,          0
 18219,   117,   85000000,   34819596,        0,  -50180404,          0
 18219,   118,   85000000,   33852926,        0,  -51147074,          0
 18219,   119,   85000000,   36834292,        0,  -48165708,          0
 18219,   120,   85000000,   35819782,        0,  -49180218,          0
 18219,   121,   85000000,   35148673,        0,  -49851327,          0
# task NAME=myapp PID=18223 COST=11740000 PERIOD=46000000 CPU=0
 18223,     2,   46000000,      10042,        0,  -45989958,          0
 18223,     3,   46000000,      72626,        0,  -45927374,          0
 18223,     4,   46000000,   20164835,        0,  -25835165,          0
 18223,     5,   46000000,   17901039,        0,  -28098961,          0
 18223,     6,   46000000,   19866407,        0,  -26133593,          0
 18223,     7,   46000000,   18175106,        0,  -27824894,          0
 18223,     8,   46000000,   19846441,        0,  -26153559,          0
 18223,     9,   46000000,   17791740,        0,  -28208260,          0
 18223,    10,   46000000,   19888280,        0,  -26111720,          0
 18223,    11,   46000000,   17806516,        0,  -28193484,          0
 18223,    12,   46000000,   20769743,        0,  -25230257,          0
 18223,    13,   46000000,   17876945,        0,  -28123055,          0
 18223,    14,   46000000,   19880077,        0,  -26119923,          0
 18223,    15,   46000000,   18087015,        0,  -27912985,          0
 18223,    16,   46000000,   19791948,        0,  -26208052,          0
 18223,    17,   46000000,   17880043,        0,  -28119957,          0
 18223,    18,   46000000,   19806624,        0,  -26193376,          0
 18223,    19,   46000000,   17854052,        0,  -28145948,          0
 18223,    20,   46000000,   19931295,        0,  -26068705,          0
 18223,    21,   46000000,   17870106,        0,  -28129894,          0
 18223,    22,   46000000,   19857496,        0,  -26142504,          0
 18223,    23,   46000000,   18169147,        0,  -27830853,          0
 18223,    24,   46000000,   19873876,        0,  -26126124,          0
 18223,    25,   46000000,   17895330,        0,  -28104670,          0
 18223,    26,   46000000,   20151062,        0,  -25848938,          0
 18223,    27,   46000000,   17801562,        0,  -28198438,          0
 18223,    28,   46000000,   19880647,        0,  -26119353,          0
 18223,    29,   46000000,   17839494,        0,  -28160506,          0
 18223,    30,   46000000,   19947618,        0,  -26052382,          0
 18223,    31,   46000000,   17799113,        0,  -28200887,          0
 18223,    32,   46000000,   21819180,        0,  -24180820,          0
 18223,    33,   46000000,   17873627,        0,  -28126373,          0
 18223,    34,   46000000,   20129310,        0,  -25870690,          0
 18223,    35,   46000000,   17887441,        0,  -28112559,          0
 18223,    36,   46000000,   19879237,        0,  -26120763,          0
 18223,    37,   46000000,   17863405,        0,  -28136595,          0
 18223,    38,   46000000,   21911944,        0,  -24088056,          0
 18223,    39,   46000000,   19059886,        0,  -26940114,          0
 18223,    40,   46000000,   19818171,        0,  -26181829,          0
 18223,    41,   46000000,   17855889,        0,  -28144111,          0
 18223,    42,   46000000,   19866882,        0,  -26133118,          0
 18223,    43,   46000000,   17887436,        0,  -28112564,          0
 18223,    44,   46000000,   19987775,        0,  -26012225,          0
 18223,    45,   46000000,   18189103,        0,  -27810897,          0
 18223,    46,   46000000,   19836829,        0,  -26163171,          0
 18223,    47,   46000000,   19806200,        0,  -26193800,          0
 18223,    48,   46000000,   19850727,        0,  -26149273,          0
 18223,    49,   46000000,   17861901,        0,  -28138099,          0
 18223,    50,   46000000,   19921455,        0,  -26078545,          0
 18223,    51,   46000000,   17808208,        0,  -28191792,          0
 18223,    52,   46000000,   19849687,        0,  -26150313,          0
 18223,    53,   46000000,   18411079,        0,  -27588921,          0
 18223,    54,   46000000,   19883295,        0,  -26116705,          0
 18223,    55,   46000000,   17845400,        0,  -28154600,          0
 18223,    56,   46000000,   19901057,        0,  -26098943,          0
 18223,    57,   46000000,   19812884,        0,  -26187116,          0
 18223,    58,   46000000,   19882258,        0,  -26117742,          0
 18223,    59,   46000000,   17864997,        0,  -28135003,          0
 18223,    60,   46000000,   19877357,        0,  -26122643,          0
 18223,    61,   46000000,   17865971,        0,  -28134029,          0
 18223,    62,   46000000,   19857114,        0,  -26142886,          0
 18223,    63,   46000000,   17941921,        0,  -28058079,          0
 18223,    64,   46000000,   21863969,        0,  -24136031,          0
 18223,    65,   46000000,   17875803,        0,  -28124197,          0
 18223,    66,   46000000,   19878780,        0,  -26121220,          0
 18223,    67,   46000000,   17878623,        0,  -28121377,          0
 18223,    68,   46000000,   19854029,        0,  -26145971,          0
 18223,    69,   46000000,   17884129,        0,  -28115871,          0
 18223,    70,   46000000,   19884737,        0,  -26115263,          0
 18223,    71,   46000000,   17868543,        0,  -28131457,          0
 18223,    72,   46000000,   19878860,        0,  -26121140,          0
 18223,    73,   46000000,   19833573,        0,  -26166427,          0
 18223,    74,   46000000,   19902744,        0,  -26097256,          0
 18223,    75,   46000000,   18146672,        0,  -27853328,          0
 18223,    76,   46000000,   19930220,        0,  -26069780,          0
 18223,    77,   46000000,   17809878,        0,  -28190122,          0
 18223,    78,   46000000,   21914337,        0,  -24085663,          0
 18223,    79,   46000000,   17815184,        0,  -28184816,          0
 18223,    80,   46000000,   19902971,        0,  -26097029,          0
 18223,    81,   46000000,   17825393,        0,  -28174607,          0
 18223,    82,   46000000,   19853056,        0,  -26146944,          0
 18223,    83,   46000000,   17841866,        0,  -28158134,          0
 18223,    84,   46000000,   20965416,        0,  -25034584,          0
 18223,    85,   46000000,   17869333,        0,  -28130667,          0
 18223,    86,   46000000,   19900886,        0,  -26099114,          0
 18223,    87,   46000000,   17787282,        0,  -28212718,          0
 18223,    88,   46000000,   19815221,        0,  -26184779,          0
 18223,    89,   46000000,   17917494,        0,  -28082506,          0
 18223,    90,   46000000,   19830527,        0,  -26169473,          0
 18223,    91,   46000000,   18147449,        0,  -27852551,          0
 18223,    92,   46000000,   19891726,        0,  -26108274,          0
 18223,    93,   46000000,   17821375,        0,  -28178625,          0
 18223,    94,   46000000,   20156077,        0,  -25843923,          0
 18223,    95,   46000000,   17840841,        0,  -28159159,          0
 18223,    96,   46000000,   19809743,        0,  -26190257,          0
 18223,    97,   46000000,   17837989,        0,  -28162011,          0
 18223,    98,   46000000,   19860147,        0,  -26139853,          0
 18223,    99,   46000000,   17805029,        0,  -28194971,          0
 18223,   100,   46000000,   19883348,        0,  -26116652,          0
 18223,   101,   46000000,   17809331,        0,  -28190669,          0
 18223,   102,   46000000,   20128271,        0,  -25871729,          0
 18223,   103,   46000000,   17793624,        0,  -28206376,          0
 18223,   104,   46000000,   19846360,        0,  -26153640,          0
 18223,   105,   46000000,   17885655,        0,  -28114345,          0
 18223,   106,   46000000,   19954367,        0,  -26045633,          0
 18223,   107,   46000000,   17825663,        0,  -28174337,          0
 18223,   108,   46000000,   20014241,        0,  -25985759,          0
 18223,   109,   46000000,   17853334,        0,  -28146666,          0
 18223,   110,   46000000,   20120792,        0,  -25879208,          0
 18223,   111,   46000000,   17888076,        0,  -28111924,          0
 18223,   112,   46000000,   19894646,        0,  -26105354,          0
 18223,   113,   46000000,   19580671,        0,  -26419329,          0
 18223,   114,   46000000,   21900389,        0,  -24099611,          0
 18223,   115,   46000000,   17901802,        0,  -28098198,          0
 18223,   116,   46000000,   19854800,        0,  -26145200,          0
 18223,   117,   46000000,   17880985,        0,  -28119015,          0
 18223,   118,   46000000,   19843564,        0,  -26156436,          0
 18223,   119,   46000000,   17917230,        0,  -28082770,          0
 18223,   120,   46000000,   19872842,        0,  -26127158,          0
 18223,   121,   46000000,   17816601,        0,  -28183399,          0
 18223,   122,   46000000,   19897855,        0,  -26102145,          0
 18223,   123,   46000000,   19872802,        0,  -26127198,          0
 18223,   124,   46000000,   19883600,        0,  -26116400,          0
 18223,   125,   46000000,   17873237,        0,  -28126763,          0
 18223,   126,   46000000,   19891643,        0,  -26108357,          0
 18223,   127,   46000000,   17881849,        0,  -28118151,          0
 18223,   128,   46000000,   19859648,        0,  -26140352,          0
 18223,   129,   46000000,   17857746,        0,  -28142254,          0
 18223,   130,   46000000,   19922984,        0,  -26077016,          0
 18223,   131,   46000000,   21906678,        0,  -24093322,          0
 18223,   132,   46000000,   19836634,        0,  -26163366,          0
 18223,   133,   46000000,   17785970,        0,  -28214030,          0
 18223,   134,   46000000,   21808648,        0,  -24191352,          0
 18223,   135,   46000000,   17882531,        0,  -28117469,          0
 18223,   136,   46000000,   19847271,        0,  -26152729,          0
 18223,   137,   46000000,   17953435,        0,  -28046565,          0
 18223,   138,   46000000,   21441827,        0,  -24558173,          0
 18223,   139,   46000000,   17805270,        0,  -28194730,          0
 18223,   140,   46000000,   19828351,        0,  -26171649,          0
 18223,   141,   46000000,   17816651,        0,  -28183349,          0
 18223,   142,   46000000,   19907075,        0,  -26092925,          0
 18223,   143,   46000000,   17830571,        0,  -28169429,          0
 18223,   144,   46000000,   21963965,        0,  -24036035,          0
 18223,   145,   46000000,   18092013,        0,  -27907987,          0
 18223,   146,   46000000,   19888116,        0,  -26111884,          0
 18223,   147,   46000000,   17843052,        0,  -28156948,          0
 18223,   148,   46000000,   19887179,        0,  -26112821,          0
 18223,   149,   46000000,   17816808,        0,  -28183192,          0
 18223,   150,   46000000,   19888317,        0,  -26111683,          0
 18223,   151,   46000000,   17934727,        0,  -28065273,          0
 18223,   152,   46000000,   19909250,        0,  -26090750,          0
 18223,   153,   46000000,   17822525,        0,  -28177475,          0
 18223,   154,   46000000,   19865122,        0,  -26134878,          0
 18223,   155,   46000000,   17915640,        0,  -28084360,          0
 18223,   156,   46000000,   21921145,        0,  -24078855,          0
 18223,   157,   46000000,   17851795,        0,  -28148205,          0
 18223,   158,   46000000,   19863990,        0,  -26136010,          0
 18223,   159,   46000000,   17936520,        0,  -28063480,          0
 18223,   160,   46000000,   19889596,        0,  -26110404,          0
 18223,   161,   46000000,   17833788,        0,  -28166212,          0
 18223,   162,   46000000,   19861914,        0,  -26138086,          0
 18223,   163,   46000000,   17911278,        0,  -28088722,          0
 18223,   164,   46000000,   19836509,        0,  -26163491,          0
 18223,   165,   46000000,   17845693,        0,  -28154307,          0
 18223,   166,   46000000,   19785895,        0,  -26214105,          0
 18223,   167,   46000000,   17931309,        0,  -28068691,          0
 18223,   168,   46000000,   19809679,        0,  -26190321,          0
 18223,   169,   46000000,   17840919,        0,  -28159081,          0
 18223,   170,   46000000,   19881896,        0,  -26118104,          0
 18223,   171,   46000000,   17820674,        0,  -28179326,          0
 18223,   172,   46000000,   19786326,        0,  -26213674,          0
 18223,   173,   46000000,   17846432,        0,  -28153568,          0
 18223,   174,   46000000,   19945452,        0,  -26054548,          0
 18223,   175,   46000000,   17846658,        0,  -28153342,          0
 18223,   176,   46000000,   19868859,        0,  -26131141,          0
 18223,   177,   46000000,   21859144,        0,  -24140856,          0
 18223,   178,   46000000,   20124197,        0,  -25875803,          0
 18223,   179,   46000000,   21923541,        0,  -24076459,          0
 18223,   180,   46000000,   19935288,        0,  -26064712,          0
 18223,   181,   46000000,   17872648,        0,  -28127352,          0
 18223,   182,   46000000,   19943980,        0,  -26056020,          0
 18223,   183,   46000000,   17865708,        0,  -28134292,          0
 18223,   184,   46000000,   19920114,        0,  -26079886,          0
 18223,   185,   46000000,   21900397,        0,  -24099603,          0
 18223,   186,   46000000,   20137702,        0,  -25862298,          0
 18223,   187,   46000000,   21861675,        0,  -24138325,          0
 18223,   188,   46000000,   19859781,        0,  -26140219,          0
 18223,   189,   46000000,   22147511,        0,  -23852489,          0
 18223,   190,   46000000,   20075117,        0,  -25924883,          0
 18223,   191,   46000000,   21909276,        0,  -24090724,          0
 18223,   192,   46000000,   19907914,        0,  -26092086,          0
 18223,   193,   46000000,   17811479,        0,  -28188521,          0
 18223,   194,   46000000,   19857553,        0,  -26142447,          0
 18223,   195,   46000000,   17821442,        0,  -28178558,          0
 18223,   196,   46000000,   19847601,        0,  -26152399,          0
 18223,   197,   46000000,   18148320,        0,  -27851680,          0
 18223,   198,   46000000,   19982770,        0,  -26017230,          0
 18223,   199,   46000000,   17964333,        0,  -28035667,          0
 18223,   200,   46000000,   19841152,        0,  -26158848,          0
 18223,   201,   46000000,   18039279,        0,  -27960721,          0
 18223,   202,   46000000,   19875082,        0,  -26124918,          0
 18223,   203,   46000000,   17762132,        0,  -28237868,          0
 18223,   204,   46000000,   19924208,        0,  -26075792,          0
 18223,   205,   46000000,   17890291,        0,  -28109709,          0
 18223,   206,   46000000,   19870885,        0,  -26129115,          0
 18223,   207,   46000000,   17876034,        0,  -28123966,          0
 18223,   208,   46000000,   20130214,        0,  -25869786,          0
 18223,   209,   46000000,   17883401,        0,  -28116599,          0
 18223,   210,   46000000,   19888714,        0,  -26111286,          0
 18223,   211,   46000000,   17832696,        0,  -28167304,          0
 18223,   212,   46000000,   19947377,        0,  -26052623,          0
 18223,   213,   46000000,   17904486,        0,  -28095514,          0
 18223,   214,   46000000,   19850628,        0,  -26149372,          0
 18223,   215,   46000000,   17852862,        0,  -28147138,          0
 18223,   216,   46000000,   19828855,        0,  -26171145,          0
 18223,   217,   46000000,   19889332,        0,  -26110668,          0
 18223,   218,   46000000,   19866127,        0,  -26133873,          0
 18223,   219,   46000000,   18105136,        0,  -27894864,          0
 18223,   220,   46000000,   19892102,        0,  -26107898,          0
 18223,   221,   46000000,   17897358,        0,  -28102642,          0
# task NAME=myapp PID=18227 COST=10867000 PERIOD=96000000 CPU=0
 18227,     2,   96000000,      15962,        0,  -95984038,          0
 18227,     3,   96000000,      91270,        0,  -95908730,          0
 18227,     4,   96000000,   16973786,        0,  -79026214,          0
 18227,     5,   96000000,   16950758,        0,  -79049242,          0
 18227,     6,   96000000,   16996205,        0,  -79003795,          0
 18227,     7,   96000000,   17041572,        0,  -78958428,          0
 18227,     8,   96000000,   17069645,        0,  -78930355,          0
 18227,     9,   96000000,   17069756,        0,  -78930244,          0
 18227,    10,   96000000,   17047099,        0,  -78952901,          0
 18227,    11,   96000000,   16984227,        0,  -79015773,          0
 18227,    12,   96000000,   16986135,        0,  -79013865,          0
 18227,    13,   96000000,   16999930,        0,  -79000070,          0
 18227,    14,   96000000,   17305194,        0,  -78694806,          0
 18227,    15,   96000000,   16971253,        0,  -79028747,          0
 18227,    16,   96000000,   17015331,        0,  -78984669,          0
 18227,    17,   96000000,   17071596,        0,  -78928404,          0
 18227,    18,   96000000,   17685922,        0,  -78314078,          0
 18227,    19,   96000000,   17011971,        0,  -78988029,          0
 18227,    20,   96000000,   16920558,        0,  -79079442,          0
 18227,    21,   96000000,   17071306,        0,  -78928694,          0
 18227,    22,   96000000,   17082708,        0,  -78917292,          0
 18227,    23,   96000000,   18139429,        0,  -77860571,          0
 18227,    24,   96000000,   17041110,        0,  -78958890,          0
 18227,    25,   96000000,   17024713,        0,  -78975287,          0
 18227,    26,   96000000,   17102144,        0,  -78897856,          0
 18227,    27,   96000000,   17210355,        0,  -78789645,          0
 18227,    28,   96000000,   17043284,        0,  -78956716,          0
 18227,    29,   96000000,   17099515,        0,  -78900485,          0
 18227,    30,   96000000,   17124589,        0,  -78875411,          0
 18227,    31,   96000000,   17592915,        0,  -78407085,          0
 18227,    32,   96000000,   16980084,        0,  -79019916,          0
 18227,    33,   96000000,   16984806,        0,  -79015194,          0
 18227,    34,   96000000,   17032490,        0,  -78967510,          0
 18227,    35,   96000000,   18961431,        0,  -77038569,          0
 18227,    36,   96000000,   16972248,        0,  -79027752,          0
 18227,    37,   96000000,   17067480,        0,  -78932520,          0
 18227,    38,   96000000,   17574019,        0,  -78425981,          0
 18227,    39,   96000000,   17027422,        0,  -78972578,          0
 18227,    40,   96000000,   17391498,        0,  -78608502,          0
 18227,    41,   96000000,   16986179,        0,  -79013821,          0
 18227,    42,   96000000,   17255978,        0,  -78744022,          0
 18227,    43,   96000000,   17093849,        0,  -78906151,          0
 18227,    44,   96000000,   17320236,        0,  -78679764,          0
 18227,    45,   96000000,   17057010,        0,  -78942990,          0
 18227,    46,   96000000,   17136436,        0,  -78863564,          0
 18227,    47,   96000000,   17106144,        0,  -78893856,          0
 18227,    48,   96000000,   17012973,        0,  -78987027,          0
 18227,    49,   96000000,   18952099,        0,  -77047901,          0
 18227,    50,   96000000,   17041301,        0,  -78958699,          0
 18227,    51,   96000000,   19446875,        0,  -76553125,          0
 18227,    52,   96000000,   16994154,        0,  -79005846,          0
 18227,    53,   96000000,   17093393,        0,  -78906607,          0
 18227,    54,   96000000,   17015947,        0,  -78984053,          0
 18227,    55,   96000000,   17110685,        0,  -78889315,          0
 18227,    56,   96000000,   17314090,        0,  -78685910,          0
 18227,    57,   96000000,   17291908,        0,  -78708092,          0
 18227,    58,   96000000,   17046328,        0,  -78953672,          0
 18227,    59,   96000000,   16996747,        0,  -79003253,          0
 18227,    60,   96000000,   16984288,        0,  -79015712,          0
 18227,    61,   96000000,   16975796,        0,  -79024204,          0
 18227,    62,   96000000,   16961783,        0,  -79038217,          0
 18227,    63,   96000000,   16987966,        0,  -79012034,          0
 18227,    64,   96000000,   16972779,        0,  -79027221,          0
 18227,    65,   96000000,   16992539,        0,  -79007461,          0
 18227,    66,   96000000,   17298173,        0,  -78701827,          0
 18227,    67,   96000000,   17044087,        0,  -78955913,          0
 18227,    68,   96000000,   17037776,        0,  -78962224,          0
 18227,    69,   96000000,   17167902,        0,  -78832098,          0
 18227,    70,   96000000,   17478655,        0,  -78521345,          0
 18227,    71,   96000000,   17008624,        0,  -78991376,          0
 18227,    72,   96000000,   17032439,        0,  -78967561,          0
 18227,    73,   96000000,   18938313,        0,  -77061687,          0
 18227,    74,   96000000,   16987329,        0,  -79012671,          0
 18227,    75,   96000000,   16979220,        0,  -79020780,          0
 18227,    76,   96000000,   17036926,        0,  -78963074,          0
 18227,    77,   96000000,   18353655,        0,  -77646345,          0
 18227,    78,   96000000,   17067524,        0,  -78932476,          0
 18227,    79,   96000000,   17114254,        0,  -78885746,          0
 18227,    80,   96000000,   17013958,        0,  -78986042,          0
 18227,    81,   96000000,   16953188,        0,  -79046812,          0
 18227,    82,   96000000,   16998188,        0,  -79001812,          0
 18227,    83,   96000000,   16955867,        0,  -79044133,          0
 18227,    84,   96000000,   17049481,        0,  -78950519,          0
 18227,    85,   96000000,   17081013,        0,  -78918987,          0
 18227,    86,   96000000,   17062916,        0,  -78937084,          0
 18227,    87,   96000000,   16975302,        0,  -79024698,          0
 18227,    88,   96000000,   17040121,        0,  -78959879,          0
 18227,    89,   96000000,   17055404,        0,  -78944596,          0
 18227,    90,   96000000,   21071162,        0,  -74928838,          0
 18227,    91,   96000000,   17046233,        0,  -78953767,          0
 18227,    92,   96000000,   16967881,        0,  -79032119,          0
 18227,    93,   96000000,   17047580,        0,  -78952420,          0
 18227,    94,   96000000,   17008325,        0,  -78991675,          0
 18227,    95,   96000000,   17087500,        0,  -78912500,          0
 18227,    96,   96000000,   17265222,        0,  -78734778,          0
 18227,    97,   96000000,   16979723,        0,  -79020277,          0
 18227,    98,   96000000,   17166574,        0,  -78833426,          0
 18227,    99,   96000000,   17041283,        0,  -78958717,          0
 18227,   100,   96000000,   17284633,        0,  -78715367,          0
 18227,   101,   96000000,   16990052,        0,  -79009948,          0
 18227,   102,   96000000,   17070382,        0,  -78929618,          0
 18227,   103,   96000000,   17073376,        0,  -78926624,          0
 18227,   104,   96000000,   19096517,        0,  -76903483,          0
 18227,   105,   96000000,   16999459,        0,  -79000541,          0
 18227,   106,   96000000,   16970695,        0,  -79029305,          0
 18227,   107,   96000000,   16958809,        0,  -79041191,          0
 18227,   108,   96000000,   17055777,        0,  -78944223,          0
