# Task,   Job,     Period,   Response, DL Miss?,   Lateness,  Tardiness
# task NAME=myapp PID=2944 COST=24420000 PERIOD=78000000 CPU=0
  2944,     2,   78000000,      11921,        0,  -77988079,          0
  2944,     3,   78000000,      72315,        0,  -77927685,          0
  2944,     4,   78000000,   42161932,        0,  -35838068,          0
  2944,     5,   78000000,   40970703,        0,  -37029297,          0
  2944,     6,   78000000,   42121969,        0,  -35878031,          0
  2944,     7,   78000000,   41160900,        0,  -36839100,          0
  2944,     8,   78000000,   38453579,        0,  -39546421,          0
  2944,     9,   78000000,   40597917,        0,  -37402083,          0
  2944,    10,   78000000,   39546470,        0,  -38453530,          0
  2944,    11,   78000000,   37643199,        0,  -40356801,          0
  2944,    12,   78000000,   41671278,        0,  -36328722,          0
  2944,    13,   78000000,   42169073,        0,  -35830927,          0
  2944,    14,   78000000,   38113356,        0,  -39886644,          0
  2944,    15,   78000000,   39973551,        0,  -38026449,          0
  2944,    16,   78000000,   39317093,        0,  -38682907,          0
  2944,    17,   78000000,   40798122,        0,  -37201878,          0
  2944,    18,   78000000,   39225264,        0,  -38774736,          0
  2944,    19,   78000000,   41527239,        0,  -36472761,          0
  2944,    20,   78000000,   37743087,        0,  -40256913,          0
  2944,    21,   78000000,   37669709,        0,  -40330291,          0
  2944,    22,   78000000,   34886583,        0,  -43113417,          0
  2944,    23,   78000000,   40528317,        0,  -37471683,          0
  2944,    24,   78000000,   35491255,        0,  -42508745,          0
  2944,    25,   78000000,   39724819,        0,  -38275181,          0
  2944,    26,   78000000,   35388031,        0,  -42611969,          0
  2944,    27,   78000000,   39628979,        0,  -38371021,          0
  2944,    28,   78000000,   39412126,        0,  -38587874,          0
  2944,    29,   78000000,   40860607,        0,  -37139393,          0
  2944,    30,   78000000,   38820421,        0,  -39179579,          0
  2944,    31,   78000000,   40484591,        0,  -37515409,          0
  2944,    32,   78000000,   38048095,        0,  -39951905,          0
  2944,    33,   78000000,   40127155,        0,  -37872845,          0
  2944,    34,   78000000,   41933902,        0,  -36066098,          0
  2944,    35,   78000000,   41032363,        0,  -36967637,          0
  2944,    36,   78000000,   38381273,        0,  -39618727,          0
  2944,    37,   78000000,   43886608,        0,  -34113392,          0
  2944,    38,   78000000,   37714893,        0,  -40285107,          0
  2944,    39,   78000000,   40439752,        0,  -37560248,          0
  2944,    40,   78000000,   38826372,        0,  -39173628,          0
  2944,    41,   78000000,   37193158,        0,  -40806842,          0
  2944,    42,   78000000,   38875205,        0,  -39124795,          0
  2944,    43,   78000000,   40011700,        0,  -37988300,          0
  2944,    44,   78000000,   38178885,        0,  -39821115,          0
  2944,    45,   78000000,   40743682,        0,  -37256318,          0
  2944,    46,   78000000,   38608294,        0,  -39391706,          0
  2944,    47,   78000000,   41055618,        0,  -36944382,          0
  2944,    48,   78000000,   38855802,        0,  -39144198,          0
  2944,    49,   78000000,   40668276,        0,  -37331724,          0
  2944,    50,   78000000,   37726238,        0,  -40273762,          0
  2944,    51,   78000000,   37163559,        0,  -40836441,          0
  2944,    52,   78000000,   41743688,        0,  -36256312,          0
  2944,    53,   78000000,   41390711,        0,  -36609289,          0
  2944,    54,   78000000,   38511223,        0,  -39488777,          0
  2944,    55,   78000000,   39968884,        0,  -38031116,          0
  2944,    56,   78000000,   37885494,        0,  -40114506,          0
  2944,    57,   78000000,   41012126,        0,  -36987874,          0
  2944,    58,   78000000,   39022392,        0,  -38977608,          0
  2944,    59,   78000000,   40317274,        0,  -37682726,          0
  2944,    60,   78000000,   38799925,        0,  -39200075,          0
  2944,    61,   78000000,   40529448,        0,  -37470552,          0
  2944,    62,   78000000,   38413972,        0,  -39586028,          0
  2944,    63,   78000000,   40505578,        0,  -37494422,          0
  2944,    64,   78000000,   38900822,        0,  -39099178,          0
  2944,    65,   78000000,   40829404,        0,  -37170596,          0
  2944,    66,   78000000,   39027606,        0,  -38972394,          0
  2944,    67,   78000000,   41420764,        0,  -36579236,          0
  2944,    68,   78000000,   34641113,        0,  -43358887,          0
  2944,    69,   78000000,   37493744,        0,  -40506256,          0
  2944,    70,   78000000,   38589157,        0,  -39410843,          0
  2944,    71,   78000000,   40119004,        0,  -37880996,          0
  2944,    72,   78000000,   36042413,        0,  -41957587,          0
  2944,    73,   78000000,   40492854,        0,  -37507146,          0
  2944,    74,   78000000,   38468961,        0,  -39531039,          0
  2944,    75,   78000000,   40780904,        0,  -37219096,          0
  2944,    76,   78000000,   38330597,        0,  -39669403,          0
  2944,    77,   78000000,   40541596,        0,  -37458404,          0
  2944,    78,   78000000,   37966762,        0,  -40033238,          0
  2944,    79,   78000000,   40452267,        0,  -37547733,          0
  2944,    80,   78000000,   38427929,        0,  -39572071,          0
  2944,    81,   78000000,   41160208,        0,  -36839792,          0
  2944,    82,   78000000,   35620767,        0,  -42379233,          0
  2944,    83,   78000000,   43914196,        0,  -34085804,          0
  2944,    84,   78000000,   38442000,        0,  -39558000,          0
  2944,    85,   78000000,   37505449,        0,  -40494551,          0
  2944,    86,   78000000,   38453592,        0,  -39546408,          0
  2944,    87,   78000000,   41200969,        0,  -36799031,          0
  2944,    88,   78000000,   37618276,        0,  -40381724,          0
  2944,    89,   78000000,   37732899,        0,  -40267101,          0
  2944,    90,   78000000,   38338127,        0,  -39661873,          0
  2944,    91,   78000000,   38095352,        0,  -39904648,          0
  2944,    92,   78000000,   38994224,        0,  -39005776,          0
  2944,    93,   78000000,   40692181,        0,  -37307819,          0
  2944,    94,   78000000,   38699528,        0,  -39300472,          0
  2944,    95,   78000000,   41334590,        0,  -36665410,          0
  2944,    96,   78000000,   38530883,        0,  -39469117,          0
  2944,    97,   78000000,   40740148,        0,  -37259852,          0
  2944,    98,   78000000,   39505377,        0,  -38494623,          0
  2944,    99,   78000000,   37474663,        0,  -40525337,          0
  2944,   100,   78000000,   38158042,        0,  -39841958,          0
  2944,   101,   78000000,   37499281,        0,  -40500719,          0
  2944,   102,   78000000,   38617649,        0,  -39382351,          0
  2944,   103,   78000000,   40990513,        0,  -37009487,          0
  2944,   104,   78000000,   38549515,        0,  -39450485,          0
  2944,   105,   78000000,   40634713,        0,  -37365287,          0
  2944,   106,   78000000,   38300480,        0,  -39699520,          0
  2944,   107,   78000000,   41031131,        0,  -36968869,          0
  2944,   108,   78000000,   37959943,        0,  -40040057,          0
  2944,   109,   78000000,   41366333,        0,  -36633667,          0
  2944,   110,   78000000,   39497724,        0,  -38502276,          0
  2944,   111,   78000000,   39674253,        0,  -38325747,          0
  2944,   112,   78000000,   39345369,        0,  -38654631,          0
  2944,   113,   78000000,   40882952,        0,  -37117048,          0
  2944,   114,   78000000,   38523916,        0,  -39476084,          0
  2944,   115,   78000000,   41161541,        0,  -36838459,          0
  2944,   116,   78000000,   37662153,        0,  -40337847,          0
  2944,   117,   78000000,   40962500,        0,  -37037500,          0
  2944,   118,   78000000,   38439463,        0,  -39560537,          0
  2944,   119,   78000000,   37755719,        0,  -40244281,          0
  2944,   120,   78000000,   35421999,        0,  -42578001,          0
  2944,   121,   78000000,   40859463,        0,  -37140537,          0
  2944,   122,   78000000,   38438091,        0,  -39561909,          0
  2944,   123,   78000000,   43885266,        0,  -34114734,          0
  2944,   124,   78000000,   38038675,        0,  -39961325,          0
  2944,   125,   78000000,   40504357,        0,  -37495643,          0
  2944,   126,   78000000,   39320044,        0,  -38679956,          0
  2944,   127,   78000000,   40447157,        0,  -37552843,          0
  2944,   128,   78000000,   38979780,        0,  -39020220,          0
  2944,   129,   78000000,   40708883,        0,  -37291117,          0
  2944,   130,   78000000,   38069106,        0,  -39930894,          0
  2944,   131,   78000000,   40613407,        0,  -37386593,          0
  2944,   132,   78000000,   41805999,        0,  -36194001,          0
# task NAME=myapp PID=2947 COST=10176000 PERIOD=60000000 CPU=0
  2947,     2,   60000000,      40354,        0,  -59959646,          0
  2947,     3,   60000000,     115145,        0,  -59884855,          0
  2947,     4,   60000000,   17094886,        0,  -42905114,          0
  2947,     5,   60000000,   16855736,        0,  -43144264,          0
  2947,     6,   60000000,   16309809,        0,  -43690191,          0
  2947,     7,   60000000,   16868466,        0,  -43131534,          0
  2947,     8,   60000000,   16257008,        0,  -43742992,          0
  2947,     9,   60000000,   16386541,        0,  -43613459,          0
  2947,    10,   60000000,   16910359,        0,  -43089641,          0
  2947,    11,   60000000,   17172168,        0,  -42827832,          0
  2947,    12,   60000000,   16325009,        0,  -43674991,          0
  2947,    13,   60000000,   16560027,        0,  -43439973,          0
  2947,    14,   60000000,   16293040,        0,  -43706960,          0
  2947,    15,   60000000,   16199043,        0,  -43800957,          0
  2947,    16,   60000000,   16476111,        0,  -43523889,          0
  2947,    17,   60000000,   14836685,        0,  -45163315,          0
  2947,    18,   60000000,   15895486,        0,  -44104514,          0
  2947,    19,   60000000,   16317051,        0,  -43682949,          0
  2947,    20,   60000000,   16224927,        0,  -43775073,          0
  2947,    21,   60000000,   16323877,        0,  -43676123,          0
  2947,    22,   60000000,   16340865,        0,  -43659135,          0
  2947,    23,   60000000,   15588142,        0,  -44411858,          0
  2947,    24,   60000000,   15763234,        0,  -44236766,          0
  2947,    25,   60000000,   15472417,        0,  -44527583,          0
  2947,    26,   60000000,   16350880,        0,  -43649120,          0
  2947,    27,   60000000,   15845946,        0,  -44154054,          0
  2947,    28,   60000000,   16757815,        0,  -43242185,          0
  2947,    29,   60000000,   16323389,        0,  -43676611,          0
  2947,    30,   60000000,   17717462,        0,  -42282538,          0
  2947,    31,   60000000,   15883154,        0,  -44116846,          0
  2947,    32,   60000000,   13491514,        0,  -46508486,          0
  2947,    33,   60000000,   16417358,        0,  -43582642,          0
  2947,    34,   60000000,   16479095,        0,  -43520905,          0
  2947,    35,   60000000,   15948605,        0,  -44051395,          0
  2947,    36,   60000000,   16601595,        0,  -43398405,          0
  2947,    37,   60000000,   16216853,        0,  -43783147,          0
  2947,    38,   60000000,   15810458,        0,  -44189542,          0
  2947,    39,   60000000,   16260761,        0,  -43739239,          0
  2947,    40,   60000000,   16631280,        0,  -43368720,          0
  2947,    41,   60000000,   13302990,        0,  -46697010,          0
  2947,    42,   60000000,   16796352,        0,  -43203648,          0
  2947,    43,   60000000,   15858571,        0,  -44141429,          0
  2947,    44,   60000000,   16105787,        0,  -43894213,          0
  2947,    45,   60000000,   16783348,        0,  -43216652,          0
  2947,    46,   60000000,   16771982,        0,  -43228018,          0
  2947,    47,   60000000,   16360669,        0,  -43639331,          0
  2947,    48,   60000000,   16452749,        0,  -43547251,          0
  2947,    49,   60000000,   16338575,        0,  -43661425,          0
  2947,    50,   60000000,   15783021,        0,  -44216979,          0
  2947,    51,   60000000,   16450049,        0,  -43549951,          0
  2947,    52,   60000000,   16043024,        0,  -43956976,          0
  2947,    53,   60000000,   15788595,        0,  -44211405,          0
  2947,    54,   60000000,   16419503,        0,  -43580497,          0
  2947,    55,   60000000,   13402286,        0,  -46597714,          0
  2947,    56,   60000000,   16868184,        0,  -43131816,          0
  2947,    57,   60000000,   16882953,        0,  -43117047,          0
  2947,    58,   60000000,   17362733,        0,  -42637267,          0
  2947,    59,   60000000,   16251523,        0,  -43748477,          0
  2947,    60,   60000000,   16769178,        0,  -43230822,          0
  2947,    61,   60000000,   16781503,        0,  -43218497,          0
  2947,    62,   60000000,   16810673,        0,  -43189327,          0
  2947,    63,   60000000,   17219921,        0,  -42780079,          0
  2947,    64,   60000000,   16083944,        0,  -43916056,          0
  2947,    65,   60000000,   16596260,        0,  -43403740,          0
  2947,    66,   60000000,   15754069,        0,  -44245931,          0
  2947,    67,   60000000,   16819536,        0,  -43180464,          0
  2947,    68,   60000000,   16473641,        0,  -43526359,          0
  2947,    69,   60000000,   17223040,        0,  -42776960,          0
  2947,    70,   60000000,   16808613,        0,  -43191387,          0
  2947,    71,   60000000,   15972334,        0,  -44027666,          0
  2947,    72,   60000000,   16282190,        0,  -43717810,          0
  2947,    73,   60000000,   17218888,        0,  -42781112,          0
  2947,    74,   60000000,   17062356,        0,  -42937644,          0
  2947,    75,   60000000,   16752477,        0,  -43247523,          0
  2947,    76,   60000000,   16757152,        0,  -43242848,          0
  2947,    77,   60000000,   16322815,        0,  -43677185,          0
  2947,    78,   60000000,   16358871,        0,  -43641129,          0
  2947,    79,   60000000,   16731899,        0,  -43268101,          0
  2947,    80,   60000000,   15975509,        0,  -44024491,          0
  2947,    81,   60000000,   15732737,        0,  -44267263,          0
  2947,    82,   60000000,   16317241,        0,  -43682759,          0
  2947,    83,   60000000,   13894006,        0,  -46105994,          0
  2947,    84,   60000000,   16813366,        0,  -43186634,          0
  2947,    85,   60000000,   15816806,        0,  -44183194,          0
  2947,    86,   60000000,   16383343,        0,  -43616657,          0
  2947,    87,   60000000,   16305126,        0,  -43694874,          0
  2947,    88,   60000000,   16734143,        0,  -43265857,          0
  2947,    89,   60000000,   15907295,        0,  -44092705,          0
  2947,    90,   60000000,   17090169,        0,  -42909831,          0
  2947,    91,   60000000,   16513915,        0,  -43486085,          0
  2947,    92,   60000000,   16475158,        0,  -43524842,          0
  2947,    93,   60000000,   16881850,        0,  -43118150,          0
  2947,    94,   60000000,   18332149,        0,  -41667851,          0
  2947,    95,   60000000,   16379922,        0,  -43620078,          0
  2947,    96,   60000000,   17237112,        0,  -42762888,          0
  2947,    97,   60000000,   16742472,        0,  -43257528,          0
  2947,    98,   60000000,   16387674,        0,  -43612326,          0
  2947,    99,   60000000,   15986354,        0,  -44013646,          0
  2947,   100,   60000000,   17251453,        0,  -42748547,          0
  2947,   101,   60000000,   16225144,        0,  -43774856,          0
  2947,   102,   60000000,   16766944,        0,  -43233056,          0
  2947,   103,   60000000,   15898314,        0,  -44101686,          0
  2947,   104,   60000000,   15749889,        0,  -44250111,          0
  2947,   105,   60000000,   15860788,        0,  -44139212,          0
  2947,   106,   60000000,   15922914,        0,  -44077086,          0
  2947,   107,   60000000,   16033979,        0,  -43966021,          0
  2947,   108,   60000000,   16218203,        0,  -43781797,          0
  2947,   109,   60000000,   16334867,        0,  -43665133,          0
  2947,   110,   60000000,   16331519,        0,  -43668481,          0
  2947,   111,   60000000,   16778913,        0,  -43221087,          0
  2947,   112,   60000000,   17310174,        0,  -42689826,          0
  2947,   113,   60000000,   16659577,        0,  -43340423,          0
  2947,   114,   60000000,   15842390,        0,  -44157610,          0
  2947,   115,   60000000,   15635694,        0,  -44364306,          0
  2947,   116,   60000000,   15967087,        0,  -44032913,          0
  2947,   117,   60000000,   16835059,        0,  -43164941,          0
  2947,   118,   60000000,   17115669,        0,  -42884331,          0
  2947,   119,   60000000,   17345494,        0,  -42654506,          0
  2947,   120,   60000000,   16327162,        0,  -43672838,          0
  2947,   121,   60000000,   16387600,        0,  -43612400,          0
  2947,   122,   60000000,   16670732,        0,  -43329268,          0
  2947,   123,   60000000,   15963608,        0,  -44036392,          0
  2947,   124,   60000000,   16782932,        0,  -43217068,          0
  2947,   125,   60000000,   16380852,        0,  -43619148,          0
  2947,   126,   60000000,   16852517,        0,  -43147483,          0
  2947,   127,   60000000,   16793518,        0,  -43206482,          0
  2947,   128,   60000000,   15738997,        0,  -44261003,          0
  2947,   129,   60000000,   16908326,        0,  -43091674,          0
  2947,   130,   60000000,   16277881,        0,  -43722119,          0
  2947,   131,   60000000,   16722567,        0,  -43277433,          0
  2947,   132,   60000000,   16312988,        0,  -43687012,          0
  2947,   133,   60000000,   16784771,        0,  -43215229,          0
  2947,   134,   60000000,   15924260,        0,  -44075740,          0
  2947,   135,   60000000,   15858649,        0,  -44141351,          0
  2947,   136,   60000000,   16725207,        0,  -43274793,          0
  2947,   137,   60000000,   16871428,        0,  -43128572,          0
  2947,   138,   60000000,   16187634,        0,  -43812366,          0
  2947,   139,   60000000,   17258695,        0,  -42741305,          0
  2947,   140,   60000000,   16380201,        0,  -43619799,          0
  2947,   141,   60000000,   16718614,        0,  -43281386,          0
  2947,   142,   60000000,   13457001,        0,  -46542999,          0
  2947,   143,   60000000,   15830881,        0,  -44169119,          0
  2947,   144,   60000000,   16291712,        0,  -43708288,          0
  2947,   145,   60000000,   16347529,        0,  -43652471,          0
  2947,   146,   60000000,   15952160,        0,  -44047840,          0
  2947,   147,   60000000,   15808009,        0,  -44191991,          0
  2947,   148,   60000000,   16249816,        0,  -43750184,          0
  2947,   149,   60000000,   13491420,        0,  -46508580,          0
  2947,   150,   60000000,   16775263,        0,  -43224737,          0
  2947,   151,   60000000,   16827235,        0,  -43172765,          0
  2947,   152,   60000000,   13382446,        0,  -46617554,          0
  2947,   153,   60000000,   16388103,        0,  -43611897,          0
  2947,   154,   60000000,   16353582,        0,  -43646418,          0
  2947,   155,   60000000,   13527333,        0,  -46472667,          0
  2947,   156,   60000000,   16803348,        0,  -43196652,          0
  2947,   157,   60000000,   16251068,        0,  -43748932,          0
  2947,   158,   60000000,   13353886,        0,  -46646114,          0
  2947,   159,   60000000,   16696668,        0,  -43303332,          0
  2947,   160,   60000000,   16398707,        0,  -43601293,          0
  2947,   161,   60000000,   15575225,        0,  -44424775,          0
  2947,   162,   60000000,   16779362,        0,  -43220638,          0
  2947,   163,   60000000,   17096438,        0,  -42903562,          0
  2947,   164,   60000000,   17247576,        0,  -42752424,          0
  2947,   165,   60000000,   17079486,        0,  -42920514,          0
  2947,   166,   60000000,   16793462,        0,  -43206538,          0
  2947,   167,   60000000,   15790924,        0,  -44209076,          0
  2947,   168,   60000000,   13756735,        0,  -46243265,          0
  2947,   169,   60000000,   16832222,        0,  -43167778,          0
  2947,   170,   60000000,   13657050,        0,  -46342950,          0
# task NAME=myapp PID=2951 COST=9670000 PERIOD=67000000 CPU=0
  2951,     2,   67000000,      29880,        0,  -66970120,          0
  2951,     3,   67000000,     100654,        0,  -66899346,          0
  2951,     4,   67000000,   13256263,        0,  -53743737,          0
  2951,     5,   67000000,   11247543,        0,  -55752457,          0
  2951,     6,   67000000,   12343796,        0,  -54656204,          0
  2951,     7,   67000000,   16329816,        0,  -50670184,          0
  2951,     8,   67000000,   15327873,        0,  -51672127,          0
  2951,     9,   67000000,   12242508,        0,  -54757492,          0
  2951,    10,   67000000,   12862024,        0,  -54137976,          0
  2951,    11,   67000000,   13762436,        0,  -53237564,          0
  2951,    12,   67000000,   13781029,        0,  -53218971,          0
  2951,    13,   67000000,   14332855,        0,  -52667145,          0
  2951,    14,   67000000,   14693064,        0,  -52306936,          0
  2951,    15,   67000000,   13568611,        0,  -53431389,          0
  2951,    16,   67000000,   13760517,        0,  -53239483,          0
  2951,    17,   67000000,   14763059,        0,  -52236941,          0
  2951,    18,   67000000,   14784312,        0,  -52215688,          0
  2951,    19,   67000000,   16799030,        0,  -50200970,          0
  2951,    20,   67000000,   13297009,        0,  -53702991,          0
  2951,    21,   67000000,   13869818,        0,  -53130182,          0
  2951,    22,   67000000,   15828066,        0,  -51171934,          0
  2951,    23,   67000000,   16330667,        0,  -50669333,          0
  2951,    24,   67000000,   12760020,        0,  -54239980,          0
  2951,    25,   67000000,   11347845,        0,  -55652155,          0
  2951,    26,   67000000,   15364390,        0,  -51635610,          0
  2951,    27,   67000000,   15811324,        0,  -51188676,          0
  2951,    28,   67000000,   12780705,        0,  -54219295,          0
  2951,    29,   67000000,   11242898,        0,  -55757102,          0
  2951,    30,   67000000,   12752041,        0,  -54247959,          0
  2951,    31,   67000000,   16370819,        0,  -50629181,          0
  2951,    32,   67000000,   13273497,        0,  -53726503,          0
  2951,    33,   67000000,   14279106,        0,  -52720894,          0
  2951,    34,   67000000,   15345795,        0,  -51654205,          0
  2951,    35,   67000000,   16637820,        0,  -50362180,          0
  2951,    36,   67000000,   13733574,        0,  -53266426,          0
  2951,    37,   67000000,   13971450,        0,  -53028550,          0
  2951,    38,   67000000,   15348732,        0,  -51651268,          0
  2951,    39,   67000000,   15740413,        0,  -51259587,          0
  2951,    40,   67000000,   14039575,        0,  -52960425,          0
  2951,    41,   67000000,   14394423,        0,  -52605577,          0
  2951,    42,   67000000,   15265717,        0,  -51734283,          0
  2951,    43,   67000000,   15877990,        0,  -51122010,          0
  2951,    44,   67000000,   13733890,        0,  -53266110,          0
  2951,    45,   67000000,   13865322,        0,  -53134678,          0
  2951,    46,   67000000,   12814212,        0,  -54185788,          0
  2951,    47,   67000000,   16305435,        0,  -50694565,          0
  2951,    48,   67000000,   13382037,        0,  -53617963,          0
  2951,    49,   67000000,   13849634,        0,  -53150366,          0
  2951,    50,   67000000,   17425115,        0,  -49574885,          0
  2951,    51,   67000000,   16277580,        0,  -50722420,          0
  2951,    52,   67000000,   12895650,        0,  -54104350,          0
  2951,    53,   67000000,   14137462,        0,  -52862538,          0
  2951,    54,   67000000,   14670688,        0,  -52329312,          0
  2951,    55,   67000000,   15821570,        0,  -51178430,          0
  2951,    56,   67000000,   13890127,        0,  -53109873,          0
  2951,    57,   67000000,   17871421,        0,  -49128579,          0
  2951,    58,   67000000,   18307668,        0,  -48692332,          0
  2951,    59,   67000000,   16286732,        0,  -50713268,          0
  2951,    60,   67000000,   12842209,        0,  -54157791,          0
  2951,    61,   67000000,   14280518,        0,  -52719482,          0
  2951,    62,   67000000,   12853776,        0,  -54146224,          0
  2951,    63,   67000000,   13340475,        0,  -53659525,          0
  2951,    64,   67000000,   16811360,        0,  -50188640,          0
  2951,    65,   67000000,   11361123,        0,  -55638877,          0
  2951,    66,   67000000,   15588595,        0,  -51411405,          0
  2951,    67,   67000000,   15701882,        0,  -51298118,          0
  2951,    68,   67000000,   13537283,        0,  -53462717,          0
  2951,    69,   67000000,   14715376,        0,  -52284624,          0
  2951,    70,   67000000,   12963704,        0,  -54036296,          0
  2951,    71,   67000000,   16320108,        0,  -50679892,          0
  2951,    72,   67000000,   13256827,        0,  -53743173,          0
  2951,    73,   67000000,   13984665,        0,  -53015335,          0
  2951,    74,   67000000,   12817030,        0,  -54182970,          0
  2951,    75,   67000000,   13880379,        0,  -53119621,          0
  2951,    76,   67000000,   13317741,        0,  -53682259,          0
  2951,    77,   67000000,   14214754,        0,  -52785246,          0
  2951,    78,   67000000,   14793624,        0,  -52206376,          0
  2951,    79,   67000000,   16592188,        0,  -50407812,          0
  2951,    80,   67000000,   13334164,        0,  -53665836,          0
  2951,    81,   67000000,   14135603,        0,  -52864397,          0
  2951,    82,   67000000,   12775262,        0,  -54224738,          0
  2951,    83,   67000000,   15792985,        0,  -51207015,          0
  2951,    84,   67000000,   12882281,        0,  -54117719,          0
  2951,    85,   67000000,   13856379,        0,  -53143621,          0
  2951,    86,   67000000,   12850706,        0,  -54149294,          0
  2951,    87,   67000000,   15742710,        0,  -51257290,          0
  2951,    88,   67000000,   12792204,        0,  -54207796,          0
  2951,    89,   67000000,   13818904,        0,  -53181096,          0
  2951,    90,   67000000,   15262774,        0,  -51737226,          0
  2951,    91,   67000000,   16295332,        0,  -50704668,          0
  2951,    92,   67000000,   12870718,        0,  -54129282,          0
  2951,    93,   67000000,   14298075,        0,  -52701925,          0
  2951,    94,   67000000,   15647596,        0,  -51352404,          0
  2951,    95,   67000000,   15861020,        0,  -51138980,          0
  2951,    96,   67000000,   13600758,        0,  -53399242,          0
  2951,    97,   67000000,   15826447,        0,  -51173553,          0
  2951,    98,   67000000,   12831634,        0,  -54168366,          0
  2951,    99,   67000000,   15752524,        0,  -51247476,          0
  2951,   100,   67000000,   13300274,        0,  -53699726,          0
  2951,   101,   67000000,   14231970,        0,  -52768030,          0
  2951,   102,   67000000,   14809729,        0,  -52190271,          0
  2951,   103,   67000000,   15853188,        0,  -51146812,          0
  2951,   104,   67000000,   13364140,        0,  -53635860,          0
  2951,   105,   67000000,   11804416,        0,  -55195584,          0
  2951,   106,   67000000,   15367636,        0,  -51632364,          0
  2951,   107,   67000000,   15810169,        0,  -51189831,          0
  2951,   108,   67000000,   13108402,        0,  -53891598,          0
  2951,   109,   67000000,   14620891,        0,  -52379109,          0
  2951,   110,   67000000,   14797972,        0,  -52202028,          0
  2951,   111,   67000000,   13778038,        0,  -53221962,          0
  2951,   112,   67000000,   13725545,        0,  -53274455,          0
  2951,   113,   67000000,   11786048,        0,  -55213952,          0
  2951,   114,   67000000,   15814074,        0,  -51185926,          0
  2951,   115,   67000000,   16310358,        0,  -50689642,          0
  2951,   116,   67000000,   13382854,        0,  -53617146,          0
  2951,   117,   67000000,   13851388,        0,  -53148612,          0
  2951,   118,   67000000,   14779439,        0,  -52220561,          0
  2951,   119,   67000000,   14047823,        0,  -52952177,          0
  2951,   120,   67000000,   12823663,        0,  -54176337,          0
  2951,   121,   67000000,   14300743,        0,  -52699257,          0
  2951,   122,   67000000,   15324409,        0,  -51675591,          0
  2951,   123,   67000000,   15757498,        0,  -51242502,          0
  2951,   124,   67000000,   13073941,        0,  -53926059,          0
  2951,   125,   67000000,   14207267,        0,  -52792733,          0
  2951,   126,   67000000,   14896869,        0,  -52103131,          0
  2951,   127,   67000000,   16697943,        0,  -50302057,          0
  2951,   128,   67000000,   13255162,        0,  -53744838,          0
  2951,   129,   67000000,   11288893,        0,  -55711107,          0
  2951,   130,   67000000,   15397074,        0,  -51602926,          0
  2951,   131,   67000000,   16393684,        0,  -50606316,          0
  2951,   132,   67000000,   12766520,        0,  -54233480,          0
  2951,   133,   67000000,   14796292,        0,  -52203708,          0
  2951,   134,   67000000,   14767874,        0,  -52232126,          0
  2951,   135,   67000000,   16163195,        0,  -50836805,          0
  2951,   136,   67000000,   13266378,        0,  -53733622,          0
  2951,   137,   67000000,   14261328,        0,  -52738672,          0
  2951,   138,   67000000,   14825061,        0,  -52174939,          0
  2951,   139,   67000000,   15817442,        0,  -51182558,          0
  2951,   140,   67000000,   12977928,        0,  -54022072,          0
  2951,   141,   67000000,   11717173,        0,  -55282827,          0
  2951,   142,   67000000,   15809074,        0,  -51190926,          0
  2951,   143,   67000000,   16316342,        0,  -50683658,          0
  2951,   144,   67000000,   13612296,        0,  -53387704,          0
  2951,   145,   67000000,   13807741,        0,  -53192259,          0
  2951,   146,   67000000,   14836052,        0,  -52163948,          0
  2951,   147,   67000000,   16285039,        0,  -50714961,          0
  2951,   148,   67000000,   13883398,        0,  -53116602,          0
  2951,   149,   67000000,   14301617,        0,  -52698383,          0
  2951,   150,   67000000,   13847025,        0,  -53152975,          0
  2951,   151,   67000000,   13877495,        0,  -53122505,          0
  2951,   152,   67000000,   13243041,        0,  -53756959,          0
  2951,   153,   67000000,   13765915,        0,  -53234085,          0
# task NAME=myapp PID=2955 COST=8822000 PERIOD=51000000 CPU=0
  2955,     2,   51000000,      17861,        0,  -50982139,          0
  2955,     3,   51000000,      57323,        0,  -50942677,          0
  2955,     4,   51000000,   12631839,        0,  -38368161,          0
  2955,     5,   51000000,   13994140,        0,  -37005860,          0
  2955,     6,   51000000,   10440878,        0,  -40559122,          0
  2955,     7,   51000000,   11933870,        0,  -39066130,          0
  2955,     8,   51000000,   12720873,        0,  -38279127,          0
  2955,     9,   51000000,   13655121,        0,  -37344879,          0
  2955,    10,   51000000,   10650679,        0,  -40349321,          0
  2955,    11,   51000000,   11464401,        0,  -39535599,          0
  2955,    12,   51000000,   12558716,        0,  -38441284,          0
  2955,    13,   51000000,   13051816,        0,  -37948184,          0
  2955,    14,   51000000,   11187196,        0,  -39812804,          0
  2955,    15,   51000000,   11391642,        0,  -39608358,          0
  2955,    16,   51000000,   12965670,        0,  -38034330,          0
  2955,    17,   51000000,   12505440,        0,  -38494560,          0
  2955,    18,   51000000,   11095757,        0,  -39904243,          0
  2955,    19,   51000000,   11482024,        0,  -39517976,          0
  2955,    20,   51000000,   13104635,        0,  -37895365,          0
  2955,    21,   51000000,   15241792,        0,  -35758208,          0
  2955,    22,   51000000,   12962455,        0,  -38037545,          0
  2955,    23,   51000000,   13219902,        0,  -37780098,          0
  2955,    24,   51000000,   12962442,        0,  -38037558,          0
  2955,    25,   51000000,   11921155,        0,  -39078845,          0
  2955,    26,   51000000,   12468732,        0,  -38531268,          0
  2955,    27,   51000000,   13265867,        0,  -37734133,          0
  2955,    28,   51000000,   10431064,        0,  -40568936,          0
  2955,    29,   51000000,   11729480,        0,  -39270520,          0
  2955,    30,   51000000,   12294585,        0,  -38705415,          0
  2955,    31,   51000000,   13955634,        0,  -37044366,          0
  2955,    32,   51000000,   12749329,        0,  -38250671,          0
  2955,    33,   51000000,   11550712,        0,  -39449288,          0
  2955,    34,   51000000,   15058860,        0,  -35941140,          0
  2955,    35,   51000000,   13915365,        0,  -37084635,          0
  2955,    36,   51000000,   10699742,        0,  -40300258,          0
  2955,    37,   51000000,   10445615,        0,  -40554385,          0
  2955,    38,   51000000,   12569877,        0,  -38430123,          0
  2955,    39,   51000000,   12381597,        0,  -38618403,          0
  2955,    40,   51000000,   10477550,        0,  -40522450,          0
  2955,    41,   51000000,   10971793,        0,  -40028207,          0
  2955,    42,   51000000,   12480394,        0,  -38519606,          0
  2955,    43,   51000000,   13227850,        0,  -37772150,          0
  2955,    44,   51000000,   10506388,        0,  -40493612,          0
  2955,    45,   51000000,   13910176,        0,  -37089824,          0
  2955,    46,   51000000,   12178245,        0,  -38821755,          0
  2955,    47,   51000000,   13978389,        0,  -37021611,          0
  2955,    48,   51000000,   13084061,        0,  -37915939,          0
  2955,    49,   51000000,   11534354,        0,  -39465646,          0
  2955,    50,   51000000,   12951175,        0,  -38048825,          0
  2955,    51,   51000000,   13969611,        0,  -37030389,          0
  2955,    52,   51000000,   10917796,        0,  -40082204,          0
  2955,    53,   51000000,   12515193,        0,  -38484807,          0
  2955,    54,   51000000,   12563626,        0,  -38436374,          0
  2955,    55,   51000000,   15312004,        0,  -35687996,          0
  2955,    56,   51000000,   11089224,        0,  -39910776,          0
  2955,    57,   51000000,   15071645,        0,  -35928355,          0
  2955,    58,   51000000,   12567966,        0,  -38432034,          0
  2955,    59,   51000000,   15881063,        0,  -35118937,          0
  2955,    60,   51000000,   10531833,        0,  -40468167,          0
  2955,    61,   51000000,   11500512,        0,  -39499488,          0
  2955,    62,   51000000,   12088096,        0,  -38911904,          0
  2955,    63,   51000000,   13047787,        0,  -37952213,          0
  2955,    64,   51000000,   12587256,        0,  -38412744,          0
  2955,    65,   51000000,   15523890,        0,  -35476110,          0
  2955,    66,   51000000,   12963315,        0,  -38036685,          0
  2955,    67,   51000000,   13629304,        0,  -37370696,          0
  2955,    68,   51000000,   13047533,        0,  -37952467,          0
  2955,    69,   51000000,   11105306,        0,  -39894694,          0
  2955,    70,   51000000,   13437372,        0,  -37562628,          0
  2955,    71,   51000000,   13135844,        0,  -37864156,          0
  2955,    72,   51000000,   10458403,        0,  -40541597,          0
  2955,    73,   51000000,   11419837,        0,  -39580163,          0
  2955,    74,   51000000,   12508661,        0,  -38491339,          0
  2955,    75,   51000000,   12971665,        0,  -38028335,          0
  2955,    76,   51000000,   12741240,        0,  -38258760,          0
  2955,    77,   51000000,   11870547,        0,  -39129453,          0
  2955,    78,   51000000,   12528995,        0,  -38471005,          0
  2955,    79,   51000000,   13491011,        0,  -37508989,          0
  2955,    80,   51000000,   10399559,        0,  -40600441,          0
  2955,    81,   51000000,   14578825,        0,  -36421175,          0
  2955,    82,   51000000,   12057112,        0,  -38942888,          0
  2955,    83,   51000000,   13217328,        0,  -37782672,          0
  2955,    84,   51000000,   10468545,        0,  -40531455,          0
  2955,    85,   51000000,   11622942,        0,  -39377058,          0
  2955,    86,   51000000,   12093111,        0,  -38906889,          0
  2955,    87,   51000000,   15628614,        0,  -35371386,          0
  2955,    88,   51000000,   10990838,        0,  -40009162,          0
  2955,    89,   51000000,   12385840,        0,  -38614160,          0
  2955,    90,   51000000,   12055661,        0,  -38944339,          0
  2955,    91,   51000000,   13497628,        0,  -37502372,          0
  2955,    92,   51000000,   12976158,        0,  -38023842,          0
  2955,    93,   51000000,   11515320,        0,  -39484680,          0
  2955,    94,   51000000,   12523136,        0,  -38476864,          0
  2955,    95,   51000000,   12713452,        0,  -38286548,          0
  2955,    96,   51000000,   11541628,        0,  -39458372,          0
  2955,    97,   51000000,   11207156,        0,  -39792844,          0
  2955,    98,   51000000,   12560797,        0,  -38439203,          0
  2955,    99,   51000000,   13957366,        0,  -37042634,          0
  2955,   100,   51000000,   11069976,        0,  -39930024,          0
  2955,   101,   51000000,   11518048,        0,  -39481952,          0
  2955,   102,   51000000,   12468818,        0,  -38531182,          0
  2955,   103,   51000000,   13275133,        0,  -37724867,          0
  2955,   104,   51000000,   12887867,        0,  -38112133,          0
  2955,   105,   51000000,   12021552,        0,  -38978448,          0
  2955,   106,   51000000,   13040684,        0,  -37959316,          0
  2955,   107,   51000000,   13974325,        0,  -37025675,          0
  2955,   108,   51000000,   14066212,        0,  -36933788,          0
  2955,   109,   51000000,   11882475,        0,  -39117525,          0
  2955,   110,   51000000,   13035011,        0,  -37964989,          0
  2955,   111,   51000000,   13463112,        0,  -37536888,          0
  2955,   112,   51000000,   11024270,        0,  -39975730,          0
  2955,   113,   51000000,   13909064,        0,  -37090936,          0
  2955,   114,   51000000,   12025244,        0,  -38974756,          0
  2955,   115,   51000000,   15680838,        0,  -35319162,          0
  2955,   116,   51000000,   14905905,        0,  -36094095,          0
  2955,   117,   51000000,   11437505,        0,  -39562495,          0
  2955,   118,   51000000,   11724071,        0,  -39275929,          0
  2955,   119,   51000000,   13548804,        0,  -37451196,          0
  2955,   120,   51000000,   10484428,        0,  -40515572,          0
  2955,   121,   51000000,   10927058,        0,  -40072942,          0
  2955,   122,   51000000,   12452172,        0,  -38547828,          0
  2955,   123,   51000000,   12989416,        0,  -38010584,          0
  2955,   124,   51000000,   10879832,        0,  -40120168,          0
  2955,   125,   51000000,   11711100,        0,  -39288900,          0
  2955,   126,   51000000,   12111742,        0,  -38888258,          0
  2955,   127,   51000000,   15796517,        0,  -35203483,          0
  2955,   128,   51000000,   10956865,        0,  -40043135,          0
  2955,   129,   51000000,   10980708,        0,  -40019292,          0
  2955,   130,   51000000,   12462395,        0,  -38537605,          0
  2955,   131,   51000000,   12998461,        0,  -38001539,          0
  2955,   132,   51000000,   10556313,        0,  -40443687,          0
  2955,   133,   51000000,   10496985,        0,  -40503015,          0
  2955,   134,   51000000,   12993340,        0,  -38006660,          0
  2955,   135,   51000000,   13394655,        0,  -37605345,          0
  2955,   136,   51000000,   12913120,        0,  -38086880,          0
  2955,   137,   51000000,   11030471,        0,  -39969529,          0
  2955,   138,   51000000,   12549086,        0,  -38450914,          0
  2955,   139,   51000000,   15970879,        0,  -35029121,          0
  2955,   140,   51000000,   10497160,        0,  -40502840,          0
  2955,   141,   51000000,   11102123,        0,  -39897877,          0
  2955,   142,   51000000,   11987751,        0,  -39012249,          0
  2955,   143,   51000000,   13049276,        0,  -37950724,          0
  2955,   144,   51000000,   10588457,        0,  -40411543,          0
  2955,   145,   51000000,   11555441,        0,  -39444559,          0
  2955,   146,   51000000,   12488230,        0,  -38511770,          0
  2955,   147,   51000000,   13093513,        0,  -37906487,          0
  2955,   148,   51000000,   10514772,        0,  -40485228,          0
  2955,   149,   51000000,   14778342,        0,  -36221658,          0
  2955,   150,   51000000,   12464533,        0,  -38535467,          0
  2955,   151,   51000000,   13517325,        0,  -37482675,          0
  2955,   152,   51000000,   12729568,        0,  -38270432,          0
  2955,   153,   51000000,   10876195,        0,  -40123805,          0
  2955,   154,   51000000,   12924289,        0,  -38075711,          0
  2955,   155,   51000000,   12953340,        0,  -38046660,          0
  2955,   156,   51000000,   10933778,        0,  -40066222,          0
  2955,   157,   51000000,   11783312,        0,  -39216688,          0
  2955,   158,   51000000,   12898260,        0,  -38101740,          0
  2955,   159,   51000000,   13141553,        0,  -37858447,          0
  2955,   160,   51000000,   13073145,        0,  -37926855,          0
  2955,   161,   51000000,   14186654,        0,  -36813346,          0
  2955,   162,   51000000,   13854171,        0,  -37145829,          0
  2955,   163,   51000000,   13059961,        0,  -37940039,          0
  2955,   164,   51000000,   10461605,        0,  -40538395,          0
  2955,   165,   51000000,   10560427,        0,  -40439573,          0
  2955,   166,   51000000,   12520932,        0,  -38479068,          0
  2955,   167,   51000000,   13504839,        0,  -37495161,          0
  2955,   168,   51000000,   10472705,        0,  -40527295,          0
  2955,   169,   51000000,   11959333,        0,  -39040667,          0
  2955,   170,   51000000,   12517519,        0,  -38482481,          0
  2955,   171,   51000000,   13044466,        0,  -37955534,          0
  2955,   172,   51000000,   10533730,        0,  -40466270,          0
  2955,   173,   51000000,   10982454,        0,  -40017546,          0
  2955,   174,   51000000,   14788084,        0,  -36211916,          0
  2955,   175,   51000000,   13508614,        0,  -37491386,          0
  2955,   176,   51000000,   10994247,        0,  -40005753,          0
  2955,   177,   51000000,   13952982,        0,  -37047018,          0
  2955,   178,   51000000,   12058073,        0,  -38941927,          0
  2955,   179,   51000000,   16023990,        0,  -34976010,          0
  2955,   180,   51000000,   12629394,        0,  -38370606,          0
  2955,   181,   51000000,   11445488,        0,  -39554512,          0
  2955,   182,   51000000,   12528885,        0,  -38471115,          0
  2955,   183,   51000000,   12622876,        0,  -38377124,          0
  2955,   184,   51000000,   10730088,        0,  -40269912,          0
  2955,   185,   51000000,   13957174,        0,  -37042826,          0
  2955,   186,   51000000,   12434643,        0,  -38565357,          0
  2955,   187,   51000000,   12412656,        0,  -38587344,          0
  2955,   188,   51000000,   10566913,        0,  -40433087,          0
  2955,   189,   51000000,   11464927,        0,  -39535073,          0
  2955,   190,   51000000,   14933766,        0,  -36066234,          0
  2955,   191,   51000000,   13388251,        0,  -37611749,          0
  2955,   192,   51000000,   12936479,        0,  -38063521,          0
  2955,   193,   51000000,   11266452,        0,  -39733548,          0
  2955,   194,   51000000,   14598829,        0,  -36401171,          0
  2955,   195,   51000000,   15637728,        0,  -35362272,          0
  2955,   196,   51000000,   11377252,        0,  -39622748,          0
  2955,   197,   51000000,   13596399,        0,  -37403601,          0
  2955,   198,   51000000,   12088066,        0,  -38911934,          0
  2955,   199,   51000000,   13557353,        0,  -37442647,          0
  2955,   200,   51000000,   12636328,        0,  -38363672,          0
