1367 1367 1
563 563 1
530 530 1
570 570 1
625 625 1
1657 1657 1
1302 1302 1
706 706 1
888 888 1
656 656 1
969 969 1
1753 1753 1
610 610 1
1394 1394 1
452 452 1
819 819 1
419 419 1
619 619 1
799 799 1
1218 1218 1
818 818 1
1059 1059 1
958 958 1
1712 1712 1
850 850 1
 
757 757 1
1276 1276 1
2005 2005 1
1754 1754 1
1239 1239 1
1517 1517 1
1983 1983 1
2120 2120 1
1111 1111 1
2009 2009 1
2689 2689 1
836 836 1
1559 1559 1
1753 1753 1
1111 1111 1
3091 3091 1
2129 2129 1
1465 1465 1
2017 2017 1
1959 1960 0
2635 2635 1
1827 1827 1
1141 1141 1
1453 1453 1
1873 1873 1
 
===
