# Task,   Job,     Period,   Response, DL Miss?,   Lateness,  Tardiness
# task NAME=myapp PID=887 COST=9842000 PERIOD=81000000 CPU=0
   887,     2,   81000000,      31038,        0,  -80968962,          0
   887,     3,   81000000,     140598,        0,  -80859402,          0
   887,     4,   81000000,   13513147,        0,  -67486853,          0
   887,     5,   81000000,   17335384,        0,  -63664616,          0
   887,     6,   81000000,   15063844,        0,  -65936156,          0
   887,     7,   81000000,   14520917,        0,  -66479083,          0
   887,     8,   81000000,   13536910,        0,  -67463090,          0
   887,     9,   81000000,   15964219,        0,  -65035781,          0
   887,    10,   81000000,   15530086,        0,  -65469914,          0
   887,    11,   81000000,   14428681,        0,  -66571319,          0
   887,    12,   81000000,   14003656,        0,  -66996344,          0
   887,    13,   81000000,   15907029,        0,  -65092971,          0
   887,    14,   81000000,   15048816,        0,  -65951184,          0
   887,    15,   81000000,   14436375,        0,  -66563625,          0
   887,    16,   81000000,   13162874,        0,  -67837126,          0
   887,    17,   81000000,   13804725,        0,  -67195275,          0
   887,    18,   81000000,   15338483,        0,  -65661517,          0
   887,    19,   81000000,   11922562,        0,  -69077438,          0
   887,    20,   81000000,   13525032,        0,  -67474968,          0
   887,    21,   81000000,   15988764,        0,  -65011236,          0
   887,    22,   81000000,   15324965,        0,  -65675035,          0
   887,    23,   81000000,   14472991,        0,  -66527009,          0
   887,    24,   81000000,   13573464,        0,  -67426536,          0
   887,    25,   81000000,   15775172,        0,  -65224828,          0
   887,    26,   81000000,   15503095,        0,  -65496905,          0
   887,    27,   81000000,   14463938,        0,  -66536062,          0
   887,    28,   81000000,   13982925,        0,  -67017075,          0
   887,    29,   81000000,   15998180,        0,  -65001820,          0
   887,    30,   81000000,   15502921,        0,  -65497079,          0
   887,    31,   81000000,   11963082,        0,  -69036918,          0
   887,    32,   81000000,   13058268,        0,  -67941732,          0
   887,    33,   81000000,   16009645,        0,  -64990355,          0
   887,    34,   81000000,   15507897,        0,  -65492103,          0
   887,    35,   81000000,   13889125,        0,  -67110875,          0
   887,    36,   81000000,   13416797,        0,  -67583203,          0
   887,    37,   81000000,   16515456,        0,  -64484544,          0
   887,    38,   81000000,   15461613,        0,  -65538387,          0
   887,    39,   81000000,   14139770,        0,  -66860230,          0
   887,    40,   81000000,   13574562,        0,  -67425438,          0
   887,    41,   81000000,   13311951,        0,  -67688049,          0
   887,    42,   81000000,   13045350,        0,  -67954650,          0
   887,    43,   81000000,   11936758,        0,  -69063242,          0
   887,    44,   81000000,   13216964,        0,  -67783036,          0
   887,    45,   81000000,   15896189,        0,  -65103811,          0
   887,    46,   81000000,   14974128,        0,  -66025872,          0
   887,    47,   81000000,   15043546,        0,  -65956454,          0
   887,    48,   81000000,   13474569,        0,  -67525431,          0
   887,    49,   81000000,   13689361,        0,  -67310639,          0
   887,    50,   81000000,   15510420,        0,  -65489580,          0
   887,    51,   81000000,   11748801,        0,  -69251199,          0
   887,    52,   81000000,   13386090,        0,  -67613910,          0
   887,    53,   81000000,   14884075,        0,  -66115925,          0
   887,    54,   81000000,   15149049,        0,  -65850951,          0
   887,    55,   81000000,   14466091,        0,  -66533909,          0
   887,    56,   81000000,   12985910,        0,  -68014090,          0
   887,    57,   81000000,   13932758,        0,  -67067242,          0
   887,    58,   81000000,   14632424,        0,  -66367576,          0
   887,    59,   81000000,   11765834,        0,  -69234166,          0
   887,    60,   81000000,   13970519,        0,  -67029481,          0
   887,    61,   81000000,   15893804,        0,  -65106196,          0
   887,    62,   81000000,   16535167,        0,  -64464833,          0
   887,    63,   81000000,   13839568,        0,  -67160432,          0
   887,    64,   81000000,   13457981,        0,  -67542019,          0
   887,    65,   81000000,   15969163,        0,  -65030837,          0
   887,    66,   81000000,   15070111,        0,  -65929889,          0
   887,    67,   81000000,   15964897,        0,  -65035103,          0
   887,    68,   81000000,   12945534,        0,  -68054466,          0
   887,    69,   81000000,   13256953,        0,  -67743047,          0
   887,    70,   81000000,   15479660,        0,  -65520340,          0
   887,    71,   81000000,   14484889,        0,  -66515111,          0
   887,    72,   81000000,   13429403,        0,  -67570597,          0
   887,    73,   81000000,   14056077,        0,  -66943923,          0
   887,    74,   81000000,   12939784,        0,  -68060216,          0
   887,    75,   81000000,   14475487,        0,  -66524513,          0
   887,    76,   81000000,   13444650,        0,  -67555350,          0
   887,    77,   81000000,   17994946,        0,  -63005054,          0
   887,    78,   81000000,   16052295,        0,  -64947705,          0
   887,    79,   81000000,   13958340,        0,  -67041660,          0
   887,    80,   81000000,   13430327,        0,  -67569673,          0
   887,    81,   81000000,   13096716,        0,  -67903284,          0
   887,    82,   81000000,   14916277,        0,  -66083723,          0
   887,    83,   81000000,   14910516,        0,  -66089484,          0
   887,    84,   81000000,   12960771,        0,  -68039229,          0
   887,    85,   81000000,   13967990,        0,  -67032010,          0
   887,    86,   81000000,   18975043,        0,  -62024957,          0
   887,    87,   81000000,   14556710,        0,  -66443290,          0
   887,    88,   81000000,   12948907,        0,  -68051093,          0
   887,    89,   81000000,   16491918,        0,  -64508082,          0
   887,    90,   81000000,   15487272,        0,  -65512728,          0
   887,    91,   81000000,   14980139,        0,  -66019861,          0
   887,    92,   81000000,   13516173,        0,  -67483827,          0
   887,    93,   81000000,   16713389,        0,  -64286611,          0
   887,    94,   81000000,   15477526,        0,  -65522474,          0
   887,    95,   81000000,   11958775,        0,  -69041225,          0
   887,    96,   81000000,   12995545,        0,  -68004455,          0
   887,    97,   81000000,   15841892,        0,  -65158108,          0
   887,    98,   81000000,   17056770,        0,  -63943230,          0
   887,    99,   81000000,   11471884,        0,  -69528116,          0
   887,   100,   81000000,   13559700,        0,  -67440300,          0
   887,   101,   81000000,   16930133,        0,  -64069867,          0
   887,   102,   81000000,   15076568,        0,  -65923432,          0
   887,   103,   81000000,   12008062,        0,  -68991938,          0
   887,   104,   81000000,   13569786,        0,  -67430214,          0
   887,   105,   81000000,   15997817,        0,  -65002183,          0
   887,   106,   81000000,   14902639,        0,  -66097361,          0
   887,   107,   81000000,   14041427,        0,  -66958573,          0
   887,   108,   81000000,   13919041,        0,  -67080959,          0
   887,   109,   81000000,   16097239,        0,  -64902761,          0
   887,   110,   81000000,   14940758,        0,  -66059242,          0
   887,   111,   81000000,   14960864,        0,  -66039136,          0
   887,   112,   81000000,   13924456,        0,  -67075544,          0
   887,   113,   81000000,   16312802,        0,  -64687198,          0
   887,   114,   81000000,   14909985,        0,  -66090015,          0
   887,   115,   81000000,   14705873,        0,  -66294127,          0
   887,   116,   81000000,   13831484,        0,  -67168516,          0
   887,   117,   81000000,   16946302,        0,  -64053698,          0
   887,   118,   81000000,   15387861,        0,  -65612139,          0
   887,   119,   81000000,   14484111,        0,  -66515889,          0
   887,   120,   81000000,   13053984,        0,  -67946016,          0
   887,   121,   81000000,   16079607,        0,  -64920393,          0
   887,   122,   81000000,   16512041,        0,  -64487959,          0
   887,   123,   81000000,   18975186,        0,  -62024814,          0
   887,   124,   81000000,   13402521,        0,  -67597479,          0
   887,   125,   81000000,   13439388,        0,  -67560612,          0
   887,   126,   81000000,   14905218,        0,  -66094782,          0
   887,   127,   81000000,   14509210,        0,  -66490790,          0
# task NAME=myapp PID=890 COST=17140000 PERIOD=82000000 CPU=0
   890,     2,   82000000,      54985,        0,  -81945015,          0
   890,     3,   82000000,     122256,        0,  -81877744,          0
   890,     4,   82000000,   27886345,        0,  -54113655,          0
   890,     5,   82000000,   26029386,        0,  -55970614,          0
   890,     6,   82000000,   28928731,        0,  -53071269,          0
   890,     7,   82000000,   23898334,        0,  -58101666,          0
   890,     8,   82000000,   29094255,        0,  -52905745,          0
   890,     9,   82000000,   26102476,        0,  -55897524,          0
   890,    10,   82000000,   25984753,        0,  -56015247,          0
   890,    11,   82000000,   26957151,        0,  -55042849,          0
   890,    12,   82000000,   29444004,        0,  -52555996,          0
   890,    13,   82000000,   26644236,        0,  -55355764,          0
   890,    14,   82000000,   27597929,        0,  -54402071,          0
   890,    15,   82000000,   26455519,        0,  -55544481,          0
   890,    16,   82000000,   28162475,        0,  -53837525,          0
   890,    17,   82000000,   26863375,        0,  -55136625,          0
   890,    18,   82000000,   27791226,        0,  -54208774,          0
   890,    19,   82000000,   27420380,        0,  -54579620,          0
   890,    20,   82000000,   25498582,        0,  -56501418,          0
   890,    21,   82000000,   23941738,        0,  -58058262,          0
   890,    22,   82000000,   25843268,        0,  -56156732,          0
   890,    23,   82000000,   26840877,        0,  -55159123,          0
   890,    24,   82000000,   29385428,        0,  -52614572,          0
   890,    25,   82000000,   27400777,        0,  -54599223,          0
   890,    26,   82000000,   29561327,        0,  -52438673,          0
   890,    27,   82000000,   26378665,        0,  -55621335,          0
   890,    28,   82000000,   28034898,        0,  -53965102,          0
   890,    29,   82000000,   23978721,        0,  -58021279,          0
   890,    30,   82000000,   29337472,        0,  -52662528,          0
   890,    31,   82000000,   25963200,        0,  -56036800,          0
   890,    32,   82000000,   25146338,        0,  -56853662,          0
   890,    33,   82000000,   27070194,        0,  -54929806,          0
   890,    34,   82000000,   28468921,        0,  -53531079,          0
   890,    35,   82000000,   26358837,        0,  -55641163,          0
   890,    36,   82000000,   29025137,        0,  -52974863,          0
   890,    37,   82000000,   27729812,        0,  -54270188,          0
   890,    38,   82000000,   28129902,        0,  -53870098,          0
   890,    39,   82000000,   26473618,        0,  -55526382,          0
   890,    40,   82000000,   27973365,        0,  -54026635,          0
   890,    41,   82000000,   26526151,        0,  -55473849,          0
   890,    42,   82000000,   25965054,        0,  -56034946,          0
   890,    43,   82000000,   27790599,        0,  -54209401,          0
   890,    44,   82000000,   28510038,        0,  -53489962,          0
   890,    45,   82000000,   26050527,        0,  -55949473,          0
   890,    46,   82000000,   29062187,        0,  -52937813,          0
   890,    47,   82000000,   25964997,        0,  -56035003,          0
   890,    48,   82000000,   25909615,        0,  -56090385,          0
   890,    49,   82000000,   25883614,        0,  -56116386,          0
   890,    50,   82000000,   28099573,        0,  -53900427,          0
   890,    51,   82000000,   26439424,        0,  -55560576,          0
   890,    52,   82000000,   25420301,        0,  -56579699,          0
   890,    53,   82000000,   26070937,        0,  -55929063,          0
   890,    54,   82000000,   25640176,        0,  -56359824,          0
   890,    55,   82000000,   25898068,        0,  -56101932,          0
   890,    56,   82000000,   28050663,        0,  -53949337,          0
   890,    57,   82000000,   26015534,        0,  -55984466,          0
   890,    58,   82000000,   28537695,        0,  -53462305,          0
   890,    59,   82000000,   28100920,        0,  -53899080,          0
   890,    60,   82000000,   29558381,        0,  -52441619,          0
   890,    61,   82000000,   26504732,        0,  -55495268,          0
   890,    62,   82000000,   28320702,        0,  -53679298,          0
   890,    63,   82000000,   26780971,        0,  -55219029,          0
   890,    64,   82000000,   28512014,        0,  -53487986,          0
   890,    65,   82000000,   26508282,        0,  -55491718,          0
   890,    66,   82000000,   27977826,        0,  -54022174,          0
   890,    67,   82000000,   25909307,        0,  -56090693,          0
   890,    68,   82000000,   28904503,        0,  -53095497,          0
   890,    69,   82000000,   26306429,        0,  -55693571,          0
   890,    70,   82000000,   28567286,        0,  -53432714,          0
   890,    71,   82000000,   26082674,        0,  -55917326,          0
   890,    72,   82000000,   27760931,        0,  -54239069,          0
   890,    73,   82000000,   23916956,        0,  -58083044,          0
   890,    74,   82000000,   25965517,        0,  -56034483,          0
   890,    75,   82000000,   26294193,        0,  -55705807,          0
   890,    76,   82000000,   29436014,        0,  -52563986,          0
   890,    77,   82000000,   23535973,        0,  -58464027,          0
   890,    78,   82000000,   25940484,        0,  -56059516,          0
   890,    79,   82000000,   26501320,        0,  -55498680,          0
   890,    80,   82000000,   28861710,        0,  -53138290,          0
   890,    81,   82000000,   26761411,        0,  -55238589,          0
   890,    82,   82000000,   27974478,        0,  -54025522,          0
   890,    83,   82000000,   27424913,        0,  -54575087,          0
   890,    84,   82000000,   28252192,        0,  -53747808,          0
   890,    85,   82000000,   26334776,        0,  -55665224,          0
   890,    86,   82000000,   25594606,        0,  -56405394,          0
   890,    87,   82000000,   27515579,        0,  -54484421,          0
   890,    88,   82000000,   25987341,        0,  -56012659,          0
   890,    89,   82000000,   27511415,        0,  -54488585,          0
   890,    90,   82000000,   29954587,        0,  -52045413,          0
   890,    91,   82000000,   23510965,        0,  -58489035,          0
   890,    92,   82000000,   28125451,        0,  -53874549,          0
   890,    93,   82000000,   25876432,        0,  -56123568,          0
   890,    94,   82000000,   28462160,        0,  -53537840,          0
   890,    95,   82000000,   24024706,        0,  -57975294,          0
   890,    96,   82000000,   27955359,        0,  -54044641,          0
   890,    97,   82000000,   23924840,        0,  -58075160,          0
   890,    98,   82000000,   29086269,        0,  -52913731,          0
   890,    99,   82000000,   27403091,        0,  -54596909,          0
   890,   100,   82000000,   29412246,        0,  -52587754,          0
   890,   101,   82000000,   26425279,        0,  -55574721,          0
   890,   102,   82000000,   29765321,        0,  -52234679,          0
   890,   103,   82000000,   26321333,        0,  -55678667,          0
   890,   104,   82000000,   28851640,        0,  -53148360,          0
   890,   105,   82000000,   26556219,        0,  -55443781,          0
   890,   106,   82000000,   28460410,        0,  -53539590,          0
   890,   107,   82000000,   25925739,        0,  -56074261,          0
   890,   108,   82000000,   28579653,        0,  -53420347,          0
   890,   109,   82000000,   25955035,        0,  -56044965,          0
   890,   110,   82000000,   28356579,        0,  -53643421,          0
   890,   111,   82000000,   25958210,        0,  -56041790,          0
   890,   112,   82000000,   28423922,        0,  -53576078,          0
   890,   113,   82000000,   26511172,        0,  -55488828,          0
   890,   114,   82000000,   27575982,        0,  -54424018,          0
   890,   115,   82000000,   23955290,        0,  -58044710,          0
   890,   116,   82000000,   28361344,        0,  -53638656,          0
   890,   117,   82000000,   22894432,        0,  -59105568,          0
   890,   118,   82000000,   28471281,        0,  -53528719,          0
   890,   119,   82000000,   26620324,        0,  -55379676,          0
   890,   120,   82000000,   28367466,        0,  -53632534,          0
   890,   121,   82000000,   23884768,        0,  -58115232,          0
   890,   122,   82000000,   28182188,        0,  -53817812,          0
   890,   123,   82000000,   25900529,        0,  -56099471,          0
   890,   124,   82000000,   27898887,        0,  -54101113,          0
   890,   125,   82000000,   23513632,        0,  -58486368,          0
# task NAME=myapp PID=896 COST=7438000 PERIOD=29000000 CPU=0
   896,     2,   29000000,      20914,        0,  -28979086,          0
   896,     3,   29000000,     116282,        0,  -28883718,          0
   896,     4,   29000000,    9180248,        0,  -19819752,          0
   896,     5,   29000000,   12245153,        0,  -16754847,          0
   896,     6,   29000000,   11581712,        0,  -17418288,          0
   896,     7,   29000000,   10219965,        0,  -18780035,          0
   896,     8,   29000000,    9740664,        0,  -19259336,          0
   896,     9,   29000000,    9833335,        0,  -19166665,          0
   896,    10,   29000000,   11187355,        0,  -17812645,          0
   896,    11,   29000000,    9730732,        0,  -19269268,          0
   896,    12,   29000000,    9740598,        0,  -19259402,          0
   896,    13,   29000000,   12229517,        0,  -16770483,          0
   896,    14,   29000000,   11590431,        0,  -17409569,          0
   896,    15,   29000000,   10179063,        0,  -18820937,          0
   896,    16,   29000000,    9616105,        0,  -19383895,          0
   896,    17,   29000000,   12144298,        0,  -16855702,          0
   896,    18,   29000000,   11673574,        0,  -17326426,          0
   896,    19,   29000000,   10249516,        0,  -18750484,          0
   896,    20,   29000000,   10076788,        0,  -18923212,          0
   896,    21,   29000000,   12226360,        0,  -16773640,          0
   896,    22,   29000000,   11127096,        0,  -17872904,          0
   896,    23,   29000000,   10160158,        0,  -18839842,          0
   896,    24,   29000000,    9180783,        0,  -19819217,          0
   896,    25,   29000000,   12675610,        0,  -16324390,          0
   896,    26,   29000000,   11226838,        0,  -17773162,          0
   896,    27,   29000000,    7713880,        0,  -21286120,          0
   896,    28,   29000000,    9167088,        0,  -19832912,          0
   896,    29,   29000000,   11669139,        0,  -17330861,          0
   896,    30,   29000000,   10740881,        0,  -18259119,          0
   896,    31,   29000000,   10627491,        0,  -18372509,          0
   896,    32,   29000000,    9120188,        0,  -19879812,          0
   896,    33,   29000000,   12632439,        0,  -16367561,          0
   896,    34,   29000000,    9793221,        0,  -19206779,          0
   896,    35,   29000000,   10672934,        0,  -18327066,          0
   896,    36,   29000000,    9691835,        0,  -19308165,          0
   896,    37,   29000000,   12666711,        0,  -16333289,          0
   896,    38,   29000000,   11114118,        0,  -17885882,          0
   896,    39,   29000000,    9713397,        0,  -19286603,          0
   896,    40,   29000000,   10160002,        0,  -18839998,          0
   896,    41,   29000000,   12217265,        0,  -16782735,          0
   896,    42,   29000000,   10641669,        0,  -18358331,          0
   896,    43,   29000000,   10135530,        0,  -18864470,          0
   896,    44,   29000000,    9088836,        0,  -19911164,          0
   896,    45,   29000000,   13773857,        0,  -15226143,          0
   896,    46,   29000000,    9934016,        0,  -19065984,          0
   896,    47,   29000000,   10602226,        0,  -18397774,          0
   896,    48,   29000000,    8632145,        0,  -20367855,          0
   896,    49,   29000000,   12165327,        0,  -16834673,          0
   896,    50,   29000000,   11645734,        0,  -17354266,          0
   896,    51,   29000000,    9816985,        0,  -19183015,          0
   896,    52,   29000000,    9178695,        0,  -19821305,          0
   896,    53,   29000000,   12185921,        0,  -16814079,          0
   896,    54,   29000000,   11649321,        0,  -17350679,          0
   896,    55,   29000000,   10647945,        0,  -18352055,          0
   896,    56,   29000000,    9867333,        0,  -19132667,          0
   896,    57,   29000000,    9445259,        0,  -19554741,          0
   896,    58,   29000000,   11207704,        0,  -17792296,          0
   896,    59,   29000000,    7721752,        0,  -21278248,          0
   896,    60,   29000000,    9573046,        0,  -19426954,          0
   896,    61,   29000000,   12718640,        0,  -16281360,          0
   896,    62,   29000000,   10686252,        0,  -18313748,          0
   896,    63,   29000000,   10086001,        0,  -18913999,          0
   896,    64,   29000000,    9638911,        0,  -19361089,          0
   896,    65,   29000000,   13382198,        0,  -15617802,          0
   896,    66,   29000000,   11704145,        0,  -17295855,          0
   896,    67,   29000000,   10693276,        0,  -18306724,          0
   896,    68,   29000000,    9106830,        0,  -19893170,          0
   896,    69,   29000000,   11722095,        0,  -17277905,          0
   896,    70,   29000000,   11689265,        0,  -17310735,          0
   896,    71,   29000000,   10097731,        0,  -18902269,          0
   896,    72,   29000000,    9632212,        0,  -19367788,          0
   896,    73,   29000000,   12652591,        0,  -16347409,          0
   896,    74,   29000000,   13318395,        0,  -15681605,          0
   896,    75,   29000000,   10228747,        0,  -18771253,          0
   896,    76,   29000000,    9319174,        0,  -19680826,          0
   896,    77,   29000000,   12630043,        0,  -16369957,          0
   896,    78,   29000000,   11622685,        0,  -17377315,          0
   896,    79,   29000000,   10644671,        0,  -18355329,          0
   896,    80,   29000000,    9187934,        0,  -19812066,          0
   896,    81,   29000000,   11731029,        0,  -17268971,          0
   896,    82,   29000000,   11645445,        0,  -17354555,          0
   896,    83,   29000000,   10265767,        0,  -18734233,          0
   896,    84,   29000000,    9191160,        0,  -19808840,          0
   896,    85,   29000000,    9741942,        0,  -19258058,          0
   896,    86,   29000000,   11863086,        0,  -17136914,          0
   896,    87,   29000000,   10178529,        0,  -18821471,          0
   896,    88,   29000000,   10818682,        0,  -18181318,          0
   896,    89,   29000000,   11775714,        0,  -17224286,          0
   896,    90,   29000000,   11705152,        0,  -17294848,          0
   896,    91,   29000000,   10140031,        0,  -18859969,          0
   896,    92,   29000000,    9695043,        0,  -19304957,          0
   896,    93,   29000000,   12733655,        0,  -16266345,          0
   896,    94,   29000000,   10645256,        0,  -18354744,          0
   896,    95,   29000000,   10219064,        0,  -18780936,          0
   896,    96,   29000000,    9631371,        0,  -19368629,          0
   896,    97,   29000000,   12795377,        0,  -16204623,          0
   896,    98,   29000000,   11695119,        0,  -17304881,          0
   896,    99,   29000000,   10877059,        0,  -18122941,          0
   896,   100,   29000000,   14477929,        0,  -14522071,          0
   896,   101,   29000000,   12250387,        0,  -16749613,          0
   896,   102,   29000000,    8715143,        0,  -20284857,          0
   896,   103,   29000000,    9691574,        0,  -19308426,          0
   896,   104,   29000000,    9096703,        0,  -19903297,          0
   896,   105,   29000000,    9724204,        0,  -19275796,          0
   896,   106,   29000000,   11181373,        0,  -17818627,          0
   896,   107,   29000000,   10735655,        0,  -18264345,          0
   896,   108,   29000000,    9671259,        0,  -19328741,          0
   896,   109,   29000000,   13748575,        0,  -15251425,          0
   896,   110,   29000000,   11181087,        0,  -17818913,          0
   896,   111,   29000000,   10693779,        0,  -18306221,          0
   896,   112,   29000000,   10127072,        0,  -18872928,          0
   896,   113,   29000000,   12187984,        0,  -16812016,          0
   896,   114,   29000000,    8870184,        0,  -20129816,          0
   896,   115,   29000000,    9594055,        0,  -19405945,          0
   896,   116,   29000000,    9204622,        0,  -19795378,          0
   896,   117,   29000000,    9231852,        0,  -19768148,          0
   896,   118,   29000000,   11606496,        0,  -17393504,          0
   896,   119,   29000000,   10623684,        0,  -18376316,          0
   896,   120,   29000000,    9660339,        0,  -19339661,          0
   896,   121,   29000000,   11682260,        0,  -17317740,          0
   896,   122,   29000000,   10641722,        0,  -18358278,          0
   896,   123,   29000000,   10161028,        0,  -18838972,          0
   896,   124,   29000000,    9631925,        0,  -19368075,          0
   896,   125,   29000000,    9913932,        0,  -19086068,          0
   896,   126,   29000000,   11671411,        0,  -17328589,          0
   896,   127,   29000000,    9562923,        0,  -19437077,          0
   896,   128,   29000000,   10153329,        0,  -18846671,          0
   896,   129,   29000000,   11675402,        0,  -17324598,          0
   896,   130,   29000000,   10732814,        0,  -18267186,          0
   896,   131,   29000000,    9739231,        0,  -19260769,          0
   896,   132,   29000000,    9640271,        0,  -19359729,          0
   896,   133,   29000000,   11729495,        0,  -17270505,          0
   896,   134,   29000000,   11249531,        0,  -17750469,          0
   896,   135,   29000000,    7684575,        0,  -21315425,          0
   896,   136,   29000000,    9237615,        0,  -19762385,          0
   896,   137,   29000000,   12472669,        0,  -16527331,          0
   896,   138,   29000000,   11479130,        0,  -17520870,          0
   896,   139,   29000000,    9640910,        0,  -19359090,          0
   896,   140,   29000000,    9691348,        0,  -19308652,          0
   896,   141,   29000000,   12664508,        0,  -16335492,          0
   896,   142,   29000000,   11164649,        0,  -17835351,          0
   896,   143,   29000000,    9717303,        0,  -19282697,          0
   896,   144,   29000000,    9761594,        0,  -19238406,          0
   896,   145,   29000000,   12679324,        0,  -16320676,          0
   896,   146,   29000000,   11249586,        0,  -17750414,          0
   896,   147,   29000000,    7590968,        0,  -21409032,          0
   896,   148,   29000000,    9170439,        0,  -19829561,          0
   896,   149,   29000000,   12683149,        0,  -16316851,          0
   896,   150,   29000000,   10767300,        0,  -18232700,          0
   896,   151,   29000000,   10195310,        0,  -18804690,          0
   896,   152,   29000000,    9713551,        0,  -19286449,          0
   896,   153,   29000000,   11775269,        0,  -17224731,          0
   896,   154,   29000000,   11205234,        0,  -17794766,          0
   896,   155,   29000000,   10351591,        0,  -18648409,          0
   896,   156,   29000000,    9107547,        0,  -19892453,          0
   896,   157,   29000000,   12686920,        0,  -16313080,          0
   896,   158,   29000000,   10671417,        0,  -18328583,          0
   896,   159,   29000000,   10725513,        0,  -18274487,          0
   896,   160,   29000000,    9634250,        0,  -19365750,          0
   896,   161,   29000000,   12066247,        0,  -16933753,          0
   896,   162,   29000000,   11116063,        0,  -17883937,          0
   896,   163,   29000000,   10650867,        0,  -18349133,          0
   896,   164,   29000000,    9636919,        0,  -19363081,          0
   896,   165,   29000000,   12132676,        0,  -16867324,          0
   896,   166,   29000000,   11191656,        0,  -17808344,          0
   896,   167,   29000000,   10650586,        0,  -18349414,          0
   896,   168,   29000000,   10814712,        0,  -18185288,          0
   896,   169,   29000000,   11716830,        0,  -17283170,          0
   896,   170,   29000000,   11077937,        0,  -17922063,          0
   896,   171,   29000000,   10180625,        0,  -18819375,          0
   896,   172,   29000000,    9708723,        0,  -19291277,          0
   896,   173,   29000000,   10213259,        0,  -18786741,          0
   896,   174,   29000000,   11249547,        0,  -17750453,          0
   896,   175,   29000000,   10634029,        0,  -18365971,          0
   896,   176,   29000000,    9102374,        0,  -19897626,          0
   896,   177,   29000000,   12184791,        0,  -16815209,          0
   896,   178,   29000000,   11224597,        0,  -17775403,          0
   896,   179,   29000000,   10110614,        0,  -18889386,          0
   896,   180,   29000000,    9171744,        0,  -19828256,          0
   896,   181,   29000000,   12203055,        0,  -16796945,          0
   896,   182,   29000000,   11205203,        0,  -17794797,          0
   896,   183,   29000000,   10391123,        0,  -18608877,          0
   896,   184,   29000000,    9605811,        0,  -19394189,          0
   896,   185,   29000000,   12547213,        0,  -16452787,          0
   896,   186,   29000000,   10801230,        0,  -18198770,          0
   896,   187,   29000000,   10634603,        0,  -18365397,          0
   896,   188,   29000000,    9763149,        0,  -19236851,          0
   896,   189,   29000000,    9219483,        0,  -19780517,          0
   896,   190,   29000000,   11250121,        0,  -17749879,          0
   896,   191,   29000000,   10642985,        0,  -18357015,          0
   896,   192,   29000000,    9242110,        0,  -19757890,          0
   896,   193,   29000000,   12728834,        0,  -16271166,          0
   896,   194,   29000000,   11428223,        0,  -17571777,          0
   896,   195,   29000000,    7912310,        0,  -21087690,          0
   896,   196,   29000000,    9206728,        0,  -19793272,          0
   896,   197,   29000000,   11693881,        0,  -17306119,          0
   896,   198,   29000000,   11262846,        0,  -17737154,          0
   896,   199,   29000000,    9663555,        0,  -19336445,          0
   896,   200,   29000000,    9307435,        0,  -19692565,          0
   896,   201,   29000000,   11910362,        0,  -17089638,          0
   896,   202,   29000000,   11171103,        0,  -17828897,          0
   896,   203,   29000000,   10601125,        0,  -18398875,          0
   896,   204,   29000000,    9172047,        0,  -19827953,          0
   896,   205,   29000000,   12635096,        0,  -16364904,          0
   896,   206,   29000000,   11643710,        0,  -17356290,          0
   896,   207,   29000000,   10589672,        0,  -18410328,          0
   896,   208,   29000000,    9635439,        0,  -19364561,          0
   896,   209,   29000000,   12111172,        0,  -16888828,          0
   896,   210,   29000000,   12712210,        0,  -16287790,          0
   896,   211,   29000000,    9594109,        0,  -19405891,          0
   896,   212,   29000000,    9165514,        0,  -19834486,          0
   896,   213,   29000000,   11610844,        0,  -17389156,          0
   896,   214,   29000000,   10711881,        0,  -18288119,          0
   896,   215,   29000000,    9730611,        0,  -19269389,          0
   896,   216,   29000000,   10010737,        0,  -18989263,          0
   896,   217,   29000000,   12133018,        0,  -16866982,          0
   896,   218,   29000000,   11222625,        0,  -17777375,          0
   896,   219,   29000000,   10092377,        0,  -18907623,          0
   896,   220,   29000000,    9677585,        0,  -19322415,          0
   896,   221,   29000000,   12260874,        0,  -16739126,          0
   896,   222,   29000000,   11706951,        0,  -17293049,          0
   896,   223,   29000000,   10192200,        0,  -18807800,          0
   896,   224,   29000000,    9537358,        0,  -19462642,          0
   896,   225,   29000000,   12190508,        0,  -16809492,          0
   896,   226,   29000000,   10658070,        0,  -18341930,          0
   896,   227,   29000000,   10134955,        0,  -18865045,          0
   896,   228,   29000000,    9667802,        0,  -19332198,          0
   896,   229,   29000000,   12180404,        0,  -16819596,          0
   896,   230,   29000000,   11622303,        0,  -17377697,          0
   896,   231,   29000000,   10637198,        0,  -18362802,          0
   896,   232,   29000000,   10290141,        0,  -18709859,          0
   896,   233,   29000000,   12150691,        0,  -16849309,          0
   896,   234,   29000000,   11278744,        0,  -17721256,          0
   896,   235,   29000000,   11616629,        0,  -17383371,          0
   896,   236,   29000000,    9661327,        0,  -19338673,          0
   896,   237,   29000000,   12896702,        0,  -16103298,          0
   896,   238,   29000000,   10726162,        0,  -18273838,          0
   896,   239,   29000000,   10172307,        0,  -18827693,          0
   896,   240,   29000000,    9783174,        0,  -19216826,          0
   896,   241,   29000000,   12209421,        0,  -16790579,          0
   896,   242,   29000000,   11306593,        0,  -17693407,          0
   896,   243,   29000000,   10598229,        0,  -18401771,          0
   896,   244,   29000000,    9258190,        0,  -19741810,          0
   896,   245,   29000000,   12226276,        0,  -16773724,          0
   896,   246,   29000000,   11707477,        0,  -17292523,          0
   896,   247,   29000000,   10239753,        0,  -18760247,          0
   896,   248,   29000000,    9465811,        0,  -19534189,          0
   896,   249,   29000000,   12259220,        0,  -16740780,          0
   896,   250,   29000000,   11122536,        0,  -17877464,          0
   896,   251,   29000000,    7629839,        0,  -21370161,          0
   896,   252,   29000000,    9635015,        0,  -19364985,          0
   896,   253,   29000000,   12675899,        0,  -16324101,          0
   896,   254,   29000000,   11916724,        0,  -17083276,          0
   896,   255,   29000000,   10600490,        0,  -18399510,          0
   896,   256,   29000000,    9662744,        0,  -19337256,          0
   896,   257,   29000000,    9133995,        0,  -19866005,          0
   896,   258,   29000000,   11667976,        0,  -17332024,          0
   896,   259,   29000000,    7614472,        0,  -21385528,          0
   896,   260,   29000000,   12051825,        0,  -16948175,          0
   896,   261,   29000000,   12656042,        0,  -16343958,          0
   896,   262,   29000000,   11657575,        0,  -17342425,          0
   896,   263,   29000000,    7955463,        0,  -21044537,          0
   896,   264,   29000000,    8767838,        0,  -20232162,          0
   896,   265,   29000000,   11765817,        0,  -17234183,          0
   896,   266,   29000000,   11190892,        0,  -17809108,          0
   896,   267,   29000000,    9713262,        0,  -19286738,          0
   896,   268,   29000000,    8674324,        0,  -20325676,          0
   896,   269,   29000000,   12222968,        0,  -16777032,          0
   896,   270,   29000000,   11178836,        0,  -17821164,          0
   896,   271,   29000000,    9669592,        0,  -19330408,          0
   896,   272,   29000000,    9602689,        0,  -19397311,          0
   896,   273,   29000000,    9714439,        0,  -19285561,          0
   896,   274,   29000000,   10672937,        0,  -18327063,          0
   896,   275,   29000000,   10499443,        0,  -18500557,          0
   896,   276,   29000000,    9230704,        0,  -19769296,          0
   896,   277,   29000000,   12672450,        0,  -16327550,          0
   896,   278,   29000000,   11180648,        0,  -17819352,          0
   896,   279,   29000000,   11724996,        0,  -17275004,          0
   896,   280,   29000000,    9181936,        0,  -19818064,          0
   896,   281,   29000000,   12219596,        0,  -16780404,          0
   896,   282,   29000000,   10643988,        0,  -18356012,          0
   896,   283,   29000000,   10627012,        0,  -18372988,          0
   896,   284,   29000000,    8657888,        0,  -20342112,          0
   896,   285,   29000000,   11687090,        0,  -17312910,          0
   896,   286,   29000000,   10733067,        0,  -18266933,          0
   896,   287,   29000000,   10096252,        0,  -18903748,          0
   896,   288,   29000000,    9200998,        0,  -19799002,          0
   896,   289,   29000000,   12640971,        0,  -16359029,          0
   896,   290,   29000000,   11640642,        0,  -17359358,          0
   896,   291,   29000000,   10203462,        0,  -18796538,          0
   896,   292,   29000000,    9682108,        0,  -19317892,          0
   896,   293,   29000000,   12102507,        0,  -16897493,          0
   896,   294,   29000000,   11227547,        0,  -17772453,          0
   896,   295,   29000000,   10624743,        0,  -18375257,          0
   896,   296,   29000000,    9129214,        0,  -19870786,          0
   896,   297,   29000000,   12132290,        0,  -16867710,          0
   896,   298,   29000000,   11172969,        0,  -17827031,          0
   896,   299,   29000000,   10182186,        0,  -18817814,          0
   896,   300,   29000000,    9664279,        0,  -19335721,          0
   896,   301,   29000000,   11725081,        0,  -17274919,          0
   896,   302,   29000000,   11609923,        0,  -17390077,          0
   896,   303,   29000000,   10660034,        0,  -18339966,          0
   896,   304,   29000000,    9156965,        0,  -19843035,          0
   896,   305,   29000000,   11702427,        0,  -17297573,          0
   896,   306,   29000000,   11508946,        0,  -17491054,          0
   896,   307,   29000000,    7641278,        0,  -21358722,          0
   896,   308,   29000000,    9230140,        0,  -19769860,          0
   896,   309,   29000000,   12185041,        0,  -16814959,          0
   896,   310,   29000000,   10666868,        0,  -18333132,          0
   896,   311,   29000000,   10644860,        0,  -18355140,          0
   896,   312,   29000000,    9654635,        0,  -19345365,          0
   896,   313,   29000000,   12228649,        0,  -16771351,          0
   896,   314,   29000000,   11211694,        0,  -17788306,          0
   896,   315,   29000000,   10686105,        0,  -18313895,          0
   896,   316,   29000000,    9657060,        0,  -19342940,          0
   896,   317,   29000000,   11758628,        0,  -17241372,          0
   896,   318,   29000000,   11091976,        0,  -17908024,          0
   896,   319,   29000000,   10493681,        0,  -18506319,          0
   896,   320,   29000000,   10116465,        0,  -18883535,          0
   896,   321,   29000000,   12190747,        0,  -16809253,          0
   896,   322,   29000000,   11624877,        0,  -17375123,          0
   896,   323,   29000000,    7578017,        0,  -21421983,          0
   896,   324,   29000000,   11047582,        0,  -17952418,          0
   896,   325,   29000000,   12196228,        0,  -16803772,          0
   896,   326,   29000000,   11684067,        0,  -17315933,          0
   896,   327,   29000000,   10249197,        0,  -18750803,          0
   896,   328,   29000000,    9187870,        0,  -19812130,          0
   896,   329,   29000000,   11660949,        0,  -17339051,          0
   896,   330,   29000000,   10657803,        0,  -18342197,          0
   896,   331,   29000000,   10270755,        0,  -18729245,          0
   896,   332,   29000000,    9135902,        0,  -19864098,          0
   896,   333,   29000000,    9230174,        0,  -19769826,          0
   896,   334,   29000000,   10612956,        0,  -18387044,          0
   896,   335,   29000000,   10649738,        0,  -18350262,          0
   896,   336,   29000000,   12754321,        0,  -16245679,          0
   896,   337,   29000000,   12235747,        0,  -16764253,          0
   896,   338,   29000000,   11153325,        0,  -17846675,          0
   896,   339,   29000000,   10676152,        0,  -18323848,          0
   896,   340,   29000000,   13252871,        0,  -15747129,          0
   896,   341,   29000000,   11620679,        0,  -17379321,          0
   896,   342,   29000000,   11181043,        0,  -17818957,          0
   896,   343,   29000000,   10688185,        0,  -18311815,          0
   896,   344,   29000000,   10113274,        0,  -18886726,          0
   896,   345,   29000000,   12202600,        0,  -16797400,          0
   896,   346,   29000000,   11222328,        0,  -17777672,          0
   896,   347,   29000000,   10693067,        0,  -18306933,          0
   896,   348,   29000000,    9633125,        0,  -19366875,          0
# task NAME=myapp PID=899 COST=1090000 PERIOD=84000000 CPU=0
   899,     2,   84000000,      97986,        0,  -83902014,          0
   899,     3,   84000000,     156037,        0,  -83843963,          0
   899,     4,   84000000,    1078047,        0,  -82921953,          0
   899,     5,   84000000,    1075437,        0,  -82924563,          0
   899,     6,   84000000,    1120783,        0,  -82879217,          0
   899,     7,   84000000,    1057875,        0,  -82942125,          0
   899,     8,   84000000,    1105234,        0,  -82894766,          0
   899,     9,   84000000,    1074139,        0,  -82925861,          0
   899,    10,   84000000,    1130734,        0,  -82869266,          0
   899,    11,   84000000,    1073407,        0,  -82926593,          0
   899,    12,   84000000,    1099788,        0,  -82900212,          0
   899,    13,   84000000,    1078529,        0,  -82921471,          0
   899,    14,   84000000,    1107526,        0,  -82892474,          0
   899,    15,   84000000,    1125619,        0,  -82874381,          0
   899,    16,   84000000,    1084226,        0,  -82915774,          0
   899,    17,   84000000,    1070708,        0,  -82929292,          0
   899,    18,   84000000,    1114849,        0,  -82885151,          0
   899,    19,   84000000,    1082267,        0,  -82917733,          0
   899,    20,   84000000,    1089390,        0,  -82910610,          0
   899,    21,   84000000,    1104839,        0,  -82895161,          0
   899,    22,   84000000,    1071036,        0,  -82928964,          0
   899,    23,   84000000,    1113449,        0,  -82886551,          0
   899,    24,   84000000,    1173576,        0,  -82826424,          0
   899,    25,   84000000,    1178995,        0,  -82821005,          0
   899,    26,   84000000,    1077963,        0,  -82922037,          0
   899,    27,   84000000,    1107327,        0,  -82892673,          0
   899,    28,   84000000,    1096275,        0,  -82903725,          0
   899,    29,   84000000,    1090561,        0,  -82909439,          0
   899,    30,   84000000,    1120176,        0,  -82879824,          0
   899,    31,   84000000,    1277975,        0,  -82722025,          0
   899,    32,   84000000,    1101577,        0,  -82898423,          0
   899,    33,   84000000,    1062157,        0,  -82937843,          0
   899,    34,   84000000,    1113263,        0,  -82886737,          0
   899,    35,   84000000,    1092555,        0,  -82907445,          0
   899,    36,   84000000,    1071958,        0,  -82928042,          0
   899,    37,   84000000,    1075001,        0,  -82924999,          0
   899,    38,   84000000,    1091358,        0,  -82908642,          0
   899,    39,   84000000,    1176273,        0,  -82823727,          0
   899,    40,   84000000,    1089948,        0,  -82910052,          0
   899,    41,   84000000,    1108378,        0,  -82891622,          0
   899,    42,   84000000,    1079996,        0,  -82920004,          0
   899,    43,   84000000,    1156902,        0,  -82843098,          0
   899,    44,   84000000,    1186087,        0,  -82813913,          0
   899,    45,   84000000,    1100041,        0,  -82899959,          0
   899,    46,   84000000,    1101974,        0,  -82898026,          0
   899,    47,   84000000,    1098225,        0,  -82901775,          0
   899,    48,   84000000,    1106065,        0,  -82893935,          0
   899,    49,   84000000,    1067896,        0,  -82932104,          0
   899,    50,   84000000,    1085754,        0,  -82914246,          0
   899,    51,   84000000,    1087172,        0,  -82912828,          0
   899,    52,   84000000,    1080089,        0,  -82919911,          0
   899,    53,   84000000,    1294296,        0,  -82705704,          0
   899,    54,   84000000,    1082895,        0,  -82917105,          0
   899,    55,   84000000,    1131732,        0,  -82868268,          0
   899,    56,   84000000,    1090844,        0,  -82909156,          0
   899,    57,   84000000,    1609770,        0,  -82390230,          0
   899,    58,   84000000,    1157166,        0,  -82842834,          0
   899,    59,   84000000,    1106988,        0,  -82893012,          0
   899,    60,   84000000,    1106922,        0,  -82893078,          0
   899,    61,   84000000,    1106192,        0,  -82893808,          0
   899,    62,   84000000,    1124792,        0,  -82875208,          0
   899,    63,   84000000,    1359168,        0,  -82640832,          0
   899,    64,   84000000,    1085836,        0,  -82914164,          0
   899,    65,   84000000,    1147790,        0,  -82852210,          0
   899,    66,   84000000,    1102745,        0,  -82897255,          0
   899,    67,   84000000,    2261325,        0,  -81738675,          0
   899,    68,   84000000,    1078987,        0,  -82921013,          0
   899,    69,   84000000,    1097079,        0,  -82902921,          0
   899,    70,   84000000,    1114404,        0,  -82885596,          0
   899,    71,   84000000,    1184924,        0,  -82815076,          0
   899,    72,   84000000,    1116621,        0,  -82883379,          0
   899,    73,   84000000,    1144934,        0,  -82855066,          0
   899,    74,   84000000,    1094722,        0,  -82905278,          0
   899,    75,   84000000,    1082136,        0,  -82917864,          0
   899,    76,   84000000,    1135061,        0,  -82864939,          0
   899,    77,   84000000,    1099388,        0,  -82900612,          0
   899,    78,   84000000,    1091174,        0,  -82908826,          0
   899,    79,   84000000,    1158621,        0,  -82841379,          0
   899,    80,   84000000,    1088533,        0,  -82911467,          0
   899,    81,   84000000,    1187604,        0,  -82812396,          0
   899,    82,   84000000,    1100945,        0,  -82899055,          0
   899,    83,   84000000,    1095089,        0,  -82904911,          0
   899,    84,   84000000,    1173195,        0,  -82826805,          0
   899,    85,   84000000,    2082893,        0,  -81917107,          0
   899,    86,   84000000,    1069481,        0,  -82930519,          0
   899,    87,   84000000,    2619922,        0,  -81380078,          0
   899,    88,   84000000,    1064678,        0,  -82935322,          0
   899,    89,   84000000,    1098340,        0,  -82901660,          0
   899,    90,   84000000,    4089861,        0,  -79910139,          0
   899,    91,   84000000,    1100244,        0,  -82899756,          0
   899,    92,   84000000,    1076995,        0,  -82923005,          0
   899,    93,   84000000,    1144301,        0,  -82855699,          0
   899,    94,   84000000,    1071880,        0,  -82928120,          0
   899,    95,   84000000,    1082038,        0,  -82917962,          0
   899,    96,   84000000,    1129401,        0,  -82870599,          0
   899,    97,   84000000,    1105332,        0,  -82894668,          0
   899,    98,   84000000,    1054927,        0,  -82945073,          0
   899,    99,   84000000,    1083122,        0,  -82916878,          0
   899,   100,   84000000,    1067751,        0,  -82932249,          0
   899,   101,   84000000,    1130339,        0,  -82869661,          0
   899,   102,   84000000,    1090610,        0,  -82909390,          0
   899,   103,   84000000,    1122622,        0,  -82877378,          0
   899,   104,   84000000,    1110471,        0,  -82889529,          0
   899,   105,   84000000,    1104450,        0,  -82895550,          0
   899,   106,   84000000,    1088404,        0,  -82911596,          0
   899,   107,   84000000,    1140097,        0,  -82859903,          0
   899,   108,   84000000,    1078855,        0,  -82921145,          0
   899,   109,   84000000,    1150955,        0,  -82849045,          0
   899,   110,   84000000,    1058461,        0,  -82941539,          0
   899,   111,   84000000,    1135668,        0,  -82864332,          0
   899,   112,   84000000,    1096789,        0,  -82903211,          0
   899,   113,   84000000,    1101824,        0,  -82898176,          0
   899,   114,   84000000,    1135322,        0,  -82864678,          0
   899,   115,   84000000,    1065992,        0,  -82934008,          0
   899,   116,   84000000,    1071311,        0,  -82928689,          0
   899,   117,   84000000,    1199184,        0,  -82800816,          0
   899,   118,   84000000,    3803857,        0,  -80196143,          0
   899,   119,   84000000,    1292088,        0,  -82707912,          0
   899,   120,   84000000,    1145578,        0,  -82854422,          0
   899,   121,   84000000,    1088756,        0,  -82911244,          0
   899,   122,   84000000,    1106957,        0,  -82893043,          0
   899,   123,   84000000,    1089135,        0,  -82910865,          0
