109 93 16
337 237 100
348 257 91
1003 543 460
108 89 19
361 266 95
117 102 15
171 139 32
348 246 102
138 117 21
157 122 35
914 505 409
404 283 121
325 245 80
113 101 12
529 365 164
200 167 33
178 151 27
407 290 117
115 99 16
112 92 20
773 435 338
628 424 204
208 166 42
438 289 149
592 368 224
671 422 249
221 174 47
274 219 55
129 113 16
126 108 18
133 114 19
151 128 23
145 123 22
110 96 14
134 117 17
504 344 160
329 252 77
153 126 27
134 114 20
175 142 33
236 190 46
148 121 27
118 99 19
193 159 34
117 95 22
840 485 355
672 426 246
483 316 167
131 112 19
912 545 367
206 170 36
213 180 33
151 130 21
126 111 15
119 100 19
147 126 21
719 433 286
161 130 31
123 107 16
139 121 18
135 118 17
197 158 39
109 97 12
125 108 17
140 121 19
307 244 63
774 443 331
457 323 134
210 171 39
