# Task,   Job,     Period,   Response, DL Miss?,   Lateness,  Tardiness
# task NAME=myapp PID=31624 COST=10739000 PERIOD=60000000 CPU=0
 31624,     2,   60000000,       6900,        0,  -59993100,          0
 31624,     3,   60000000,      80517,        0,  -59919483,          0
 31624,     4,   60000000,   10560875,        0,  -49439125,          0
 31624,     5,   60000000,   10527858,        0,  -49472142,          0
 31624,     6,   60000000,   35555552,        0,  -24444448,          0
 31624,     7,   60000000,   10523598,        0,  -49476402,          0
 31624,     8,   60000000,   10581181,        0,  -49418819,          0
 31624,     9,   60000000,   10566398,        0,  -49433602,          0
 31624,    10,   60000000,   10558593,        0,  -49441407,          0
 31624,    11,   60000000,   10545115,        0,  -49454885,          0
 31624,    12,   60000000,   10572067,        0,  -49427933,          0
 31624,    13,   60000000,   10555698,        0,  -49444302,          0
 31624,    14,   60000000,   10539614,        0,  -49460386,          0
 31624,    15,   60000000,   10523654,        0,  -49476346,          0
 31624,    16,   60000000,   10538022,        0,  -49461978,          0
 31624,    17,   60000000,   10524740,        0,  -49475260,          0
 31624,    18,   60000000,   10538429,        0,  -49461571,          0
 31624,    19,   60000000,   10565792,        0,  -49434208,          0
 31624,    20,   60000000,   10560780,        0,  -49439220,          0
 31624,    21,   60000000,   10805424,        0,  -49194576,          0
 31624,    22,   60000000,   10537224,        0,  -49462776,          0
 31624,    23,   60000000,   35349064,        0,  -24650936,          0
 31624,    24,   60000000,   10526151,        0,  -49473849,          0
 31624,    25,   60000000,   10811908,        0,  -49188092,          0
 31624,    26,   60000000,   20836679,        0,  -39163321,          0
 31624,    27,   60000000,   10518719,        0,  -49481281,          0
 31624,    28,   60000000,   10549642,        0,  -49450358,          0
 31624,    29,   60000000,   10573096,        0,  -49426904,          0
 31624,    30,   60000000,   10541968,        0,  -49458032,          0
 31624,    31,   60000000,   10521535,        0,  -49478465,          0
 31624,    32,   60000000,   10554915,        0,  -49445085,          0
 31624,    33,   60000000,   10527243,        0,  -49472757,          0
 31624,    34,   60000000,   10521766,        0,  -49478234,          0
 31624,    35,   60000000,   35721920,        0,  -24278080,          0
 31624,    36,   60000000,   10531176,        0,  -49468824,          0
 31624,    37,   60000000,   10576899,        0,  -49423101,          0
 31624,    38,   60000000,   10535917,        0,  -49464083,          0
 31624,    39,   60000000,   24989887,        0,  -35010113,          0
 31624,    40,   60000000,   10560746,        0,  -49439254,          0
 31624,    41,   60000000,   10535570,        0,  -49464430,          0
 31624,    42,   60000000,   10553154,        0,  -49446846,          0
 31624,    43,   60000000,   10554868,        0,  -49445132,          0
 31624,    44,   60000000,   10534105,        0,  -49465895,          0
 31624,    45,   60000000,   10548034,        0,  -49451966,          0
 31624,    46,   60000000,   10815120,        0,  -49184880,          0
 31624,    47,   60000000,   10517559,        0,  -49482441,          0
 31624,    48,   60000000,   10862962,        0,  -49137038,          0
 31624,    49,   60000000,   10546418,        0,  -49453582,          0
 31624,    50,   60000000,   10819851,        0,  -49180149,          0
 31624,    51,   60000000,   10525590,        0,  -49474410,          0
 31624,    52,   60000000,   10533189,        0,  -49466811,          0
 31624,    53,   60000000,   35560407,        0,  -24439593,          0
 31624,    54,   60000000,   10536450,        0,  -49463550,          0
 31624,    55,   60000000,   10521942,        0,  -49478058,          0
 31624,    56,   60000000,   10511872,        0,  -49488128,          0
 31624,    57,   60000000,   10549932,        0,  -49450068,          0
 31624,    58,   60000000,   10565642,        0,  -49434358,          0
 31624,    59,   60000000,   35887745,        0,  -24112255,          0
 31624,    60,   60000000,   10549861,        0,  -49450139,          0
 31624,    61,   60000000,   10597998,        0,  -49402002,          0
 31624,    62,   60000000,   10548403,        0,  -49451597,          0
 31624,    63,   60000000,   10551483,        0,  -49448517,          0
 31624,    64,   60000000,   10528815,        0,  -49471185,          0
 31624,    65,   60000000,   10546611,        0,  -49453389,          0
 31624,    66,   60000000,   10558231,        0,  -49441769,          0
 31624,    67,   60000000,   10520703,        0,  -49479297,          0
 31624,    68,   60000000,   10549648,        0,  -49450352,          0
 31624,    69,   60000000,   10568668,        0,  -49431332,          0
 31624,    70,   60000000,   10561083,        0,  -49438917,          0
 31624,    71,   60000000,   10849089,        0,  -49150911,          0
 31624,    72,   60000000,   10579545,        0,  -49420455,          0
 31624,    73,   60000000,   10833322,        0,  -49166678,          0
 31624,    74,   60000000,   36020742,        0,  -23979258,          0
 31624,    75,   60000000,   10823320,        0,  -49176680,          0
 31624,    76,   60000000,   10536212,        0,  -49463788,          0
 31624,    77,   60000000,   10516110,        0,  -49483890,          0
 31624,    78,   60000000,   36078742,        0,  -23921258,          0
 31624,    79,   60000000,   10522241,        0,  -49477759,          0
 31624,    80,   60000000,   10557882,        0,  -49442118,          0
 31624,    81,   60000000,   10563262,        0,  -49436738,          0
 31624,    82,   60000000,   36086414,        0,  -23913586,          0
 31624,    83,   60000000,   10524370,        0,  -49475630,          0
 31624,    84,   60000000,   10546957,        0,  -49453043,          0
 31624,    85,   60000000,   10526314,        0,  -49473686,          0
 31624,    86,   60000000,   28471148,        0,  -31528852,          0
 31624,    87,   60000000,   10574278,        0,  -49425722,          0
 31624,    88,   60000000,   10600375,        0,  -49399625,          0
 31624,    89,   60000000,   10549112,        0,  -49450888,          0
 31624,    90,   60000000,   10560556,        0,  -49439444,          0
 31624,    91,   60000000,   34165502,        0,  -25834498,          0
 31624,    92,   60000000,   10517680,        0,  -49482320,          0
 31624,    93,   60000000,   10548068,        0,  -49451932,          0
 31624,    94,   60000000,   34215406,        0,  -25784594,          0
 31624,    95,   60000000,   10558156,        0,  -49441844,          0
 31624,    96,   60000000,   10800583,        0,  -49199417,          0
 31624,    97,   60000000,   10537685,        0,  -49462315,          0
 31624,    98,   60000000,   10812852,        0,  -49187148,          0
 31624,    99,   60000000,   10525819,        0,  -49474181,          0
 31624,   100,   60000000,   10836208,        0,  -49163792,          0
 31624,   101,   60000000,   35207214,        0,  -24792786,          0
 31624,   102,   60000000,   10560178,        0,  -49439822,          0
 31624,   103,   60000000,   10522511,        0,  -49477489,          0
 31624,   104,   60000000,   10530355,        0,  -49469645,          0
 31624,   105,   60000000,   10570244,        0,  -49429756,          0
 31624,   106,   60000000,   10561856,        0,  -49438144,          0
 31624,   107,   60000000,   10551772,        0,  -49448228,          0
 31624,   108,   60000000,   10657859,        0,  -49342141,          0
 31624,   109,   60000000,   10539375,        0,  -49460625,          0
 31624,   110,   60000000,   10535765,        0,  -49464235,          0
 31624,   111,   60000000,   10553710,        0,  -49446290,          0
 31624,   112,   60000000,   10536208,        0,  -49463792,          0
 31624,   113,   60000000,   10526455,        0,  -49473545,          0
 31624,   114,   60000000,   10533834,        0,  -49466166,          0
 31624,   115,   60000000,   10527994,        0,  -49472006,          0
 31624,   116,   60000000,   10528341,        0,  -49471659,          0
 31624,   117,   60000000,   22624118,        0,  -37375882,          0
 31624,   118,   60000000,   10535031,        0,  -49464969,          0
 31624,   119,   60000000,   10550337,        0,  -49449663,          0
 31624,   120,   60000000,   10539105,        0,  -49460895,          0
 31624,   121,   60000000,   10810210,        0,  -49189790,          0
 31624,   122,   60000000,   17874935,        0,  -42125065,          0
 31624,   123,   60000000,   10837062,        0,  -49162938,          0
 31624,   124,   60000000,   10539726,        0,  -49460274,          0
 31624,   125,   60000000,   35335456,        0,  -24664544,          0
 31624,   126,   60000000,   10536412,        0,  -49463588,          0
 31624,   127,   60000000,   10560178,        0,  -49439822,          0
 31624,   128,   60000000,   10560549,        0,  -49439451,          0
 31624,   129,   60000000,   10530373,        0,  -49469627,          0
 31624,   130,   60000000,   10547385,        0,  -49452615,          0
 31624,   131,   60000000,   10557243,        0,  -49442757,          0
 31624,   132,   60000000,   10531892,        0,  -49468108,          0
 31624,   133,   60000000,   10566461,        0,  -49433539,          0
 31624,   134,   60000000,   10539158,        0,  -49460842,          0
 31624,   135,   60000000,   10525439,        0,  -49474561,          0
 31624,   136,   60000000,   10562455,        0,  -49437545,          0
 31624,   137,   60000000,   10561511,        0,  -49438489,          0
 31624,   138,   60000000,   34080793,        0,  -25919207,          0
 31624,   139,   60000000,   10536682,        0,  -49463318,          0
 31624,   140,   60000000,   10552156,        0,  -49447844,          0
 31624,   141,   60000000,   36517190,        0,  -23482810,          0
 31624,   142,   60000000,   10552385,        0,  -49447615,          0
 31624,   143,   60000000,   10524607,        0,  -49475393,          0
 31624,   144,   60000000,   10518181,        0,  -49481819,          0
 31624,   145,   60000000,   10561968,        0,  -49438032,          0
 31624,   146,   60000000,   10816305,        0,  -49183695,          0
 31624,   147,   60000000,   10532022,        0,  -49467978,          0
 31624,   148,   60000000,   10808260,        0,  -49191740,          0
 31624,   149,   60000000,   10567023,        0,  -49432977,          0
 31624,   150,   60000000,   10796524,        0,  -49203476,          0
 31624,   151,   60000000,   34706957,        0,  -25293043,          0
 31624,   152,   60000000,   10554893,        0,  -49445107,          0
 31624,   153,   60000000,   36629632,        0,  -23370368,          0
 31624,   154,   60000000,   10534350,        0,  -49465650,          0
 31624,   155,   60000000,   32010156,        0,  -27989844,          0
 31624,   156,   60000000,   10534223,        0,  -49465777,          0
 31624,   157,   60000000,   10529887,        0,  -49470113,          0
 31624,   158,   60000000,   32418091,        0,  -27581909,          0
 31624,   159,   60000000,   10521004,        0,  -49478996,          0
 31624,   160,   60000000,   10533502,        0,  -49466498,          0
 31624,   161,   60000000,   10557512,        0,  -49442488,          0
 31624,   162,   60000000,   10531680,        0,  -49468320,          0
 31624,   163,   60000000,   10530706,        0,  -49469294,          0
 31624,   164,   60000000,   10544398,        0,  -49455602,          0
 31624,   165,   60000000,   10573205,        0,  -49426795,          0
 31624,   166,   60000000,   10535840,        0,  -49464160,          0
 31624,   167,   60000000,   10553883,        0,  -49446117,          0
 31624,   168,   60000000,   10574839,        0,  -49425161,          0
 31624,   169,   60000000,   10532969,        0,  -49467031,          0
 31624,   170,   60000000,   10545477,        0,  -49454523,          0
# task NAME=myapp PID=31628 COST=1975000 PERIOD=94000000 CPU=0
 31628,     2,   94000000,      16054,        0,  -93983946,          0
 31628,     3,   94000000,     101579,        0,  -93898421,          0
 31628,     4,   94000000,   13268491,        0,  -80731509,          0
 31628,     5,   94000000,   18954156,        0,  -75045844,          0
 31628,     6,   94000000,    2025893,        0,  -91974107,          0
 31628,     7,   94000000,    1969614,        0,  -92030386,          0
 31628,     8,   94000000,    1960441,        0,  -92039559,          0
 31628,     9,   94000000,    1996502,        0,  -92003498,          0
 31628,    10,   94000000,    1985887,        0,  -92014113,          0
 31628,    11,   94000000,    1979282,        0,  -92020718,          0
 31628,    12,   94000000,    1982031,        0,  -92017969,          0
 31628,    13,   94000000,    1968247,        0,  -92031753,          0
 31628,    14,   94000000,    1989238,        0,  -92010762,          0
 31628,    15,   94000000,    1969761,        0,  -92030239,          0
 31628,    16,   94000000,    4777595,        0,  -89222405,          0
 31628,    17,   94000000,    1949722,        0,  -92050278,          0
 31628,    18,   94000000,    2050801,        0,  -91949199,          0
 31628,    19,   94000000,    2028286,        0,  -91971714,          0
 31628,    20,   94000000,    1990138,        0,  -92009862,          0
 31628,    21,   94000000,    1961396,        0,  -92038604,          0
 31628,    22,   94000000,    2011306,        0,  -91988694,          0
 31628,    23,   94000000,    1955885,        0,  -92044115,          0
 31628,    24,   94000000,    1956711,        0,  -92043289,          0
 31628,    25,   94000000,    1976002,        0,  -92023998,          0
 31628,    26,   94000000,   14591954,        0,  -79408046,          0
 31628,    27,   94000000,    1970156,        0,  -92029844,          0
 31628,    28,   94000000,    2042447,        0,  -91957553,          0
 31628,    29,   94000000,    1983132,        0,  -92016868,          0
 31628,    30,   94000000,    1965619,        0,  -92034381,          0
 31628,    31,   94000000,    1958491,        0,  -92041509,          0
 31628,    32,   94000000,    1970510,        0,  -92029490,          0
 31628,    33,   94000000,    1964519,        0,  -92035481,          0
 31628,    34,   94000000,    1966763,        0,  -92033237,          0
 31628,    35,   94000000,   19020584,        0,  -74979416,          0
 31628,    36,   94000000,    1994932,        0,  -92005068,          0
 31628,    37,   94000000,    1969161,        0,  -92030839,          0
 31628,    38,   94000000,    2030203,        0,  -91969797,          0
 31628,    39,   94000000,    3377416,        0,  -90622584,          0
 31628,    40,   94000000,    2029528,        0,  -91970472,          0
 31628,    41,   94000000,    1963596,        0,  -92036404,          0
 31628,    42,   94000000,    1955421,        0,  -92044579,          0
 31628,    43,   94000000,    1972693,        0,  -92027307,          0
 31628,    44,   94000000,    2018148,        0,  -91981852,          0
 31628,    45,   94000000,    1964132,        0,  -92035868,          0
 31628,    46,   94000000,    2047289,        0,  -91952711,          0
 31628,    47,   94000000,    2031500,        0,  -91968500,          0
 31628,    48,   94000000,    1990595,        0,  -92009405,          0
 31628,    49,   94000000,    1971946,        0,  -92028054,          0
 31628,    50,   94000000,    2025215,        0,  -91974785,          0
 31628,    51,   94000000,   15516708,        0,  -78483292,          0
 31628,    52,   94000000,    1981535,        0,  -92018465,          0
 31628,    53,   94000000,    1959669,        0,  -92040331,          0
 31628,    54,   94000000,    1980179,        0,  -92019821,          0
 31628,    55,   94000000,    1985549,        0,  -92014451,          0
 31628,    56,   94000000,   18045475,        0,  -75954525,          0
 31628,    57,   94000000,    1971182,        0,  -92028818,          0
 31628,    58,   94000000,    1964970,        0,  -92035030,          0
 31628,    59,   94000000,    1979638,        0,  -92020362,          0
 31628,    60,   94000000,    1959218,        0,  -92040782,          0
 31628,    61,   94000000,    1973847,        0,  -92026153,          0
 31628,    62,   94000000,   31636041,        0,  -62363959,          0
 31628,    63,   94000000,    1957941,        0,  -92042059,          0
 31628,    64,   94000000,    1957911,        0,  -92042089,          0
 31628,    65,   94000000,    1966819,        0,  -92033181,          0
 31628,    66,   94000000,    2002764,        0,  -91997236,          0
 31628,    67,   94000000,    2010158,        0,  -91989842,          0
 31628,    68,   94000000,    2009872,        0,  -91990128,          0
 31628,    69,   94000000,    2257110,        0,  -91742890,          0
 31628,    70,   94000000,    1953365,        0,  -92046635,          0
 31628,    71,   94000000,    2062905,        0,  -91937095,          0
 31628,    72,   94000000,    1954843,        0,  -92045157,          0
 31628,    73,   94000000,    2241019,        0,  -91758981,          0
 31628,    74,   94000000,    1986614,        0,  -92013386,          0
 31628,    75,   94000000,    1980448,        0,  -92019552,          0
 31628,    76,   94000000,    1961093,        0,  -92038907,          0
 31628,    77,   94000000,    1949510,        0,  -92050490,          0
 31628,    78,   94000000,    1953665,        0,  -92046335,          0
 31628,    79,   94000000,    5242064,        0,  -88757936,          0
 31628,    80,   94000000,    1988560,        0,  -92011440,          0
 31628,    81,   94000000,   13924869,        0,  -80075131,          0
 31628,    82,   94000000,    1986247,        0,  -92013753,          0
 31628,    83,   94000000,    1998457,        0,  -92001543,          0
 31628,    84,   94000000,    1971397,        0,  -92028603,          0
 31628,    85,   94000000,   27527057,        0,  -66472943,          0
 31628,    86,   94000000,   10605169,        0,  -83394831,          0
 31628,    87,   94000000,   21908594,        0,  -72091406,          0
 31628,    88,   94000000,    1951884,        0,  -92048116,          0
 31628,    89,   94000000,    2016799,        0,  -91983201,          0
 31628,    90,   94000000,    2009825,        0,  -91990175,          0
 31628,    91,   94000000,    1982685,        0,  -92017315,          0
 31628,    92,   94000000,    1958741,        0,  -92041259,          0
 31628,    93,   94000000,    1961256,        0,  -92038744,          0
 31628,    94,   94000000,    1982521,        0,  -92017479,          0
 31628,    95,   94000000,    1968504,        0,  -92031496,          0
 31628,    96,   94000000,    1979930,        0,  -92020070,          0
 31628,    97,   94000000,    1981882,        0,  -92018118,          0
 31628,    98,   94000000,    2012800,        0,  -91987200,          0
 31628,    99,   94000000,    4081262,        0,  -89918738,          0
 31628,   100,   94000000,   25673108,        0,  -68326892,          0
 31628,   101,   94000000,    1963387,        0,  -92036613,          0
 31628,   102,   94000000,   15561030,        0,  -78438970,          0
 31628,   103,   94000000,   17197385,        0,  -76802615,          0
 31628,   104,   94000000,    1981702,        0,  -92018298,          0
 31628,   105,   94000000,   10104992,        0,  -83895008,          0
 31628,   106,   94000000,    1977778,        0,  -92022222,          0
 31628,   107,   94000000,    1955642,        0,  -92044358,          0
 31628,   108,   94000000,   28132918,        0,  -65867082,          0
 31628,   109,   94000000,    8528659,        0,  -85471341,          0
 31628,   110,   94000000,    1987837,        0,  -92012163,          0
