# Task,   Job,     Period,   Response, DL Miss?,   Lateness,  Tardiness
# task NAME=myapp PID=16192 COST=21002000 PERIOD=56000000 CPU=0
 16192,     2,   56000000,      13258,        0,  -55986742,          0
 16192,     3,   56000000,     120337,        0,  -55879663,          0
 16192,     4,   56000000,   36214358,        0,  -19785642,          0
 16192,     5,   56000000,   36844969,        0,  -19155031,          0
 16192,     6,   56000000,   36349626,        0,  -19650374,          0
 16192,     7,   56000000,   35956583,        0,  -20043417,          0
 16192,     8,   56000000,   36289128,        0,  -19710872,          0
 16192,     9,   56000000,   36133645,        0,  -19866355,          0
 16192,    10,   56000000,   37767112,        0,  -18232888,          0
 16192,    11,   56000000,   36361346,        0,  -19638654,          0
 16192,    12,   56000000,   36436192,        0,  -19563808,          0
 16192,    13,   56000000,   35586138,        0,  -20413862,          0
 16192,    14,   56000000,   36991298,        0,  -19008702,          0
 16192,    15,   56000000,   36263521,        0,  -19736479,          0
 16192,    16,   56000000,   39255471,        0,  -16744529,          0
 16192,    17,   56000000,   36701659,        0,  -19298341,          0
 16192,    18,   56000000,   36909106,        0,  -19090894,          0
 16192,    19,   56000000,   36981109,        0,  -19018891,          0
 16192,    20,   56000000,   36344965,        0,  -19655035,          0
 16192,    21,   56000000,   36670992,        0,  -19329008,          0
 16192,    22,   56000000,   37193951,        0,  -18806049,          0
 16192,    23,   56000000,   37840973,        0,  -18159027,          0
 16192,    24,   56000000,   36994239,        0,  -19005761,          0
 16192,    25,   56000000,   36114134,        0,  -19885866,          0
 16192,    26,   56000000,   37304145,        0,  -18695855,          0
 16192,    27,   56000000,   35833233,        0,  -20166767,          0
 16192,    28,   56000000,   35932863,        0,  -20067137,          0
 16192,    29,   56000000,   36498994,        0,  -19501006,          0
 16192,    30,   56000000,   37520867,        0,  -18479133,          0
 16192,    31,   56000000,   36158326,        0,  -19841674,          0
 16192,    32,   56000000,   37074610,        0,  -18925390,          0
 16192,    33,   56000000,   36639226,        0,  -19360774,          0
 16192,    34,   56000000,   36717920,        0,  -19282080,          0
 16192,    35,   56000000,   37816115,        0,  -18183885,          0
 16192,    36,   56000000,   36913773,        0,  -19086227,          0
 16192,    37,   56000000,   37778122,        0,  -18221878,          0
 16192,    38,   56000000,   36246914,        0,  -19753086,          0
 16192,    39,   56000000,   39263412,        0,  -16736588,          0
 16192,    40,   56000000,   36814031,        0,  -19185969,          0
 16192,    41,   56000000,   36824774,        0,  -19175226,          0
 16192,    42,   56000000,   36487512,        0,  -19512488,          0
 16192,    43,   56000000,   35626382,        0,  -20373618,          0
 16192,    44,   56000000,   36606824,        0,  -19393176,          0
 16192,    45,   56000000,   36174012,        0,  -19825988,          0
 16192,    46,   56000000,   36085155,        0,  -19914845,          0
 16192,    47,   56000000,   37629226,        0,  -18370774,          0
 16192,    48,   56000000,   36285128,        0,  -19714872,          0
 16192,    49,   56000000,   36854032,        0,  -19145968,          0
 16192,    50,   56000000,   35778280,        0,  -20221720,          0
 16192,    51,   56000000,   36294064,        0,  -19705936,          0
 16192,    52,   56000000,   37551249,        0,  -18448751,          0
 16192,    53,   56000000,   37439220,        0,  -18560780,          0
 16192,    54,   56000000,   35457242,        0,  -20542758,          0
 16192,    55,   56000000,   37135580,        0,  -18864420,          0
 16192,    56,   56000000,   37300767,        0,  -18699233,          0
 16192,    57,   56000000,   36994809,        0,  -19005191,          0
 16192,    58,   56000000,   36675239,        0,  -19324761,          0
 16192,    59,   56000000,   36524463,        0,  -19475537,          0
 16192,    60,   56000000,   36353892,        0,  -19646108,          0
 16192,    61,   56000000,   36623804,        0,  -19376196,          0
 16192,    62,   56000000,   37337521,        0,  -18662479,          0
 16192,    63,   56000000,   37491412,        0,  -18508588,          0
 16192,    64,   56000000,   35763425,        0,  -20236575,          0
 16192,    65,   56000000,   36511368,        0,  -19488632,          0
 16192,    66,   56000000,   37919805,        0,  -18080195,          0
 16192,    67,   56000000,   37399615,        0,  -18600385,          0
 16192,    68,   56000000,   36687111,        0,  -19312889,          0
 16192,    69,   56000000,   33259645,        0,  -22740355,          0
 16192,    70,   56000000,   36852233,        0,  -19147767,          0
 16192,    71,   56000000,   37101369,        0,  -18898631,          0
 16192,    72,   56000000,   35438417,        0,  -20561583,          0
 16192,    73,   56000000,   37030224,        0,  -18969776,          0
 16192,    74,   56000000,   39346067,        0,  -16653933,          0
 16192,    75,   56000000,   35943604,        0,  -20056396,          0
 16192,    76,   56000000,   36402379,        0,  -19597621,          0
 16192,    77,   56000000,   37919899,        0,  -18080101,          0
 16192,    78,   56000000,   37491409,        0,  -18508591,          0
 16192,    79,   56000000,   38011910,        0,  -17988090,          0
 16192,    80,   56000000,   36710507,        0,  -19289493,          0
 16192,    81,   56000000,   36569894,        0,  -19430106,          0
 16192,    82,   56000000,   38933740,        0,  -17066260,          0
 16192,    83,   56000000,   36473541,        0,  -19526459,          0
 16192,    84,   56000000,   36233502,        0,  -19766498,          0
 16192,    85,   56000000,   35955998,        0,  -20044002,          0
 16192,    86,   56000000,   36608968,        0,  -19391032,          0
 16192,    87,   56000000,   36155477,        0,  -19844523,          0
 16192,    88,   56000000,   39330152,        0,  -16669848,          0
 16192,    89,   56000000,   37089179,        0,  -18910821,          0
 16192,    90,   56000000,   36141643,        0,  -19858357,          0
 16192,    91,   56000000,   36612384,        0,  -19387616,          0
 16192,    92,   56000000,   36608766,        0,  -19391234,          0
 16192,    93,   56000000,   37423995,        0,  -18576005,          0
 16192,    94,   56000000,   36425790,        0,  -19574210,          0
 16192,    95,   56000000,   36769696,        0,  -19230304,          0
 16192,    96,   56000000,   35692650,        0,  -20307350,          0
 16192,    97,   56000000,   36980011,        0,  -19019989,          0
 16192,    98,   56000000,   36558194,        0,  -19441806,          0
 16192,    99,   56000000,   37188372,        0,  -18811628,          0
 16192,   100,   56000000,   36307512,        0,  -19692488,          0
 16192,   101,   56000000,   36542162,        0,  -19457838,          0
 16192,   102,   56000000,   35982381,        0,  -20017619,          0
 16192,   103,   56000000,   37812862,        0,  -18187138,          0
 16192,   104,   56000000,   36909171,        0,  -19090829,          0
 16192,   105,   56000000,   36148183,        0,  -19851817,          0
 16192,   106,   56000000,   36302350,        0,  -19697650,          0
 16192,   107,   56000000,   36668499,        0,  -19331501,          0
 16192,   108,   56000000,   37450809,        0,  -18549191,          0
 16192,   109,   56000000,   36186571,        0,  -19813429,          0
 16192,   110,   56000000,   35564410,        0,  -20435590,          0
 16192,   111,   56000000,   37158394,        0,  -18841606,          0
 16192,   112,   56000000,   36926115,        0,  -19073885,          0
 16192,   113,   56000000,   36457166,        0,  -19542834,          0
 16192,   114,   56000000,   37139813,        0,  -18860187,          0
 16192,   115,   56000000,   35877707,        0,  -20122293,          0
 16192,   116,   56000000,   35957212,        0,  -20042788,          0
 16192,   117,   56000000,   37625533,        0,  -18374467,          0
 16192,   118,   56000000,   37781208,        0,  -18218792,          0
 16192,   119,   56000000,   36324301,        0,  -19675699,          0
 16192,   120,   56000000,   37524341,        0,  -18475659,          0
 16192,   121,   56000000,   35309651,        0,  -20690349,          0
 16192,   122,   56000000,   37238941,        0,  -18761059,          0
 16192,   123,   56000000,   37853746,        0,  -18146254,          0
 16192,   124,   56000000,   36766897,        0,  -19233103,          0
 16192,   125,   56000000,   36164749,        0,  -19835251,          0
 16192,   126,   56000000,   36996275,        0,  -19003725,          0
 16192,   127,   56000000,   36526445,        0,  -19473555,          0
 16192,   128,   56000000,   36792816,        0,  -19207184,          0
 16192,   129,   56000000,   36666096,        0,  -19333904,          0
 16192,   130,   56000000,   36907227,        0,  -19092773,          0
 16192,   131,   56000000,   37097900,        0,  -18902100,          0
 16192,   132,   56000000,   35852240,        0,  -20147760,          0
 16192,   133,   56000000,   36216158,        0,  -19783842,          0
 16192,   134,   56000000,   36663958,        0,  -19336042,          0
 16192,   135,   56000000,   35450847,        0,  -20549153,          0
 16192,   136,   56000000,   39341769,        0,  -16658231,          0
 16192,   137,   56000000,   37714732,        0,  -18285268,          0
 16192,   138,   56000000,   36892018,        0,  -19107982,          0
 16192,   139,   56000000,   36416414,        0,  -19583586,          0
 16192,   140,   56000000,   35985751,        0,  -20014249,          0
 16192,   141,   56000000,   36947599,        0,  -19052401,          0
 16192,   142,   56000000,   36148567,        0,  -19851433,          0
 16192,   143,   56000000,   37181164,        0,  -18818836,          0
 16192,   144,   56000000,   36359536,        0,  -19640464,          0
 16192,   145,   56000000,   37080913,        0,  -18919087,          0
 16192,   146,   56000000,   37205270,        0,  -18794730,          0
 16192,   147,   56000000,   37455421,        0,  -18544579,          0
 16192,   148,   56000000,   39322144,        0,  -16677856,          0
 16192,   149,   56000000,   36039501,        0,  -19960499,          0
 16192,   150,   56000000,   36624601,        0,  -19375399,          0
 16192,   151,   56000000,   36456460,        0,  -19543540,          0
 16192,   152,   56000000,   37381149,        0,  -18618851,          0
 16192,   153,   56000000,   37089498,        0,  -18910502,          0
 16192,   154,   56000000,   36413854,        0,  -19586146,          0
 16192,   155,   56000000,   36586635,        0,  -19413365,          0
 16192,   156,   56000000,   36709200,        0,  -19290800,          0
 16192,   157,   56000000,   37101459,        0,  -18898541,          0
 16192,   158,   56000000,   36022775,        0,  -19977225,          0
 16192,   159,   56000000,   36923275,        0,  -19076725,          0
 16192,   160,   56000000,   35996334,        0,  -20003666,          0
 16192,   161,   56000000,   36900541,        0,  -19099459,          0
 16192,   162,   56000000,   36724685,        0,  -19275315,          0
 16192,   163,   56000000,   37521123,        0,  -18478877,          0
 16192,   164,   56000000,   36780015,        0,  -19219985,          0
 16192,   165,   56000000,   36817637,        0,  -19182363,          0
 16192,   166,   56000000,   35747485,        0,  -20252515,          0
 16192,   167,   56000000,   35439188,        0,  -20560812,          0
 16192,   168,   56000000,   35489357,        0,  -20510643,          0
 16192,   169,   56000000,   35610472,        0,  -20389528,          0
 16192,   170,   56000000,   36764738,        0,  -19235262,          0
 16192,   171,   56000000,   37018394,        0,  -18981606,          0
 16192,   172,   56000000,   37117579,        0,  -18882421,          0
 16192,   173,   56000000,   36520330,        0,  -19479670,          0
 16192,   174,   56000000,   37052703,        0,  -18947297,          0
 16192,   175,   56000000,   37254021,        0,  -18745979,          0
 16192,   176,   56000000,   37027741,        0,  -18972259,          0
 16192,   177,   56000000,   35902544,        0,  -20097456,          0
 16192,   178,   56000000,   36009662,        0,  -19990338,          0
 16192,   179,   56000000,   36845823,        0,  -19154177,          0
 16192,   180,   56000000,   35751716,        0,  -20248284,          0
 16192,   181,   56000000,   37185572,        0,  -18814428,          0
 16192,   182,   56000000,   36486091,        0,  -19513909,          0
# task NAME=myapp PID=16195 COST=18381000 PERIOD=77000000 CPU=0
 16195,     2,   77000000,      17967,        0,  -76982033,          0
 16195,     3,   77000000,     130846,        0,  -76869154,          0
 16195,     4,   77000000,   30344435,        0,  -46655565,          0
 16195,     5,   77000000,   29748634,        0,  -47251366,          0
 16195,     6,   77000000,   29375531,        0,  -47624469,          0
 16195,     7,   77000000,   32872923,        0,  -44127077,          0
 16195,     8,   77000000,   32243279,        0,  -44756721,          0
 16195,     9,   77000000,   30486313,        0,  -46513687,          0
 16195,    10,   77000000,   29208491,        0,  -47791509,          0
 16195,    11,   77000000,   32677124,        0,  -44322876,          0
 16195,    12,   77000000,   30488232,        0,  -46511768,          0
 16195,    13,   77000000,   29458243,        0,  -47541757,          0
 16195,    14,   77000000,   28730020,        0,  -48269980,          0
 16195,    15,   77000000,   31724546,        0,  -45275454,          0
 16195,    16,   77000000,   31239344,        0,  -45760656,          0
 16195,    17,   77000000,   30035879,        0,  -46964121,          0
 16195,    18,   77000000,   30226966,        0,  -46773034,          0
 16195,    19,   77000000,   29313075,        0,  -47686925,          0
 16195,    20,   77000000,   31100859,        0,  -45899141,          0
 16195,    21,   77000000,   30692949,        0,  -46307051,          0
 16195,    22,   77000000,   29708174,        0,  -47291826,          0
 16195,    23,   77000000,   32699200,        0,  -44300800,          0
 16195,    24,   77000000,   31552406,        0,  -45447594,          0
 16195,    25,   77000000,   30912074,        0,  -46087926,          0
 16195,    26,   77000000,   30992183,        0,  -46007817,          0
 16195,    27,   77000000,   32393362,        0,  -44606638,          0
 16195,    28,   77000000,   31691991,        0,  -45308009,          0
 16195,    29,   77000000,   31387594,        0,  -45612406,          0
 16195,    30,   77000000,   29429205,        0,  -47570795,          0
 16195,    31,   77000000,   31844644,        0,  -45155356,          0
 16195,    32,   77000000,   31579281,        0,  -45420719,          0
 16195,    33,   77000000,   27769430,        0,  -49230570,          0
 16195,    34,   77000000,   30401413,        0,  -46598587,          0
 16195,    35,   77000000,   33645515,        0,  -43354485,          0
 16195,    36,   77000000,   30431522,        0,  -46568478,          0
 16195,    37,   77000000,   29261513,        0,  -47738487,          0
 16195,    38,   77000000,   26816802,        0,  -50183198,          0
 16195,    39,   77000000,   33280637,        0,  -43719363,          0
 16195,    40,   77000000,   30652924,        0,  -46347076,          0
 16195,    41,   77000000,   29502640,        0,  -47497360,          0
 16195,    42,   77000000,   29563374,        0,  -47436626,          0
 16195,    43,   77000000,   32073204,        0,  -44926796,          0
 16195,    44,   77000000,   31225432,        0,  -45774568,          0
 16195,    45,   77000000,   30937640,        0,  -46062360,          0
 16195,    46,   77000000,   29199803,        0,  -47800197,          0
 16195,    47,   77000000,   32287888,        0,  -44712112,          0
 16195,    48,   77000000,   32085906,        0,  -44914094,          0
 16195,    49,   77000000,   30809135,        0,  -46190865,          0
 16195,    50,   77000000,   30261775,        0,  -46738225,          0
 16195,    51,   77000000,   28336555,        0,  -48663445,          0
 16195,    52,   77000000,   31818131,        0,  -45181869,          0
 16195,    53,   77000000,   29947623,        0,  -47052377,          0
 16195,    54,   77000000,   29434872,        0,  -47565128,          0
 16195,    55,   77000000,   31824128,        0,  -45175872,          0
 16195,    56,   77000000,   31228782,        0,  -45771218,          0
 16195,    57,   77000000,   30483615,        0,  -46516385,          0
 16195,    58,   77000000,   30272417,        0,  -46727583,          0
 16195,    59,   77000000,   32691439,        0,  -44308561,          0
 16195,    60,   77000000,   31541886,        0,  -45458114,          0
 16195,    61,   77000000,   29875610,        0,  -47124390,          0
 16195,    62,   77000000,   29118262,        0,  -47881738,          0
 16195,    63,   77000000,   33104923,        0,  -43895077,          0
 16195,    64,   77000000,   30534847,        0,  -46465153,          0
 16195,    65,   77000000,   29996144,        0,  -47003856,          0
 16195,    66,   77000000,   28461115,        0,  -48538885,          0
 16195,    67,   77000000,   31702463,        0,  -45297537,          0
 16195,    68,   77000000,   31110998,        0,  -45889002,          0
 16195,    69,   77000000,   30654885,        0,  -46345115,          0
 16195,    70,   77000000,   29501193,        0,  -47498807,          0
 16195,    71,   77000000,   32599562,        0,  -44400438,          0
 16195,    72,   77000000,   31662464,        0,  -45337536,          0
 16195,    73,   77000000,   30855510,        0,  -46144490,          0
 16195,    74,   77000000,   29653431,        0,  -47346569,          0
 16195,    75,   77000000,   28485774,        0,  -48514226,          0
 16195,    76,   77000000,   30540249,        0,  -46459751,          0
 16195,    77,   77000000,   29402354,        0,  -47597646,          0
 16195,    78,   77000000,   29360953,        0,  -47639047,          0
 16195,    79,   77000000,   32631591,        0,  -44368409,          0
 16195,    80,   77000000,   28620036,        0,  -48379964,          0
 16195,    81,   77000000,   30410616,        0,  -46589384,          0
 16195,    82,   77000000,   29842401,        0,  -47157599,          0
 16195,    83,   77000000,   32777367,        0,  -44222633,          0
 16195,    84,   77000000,   31881982,        0,  -45118018,          0
 16195,    85,   77000000,   30854977,        0,  -46145023,          0
 16195,    86,   77000000,   30251638,        0,  -46748362,          0
 16195,    87,   77000000,   32947340,        0,  -44052660,          0
 16195,    88,   77000000,   30755044,        0,  -46244956,          0
 16195,    89,   77000000,   30457128,        0,  -46542872,          0
 16195,    90,   77000000,   30173793,        0,  -46826207,          0
 16195,    91,   77000000,   32329363,        0,  -44670637,          0
 16195,    92,   77000000,   28342252,        0,  -48657748,          0
 16195,    93,   77000000,   30219293,        0,  -46780707,          0
 16195,    94,   77000000,   29023320,        0,  -47976680,          0
 16195,    95,   77000000,   28937856,        0,  -48062144,          0
 16195,    96,   77000000,   29730505,        0,  -47269495,          0
 16195,    97,   77000000,   30606249,        0,  -46393751,          0
 16195,    98,   77000000,   30601858,        0,  -46398142,          0
 16195,    99,   77000000,   31700879,        0,  -45299121,          0
 16195,   100,   77000000,   31138124,        0,  -45861876,          0
 16195,   101,   77000000,   30695527,        0,  -46304473,          0
 16195,   102,   77000000,   27401920,        0,  -49598080,          0
 16195,   103,   77000000,   32942164,        0,  -44057836,          0
 16195,   104,   77000000,   32210984,        0,  -44789016,          0
 16195,   105,   77000000,   30945780,        0,  -46054220,          0
 16195,   106,   77000000,   29389523,        0,  -47610477,          0
 16195,   107,   77000000,   32545151,        0,  -44454849,          0
 16195,   108,   77000000,   30373303,        0,  -46626697,          0
 16195,   109,   77000000,   26713287,        0,  -50286713,          0
 16195,   110,   77000000,   29089725,        0,  -47910275,          0
 16195,   111,   77000000,   31419865,        0,  -45580135,          0
 16195,   112,   77000000,   31369234,        0,  -45630766,          0
 16195,   113,   77000000,   27189992,        0,  -49810008,          0
 16195,   114,   77000000,   29452928,        0,  -47547072,          0
 16195,   115,   77000000,   32024278,        0,  -44975722,          0
 16195,   116,   77000000,   30968842,        0,  -46031158,          0
 16195,   117,   77000000,   29257575,        0,  -47742425,          0
 16195,   118,   77000000,   29001353,        0,  -47998647,          0
 16195,   119,   77000000,   30095463,        0,  -46904537,          0
 16195,   120,   77000000,   30626687,        0,  -46373313,          0
 16195,   121,   77000000,   30665083,        0,  -46334917,          0
 16195,   122,   77000000,   30280065,        0,  -46719935,          0
 16195,   123,   77000000,   31460931,        0,  -45539069,          0
 16195,   124,   77000000,   31464059,        0,  -45535941,          0
 16195,   125,   77000000,   30258040,        0,  -46741960,          0
 16195,   126,   77000000,   29925035,        0,  -47074965,          0
 16195,   127,   77000000,   32120493,        0,  -44879507,          0
 16195,   128,   77000000,   32205327,        0,  -44794673,          0
 16195,   129,   77000000,   30717563,        0,  -46282437,          0
 16195,   130,   77000000,   30075167,        0,  -46924833,          0
 16195,   131,   77000000,   31656130,        0,  -45343870,          0
 16195,   132,   77000000,   30565921,        0,  -46434079,          0
 16195,   133,   77000000,   30493917,        0,  -46506083,          0
# task NAME=myapp PID=16200 COST=13596000 PERIOD=73000000 CPU=0
 16200,     2,   73000000,      11790,        0,  -72988210,          0
 16200,     3,   73000000,     113925,        0,  -72886075,          0
 16200,     4,   73000000,   22563507,        0,  -50436493,          0
 16200,     5,   73000000,   21755290,        0,  -51244710,          0
 16200,     6,   73000000,   20880411,        0,  -52119589,          0
 16200,     7,   73000000,   21332211,        0,  -51667789,          0
 16200,     8,   73000000,   22759611,        0,  -50240389,          0
 16200,     9,   73000000,   22032204,        0,  -50967796,          0
 16200,    10,   73000000,   21267323,        0,  -51732677,          0
 16200,    11,   73000000,   21939274,        0,  -51060726,          0
 16200,    12,   73000000,   23335662,        0,  -49664338,          0
 16200,    13,   73000000,   22679686,        0,  -50320314,          0
 16200,    14,   73000000,   20664689,        0,  -52335311,          0
 16200,    15,   73000000,   23634875,        0,  -49365125,          0
 16200,    16,   73000000,   20323366,        0,  -52676634,          0
 16200,    17,   73000000,   22618684,        0,  -50381316,          0
 16200,    18,   73000000,   21184530,        0,  -51815470,          0
 16200,    19,   73000000,   24135174,        0,  -48864826,          0
 16200,    20,   73000000,   19969801,        0,  -53030199,          0
 16200,    21,   73000000,   22477476,        0,  -50522524,          0
 16200,    22,   73000000,   20819963,        0,  -52180037,          0
 16200,    23,   73000000,   21655344,        0,  -51344656,          0
 16200,    24,   73000000,   23421916,        0,  -49578084,          0
 16200,    25,   73000000,   22991174,        0,  -50008826,          0
 16200,    26,   73000000,   18039091,        0,  -54960909,          0
 16200,    27,   73000000,   23306157,        0,  -49693843,          0
 16200,    28,   73000000,   22877809,        0,  -50122191,          0
 16200,    29,   73000000,   22120732,        0,  -50879268,          0
 16200,    30,   73000000,   21198895,        0,  -51801105,          0
 16200,    31,   73000000,   24405573,        0,  -48594427,          0
 16200,    32,   73000000,   23403587,        0,  -49596413,          0
 16200,    33,   73000000,   19373271,        0,  -53626729,          0
 16200,    34,   73000000,   20934504,        0,  -52065496,          0
 16200,    35,   73000000,   23930813,        0,  -49069187,          0
 16200,    36,   73000000,   22620659,        0,  -50379341,          0
 16200,    37,   73000000,   22112803,        0,  -50887197,          0
 16200,    38,   73000000,   20735457,        0,  -52264543,          0
 16200,    39,   73000000,   20933301,        0,  -52066699,          0
 16200,    40,   73000000,   23387142,        0,  -49612858,          0
 16200,    41,   73000000,   22326604,        0,  -50673396,          0
 16200,    42,   73000000,   20307090,        0,  -52692910,          0
 16200,    43,   73000000,   23487776,        0,  -49512224,          0
 16200,    44,   73000000,   22884636,        0,  -50115364,          0
 16200,    45,   73000000,   21566699,        0,  -51433301,          0
 16200,    46,   73000000,   21286646,        0,  -51713354,          0
 16200,    47,   73000000,   25655344,        0,  -47344656,          0
 16200,    48,   73000000,   24001878,        0,  -48998122,          0
 16200,    49,   73000000,   19417337,        0,  -53582663,          0
 16200,    50,   73000000,   20444402,        0,  -52555598,          0
 16200,    51,   73000000,   20310553,        0,  -52689447,          0
 16200,    52,   73000000,   20492298,        0,  -52507702,          0
 16200,    53,   73000000,   22650439,        0,  -50349561,          0
 16200,    54,   73000000,   21155418,        0,  -51844582,          0
 16200,    55,   73000000,   23730979,        0,  -49269021,          0
 16200,    56,   73000000,   22461911,        0,  -50538089,          0
 16200,    57,   73000000,   21894149,        0,  -51105851,          0
 16200,    58,   73000000,   20843210,        0,  -52156790,          0
 16200,    59,   73000000,   23849823,        0,  -49150177,          0
 16200,    60,   73000000,   22567086,        0,  -50432914,          0
 16200,    61,   73000000,   22266007,        0,  -50733993,          0
 16200,    62,   73000000,   21358085,        0,  -51641915,          0
 16200,    63,   73000000,   21527371,        0,  -51472629,          0
 16200,    64,   73000000,   22891633,        0,  -50108367,          0
 16200,    65,   73000000,   22079529,        0,  -50920471,          0
 16200,    66,   73000000,   20778240,        0,  -52221760,          0
 16200,    67,   73000000,   23284913,        0,  -49715087,          0
 16200,    68,   73000000,   23282906,        0,  -49717094,          0
 16200,    69,   73000000,   22729418,        0,  -50270582,          0
 16200,    70,   73000000,   20786894,        0,  -52213106,          0
 16200,    71,   73000000,   23902808,        0,  -49097192,          0
 16200,    72,   73000000,   23644659,        0,  -49355341,          0
 16200,    73,   73000000,   25507623,        0,  -47492377,          0
 16200,    74,   73000000,   21456989,        0,  -51543011,          0
 16200,    75,   73000000,   24167279,        0,  -48832721,          0
 16200,    76,   73000000,   20357832,        0,  -52642168,          0
 16200,    77,   73000000,   21863947,        0,  -51136053,          0
 16200,    78,   73000000,   21144449,        0,  -51855551,          0
 16200,    79,   73000000,   21622640,        0,  -51377360,          0
 16200,    80,   73000000,   20513689,        0,  -52486311,          0
 16200,    81,   73000000,   19068102,        0,  -53931898,          0
 16200,    82,   73000000,   20492866,        0,  -52507134,          0
 16200,    83,   73000000,   23506909,        0,  -49493091,          0
 16200,    84,   73000000,   22514843,        0,  -50485157,          0
 16200,    85,   73000000,   21709451,        0,  -51290549,          0
 16200,    86,   73000000,   21463762,        0,  -51536238,          0
 16200,    87,   73000000,   23522646,        0,  -49477354,          0
 16200,    88,   73000000,   23097556,        0,  -49902444,          0
 16200,    89,   73000000,   21613225,        0,  -51386775,          0
 16200,    90,   73000000,   22019992,        0,  -50980008,          0
 16200,    91,   73000000,   23655989,        0,  -49344011,          0
 16200,    92,   73000000,   23050663,        0,  -49949337,          0
 16200,    93,   73000000,   21811091,        0,  -51188909,          0
 16200,    94,   73000000,   21443372,        0,  -51556628,          0
 16200,    95,   73000000,   23920663,        0,  -49079337,          0
 16200,    96,   73000000,   23266062,        0,  -49733938,          0
 16200,    97,   73000000,   19442333,        0,  -53557667,          0
 16200,    98,   73000000,   20370929,        0,  -52629071,          0
 16200,    99,   73000000,   22973847,        0,  -50026153,          0
 16200,   100,   73000000,   22460037,        0,  -50539963,          0
 16200,   101,   73000000,   21646947,        0,  -51353053,          0
 16200,   102,   73000000,   18532974,        0,  -54467026,          0
 16200,   103,   73000000,   19975179,        0,  -53024821,          0
 16200,   104,   73000000,   20957828,        0,  -52042172,          0
 16200,   105,   73000000,   21758890,        0,  -51241110,          0
 16200,   106,   73000000,   22064167,        0,  -50935833,          0
 16200,   107,   73000000,   23798412,        0,  -49201588,          0
 16200,   108,   73000000,   22711078,        0,  -50288922,          0
 16200,   109,   73000000,   22699102,        0,  -50300898,          0
 16200,   110,   73000000,   18504660,        0,  -54495340,          0
 16200,   111,   73000000,   24720201,        0,  -48279799,          0
 16200,   112,   73000000,   20583695,        0,  -52416305,          0
 16200,   113,   73000000,   22401641,        0,  -50598359,          0
 16200,   114,   73000000,   21218481,        0,  -51781519,          0
 16200,   115,   73000000,   20969609,        0,  -52030391,          0
 16200,   116,   73000000,   22582160,        0,  -50417840,          0
 16200,   117,   73000000,   19257082,        0,  -53742918,          0
 16200,   118,   73000000,   20373778,        0,  -52626222,          0
 16200,   119,   73000000,   21175284,        0,  -51824716,          0
 16200,   120,   73000000,   23840812,        0,  -49159188,          0
 16200,   121,   73000000,   22042092,        0,  -50957908,          0
 16200,   122,   73000000,   20943902,        0,  -52056098,          0
 16200,   123,   73000000,   24096109,        0,  -48903891,          0
 16200,   124,   73000000,   23663753,        0,  -49336247,          0
 16200,   125,   73000000,   23108120,        0,  -49891880,          0
 16200,   126,   73000000,   18958821,        0,  -54041179,          0
 16200,   127,   73000000,   23642720,        0,  -49357280,          0
 16200,   128,   73000000,   20557333,        0,  -52442667,          0
 16200,   129,   73000000,   21512276,        0,  -51487724,          0
 16200,   130,   73000000,   25283413,        0,  -47716587,          0
 16200,   131,   73000000,   23685323,        0,  -49314677,          0
 16200,   132,   73000000,   23602375,        0,  -49397625,          0
 16200,   133,   73000000,   22092929,        0,  -50907071,          0
 16200,   134,   73000000,   21641859,        0,  -51358141,          0
 16200,   135,   73000000,   23804326,        0,  -49195674,          0
 16200,   136,   73000000,   22928770,        0,  -50071230,          0
 16200,   137,   73000000,   22693867,        0,  -50306133,          0
 16200,   138,   73000000,   21276550,        0,  -51723450,          0
 16200,   139,   73000000,   21139606,        0,  -51860394,          0
 16200,   140,   73000000,   22997628,        0,  -50002372,          0
