149 145 4
113 87 26
152 132 20
465 448 17
101 95 6
84 71 13
682 604 78
88 87 1
276 265 11
252 247 5
273 270 3
219 212 7
209 187 22
207 199 8
164 153 11
76 56 20
93 92 1
107 84 23
89 58 31
118 117 1
177 176 1
226 203 23
127 108 19
299 295 4
225 222 3
158 150 8
75 73 2
82 77 5
578 547 31
114 108 6
142 128 14
150 144 6
309 293 16
138 120 18
159 152 7
189 187 2
132 128 4
497 462 35
234 229 5
100 96 4
331 324 7
81 70 11
84 66 18
473 443 30
263 261 2
138 138 0
197 194 3
118 108 10
102 94 8
237 229 8
96 90 6
83 70 13
126 114 12
144 132 12
395 383 12
279 262 17
115 94 21
340 335 5
195 178 17
93 72 21
191 184 7
89 86 3
88 88 0
162 147 15
181 176 5
373 361 12
90 85 5
124 108 16
193 190 3
210 199 11
134 112 22
279 258 21
301 297 4
179 176 3
77 76 1
531 498 33
87 79 8
