# Task,   Job,     Period,   Response, DL Miss?,   Lateness,  Tardiness
# task NAME=myapp PID=4126 COST=15050000 PERIOD=97000000 CPU=0
  4126,     2,   97000000,       8979,        0,  -96991021,          0
  4126,     3,   97000000,     152586,        0,  -96847414,          0
  4126,     4,   97000000,   14769623,        0,  -82230377,          0
  4126,     5,   97000000,   14762558,        0,  -82237442,          0
  4126,     6,   97000000,   14765470,        0,  -82234530,          0
  4126,     7,   97000000,   14756040,        0,  -82243960,          0
  4126,     8,   97000000,   14762758,        0,  -82237242,          0
  4126,     9,   97000000,   15032641,        0,  -81967359,          0
  4126,    10,   97000000,   14742304,        0,  -82257696,          0
  4126,    11,   97000000,   14740540,        0,  -82259460,          0
  4126,    12,   97000000,   25001875,        0,  -71998125,          0
  4126,    13,   97000000,   27241476,        0,  -69758524,          0
  4126,    14,   97000000,   14774205,        0,  -82225795,          0
  4126,    15,   97000000,   37934677,        0,  -59065323,          0
  4126,    16,   97000000,   36230514,        0,  -60769486,          0
  4126,    17,   97000000,   14807742,        0,  -82192258,          0
  4126,    18,   97000000,   15053015,        0,  -81946985,          0
  4126,    19,   97000000,   14744244,        0,  -82255756,          0
  4126,    20,   97000000,   14853814,        0,  -82146186,          0
  4126,    21,   97000000,   16886525,        0,  -80113475,          0
  4126,    22,   97000000,   15023667,        0,  -81976333,          0
  4126,    23,   97000000,   14768939,        0,  -82231061,          0
  4126,    24,   97000000,   14790791,        0,  -82209209,          0
  4126,    25,   97000000,   14772436,        0,  -82227564,          0
  4126,    26,   97000000,   14748634,        0,  -82251366,          0
  4126,    27,   97000000,   14802679,        0,  -82197321,          0
  4126,    28,   97000000,   24459071,        0,  -72540929,          0
  4126,    29,   97000000,   14798939,        0,  -82201061,          0
  4126,    30,   97000000,   14743267,        0,  -82256733,          0
  4126,    31,   97000000,   15039117,        0,  -81960883,          0
  4126,    32,   97000000,   14760055,        0,  -82239945,          0
  4126,    33,   97000000,   14757520,        0,  -82242480,          0
  4126,    34,   97000000,   14737907,        0,  -82262093,          0
  4126,    35,   97000000,   14761078,        0,  -82238922,          0
  4126,    36,   97000000,   14748549,        0,  -82251451,          0
  4126,    37,   97000000,   14760921,        0,  -82239079,          0
  4126,    38,   97000000,   14782872,        0,  -82217128,          0
  4126,    39,   97000000,   14757034,        0,  -82242966,          0
  4126,    40,   97000000,   15028883,        0,  -81971117,          0
  4126,    41,   97000000,   14769729,        0,  -82230271,          0
  4126,    42,   97000000,   14734398,        0,  -82265602,          0
  4126,    43,   97000000,   14804858,        0,  -82195142,          0
  4126,    44,   97000000,   14740210,        0,  -82259790,          0
  4126,    45,   97000000,   14778019,        0,  -82221981,          0
  4126,    46,   97000000,   14743439,        0,  -82256561,          0
  4126,    47,   97000000,   14741085,        0,  -82258915,          0
  4126,    48,   97000000,   14769118,        0,  -82230882,          0
  4126,    49,   97000000,   15080865,        0,  -81919135,          0
  4126,    50,   97000000,   14768750,        0,  -82231250,          0
  4126,    51,   97000000,   14863045,        0,  -82136955,          0
  4126,    52,   97000000,   14742915,        0,  -82257085,          0
  4126,    53,   97000000,   14792223,        0,  -82207777,          0
  4126,    54,   97000000,   14737064,        0,  -82262936,          0
  4126,    55,   97000000,   15526370,        0,  -81473630,          0
  4126,    56,   97000000,   14767874,        0,  -82232126,          0
  4126,    57,   97000000,   14746568,        0,  -82253432,          0
  4126,    58,   97000000,   15033273,        0,  -81966727,          0
  4126,    59,   97000000,   14746438,        0,  -82253562,          0
  4126,    60,   97000000,   14763363,        0,  -82236637,          0
  4126,    61,   97000000,   21803623,        0,  -75196377,          0
  4126,    62,   97000000,   14752420,        0,  -82247580,          0
  4126,    63,   97000000,   14747287,        0,  -82252713,          0
  4126,    64,   97000000,   14750336,        0,  -82249664,          0
  4126,    65,   97000000,   14767281,        0,  -82232719,          0
  4126,    66,   97000000,   14767558,        0,  -82232442,          0
  4126,    67,   97000000,   15057304,        0,  -81942696,          0
  4126,    68,   97000000,   14791584,        0,  -82208416,          0
  4126,    69,   97000000,   14761256,        0,  -82238744,          0
  4126,    70,   97000000,   15314606,        0,  -81685394,          0
  4126,    71,   97000000,   14761924,        0,  -82238076,          0
  4126,    72,   97000000,   14744438,        0,  -82255562,          0
  4126,    73,   97000000,   14771683,        0,  -82228317,          0
  4126,    74,   97000000,   14805338,        0,  -82194662,          0
  4126,    75,   97000000,   14753400,        0,  -82246600,          0
  4126,    76,   97000000,   36975889,        0,  -60024111,          0
  4126,    77,   97000000,   14787316,        0,  -82212684,          0
  4126,    78,   97000000,   14748598,        0,  -82251402,          0
  4126,    79,   97000000,   14757937,        0,  -82242063,          0
  4126,    80,   97000000,   14748296,        0,  -82251704,          0
  4126,    81,   97000000,   14751139,        0,  -82248861,          0
  4126,    82,   97000000,   14751773,        0,  -82248227,          0
  4126,    83,   97000000,   14734644,        0,  -82265356,          0
  4126,    84,   97000000,   14745815,        0,  -82254185,          0
  4126,    85,   97000000,   15061710,        0,  -81938290,          0
  4126,    86,   97000000,   14760210,        0,  -82239790,          0
  4126,    87,   97000000,   14887307,        0,  -82112693,          0
  4126,    88,   97000000,   14753689,        0,  -82246311,          0
  4126,    89,   97000000,   15016017,        0,  -81983983,          0
  4126,    90,   97000000,   29092015,        0,  -67907985,          0
  4126,    91,   97000000,   14768977,        0,  -82231023,          0
  4126,    92,   97000000,   14765030,        0,  -82234970,          0
  4126,    93,   97000000,   14765006,        0,  -82234994,          0
  4126,    94,   97000000,   14753384,        0,  -82246616,          0
  4126,    95,   97000000,   14741332,        0,  -82258668,          0
  4126,    96,   97000000,   14770301,        0,  -82229699,          0
  4126,    97,   97000000,   14747453,        0,  -82252547,          0
  4126,    98,   97000000,   15061351,        0,  -81938649,          0
  4126,    99,   97000000,   14770563,        0,  -82229437,          0
  4126,   100,   97000000,   14768434,        0,  -82231566,          0
  4126,   101,   97000000,   14758467,        0,  -82241533,          0
  4126,   102,   97000000,   14760450,        0,  -82239550,          0
  4126,   103,   97000000,   14767064,        0,  -82232936,          0
  4126,   104,   97000000,   14747572,        0,  -82252428,          0
  4126,   105,   97000000,   14758007,        0,  -82241993,          0
  4126,   106,   97000000,   14737661,        0,  -82262339,          0
  4126,   107,   97000000,   15030260,        0,  -81969740,          0
# task NAME=myapp PID=4130 COST=23195000 PERIOD=67000000 CPU=0
  4130,     2,   67000000,       8926,        0,  -66991074,          0
  4130,     3,   67000000,     136273,        0,  -66863727,          0
  4130,     4,   67000000,   38116029,        0,  -28883971,          0
  4130,     5,   67000000,   22716137,        0,  -44283863,          0
  4130,     6,   67000000,   23584718,        0,  -43415282,          0
  4130,     7,   67000000,   22705854,        0,  -44294146,          0
  4130,     8,   67000000,   40145760,        0,  -26854240,          0
  4130,     9,   67000000,   22698665,        0,  -44301335,          0
  4130,    10,   67000000,   22715215,        0,  -44284785,          0
  4130,    11,   67000000,   23820920,        0,  -43179080,          0
  4130,    12,   67000000,   22709538,        0,  -44290462,          0
  4130,    13,   67000000,   22700447,        0,  -44299553,          0
  4130,    14,   67000000,   22709321,        0,  -44290679,          0
  4130,    15,   67000000,   22720624,        0,  -44279376,          0
  4130,    16,   67000000,   22717513,        0,  -44282487,          0
  4130,    17,   67000000,   22675563,        0,  -44324437,          0
  4130,    18,   67000000,   22687414,        0,  -44312586,          0
  4130,    19,   67000000,   22982601,        0,  -44017399,          0
  4130,    20,   67000000,   22692507,        0,  -44307493,          0
  4130,    21,   67000000,   22999937,        0,  -44000063,          0
  4130,    22,   67000000,   31330587,        0,  -35669413,          0
  4130,    23,   67000000,   22980830,        0,  -44019170,          0
  4130,    24,   67000000,   22734312,        0,  -44265688,          0
  4130,    25,   67000000,   22723031,        0,  -44276969,          0
  4130,    26,   67000000,   22693674,        0,  -44306326,          0
  4130,    27,   67000000,   22708973,        0,  -44291027,          0
  4130,    28,   67000000,   22706829,        0,  -44293171,          0
  4130,    29,   67000000,   22717635,        0,  -44282365,          0
  4130,    30,   67000000,   22710677,        0,  -44289323,          0
  4130,    31,   67000000,   22731533,        0,  -44268467,          0
  4130,    32,   67000000,   35039292,        0,  -31960708,          0
  4130,    33,   67000000,   22737315,        0,  -44262685,          0
  4130,    34,   67000000,   22993289,        0,  -44006711,          0
  4130,    35,   67000000,   22731364,        0,  -44268636,          0
  4130,    36,   67000000,   22989663,        0,  -44010337,          0
  4130,    37,   67000000,   22746996,        0,  -44253004,          0
  4130,    38,   67000000,   22709780,        0,  -44290220,          0
  4130,    39,   67000000,   22691954,        0,  -44308046,          0
  4130,    40,   67000000,   22706873,        0,  -44293127,          0
  4130,    41,   67000000,   22716912,        0,  -44283088,          0
  4130,    42,   67000000,   22702726,        0,  -44297274,          0
  4130,    43,   67000000,   22734376,        0,  -44265624,          0
  4130,    44,   67000000,   22698694,        0,  -44301306,          0
  4130,    45,   67000000,   22728738,        0,  -44271262,          0
  4130,    46,   67000000,   22707975,        0,  -44292025,          0
  4130,    47,   67000000,   22980930,        0,  -44019070,          0
  4130,    48,   67000000,   22738703,        0,  -44261297,          0
  4130,    49,   67000000,   22999863,        0,  -44000137,          0
  4130,    50,   67000000,   22690476,        0,  -44309524,          0
  4130,    51,   67000000,   23016148,        0,  -43983852,          0
  4130,    52,   67000000,   22769613,        0,  -44230387,          0
  4130,    53,   67000000,   23011430,        0,  -43988570,          0
  4130,    54,   67000000,   22741035,        0,  -44258965,          0
  4130,    55,   67000000,   22699246,        0,  -44300754,          0
  4130,    56,   67000000,   22721315,        0,  -44278685,          0
  4130,    57,   67000000,   22689711,        0,  -44310289,          0
  4130,    58,   67000000,   22713981,        0,  -44286019,          0
  4130,    59,   67000000,   22729326,        0,  -44270674,          0
  4130,    60,   67000000,   22688535,        0,  -44311465,          0
  4130,    61,   67000000,   22710343,        0,  -44289657,          0
  4130,    62,   67000000,   22972717,        0,  -44027283,          0
  4130,    63,   67000000,   22711766,        0,  -44288234,          0
  4130,    64,   67000000,   22988276,        0,  -44011724,          0
  4130,    65,   67000000,   22702703,        0,  -44297297,          0
  4130,    66,   67000000,   22725784,        0,  -44274216,          0
  4130,    67,   67000000,   22722805,        0,  -44277195,          0
  4130,    68,   67000000,   22706238,        0,  -44293762,          0
  4130,    69,   67000000,   22710687,        0,  -44289313,          0
  4130,    70,   67000000,   22745948,        0,  -44254052,          0
  4130,    71,   67000000,   22720957,        0,  -44279043,          0
  4130,    72,   67000000,   22697890,        0,  -44302110,          0
  4130,    73,   67000000,   22710933,        0,  -44289067,          0
  4130,    74,   67000000,   22713527,        0,  -44286473,          0
  4130,    75,   67000000,   22961182,        0,  -44038818,          0
  4130,    76,   67000000,   22701921,        0,  -44298079,          0
  4130,    77,   67000000,   22982587,        0,  -44017413,          0
  4130,    78,   67000000,   30664917,        0,  -36335083,          0
  4130,    79,   67000000,   22958284,        0,  -44041716,          0
  4130,    80,   67000000,   22710795,        0,  -44289205,          0
  4130,    81,   67000000,   22705826,        0,  -44294174,          0
  4130,    82,   67000000,   22756016,        0,  -44243984,          0
  4130,    83,   67000000,   22723930,        0,  -44276070,          0
  4130,    84,   67000000,   22738840,        0,  -44261160,          0
  4130,    85,   67000000,   41734998,        0,  -25265002,          0
  4130,    86,   67000000,   22714943,        0,  -44285057,          0
  4130,    87,   67000000,   27700181,        0,  -39299819,          0
  4130,    88,   67000000,   22731984,        0,  -44268016,          0
  4130,    89,   67000000,   22713292,        0,  -44286708,          0
  4130,    90,   67000000,   22970539,        0,  -44029461,          0
  4130,    91,   67000000,   22742332,        0,  -44257668,          0
  4130,    92,   67000000,   22998480,        0,  -44001520,          0
  4130,    93,   67000000,   22701872,        0,  -44298128,          0
  4130,    94,   67000000,   22736669,        0,  -44263331,          0
  4130,    95,   67000000,   22689269,        0,  -44310731,          0
  4130,    96,   67000000,   22716119,        0,  -44283881,          0
  4130,    97,   67000000,   22706715,        0,  -44293285,          0
  4130,    98,   67000000,   22711437,        0,  -44288563,          0
  4130,    99,   67000000,   22788629,        0,  -44211371,          0
  4130,   100,   67000000,   22727097,        0,  -44272903,          0
  4130,   101,   67000000,   22699040,        0,  -44300960,          0
  4130,   102,   67000000,   24877769,        0,  -42122231,          0
  4130,   103,   67000000,   29836674,        0,  -37163326,          0
  4130,   104,   67000000,   22717259,        0,  -44282741,          0
  4130,   105,   67000000,   23367204,        0,  -43632796,          0
  4130,   106,   67000000,   22683646,        0,  -44316354,          0
  4130,   107,   67000000,   27099301,        0,  -39900699,          0
  4130,   108,   67000000,   22734109,        0,  -44265891,          0
  4130,   109,   67000000,   23925110,        0,  -43074890,          0
  4130,   110,   67000000,   22701993,        0,  -44298007,          0
  4130,   111,   67000000,   22689247,        0,  -44310753,          0
  4130,   112,   67000000,   22704719,        0,  -44295281,          0
  4130,   113,   67000000,   22728698,        0,  -44271302,          0
  4130,   114,   67000000,   22687234,        0,  -44312766,          0
  4130,   115,   67000000,   22730323,        0,  -44269677,          0
  4130,   116,   67000000,   22969589,        0,  -44030411,          0
  4130,   117,   67000000,   22780914,        0,  -44219086,          0
  4130,   118,   67000000,   22985906,        0,  -44014094,          0
  4130,   119,   67000000,   25420935,        0,  -41579065,          0
  4130,   120,   67000000,   22967271,        0,  -44032729,          0
  4130,   121,   67000000,   28316863,        0,  -38683137,          0
  4130,   122,   67000000,   22692970,        0,  -44307030,          0
  4130,   123,   67000000,   22746197,        0,  -44253803,          0
  4130,   124,   67000000,   39025733,        0,  -27974267,          0
  4130,   125,   67000000,   22757707,        0,  -44242293,          0
  4130,   126,   67000000,   22697625,        0,  -44302375,          0
  4130,   127,   67000000,   22706388,        0,  -44293612,          0
  4130,   128,   67000000,   22756604,        0,  -44243396,          0
  4130,   129,   67000000,   34367496,        0,  -32632504,          0
  4130,   130,   67000000,   22708637,        0,  -44291363,          0
  4130,   131,   67000000,   22988497,        0,  -44011503,          0
  4130,   132,   67000000,   22767381,        0,  -44232619,          0
  4130,   133,   67000000,   23017647,        0,  -43982353,          0
  4130,   134,   67000000,   22702453,        0,  -44297547,          0
  4130,   135,   67000000,   22717497,        0,  -44282503,          0
  4130,   136,   67000000,   22734903,        0,  -44265097,          0
  4130,   137,   67000000,   29967465,        0,  -37032535,          0
  4130,   138,   67000000,   22716939,        0,  -44283061,          0
  4130,   139,   67000000,   22722875,        0,  -44277125,          0
  4130,   140,   67000000,   22718086,        0,  -44281914,          0
  4130,   141,   67000000,   22693528,        0,  -44306472,          0
  4130,   142,   67000000,   22713921,        0,  -44286079,          0
  4130,   143,   67000000,   22726289,        0,  -44273711,          0
  4130,   144,   67000000,   22980348,        0,  -44019652,          0
  4130,   145,   67000000,   22722292,        0,  -44277708,          0
  4130,   146,   67000000,   23002215,        0,  -43997785,          0
  4130,   147,   67000000,   22744024,        0,  -44255976,          0
  4130,   148,   67000000,   23009268,        0,  -43990732,          0
  4130,   149,   67000000,   22693358,        0,  -44306642,          0
  4130,   150,   67000000,   37493946,        0,  -29506054,          0
  4130,   151,   67000000,   22723435,        0,  -44276565,          0
  4130,   152,   67000000,   22723806,        0,  -44276194,          0
  4130,   153,   67000000,   29346103,        0,  -37653897,          0
# task NAME=myapp PID=4133 COST=17457000 PERIOD=65000000 CPU=0
  4133,     2,   65000000,       9190,        0,  -64990810,          0
  4133,     3,   65000000,     131891,        0,  -64868109,          0
  4133,     4,   65000000,   17109827,        0,  -47890173,          0
  4133,     5,   65000000,   17120374,        0,  -47879626,          0
  4133,     6,   65000000,   24773275,        0,  -40226725,          0
  4133,     7,   65000000,   17117902,        0,  -47882098,          0
  4133,     8,   65000000,   44508815,        0,  -20491185,          0
  4133,     9,   65000000,   17142499,        0,  -47857501,          0
  4133,    10,   65000000,   17396084,        0,  -47603916,          0
  4133,    11,   65000000,   17138198,        0,  -47861802,          0
  4133,    12,   65000000,   17405739,        0,  -47594261,          0
  4133,    13,   65000000,   17203159,        0,  -47796841,          0
  4133,    14,   65000000,   17419269,        0,  -47580731,          0
  4133,    15,   65000000,   17119891,        0,  -47880109,          0
  4133,    16,   65000000,   17083552,        0,  -47916448,          0
  4133,    17,   65000000,   17120743,        0,  -47879257,          0
  4133,    18,   65000000,   24597723,        0,  -40402277,          0
  4133,    19,   65000000,   17111286,        0,  -47888714,          0
  4133,    20,   65000000,   17107108,        0,  -47892892,          0
  4133,    21,   65000000,   33585316,        0,  -31414684,          0
  4133,    22,   65000000,   17136548,        0,  -47863452,          0
  4133,    23,   65000000,   17103118,        0,  -47896882,          0
  4133,    24,   65000000,   17119279,        0,  -47880721,          0
  4133,    25,   65000000,   17114746,        0,  -47885254,          0
  4133,    26,   65000000,   17110833,        0,  -47889167,          0
  4133,    27,   65000000,   20819325,        0,  -44180675,          0
  4133,    28,   65000000,   17096362,        0,  -47903638,          0
  4133,    29,   65000000,   17113620,        0,  -47886380,          0
  4133,    30,   65000000,   17135987,        0,  -47864013,          0
  4133,    31,   65000000,   17098119,        0,  -47901881,          0
  4133,    32,   65000000,   17117830,        0,  -47882170,          0
  4133,    33,   65000000,   39712565,        0,  -25287435,          0
  4133,    34,   65000000,   17154325,        0,  -47845675,          0
  4133,    35,   65000000,   17390720,        0,  -47609280,          0
  4133,    36,   65000000,   19757612,        0,  -45242388,          0
  4133,    37,   65000000,   17378964,        0,  -47621036,          0
  4133,    38,   65000000,   17129281,        0,  -47870719,          0
  4133,    39,   65000000,   17389054,        0,  -47610946,          0
  4133,    40,   65000000,   17126669,        0,  -47873331,          0
  4133,    41,   65000000,   17143036,        0,  -47856964,          0
  4133,    42,   65000000,   18923624,        0,  -46076376,          0
  4133,    43,   65000000,   17117152,        0,  -47882848,          0
  4133,    44,   65000000,   17094254,        0,  -47905746,          0
  4133,    45,   65000000,   17100487,        0,  -47899513,          0
  4133,    46,   65000000,   34842562,        0,  -30157438,          0
  4133,    47,   65000000,   17150313,        0,  -47849687,          0
  4133,    48,   65000000,   17120293,        0,  -47879707,          0
  4133,    49,   65000000,   17132345,        0,  -47867655,          0
  4133,    50,   65000000,   17121851,        0,  -47878149,          0
  4133,    51,   65000000,   17120594,        0,  -47879406,          0
  4133,    52,   65000000,   17143166,        0,  -47856834,          0
  4133,    53,   65000000,   18653954,        0,  -46346046,          0
  4133,    54,   65000000,   17109688,        0,  -47890312,          0
  4133,    55,   65000000,   17109234,        0,  -47890766,          0
  4133,    56,   65000000,   17114455,        0,  -47885545,          0
  4133,    57,   65000000,   17109244,        0,  -47890756,          0
  4133,    58,   65000000,   17101643,        0,  -47898357,          0
  4133,    59,   65000000,   17096829,        0,  -47903171,          0
  4133,    60,   65000000,   17382700,        0,  -47617300,          0
  4133,    61,   65000000,   17140032,        0,  -47859968,          0
  4133,    62,   65000000,   24117004,        0,  -40882996,          0
  4133,    63,   65000000,   17143458,        0,  -47856542,          0
  4133,    64,   65000000,   17408540,        0,  -47591460,          0
  4133,    65,   65000000,   21660270,        0,  -43339730,          0
  4133,    66,   65000000,   17106151,        0,  -47893849,          0
  4133,    67,   65000000,   17118555,        0,  -47881445,          0
  4133,    68,   65000000,   17148306,        0,  -47851694,          0
  4133,    69,   65000000,   17145110,        0,  -47854890,          0
  4133,    70,   65000000,   17114642,        0,  -47885358,          0
  4133,    71,   65000000,   17170467,        0,  -47829533,          0
  4133,    72,   65000000,   17126945,        0,  -47873055,          0
  4133,    73,   65000000,   17148787,        0,  -47851213,          0
  4133,    74,   65000000,   17099710,        0,  -47900290,          0
  4133,    75,   65000000,   17136521,        0,  -47863479,          0
  4133,    76,   65000000,   17104136,        0,  -47895864,          0
  4133,    77,   65000000,   17132961,        0,  -47867039,          0
  4133,    78,   65000000,   17144001,        0,  -47855999,          0
  4133,    79,   65000000,   17135402,        0,  -47864598,          0
  4133,    80,   65000000,   39725476,        0,  -25274524,          0
  4133,    81,   65000000,   17124803,        0,  -47875197,          0
  4133,    82,   65000000,   17154418,        0,  -47845582,          0
  4133,    83,   65000000,   17179674,        0,  -47820326,          0
  4133,    84,   65000000,   17102931,        0,  -47897069,          0
  4133,    85,   65000000,   17388732,        0,  -47611268,          0
  4133,    86,   65000000,   17109412,        0,  -47890588,          0
  4133,    87,   65000000,   17400744,        0,  -47599256,          0
  4133,    88,   65000000,   17129967,        0,  -47870033,          0
  4133,    89,   65000000,   17423013,        0,  -47576987,          0
  4133,    90,   65000000,   17222244,        0,  -47777756,          0
  4133,    91,   65000000,   17126620,        0,  -47873380,          0
  4133,    92,   65000000,   17146874,        0,  -47853126,          0
  4133,    93,   65000000,   21154654,        0,  -43845346,          0
  4133,    94,   65000000,   17102579,        0,  -47897421,          0
  4133,    95,   65000000,   17125826,        0,  -47874174,          0
  4133,    96,   65000000,   17460720,        0,  -47539280,          0
  4133,    97,   65000000,   17112130,        0,  -47887870,          0
  4133,    98,   65000000,   28868761,        0,  -36131239,          0
  4133,    99,   65000000,   17126051,        0,  -47873949,          0
  4133,   100,   65000000,   17141834,        0,  -47858166,          0
  4133,   101,   65000000,   17160936,        0,  -47839064,          0
  4133,   102,   65000000,   17119088,        0,  -47880912,          0
  4133,   103,   65000000,   17149482,        0,  -47850518,          0
  4133,   104,   65000000,   17107490,        0,  -47892510,          0
  4133,   105,   65000000,   17098453,        0,  -47901547,          0
  4133,   106,   65000000,   29260861,        0,  -35739139,          0
  4133,   107,   65000000,   17120324,        0,  -47879676,          0
  4133,   108,   65000000,   25602026,        0,  -39397974,          0
  4133,   109,   65000000,   17165279,        0,  -47834721,          0
  4133,   110,   65000000,   17377694,        0,  -47622306,          0
  4133,   111,   65000000,   17088237,        0,  -47911763,          0
  4133,   112,   65000000,   35345792,        0,  -29654208,          0
  4133,   113,   65000000,   17174102,        0,  -47825898,          0
  4133,   114,   65000000,   17408007,        0,  -47591993,          0
  4133,   115,   65000000,   20349164,        0,  -44650836,          0
  4133,   116,   65000000,   17091164,        0,  -47908836,          0
  4133,   117,   65000000,   17100719,        0,  -47899281,          0
  4133,   118,   65000000,   17094133,        0,  -47905867,          0
  4133,   119,   65000000,   17125778,        0,  -47874222,          0
  4133,   120,   65000000,   17098848,        0,  -47901152,          0
  4133,   121,   65000000,   17112234,        0,  -47887766,          0
  4133,   122,   65000000,   17097479,        0,  -47902521,          0
  4133,   123,   65000000,   17106807,        0,  -47893193,          0
  4133,   124,   65000000,   17088642,        0,  -47911358,          0
  4133,   125,   65000000,   17117841,        0,  -47882159,          0
  4133,   126,   65000000,   25245330,        0,  -39754670,          0
  4133,   127,   65000000,   17077942,        0,  -47922058,          0
  4133,   128,   65000000,   17101729,        0,  -47898271,          0
  4133,   129,   65000000,   17127727,        0,  -47872273,          0
  4133,   130,   65000000,   21849217,        0,  -43150783,          0
  4133,   131,   65000000,   17115788,        0,  -47884212,          0
  4133,   132,   65000000,   17098467,        0,  -47901533,          0
  4133,   133,   65000000,   20805897,        0,  -44194103,          0
  4133,   134,   65000000,   17138743,        0,  -47861257,          0
  4133,   135,   65000000,   17377573,        0,  -47622427,          0
  4133,   136,   65000000,   19969212,        0,  -45030788,          0
  4133,   137,   65000000,   17397514,        0,  -47602486,          0
  4133,   138,   65000000,   17140292,        0,  -47859708,          0
  4133,   139,   65000000,   17941499,        0,  -47058501,          0
  4133,   140,   65000000,   17107620,        0,  -47892380,          0
  4133,   141,   65000000,   17091389,        0,  -47908611,          0
  4133,   142,   65000000,   17122401,        0,  -47877599,          0
  4133,   143,   65000000,   17212183,        0,  -47787817,          0
  4133,   144,   65000000,   17142912,        0,  -47857088,          0
  4133,   145,   65000000,   17103406,        0,  -47896594,          0
  4133,   146,   65000000,   17092269,        0,  -47907731,          0
  4133,   147,   65000000,   24611039,        0,  -40388961,          0
  4133,   148,   65000000,   17130462,        0,  -47869538,          0
  4133,   149,   65000000,   17086046,        0,  -47913954,          0
  4133,   150,   65000000,   17146925,        0,  -47853075,          0
  4133,   151,   65000000,   17088931,        0,  -47911069,          0
  4133,   152,   65000000,   17088776,        0,  -47911224,          0
  4133,   153,   65000000,   25438547,        0,  -39561453,          0
  4133,   154,   65000000,   17160008,        0,  -47839992,          0
  4133,   155,   65000000,   21326166,        0,  -43673834,          0
  4133,   156,   65000000,   17105677,        0,  -47894323,          0
  4133,   157,   65000000,   17110418,        0,  -47889582,          0
# task NAME=myapp PID=4137 COST=1504000 PERIOD=50000000 CPU=0
  4137,     2,   50000000,      16182,        0,  -49983818,          0
  4137,     3,   50000000,     109612,        0,  -49890388,          0
  4137,     4,   50000000,    1515295,        0,  -48484705,          0
  4137,     5,   50000000,    1512901,        0,  -48487099,          0
  4137,     6,   50000000,    1538747,        0,  -48461253,          0
  4137,     7,   50000000,    3941202,        0,  -46058798,          0
  4137,     8,   50000000,    1540104,        0,  -48459896,          0
  4137,     9,   50000000,    1515099,        0,  -48484901,          0
  4137,    10,   50000000,    3921745,        0,  -46078255,          0
  4137,    11,   50000000,    1529695,        0,  -48470305,          0
  4137,    12,   50000000,    1498277,        0,  -48501723,          0
  4137,    13,   50000000,    1510411,        0,  -48489589,          0
  4137,    14,   50000000,   11461746,        0,  -38538254,          0
  4137,    15,   50000000,    1532318,        0,  -48467682,          0
  4137,    16,   50000000,    1525489,        0,  -48474511,          0
  4137,    17,   50000000,    1535990,        0,  -48464010,          0
  4137,    18,   50000000,    1497069,        0,  -48502931,          0
  4137,    19,   50000000,    1521371,        0,  -48478629,          0
  4137,    20,   50000000,    1542157,        0,  -48457843,          0
  4137,    21,   50000000,    1544003,        0,  -48455997,          0
  4137,    22,   50000000,    1513362,        0,  -48486638,          0
  4137,    23,   50000000,    1505888,        0,  -48494112,          0
  4137,    24,   50000000,    1512304,        0,  -48487696,          0
  4137,    25,   50000000,    1504836,        0,  -48495164,          0
  4137,    26,   50000000,    1545844,        0,  -48454156,          0
  4137,    27,   50000000,    1511833,        0,  -48488167,          0
  4137,    28,   50000000,    1513278,        0,  -48486722,          0
  4137,    29,   50000000,    1498405,        0,  -48501595,          0
  4137,    30,   50000000,    1511095,        0,  -48488905,          0
  4137,    31,   50000000,    1537087,        0,  -48462913,          0
  4137,    32,   50000000,    1580197,        0,  -48419803,          0
  4137,    33,   50000000,    1548792,        0,  -48451208,          0
  4137,    34,   50000000,    1501464,        0,  -48498536,          0
  4137,    35,   50000000,    2314696,        0,  -47685304,          0
  4137,    36,   50000000,    1505054,        0,  -48494946,          0
  4137,    37,   50000000,    1520297,        0,  -48479703,          0
  4137,    38,   50000000,    1882053,        0,  -48117947,          0
  4137,    39,   50000000,    1546404,        0,  -48453596,          0
  4137,    40,   50000000,    1533304,        0,  -48466696,          0
  4137,    41,   50000000,    1500763,        0,  -48499237,          0
  4137,    42,   50000000,   24120683,        0,  -25879317,          0
  4137,    43,   50000000,    1516607,        0,  -48483393,          0
  4137,    44,   50000000,    3296461,        0,  -46703539,          0
  4137,    45,   50000000,    1515917,        0,  -48484083,          0
  4137,    46,   50000000,    1503533,        0,  -48496467,          0
  4137,    47,   50000000,    1494578,        0,  -48505422,          0
  4137,    48,   50000000,    1493882,        0,  -48506118,          0
  4137,    49,   50000000,    1507816,        0,  -48492184,          0
  4137,    50,   50000000,    1504359,        0,  -48495641,          0
  4137,    51,   50000000,    1510047,        0,  -48489953,          0
  4137,    52,   50000000,    1514995,        0,  -48485005,          0
  4137,    53,   50000000,    1507892,        0,  -48492108,          0
  4137,    54,   50000000,    1546945,        0,  -48453055,          0
  4137,    55,   50000000,    1510478,        0,  -48489522,          0
  4137,    56,   50000000,    1521600,        0,  -48478400,          0
  4137,    57,   50000000,    4247752,        0,  -45752248,          0
  4137,    58,   50000000,    1501611,        0,  -48498389,          0
  4137,    59,   50000000,   14299476,        0,  -35700524,          0
  4137,    60,   50000000,    1519462,        0,  -48480538,          0
  4137,    61,   50000000,    1514828,        0,  -48485172,          0
  4137,    62,   50000000,    1521338,        0,  -48478662,          0
  4137,    63,   50000000,    1544963,        0,  -48455037,          0
  4137,    64,   50000000,    1542427,        0,  -48457573,          0
  4137,    65,   50000000,    1515040,        0,  -48484960,          0
  4137,    66,   50000000,    1502960,        0,  -48497040,          0
  4137,    67,   50000000,    1510316,        0,  -48489684,          0
  4137,    68,   50000000,    1541429,        0,  -48458571,          0
  4137,    69,   50000000,    1518147,        0,  -48481853,          0
  4137,    70,   50000000,    1543558,        0,  -48456442,          0
  4137,    71,   50000000,    1547308,        0,  -48452692,          0
  4137,    72,   50000000,    1519803,        0,  -48480197,          0
  4137,    73,   50000000,    1496326,        0,  -48503674,          0
  4137,    74,   50000000,    1505745,        0,  -48494255,          0
  4137,    75,   50000000,    1524154,        0,  -48475846,          0
  4137,    76,   50000000,    1500872,        0,  -48499128,          0
  4137,    77,   50000000,    1549001,        0,  -48450999,          0
  4137,    78,   50000000,    1498559,        0,  -48501441,          0
  4137,    79,   50000000,    1535836,        0,  -48464164,          0
  4137,    80,   50000000,    8050785,        0,  -41949215,          0
  4137,    81,   50000000,    1534420,        0,  -48465580,          0
  4137,    82,   50000000,    1543522,        0,  -48456478,          0
  4137,    83,   50000000,    1549568,        0,  -48450432,          0
  4137,    84,   50000000,    1513446,        0,  -48486554,          0
  4137,    85,   50000000,    1531249,        0,  -48468751,          0
  4137,    86,   50000000,    1503579,        0,  -48496421,          0
  4137,    87,   50000000,    1508230,        0,  -48491770,          0
  4137,    88,   50000000,    1497310,        0,  -48502690,          0
  4137,    89,   50000000,    1536028,        0,  -48463972,          0
  4137,    90,   50000000,    1520932,        0,  -48479068,          0
  4137,    91,   50000000,    1533211,        0,  -48466789,          0
  4137,    92,   50000000,    1562545,        0,  -48437455,          0
  4137,    93,   50000000,    1519563,        0,  -48480437,          0
  4137,    94,   50000000,    1541082,        0,  -48458918,          0
  4137,    95,   50000000,    1498569,        0,  -48501431,          0
  4137,    96,   50000000,    1520270,        0,  -48479730,          0
  4137,    97,   50000000,    1520857,        0,  -48479143,          0
  4137,    98,   50000000,    1517134,        0,  -48482866,          0
  4137,    99,   50000000,    1586100,        0,  -48413900,          0
  4137,   100,   50000000,    1547909,        0,  -48452091,          0
  4137,   101,   50000000,    1531174,        0,  -48468826,          0
  4137,   102,   50000000,    1511312,        0,  -48488688,          0
  4137,   103,   50000000,    1494296,        0,  -48505704,          0
  4137,   104,   50000000,    1507515,        0,  -48492485,          0
  4137,   105,   50000000,    1521168,        0,  -48478832,          0
  4137,   106,   50000000,    1504672,        0,  -48495328,          0
  4137,   107,   50000000,    1560219,        0,  -48439781,          0
  4137,   108,   50000000,    1524620,        0,  -48475380,          0
  4137,   109,   50000000,    4516055,        0,  -45483945,          0
  4137,   110,   50000000,    1518293,        0,  -48481707,          0
  4137,   111,   50000000,    1540897,        0,  -48459103,          0
  4137,   112,   50000000,    1513550,        0,  -48486450,          0
  4137,   113,   50000000,   14524363,        0,  -35475637,          0
  4137,   114,   50000000,    1518964,        0,  -48481036,          0
  4137,   115,   50000000,    1493971,        0,  -48506029,          0
  4137,   116,   50000000,    1506795,        0,  -48493205,          0
  4137,   117,   50000000,    1500495,        0,  -48499505,          0
  4137,   118,   50000000,    4526691,        0,  -45473309,          0
  4137,   119,   50000000,    1504064,        0,  -48495936,          0
  4137,   120,   50000000,    3509760,        0,  -46490240,          0
  4137,   121,   50000000,    3102023,        0,  -46897977,          0
  4137,   122,   50000000,    1540972,        0,  -48459028,          0
  4137,   123,   50000000,    1514334,        0,  -48485666,          0
  4137,   124,   50000000,    1516786,        0,  -48483214,          0
  4137,   125,   50000000,    1497057,        0,  -48502943,          0
  4137,   126,   50000000,    1521896,        0,  -48478104,          0
  4137,   127,   50000000,    1534576,        0,  -48465424,          0
  4137,   128,   50000000,    1536280,        0,  -48463720,          0
  4137,   129,   50000000,    1509988,        0,  -48490012,          0
  4137,   130,   50000000,    1528095,        0,  -48471905,          0
  4137,   131,   50000000,    1503470,        0,  -48496530,          0
  4137,   132,   50000000,    3631526,        0,  -46368474,          0
  4137,   133,   50000000,    1499040,        0,  -48500960,          0
  4137,   134,   50000000,    1515417,        0,  -48484583,          0
  4137,   135,   50000000,   12361327,        0,  -37638673,          0
  4137,   136,   50000000,    1566410,        0,  -48433590,          0
  4137,   137,   50000000,    8041860,        0,  -41958140,          0
  4137,   138,   50000000,    1494568,        0,  -48505432,          0
  4137,   139,   50000000,    1504277,        0,  -48495723,          0
  4137,   140,   50000000,    2186772,        0,  -47813228,          0
  4137,   141,   50000000,    1516728,        0,  -48483272,          0
  4137,   142,   50000000,    1515890,        0,  -48484110,          0
  4137,   143,   50000000,    1495500,        0,  -48504500,          0
  4137,   144,   50000000,    1522827,        0,  -48477173,          0
  4137,   145,   50000000,    4701446,        0,  -45298554,          0
  4137,   146,   50000000,    1533199,        0,  -48466801,          0
  4137,   147,   50000000,    1529042,        0,  -48470958,          0
  4137,   148,   50000000,    1506057,        0,  -48493943,          0
  4137,   149,   50000000,    1532863,        0,  -48467137,          0
  4137,   150,   50000000,    1528210,        0,  -48471790,          0
  4137,   151,   50000000,    4761862,        0,  -45238138,          0
  4137,   152,   50000000,    1494379,        0,  -48505621,          0
  4137,   153,   50000000,    1525040,        0,  -48474960,          0
  4137,   154,   50000000,    1511672,        0,  -48488328,          0
  4137,   155,   50000000,    1520423,        0,  -48479577,          0
  4137,   156,   50000000,    1525782,        0,  -48474218,          0
  4137,   157,   50000000,    1530442,        0,  -48469558,          0
  4137,   158,   50000000,    1492835,        0,  -48507165,          0
  4137,   159,   50000000,    1510375,        0,  -48489625,          0
  4137,   160,   50000000,    1521465,        0,  -48478535,          0
  4137,   161,   50000000,   13108197,        0,  -36891803,          0
  4137,   162,   50000000,    1519967,        0,  -48480033,          0
  4137,   163,   50000000,    3109222,        0,  -46890778,          0
  4137,   164,   50000000,    1496989,        0,  -48503011,          0
  4137,   165,   50000000,   24806756,        0,  -25193244,          0
  4137,   166,   50000000,    1511351,        0,  -48488649,          0
  4137,   167,   50000000,    1515396,        0,  -48484604,          0
  4137,   168,   50000000,   13314061,        0,  -36685939,          0
  4137,   169,   50000000,    1507903,        0,  -48492097,          0
  4137,   170,   50000000,    8248832,        0,  -41751168,          0
  4137,   171,   50000000,    1492953,        0,  -48507047,          0
  4137,   172,   50000000,    4886570,        0,  -45113430,          0
  4137,   173,   50000000,    1553878,        0,  -48446122,          0
  4137,   174,   50000000,    1504073,        0,  -48495927,          0
  4137,   175,   50000000,    1535097,        0,  -48464903,          0
  4137,   176,   50000000,   10067640,        0,  -39932360,          0
  4137,   177,   50000000,    1505648,        0,  -48494352,          0
  4137,   178,   50000000,    1494289,        0,  -48505711,          0
  4137,   179,   50000000,    1534782,        0,  -48465218,          0
  4137,   180,   50000000,    1540094,        0,  -48459906,          0
  4137,   181,   50000000,    1524022,        0,  -48475978,          0
  4137,   182,   50000000,    1498892,        0,  -48501108,          0
  4137,   183,   50000000,    1513273,        0,  -48486727,          0
  4137,   184,   50000000,    1519447,        0,  -48480553,          0
  4137,   185,   50000000,    1515277,        0,  -48484723,          0
  4137,   186,   50000000,    1532753,        0,  -48467247,          0
  4137,   187,   50000000,    1522172,        0,  -48477828,          0
  4137,   188,   50000000,    1504329,        0,  -48495671,          0
  4137,   189,   50000000,    1504315,        0,  -48495685,          0
  4137,   190,   50000000,    1528787,        0,  -48471213,          0
  4137,   191,   50000000,    1519956,        0,  -48480044,          0
  4137,   192,   50000000,    8230028,        0,  -41769972,          0
  4137,   193,   50000000,    1499187,        0,  -48500813,          0
  4137,   194,   50000000,    1509772,        0,  -48490228,          0
  4137,   195,   50000000,    1528789,        0,  -48471211,          0
  4137,   196,   50000000,    1510670,        0,  -48489330,          0
  4137,   197,   50000000,    1511650,        0,  -48488350,          0
  4137,   198,   50000000,    9661555,        0,  -40338445,          0
  4137,   199,   50000000,    1514104,        0,  -48485896,          0
  4137,   200,   50000000,   15071605,        0,  -34928395,          0
  4137,   201,   50000000,    1519481,        0,  -48480519,          0
  4137,   202,   50000000,    1528211,        0,  -48471789,          0
  4137,   203,   50000000,    1544913,        0,  -48455087,          0
  4137,   204,   50000000,    1542686,        0,  -48457314,          0
