154 153 1
180 180 0
171 170 1
643 633 10
363 363 0
266 266 0
244 244 0
643 639 4
612 606 6
134 134 0
519 518 1
119 119 0
143 143 0
133 133 0
189 189 0
138 138 0
335 335 0
333 333 0
232 232 0
1010 984 26
148 148 0
507 507 0
283 282 1
184 184 0
147 146 1
851 824 27
140 140 0
380 380 0
118 118 0
119 119 0
232 232 0
618 618 0
1023 1004 19
190 190 0
149 149 0
194 194 0
203 203 0
119 119 0
114 114 0
181 181 0
920 905 15
565 560 5
115 115 0
384 383 1
117 117 0
414 414 0
118 118 0
162 162 0
597 593 4
142 142 0
143 143 0
146 146 0
129 129 0
325 325 0
141 141 0
154 154 0
131 131 0
