# Task,   Job,     Period,   Response, DL Miss?,   Lateness,  Tardiness
# task NAME=myapp PID=15686 COST=15656000 PERIOD=40000000 CPU=0
 15686,     2,   40000000,      57357,        0,  -39942643,          0
 15686,     3,   40000000,      90318,        0,  -39909682,          0
 15686,     4,   40000000,   26326959,        0,  -13673041,          0
 15686,     5,   40000000,   26272083,        0,  -13727917,          0
 15686,     6,   40000000,   26540488,        0,  -13459512,          0
 15686,     7,   40000000,   26281726,        0,  -13718274,          0
 15686,     8,   40000000,   26266531,        0,  -13733469,          0
 15686,     9,   40000000,   26325122,        0,  -13674878,          0
 15686,    10,   40000000,   26361192,        0,  -13638808,          0
 15686,    11,   40000000,   26280507,        0,  -13719493,          0
 15686,    12,   40000000,   26323368,        0,  -13676632,          0
 15686,    13,   40000000,   26535054,        0,  -13464946,          0
 15686,    14,   40000000,   26331437,        0,  -13668563,          0
 15686,    15,   40000000,   26451502,        0,  -13548498,          0
 15686,    16,   40000000,   26587153,        0,  -13412847,          0
 15686,    17,   40000000,   26326781,        0,  -13673219,          0
 15686,    18,   40000000,   26275584,        0,  -13724416,          0
 15686,    19,   40000000,   26259305,        0,  -13740695,          0
 15686,    20,   40000000,   26244995,        0,  -13755005,          0
 15686,    21,   40000000,   26325446,        0,  -13674554,          0
 15686,    22,   40000000,   26274370,        0,  -13725630,          0
 15686,    23,   40000000,   26272096,        0,  -13727904,          0
 15686,    24,   40000000,   26276835,        0,  -13723165,          0
 15686,    25,   40000000,   26261678,        0,  -13738322,          0
 15686,    26,   40000000,   26259904,        0,  -13740096,          0
 15686,    27,   40000000,   26353893,        0,  -13646107,          0
 15686,    28,   40000000,   26276971,        0,  -13723029,          0
 15686,    29,   40000000,   26230430,        0,  -13769570,          0
 15686,    30,   40000000,   26221813,        0,  -13778187,          0
 15686,    31,   40000000,   26287239,        0,  -13712761,          0
 15686,    32,   40000000,   26272567,        0,  -13727433,          0
 15686,    33,   40000000,   26300355,        0,  -13699645,          0
 15686,    34,   40000000,   26328895,        0,  -13671105,          0
 15686,    35,   40000000,   26281155,        0,  -13718845,          0
 15686,    36,   40000000,   26228272,        0,  -13771728,          0
 15686,    37,   40000000,   26253917,        0,  -13746083,          0
 15686,    38,   40000000,   26516939,        0,  -13483061,          0
 15686,    39,   40000000,   26229197,        0,  -13770803,          0
 15686,    40,   40000000,   26368062,        0,  -13631938,          0
 15686,    41,   40000000,   26722714,        0,  -13277286,          0
 15686,    42,   40000000,   26238857,        0,  -13761143,          0
 15686,    43,   40000000,   26316036,        0,  -13683964,          0
 15686,    44,   40000000,   26183675,        0,  -13816325,          0
 15686,    45,   40000000,   26256718,        0,  -13743282,          0
 15686,    46,   40000000,   26271196,        0,  -13728804,          0
 15686,    47,   40000000,   26291132,        0,  -13708868,          0
 15686,    48,   40000000,   26227718,        0,  -13772282,          0
 15686,    49,   40000000,   26220296,        0,  -13779704,          0
 15686,    50,   40000000,   26330568,        0,  -13669432,          0
 15686,    51,   40000000,   26280061,        0,  -13719939,          0
 15686,    52,   40000000,   26732801,        0,  -13267199,          0
 15686,    53,   40000000,   26281276,        0,  -13718724,          0
 15686,    54,   40000000,   26270089,        0,  -13729911,          0
 15686,    55,   40000000,   26284751,        0,  -13715249,          0
 15686,    56,   40000000,   26270545,        0,  -13729455,          0
 15686,    57,   40000000,   26298473,        0,  -13701527,          0
 15686,    58,   40000000,   26325677,        0,  -13674323,          0
 15686,    59,   40000000,   26262017,        0,  -13737983,          0
 15686,    60,   40000000,   26276377,        0,  -13723623,          0
 15686,    61,   40000000,   26271147,        0,  -13728853,          0
 15686,    62,   40000000,   26405220,        0,  -13594780,          0
 15686,    63,   40000000,   26444587,        0,  -13555413,          0
 15686,    64,   40000000,   26306855,        0,  -13693145,          0
 15686,    65,   40000000,   26198428,        0,  -13801572,          0
 15686,    66,   40000000,   26529769,        0,  -13470231,          0
 15686,    67,   40000000,   26327569,        0,  -13672431,          0
 15686,    68,   40000000,   26295171,        0,  -13704829,          0
 15686,    69,   40000000,   26227441,        0,  -13772559,          0
 15686,    70,   40000000,   26268092,        0,  -13731908,          0
 15686,    71,   40000000,   26233539,        0,  -13766461,          0
 15686,    72,   40000000,   26274621,        0,  -13725379,          0
 15686,    73,   40000000,   26388080,        0,  -13611920,          0
 15686,    74,   40000000,   26300766,        0,  -13699234,          0
 15686,    75,   40000000,   26302664,        0,  -13697336,          0
 15686,    76,   40000000,   26306220,        0,  -13693780,          0
 15686,    77,   40000000,   26325107,        0,  -13674893,          0
 15686,    78,   40000000,   26219727,        0,  -13780273,          0
 15686,    79,   40000000,   26219438,        0,  -13780562,          0
 15686,    80,   40000000,   26341860,        0,  -13658140,          0
 15686,    81,   40000000,   26234770,        0,  -13765230,          0
 15686,    82,   40000000,   26998914,        0,  -13001086,          0
 15686,    83,   40000000,   26215660,        0,  -13784340,          0
 15686,    84,   40000000,   26235611,        0,  -13764389,          0
 15686,    85,   40000000,   26290495,        0,  -13709505,          0
 15686,    86,   40000000,   26318934,        0,  -13681066,          0
 15686,    87,   40000000,   26281699,        0,  -13718301,          0
 15686,    88,   40000000,   26482230,        0,  -13517770,          0
 15686,    89,   40000000,   26300577,        0,  -13699423,          0
 15686,    90,   40000000,   26303822,        0,  -13696178,          0
 15686,    91,   40000000,   26552278,        0,  -13447722,          0
 15686,    92,   40000000,   27652917,        0,  -12347083,          0
 15686,    93,   40000000,   26283390,        0,  -13716610,          0
 15686,    94,   40000000,   26281670,        0,  -13718330,          0
 15686,    95,   40000000,   26265892,        0,  -13734108,          0
 15686,    96,   40000000,   26239276,        0,  -13760724,          0
 15686,    97,   40000000,   26255851,        0,  -13744149,          0
 15686,    98,   40000000,   26292753,        0,  -13707247,          0
 15686,    99,   40000000,   26286267,        0,  -13713733,          0
 15686,   100,   40000000,   26264497,        0,  -13735503,          0
 15686,   101,   40000000,   26171465,        0,  -13828535,          0
 15686,   102,   40000000,   26264113,        0,  -13735887,          0
 15686,   103,   40000000,   28240905,        0,  -11759095,          0
 15686,   104,   40000000,   26808607,        0,  -13191393,          0
 15686,   105,   40000000,   28264645,        0,  -11735355,          0
 15686,   106,   40000000,   26366922,        0,  -13633078,          0
 15686,   107,   40000000,   26329430,        0,  -13670570,          0
 15686,   108,   40000000,   26397911,        0,  -13602089,          0
 15686,   109,   40000000,   30290280,        0,   -9709720,          0
 15686,   110,   40000000,   26510585,        0,  -13489415,          0
 15686,   111,   40000000,   26277623,        0,  -13722377,          0
 15686,   112,   40000000,   26325477,        0,  -13674523,          0
 15686,   113,   40000000,   26531840,        0,  -13468160,          0
 15686,   114,   40000000,   26287961,        0,  -13712039,          0
 15686,   115,   40000000,   26258269,        0,  -13741731,          0
 15686,   116,   40000000,   26480103,        0,  -13519897,          0
 15686,   117,   40000000,   26240875,        0,  -13759125,          0
 15686,   118,   40000000,   28340506,        0,  -11659494,          0
 15686,   119,   40000000,   26300803,        0,  -13699197,          0
 15686,   120,   40000000,   26304572,        0,  -13695428,          0
 15686,   121,   40000000,   26370761,        0,  -13629239,          0
 15686,   122,   40000000,   28341488,        0,  -11658512,          0
 15686,   123,   40000000,   26269401,        0,  -13730599,          0
 15686,   124,   40000000,   26293247,        0,  -13706753,          0
 15686,   125,   40000000,   26231550,        0,  -13768450,          0
 15686,   126,   40000000,   26296398,        0,  -13703602,          0
 15686,   127,   40000000,   26281025,        0,  -13718975,          0
 15686,   128,   40000000,   26352011,        0,  -13647989,          0
 15686,   129,   40000000,   26338621,        0,  -13661379,          0
 15686,   130,   40000000,   26246786,        0,  -13753214,          0
 15686,   131,   40000000,   26235854,        0,  -13764146,          0
 15686,   132,   40000000,   26306421,        0,  -13693579,          0
 15686,   133,   40000000,   26319504,        0,  -13680496,          0
 15686,   134,   40000000,   26257053,        0,  -13742947,          0
 15686,   135,   40000000,   26427526,        0,  -13572474,          0
 15686,   136,   40000000,   26276601,        0,  -13723399,          0
 15686,   137,   40000000,   26311526,        0,  -13688474,          0
 15686,   138,   40000000,   26563313,        0,  -13436687,          0
 15686,   139,   40000000,   26343868,        0,  -13656132,          0
 15686,   140,   40000000,   26259597,        0,  -13740403,          0
 15686,   141,   40000000,   26631430,        0,  -13368570,          0
 15686,   142,   40000000,   26265885,        0,  -13734115,          0
 15686,   143,   40000000,   26250672,        0,  -13749328,          0
 15686,   144,   40000000,   26317762,        0,  -13682238,          0
 15686,   145,   40000000,   26233148,        0,  -13766852,          0
 15686,   146,   40000000,   26309106,        0,  -13690894,          0
 15686,   147,   40000000,   26233985,        0,  -13766015,          0
 15686,   148,   40000000,   26267192,        0,  -13732808,          0
 15686,   149,   40000000,   26288468,        0,  -13711532,          0
 15686,   150,   40000000,   26278602,        0,  -13721398,          0
 15686,   151,   40000000,   26297729,        0,  -13702271,          0
 15686,   152,   40000000,   26203226,        0,  -13796774,          0
 15686,   153,   40000000,   26218949,        0,  -13781051,          0
 15686,   154,   40000000,   26338341,        0,  -13661659,          0
 15686,   155,   40000000,   26338148,        0,  -13661852,          0
 15686,   156,   40000000,   26232532,        0,  -13767468,          0
 15686,   157,   40000000,   26813926,        0,  -13186074,          0
 15686,   158,   40000000,   26199136,        0,  -13800864,          0
 15686,   159,   40000000,   26221813,        0,  -13778187,          0
 15686,   160,   40000000,   26661448,        0,  -13338552,          0
 15686,   161,   40000000,   26259577,        0,  -13740423,          0
 15686,   162,   40000000,   26256367,        0,  -13743633,          0
 15686,   163,   40000000,   26463236,        0,  -13536764,          0
 15686,   164,   40000000,   26378511,        0,  -13621489,          0
 15686,   165,   40000000,   26224248,        0,  -13775752,          0
 15686,   166,   40000000,   26458343,        0,  -13541657,          0
 15686,   167,   40000000,   26300340,        0,  -13699660,          0
 15686,   168,   40000000,   26321847,        0,  -13678153,          0
 15686,   169,   40000000,   26278716,        0,  -13721284,          0
 15686,   170,   40000000,   26296844,        0,  -13703156,          0
 15686,   171,   40000000,   26343156,        0,  -13656844,          0
 15686,   172,   40000000,   26340818,        0,  -13659182,          0
 15686,   173,   40000000,   26283235,        0,  -13716765,          0
 15686,   174,   40000000,   26266781,        0,  -13733219,          0
 15686,   175,   40000000,   26283462,        0,  -13716538,          0
 15686,   176,   40000000,   26300344,        0,  -13699656,          0
 15686,   177,   40000000,   26271874,        0,  -13728126,          0
 15686,   178,   40000000,   26339226,        0,  -13660774,          0
 15686,   179,   40000000,   26345892,        0,  -13654108,          0
 15686,   180,   40000000,   26165724,        0,  -13834276,          0
 15686,   181,   40000000,   26359477,        0,  -13640523,          0
 15686,   182,   40000000,   26261443,        0,  -13738557,          0
 15686,   183,   40000000,   26318210,        0,  -13681790,          0
 15686,   184,   40000000,   26247130,        0,  -13752870,          0
 15686,   185,   40000000,   26266105,        0,  -13733895,          0
 15686,   186,   40000000,   26238838,        0,  -13761162,          0
 15686,   187,   40000000,   26314786,        0,  -13685214,          0
 15686,   188,   40000000,   26444655,        0,  -13555345,          0
 15686,   189,   40000000,   26231715,        0,  -13768285,          0
 15686,   190,   40000000,   26305936,        0,  -13694064,          0
 15686,   191,   40000000,   26488741,        0,  -13511259,          0
 15686,   192,   40000000,   26243805,        0,  -13756195,          0
 15686,   193,   40000000,   26201057,        0,  -13798943,          0
 15686,   194,   40000000,   26239811,        0,  -13760189,          0
 15686,   195,   40000000,   26273687,        0,  -13726313,          0
 15686,   196,   40000000,   26242809,        0,  -13757191,          0
 15686,   197,   40000000,   26257042,        0,  -13742958,          0
 15686,   198,   40000000,   26316225,        0,  -13683775,          0
 15686,   199,   40000000,   26263858,        0,  -13736142,          0
 15686,   200,   40000000,   26224063,        0,  -13775937,          0
 15686,   201,   40000000,   26294163,        0,  -13705837,          0
 15686,   202,   40000000,   26248095,        0,  -13751905,          0
 15686,   203,   40000000,   26235252,        0,  -13764748,          0
 15686,   204,   40000000,   26207850,        0,  -13792150,          0
 15686,   205,   40000000,   26256841,        0,  -13743159,          0
 15686,   206,   40000000,   26278568,        0,  -13721432,          0
 15686,   207,   40000000,   26291176,        0,  -13708824,          0
 15686,   208,   40000000,   26279930,        0,  -13720070,          0
 15686,   209,   40000000,   26244028,        0,  -13755972,          0
 15686,   210,   40000000,   26258288,        0,  -13741712,          0
 15686,   211,   40000000,   26337527,        0,  -13662473,          0
 15686,   212,   40000000,   26274837,        0,  -13725163,          0
 15686,   213,   40000000,   26319038,        0,  -13680962,          0
 15686,   214,   40000000,   26192322,        0,  -13807678,          0
 15686,   215,   40000000,   26339165,        0,  -13660835,          0
 15686,   216,   40000000,   26546524,        0,  -13453476,          0
 15686,   217,   40000000,   26290131,        0,  -13709869,          0
 15686,   218,   40000000,   26368062,        0,  -13631938,          0
 15686,   219,   40000000,   28521944,        0,  -11478056,          0
 15686,   220,   40000000,   26319889,        0,  -13680111,          0
 15686,   221,   40000000,   26338637,        0,  -13661363,          0
 15686,   222,   40000000,   26318890,        0,  -13681110,          0
 15686,   223,   40000000,   26182761,        0,  -13817239,          0
 15686,   224,   40000000,   26298574,        0,  -13701426,          0
 15686,   225,   40000000,   26277861,        0,  -13722139,          0
 15686,   226,   40000000,   26233338,        0,  -13766662,          0
 15686,   227,   40000000,   26241515,        0,  -13758485,          0
 15686,   228,   40000000,   26331920,        0,  -13668080,          0
 15686,   229,   40000000,   26174423,        0,  -13825577,          0
 15686,   230,   40000000,   26197211,        0,  -13802789,          0
 15686,   231,   40000000,   26322450,        0,  -13677550,          0
 15686,   232,   40000000,   26541305,        0,  -13458695,          0
 15686,   233,   40000000,   26296532,        0,  -13703468,          0
 15686,   234,   40000000,   26279683,        0,  -13720317,          0
 15686,   235,   40000000,   26594517,        0,  -13405483,          0
 15686,   236,   40000000,   26292862,        0,  -13707138,          0
 15686,   237,   40000000,   26247964,        0,  -13752036,          0
 15686,   238,   40000000,   26440661,        0,  -13559339,          0
 15686,   239,   40000000,   28333828,        0,  -11666172,          0
 15686,   240,   40000000,   26284416,        0,  -13715584,          0
 15686,   241,   40000000,   28429988,        0,  -11570012,          0
 15686,   242,   40000000,   26262950,        0,  -13737050,          0
 15686,   243,   40000000,   26225753,        0,  -13774247,          0
 15686,   244,   40000000,   26199871,        0,  -13800129,          0
 15686,   245,   40000000,   26231229,        0,  -13768771,          0
 15686,   246,   40000000,   26237692,        0,  -13762308,          0
 15686,   247,   40000000,   26261023,        0,  -13738977,          0
 15686,   248,   40000000,   26417245,        0,  -13582755,          0
 15686,   249,   40000000,   26309863,        0,  -13690137,          0
 15686,   250,   40000000,   26301240,        0,  -13698760,          0
 15686,   251,   40000000,   26210754,        0,  -13789246,          0
 15686,   252,   40000000,   26262006,        0,  -13737994,          0
 15686,   253,   40000000,   27977576,        0,  -12022424,          0
 15686,   254,   40000000,   26257542,        0,  -13742458,          0
# task NAME=myapp PID=15689 COST=14285000 PERIOD=47000000 CPU=0
 15689,     2,   47000000,       6246,        0,  -46993754,          0
 15689,     3,   47000000,     102603,        0,  -46897397,          0
 15689,     4,   47000000,   26004646,        0,  -20995354,          0
 15689,     5,   47000000,   24990525,        0,  -22009475,          0
 15689,     6,   47000000,   21911475,        0,  -25088525,          0
 15689,     7,   47000000,   22995821,        0,  -24004179,          0
 15689,     8,   47000000,   24041925,        0,  -22958075,          0
 15689,     9,   47000000,   25019127,        0,  -21980873,          0
 15689,    10,   47000000,   21932575,        0,  -25067425,          0
 15689,    11,   47000000,   23050292,        0,  -23949708,          0
 15689,    12,   47000000,   24030166,        0,  -22969834,          0
 15689,    13,   47000000,   24970529,        0,  -22029471,          0
 15689,    14,   47000000,   21929133,        0,  -25070867,          0
 15689,    15,   47000000,   22899643,        0,  -24100357,          0
 15689,    16,   47000000,   23999267,        0,  -23000733,          0
 15689,    17,   47000000,   25028172,        0,  -21971828,          0
 15689,    18,   47000000,   21981872,        0,  -25018128,          0
 15689,    19,   47000000,   22984042,        0,  -24015958,          0
 15689,    20,   47000000,   23929675,        0,  -23070325,          0
 15689,    21,   47000000,   25038184,        0,  -21961816,          0
 15689,    22,   47000000,   22246290,        0,  -24753710,          0
 15689,    23,   47000000,   23049125,        0,  -23950875,          0
 15689,    24,   47000000,   23985466,        0,  -23014534,          0
 15689,    25,   47000000,   24903651,        0,  -22096349,          0
 15689,    26,   47000000,   21923583,        0,  -25076417,          0
 15689,    27,   47000000,   22974288,        0,  -24025712,          0
 15689,    28,   47000000,   24022476,        0,  -22977524,          0
 15689,    29,   47000000,   24963662,        0,  -22036338,          0
 15689,    30,   47000000,   22028222,        0,  -24971778,          0
 15689,    31,   47000000,   23057982,        0,  -23942018,          0
 15689,    32,   47000000,   24296494,        0,  -22703506,          0
 15689,    33,   47000000,   25226153,        0,  -21773847,          0
 15689,    34,   47000000,   21899927,        0,  -25100073,          0
 15689,    35,   47000000,   23033608,        0,  -23966392,          0
 15689,    36,   47000000,   24108556,        0,  -22891444,          0
 15689,    37,   47000000,   25030739,        0,  -21969261,          0
 15689,    38,   47000000,   21955499,        0,  -25044501,          0
 15689,    39,   47000000,   22868518,        0,  -24131482,          0
 15689,    40,   47000000,   24034576,        0,  -22965424,          0
 15689,    41,   47000000,   24978900,        0,  -22021100,          0
 15689,    42,   47000000,   21970860,        0,  -25029140,          0
 15689,    43,   47000000,   22941678,        0,  -24058322,          0
 15689,    44,   47000000,   23907760,        0,  -23092240,          0
 15689,    45,   47000000,   25404519,        0,  -21595481,          0
 15689,    46,   47000000,   22180062,        0,  -24819938,          0
 15689,    47,   47000000,   22934479,        0,  -24065521,          0
 15689,    48,   47000000,   23962725,        0,  -23037275,          0
 15689,    49,   47000000,   25312005,        0,  -21687995,          0
 15689,    50,   47000000,   21938494,        0,  -25061506,          0
 15689,    51,   47000000,   22957219,        0,  -24042781,          0
 15689,    52,   47000000,   24173748,        0,  -22826252,          0
 15689,    53,   47000000,   25088894,        0,  -21911106,          0
 15689,    54,   47000000,   23861782,        0,  -23138218,          0
 15689,    55,   47000000,   22902548,        0,  -24097452,          0
 15689,    56,   47000000,   24012710,        0,  -22987290,          0
 15689,    57,   47000000,   24940871,        0,  -22059129,          0
 15689,    58,   47000000,   22023780,        0,  -24976220,          0
 15689,    59,   47000000,   22992211,        0,  -24007789,          0
 15689,    60,   47000000,   23960492,        0,  -23039508,          0
 15689,    61,   47000000,   24997801,        0,  -22002199,          0
 15689,    62,   47000000,   21882920,        0,  -25117080,          0
 15689,    63,   47000000,   22957159,        0,  -24042841,          0
 15689,    64,   47000000,   23940105,        0,  -23059895,          0
 15689,    65,   47000000,   25231979,        0,  -21768021,          0
 15689,    66,   47000000,   21962732,        0,  -25037268,          0
 15689,    67,   47000000,   22884199,        0,  -24115801,          0
 15689,    68,   47000000,   24030663,        0,  -22969337,          0
 15689,    69,   47000000,   24951148,        0,  -22048852,          0
 15689,    70,   47000000,   21970695,        0,  -25029305,          0
 15689,    71,   47000000,   22959422,        0,  -24040578,          0
 15689,    72,   47000000,   23995336,        0,  -23004664,          0
 15689,    73,   47000000,   24948311,        0,  -22051689,          0
 15689,    74,   47000000,   21949496,        0,  -25050504,          0
 15689,    75,   47000000,   22945581,        0,  -24054419,          0
 15689,    76,   47000000,   23941125,        0,  -23058875,          0
 15689,    77,   47000000,   25034734,        0,  -21965266,          0
 15689,    78,   47000000,   22186657,        0,  -24813343,          0
 15689,    79,   47000000,   23322885,        0,  -23677115,          0
 15689,    80,   47000000,   23932785,        0,  -23067215,          0
 15689,    81,   47000000,   24946802,        0,  -22053198,          0
 15689,    82,   47000000,   21957777,        0,  -25042223,          0
 15689,    83,   47000000,   22939641,        0,  -24060359,          0
 15689,    84,   47000000,   24053069,        0,  -22946931,          0
 15689,    85,   47000000,   24943558,        0,  -22056442,          0
 15689,    86,   47000000,   22146822,        0,  -24853178,          0
 15689,    87,   47000000,   23018719,        0,  -23981281,          0
 15689,    88,   47000000,   23963732,        0,  -23036268,          0
 15689,    89,   47000000,   24996549,        0,  -22003451,          0
 15689,    90,   47000000,   21915470,        0,  -25084530,          0
 15689,    91,   47000000,   23118492,        0,  -23881508,          0
 15689,    92,   47000000,   24028727,        0,  -22971273,          0
 15689,    93,   47000000,   24942103,        0,  -22057897,          0
 15689,    94,   47000000,   22165933,        0,  -24834067,          0
 15689,    95,   47000000,   22954944,        0,  -24045056,          0
 15689,    96,   47000000,   23944622,        0,  -23055378,          0
 15689,    97,   47000000,   25053714,        0,  -21946286,          0
 15689,    98,   47000000,   21863763,        0,  -25136237,          0
 15689,    99,   47000000,   24960092,        0,  -22039908,          0
 15689,   100,   47000000,   24012442,        0,  -22987558,          0
 15689,   101,   47000000,   24929286,        0,  -22070714,          0
 15689,   102,   47000000,   21963324,        0,  -25036676,          0
 15689,   103,   47000000,   22883775,        0,  -24116225,          0
 15689,   104,   47000000,   26058016,        0,  -20941984,          0
 15689,   105,   47000000,   27011465,        0,  -19988535,          0
 15689,   106,   47000000,   23908198,        0,  -23091802,          0
 15689,   107,   47000000,   23044461,        0,  -23955539,          0
 15689,   108,   47000000,   23955768,        0,  -23044232,          0
 15689,   109,   47000000,   24982075,        0,  -22017925,          0
 15689,   110,   47000000,   22023188,        0,  -24976812,          0
 15689,   111,   47000000,   22881020,        0,  -24118980,          0
 15689,   112,   47000000,   23984880,        0,  -23015120,          0
 15689,   113,   47000000,   24939275,        0,  -22060725,          0
 15689,   114,   47000000,   22022903,        0,  -24977097,          0
 15689,   115,   47000000,   22922162,        0,  -24077838,          0
 15689,   116,   47000000,   23955943,        0,  -23044057,          0
 15689,   117,   47000000,   24975229,        0,  -22024771,          0
 15689,   118,   47000000,   22142761,        0,  -24857239,          0
 15689,   119,   47000000,   22923920,        0,  -24076080,          0
 15689,   120,   47000000,   23998959,        0,  -23001041,          0
 15689,   121,   47000000,   24924210,        0,  -22075790,          0
 15689,   122,   47000000,   21911141,        0,  -25088859,          0
 15689,   123,   47000000,   23016535,        0,  -23983465,          0
 15689,   124,   47000000,   24039514,        0,  -22960486,          0
 15689,   125,   47000000,   25058503,        0,  -21941497,          0
 15689,   126,   47000000,   22250810,        0,  -24749190,          0
 15689,   127,   47000000,   23032162,        0,  -23967838,          0
 15689,   128,   47000000,   24000030,        0,  -22999970,          0
 15689,   129,   47000000,   25001955,        0,  -21998045,          0
 15689,   130,   47000000,   22016270,        0,  -24983730,          0
 15689,   131,   47000000,   22989813,        0,  -24010187,          0
 15689,   132,   47000000,   23965928,        0,  -23034072,          0
 15689,   133,   47000000,   24880595,        0,  -22119405,          0
 15689,   134,   47000000,   22200306,        0,  -24799694,          0
 15689,   135,   47000000,   22877680,        0,  -24122320,          0
 15689,   136,   47000000,   23941907,        0,  -23058093,          0
 15689,   137,   47000000,   25107288,        0,  -21892712,          0
 15689,   138,   47000000,   21934863,        0,  -25065137,          0
 15689,   139,   47000000,   23190125,        0,  -23809875,          0
 15689,   140,   47000000,   24131237,        0,  -22868763,          0
 15689,   141,   47000000,   25057730,        0,  -21942270,          0
 15689,   142,   47000000,   22019813,        0,  -24980187,          0
 15689,   143,   47000000,   23003835,        0,  -23996165,          0
 15689,   144,   47000000,   25877705,        0,  -21122295,          0
 15689,   145,   47000000,   25071803,        0,  -21928197,          0
 15689,   146,   47000000,   21992556,        0,  -25007444,          0
 15689,   147,   47000000,   24422187,        0,  -22577813,          0
 15689,   148,   47000000,   24036347,        0,  -22963653,          0
 15689,   149,   47000000,   24971525,        0,  -22028475,          0
 15689,   150,   47000000,   22153118,        0,  -24846882,          0
 15689,   151,   47000000,   22918666,        0,  -24081334,          0
 15689,   152,   47000000,   23976109,        0,  -23023891,          0
 15689,   153,   47000000,   24954815,        0,  -22045185,          0
 15689,   154,   47000000,   21969272,        0,  -25030728,          0
 15689,   155,   47000000,   22974433,        0,  -24025567,          0
 15689,   156,   47000000,   24014923,        0,  -22985077,          0
 15689,   157,   47000000,   24977715,        0,  -22022285,          0
 15689,   158,   47000000,   25896191,        0,  -21103809,          0
 15689,   159,   47000000,   22890643,        0,  -24109357,          0
 15689,   160,   47000000,   23925408,        0,  -23074592,          0
 15689,   161,   47000000,   24951761,        0,  -22048239,          0
 15689,   162,   47000000,   21871521,        0,  -25128479,          0
 15689,   163,   47000000,   23149958,        0,  -23850042,          0
 15689,   164,   47000000,   24001637,        0,  -22998363,          0
 15689,   165,   47000000,   25096177,        0,  -21903823,          0
 15689,   166,   47000000,   22196671,        0,  -24803329,          0
 15689,   167,   47000000,   23073847,        0,  -23926153,          0
 15689,   168,   47000000,   23947252,        0,  -23052748,          0
 15689,   169,   47000000,   24938571,        0,  -22061429,          0
 15689,   170,   47000000,   23872793,        0,  -23127207,          0
 15689,   171,   47000000,   23184987,        0,  -23815013,          0
 15689,   172,   47000000,   23992682,        0,  -23007318,          0
 15689,   173,   47000000,   24985697,        0,  -22014303,          0
 15689,   174,   47000000,   24187944,        0,  -22812056,          0
 15689,   175,   47000000,   22967898,        0,  -24032102,          0
 15689,   176,   47000000,   23973157,        0,  -23026843,          0
 15689,   177,   47000000,   24964399,        0,  -22035601,          0
 15689,   178,   47000000,   21962637,        0,  -25037363,          0
 15689,   179,   47000000,   22935373,        0,  -24064627,          0
 15689,   180,   47000000,   23992858,        0,  -23007142,          0
 15689,   181,   47000000,   25021577,        0,  -21978423,          0
 15689,   182,   47000000,   22275703,        0,  -24724297,          0
 15689,   183,   47000000,   22911728,        0,  -24088272,          0
 15689,   184,   47000000,   23961770,        0,  -23038230,          0
 15689,   185,   47000000,   24959471,        0,  -22040529,          0
 15689,   186,   47000000,   21940713,        0,  -25059287,          0
 15689,   187,   47000000,   23036502,        0,  -23963498,          0
 15689,   188,   47000000,   24055311,        0,  -22944689,          0
 15689,   189,   47000000,   25010574,        0,  -21989426,          0
 15689,   190,   47000000,   22223801,        0,  -24776199,          0
 15689,   191,   47000000,   22845512,        0,  -24154488,          0
 15689,   192,   47000000,   23974173,        0,  -23025827,          0
 15689,   193,   47000000,   24977786,        0,  -22022214,          0
 15689,   194,   47000000,   21902237,        0,  -25097763,          0
 15689,   195,   47000000,   23081583,        0,  -23918417,          0
 15689,   196,   47000000,   23955402,        0,  -23044598,          0
 15689,   197,   47000000,   24950268,        0,  -22049732,          0
 15689,   198,   47000000,   21985391,        0,  -25014609,          0
 15689,   199,   47000000,   22899102,        0,  -24100898,          0
 15689,   200,   47000000,   23957972,        0,  -23042028,          0
 15689,   201,   47000000,   27093463,        0,  -19906537,          0
 15689,   202,   47000000,   21973755,        0,  -25026245,          0
 15689,   203,   47000000,   23151816,        0,  -23848184,          0
 15689,   204,   47000000,   24001658,        0,  -22998342,          0
 15689,   205,   47000000,   24988956,        0,  -22011044,          0
 15689,   206,   47000000,   21939058,        0,  -25060942,          0
 15689,   207,   47000000,   22933997,        0,  -24066003,          0
 15689,   208,   47000000,   23999880,        0,  -23000120,          0
 15689,   209,   47000000,   24923805,        0,  -22076195,          0
 15689,   210,   47000000,   21977526,        0,  -25022474,          0
 15689,   211,   47000000,   23033786,        0,  -23966214,          0
 15689,   212,   47000000,   24120002,        0,  -22879998,          0
 15689,   213,   47000000,   24976360,        0,  -22023640,          0
 15689,   214,   47000000,   21939752,        0,  -25060248,          0
 15689,   215,   47000000,   22934989,        0,  -24065011,          0
 15689,   216,   47000000,   23984898,        0,  -23015102,          0
# task NAME=myapp PID=15694 COST=6803000 PERIOD=65000000 CPU=0
 15694,     2,   65000000,      11714,        0,  -64988286,          0
 15694,     3,   65000000,      96458,        0,  -64903542,          0
 15694,     4,   65000000,    8844205,        0,  -56155795,          0
 15694,     5,   65000000,   11868110,        0,  -53131890,          0
 15694,     6,   65000000,   10877289,        0,  -54122711,          0
 15694,     7,   65000000,    9751866,        0,  -55248134,          0
 15694,     8,   65000000,   10800301,        0,  -54199699,          0
 15694,     9,   65000000,   11852031,        0,  -53147969,          0
 15694,    10,   65000000,   10858773,        0,  -54141227,          0
 15694,    11,   65000000,    9852564,        0,  -55147436,          0
 15694,    12,   65000000,    8920858,        0,  -56079142,          0
 15694,    13,   65000000,   11872677,        0,  -53127323,          0
 15694,    14,   65000000,   10869499,        0,  -54130501,          0
 15694,    15,   65000000,    9817946,        0,  -55182054,          0
 15694,    16,   65000000,    8811432,        0,  -56188568,          0
 15694,    17,   65000000,   12153448,        0,  -52846552,          0
 15694,    18,   65000000,   10833199,        0,  -54166801,          0
 15694,    19,   65000000,    9852643,        0,  -55147357,          0
 15694,    20,   65000000,    8823355,        0,  -56176645,          0
 15694,    21,   65000000,   11844362,        0,  -53155638,          0
 15694,    22,   65000000,   10749716,        0,  -54250284,          0
 15694,    23,   65000000,    9908699,        0,  -55091301,          0
 15694,    24,   65000000,   10840442,        0,  -54159558,          0
 15694,    25,   65000000,   11901529,        0,  -53098471,          0
 15694,    26,   65000000,   10892284,        0,  -54107716,          0
 15694,    27,   65000000,   11757982,        0,  -53242018,          0
 15694,    28,   65000000,   10844614,        0,  -54155386,          0
 15694,    29,   65000000,   11849343,        0,  -53150657,          0
 15694,    30,   65000000,   10916779,        0,  -54083221,          0
 15694,    31,   65000000,    9830598,        0,  -55169402,          0
 15694,    32,   65000000,   10129645,        0,  -54870355,          0
 15694,    33,   65000000,   11856376,        0,  -53143624,          0
 15694,    34,   65000000,   10898211,        0,  -54101789,          0
 15694,    35,   65000000,    9852326,        0,  -55147674,          0
 15694,    36,   65000000,   10084811,        0,  -54915189,          0
 15694,    37,   65000000,   11867234,        0,  -53132766,          0
 15694,    38,   65000000,   10955095,        0,  -54044905,          0
 15694,    39,   65000000,    9843830,        0,  -55156170,          0
 15694,    40,   65000000,    8820483,        0,  -56179517,          0
 15694,    41,   65000000,   11906444,        0,  -53093556,          0
 15694,    42,   65000000,   10824647,        0,  -54175353,          0
 15694,    43,   65000000,   10166148,        0,  -54833852,          0
 15694,    44,   65000000,    8832073,        0,  -56167927,          0
 15694,    45,   65000000,   11786607,        0,  -53213393,          0
 15694,    46,   65000000,   10796350,        0,  -54203650,          0
 15694,    47,   65000000,    9844234,        0,  -55155766,          0
 15694,    48,   65000000,   10813883,        0,  -54186117,          0
 15694,    49,   65000000,   13848936,        0,  -51151064,          0
 15694,    50,   65000000,   11714530,        0,  -53285470,          0
 15694,    51,   65000000,    9833172,        0,  -55166828,          0
 15694,    52,   65000000,    8806045,        0,  -56193955,          0
 15694,    53,   65000000,   11815623,        0,  -53184377,          0
 15694,    54,   65000000,   10831761,        0,  -54168239,          0
 15694,    55,   65000000,    9828407,        0,  -55171593,          0
 15694,    56,   65000000,    8912727,        0,  -56087273,          0
 15694,    57,   65000000,   12569222,        0,  -52430778,          0
 15694,    58,   65000000,   10848423,        0,  -54151577,          0
 15694,    59,   65000000,    9828617,        0,  -55171383,          0
 15694,    60,   65000000,    8856836,        0,  -56143164,          0
 15694,    61,   65000000,   13809444,        0,  -51190556,          0
 15694,    62,   65000000,   10821168,        0,  -54178832,          0
 15694,    63,   65000000,   11851730,        0,  -53148270,          0
 15694,    64,   65000000,    8858537,        0,  -56141463,          0
 15694,    65,   65000000,   12116192,        0,  -52883808,          0
 15694,    66,   65000000,   12827864,        0,  -52172136,          0
 15694,    67,   65000000,   11142089,        0,  -53857911,          0
 15694,    68,   65000000,    8871783,        0,  -56128217,          0
 15694,    69,   65000000,   11807793,        0,  -53192207,          0
 15694,    70,   65000000,   10840252,        0,  -54159748,          0
 15694,    71,   65000000,    9824615,        0,  -55175385,          0
 15694,    72,   65000000,    8827381,        0,  -56172619,          0
 15694,    73,   65000000,   11861696,        0,  -53138304,          0
 15694,    74,   65000000,   10823773,        0,  -54176227,          0
 15694,    75,   65000000,    9861132,        0,  -55138868,          0
 15694,    76,   65000000,    8852551,        0,  -56147449,          0
 15694,    77,   65000000,   11843649,        0,  -53156351,          0
 15694,    78,   65000000,   12941899,        0,  -52058101,          0
 15694,    79,   65000000,   10081066,        0,  -54918934,          0
 15694,    80,   65000000,    9048925,        0,  -55951075,          0
 15694,    81,   65000000,   11880618,        0,  -53119382,          0
 15694,    82,   65000000,   10872276,        0,  -54127724,          0
 15694,    83,   65000000,    9827392,        0,  -55172608,          0
 15694,    84,   65000000,    8800901,        0,  -56199099,          0
 15694,    85,   65000000,   11822231,        0,  -53177769,          0
 15694,    86,   65000000,   10850140,        0,  -54149860,          0
 15694,    87,   65000000,    9800670,        0,  -55199330,          0
 15694,    88,   65000000,    8809773,        0,  -56190227,          0
 15694,    89,   65000000,   11832793,        0,  -53167207,          0
 15694,    90,   65000000,   10810155,        0,  -54189845,          0
 15694,    91,   65000000,    9837448,        0,  -55162552,          0
 15694,    92,   65000000,   10736907,        0,  -54263093,          0
 15694,    93,   65000000,   11831438,        0,  -53168562,          0
 15694,    94,   65000000,   10806538,        0,  -54193462,          0
 15694,    95,   65000000,    9809048,        0,  -55190952,          0
 15694,    96,   65000000,    8845403,        0,  -56154597,          0
 15694,    97,   65000000,   11844854,        0,  -53155146,          0
 15694,    98,   65000000,   10908943,        0,  -54091057,          0
 15694,    99,   65000000,    9831997,        0,  -55168003,          0
 15694,   100,   65000000,   12855859,        0,  -52144141,          0
 15694,   101,   65000000,   11791234,        0,  -53208766,          0
 15694,   102,   65000000,   10894051,        0,  -54105949,          0
 15694,   103,   65000000,    9833446,        0,  -55166554,          0
 15694,   104,   65000000,   10764794,        0,  -54235206,          0
 15694,   105,   65000000,   12240687,        0,  -52759313,          0
 15694,   106,   65000000,   10826620,        0,  -54173380,          0
 15694,   107,   65000000,   11851539,        0,  -53148461,          0
 15694,   108,   65000000,    8795484,        0,  -56204516,          0
 15694,   109,   65000000,   11893995,        0,  -53106005,          0
 15694,   110,   65000000,   12852480,        0,  -52147520,          0
 15694,   111,   65000000,    9851205,        0,  -55148795,          0
 15694,   112,   65000000,   10785239,        0,  -54214761,          0
 15694,   113,   65000000,   13858613,        0,  -51141387,          0
 15694,   114,   65000000,   10924586,        0,  -54075414,          0
 15694,   115,   65000000,    9918534,        0,  -55081466,          0
 15694,   116,   65000000,    8841350,        0,  -56158650,          0
 15694,   117,   65000000,   13250238,        0,  -51749762,          0
 15694,   118,   65000000,   10881462,        0,  -54118538,          0
 15694,   119,   65000000,    9800238,        0,  -55199762,          0
 15694,   120,   65000000,    8832888,        0,  -56167112,          0
 15694,   121,   65000000,   11869767,        0,  -53130233,          0
 15694,   122,   65000000,   10856924,        0,  -54143076,          0
 15694,   123,   65000000,    9815792,        0,  -55184208,          0
 15694,   124,   65000000,    8875036,        0,  -56124964,          0
 15694,   125,   65000000,   11897313,        0,  -53102687,          0
 15694,   126,   65000000,   10835445,        0,  -54164555,          0
 15694,   127,   65000000,    9835244,        0,  -55164756,          0
 15694,   128,   65000000,    8837968,        0,  -56162032,          0
 15694,   129,   65000000,   14329642,        0,  -50670358,          0
 15694,   130,   65000000,   10839858,        0,  -54160142,          0
 15694,   131,   65000000,    9825971,        0,  -55174029,          0
 15694,   132,   65000000,   10795542,        0,  -54204458,          0
 15694,   133,   65000000,   11803253,        0,  -53196747,          0
 15694,   134,   65000000,   10863629,        0,  -54136371,          0
 15694,   135,   65000000,   11836041,        0,  -53163959,          0
 15694,   136,   65000000,    8787816,        0,  -56212184,          0
 15694,   137,   65000000,   11939554,        0,  -53060446,          0
 15694,   138,   65000000,   12791391,        0,  -52208609,          0
 15694,   139,   65000000,    9812267,        0,  -55187733,          0
 15694,   140,   65000000,    8830616,        0,  -56169384,          0
 15694,   141,   65000000,   12214135,        0,  -52785865,          0
 15694,   142,   65000000,   10893186,        0,  -54106814,          0
 15694,   143,   65000000,    9844969,        0,  -55155031,          0
 15694,   144,   65000000,    8843493,        0,  -56156507,          0
 15694,   145,   65000000,   13856220,        0,  -51143780,          0
 15694,   146,   65000000,   10827396,        0,  -54172604,          0
 15694,   147,   65000000,   11793151,        0,  -53206849,          0
 15694,   148,   65000000,    9860009,        0,  -55139991,          0
 15694,   149,   65000000,   11877822,        0,  -53122178,          0
 15694,   150,   65000000,   10830598,        0,  -54169402,          0
 15694,   151,   65000000,    9830170,        0,  -55169830,          0
 15694,   152,   65000000,    8820645,        0,  -56179355,          0
 15694,   153,   65000000,   11878981,        0,  -53121019,          0
 15694,   154,   65000000,   10856776,        0,  -54143224,          0
 15694,   155,   65000000,    9850703,        0,  -55149297,          0
 15694,   156,   65000000,    8860278,        0,  -56139722,          0
 15694,   157,   65000000,   11883986,        0,  -53116014,          0
