479 244 235
289 169 120
212 123 89
363 166 197
228 110 118
360 200 160
103 64 39
127 67 60
143 72 71
141 84 57
347 192 155
174 102 72
152 106 46
135 77 58
130 63 67
146 80 66
592 252 340
308 165 143
717 311 406
169 96 73
301 146 155
153 83 70
221 128 93
457 206 251
135 70 65
139 77 62
184 117 67
147 95 52
142 87 55
221 121 100
253 128 125
199 112 87
560 223 337
253 134 119
348 179 169
233 133 100
122 74 48
178 90 88
458 195 263
112 77 35
247 147 100
151 87 64
559 227 332
122 69 53
122 73 49
222 129 93
245 137 108
389 197 192
231 139 92
189 97 92
115 66 49
136 84 52
158 98 60
360 180 180
128 58 70
405 215 190
187 117 70
111 80 31
119 65 54
115 71 44
1004 383 621
118 81 37
914 340 574
203 105 98
289 167 122
506 212 294
339 196 143
122 69 53
182 108 74
126 69 57
220 128 92
419 189 230
182 91 91
104 50 54
289 156 133
135 99 36
216 130 86
124 69 55
212 124 88
236 125 111
162 104 58
459 209 250
463 214 249
187 107 80
