872 872 1
935 935 1
1113 1113 1
820 820 1
1210 1210 1
651 651 1
1840 1840 1
773 773 1
1684 1684 1
960 960 1
997 997 1
985 985 1
1808 1808 1
1578 1578 1
676 676 1
849 849 1
986 986 1
651 651 1
1055 1055 1
846 846 1
1040 1040 1
1067 1067 1
1070 1070 1
827 827 1
563 563 1
 
2692 2692 1
1629 1629 1
1971 1971 1
1759 1759 1
2508 2508 1
2924 2924 1
2573 2573 1
3091 3091 1
2266 2266 1
1656 1656 1
2180 2180 1
1778 1778 1
1189 1189 1
1371 1371 1
1083 1083 1
1389 1389 1
1588 1588 1
1781 1781 1
2418 2418 1
1896 1896 1
2277 2277 1
2056 2056 1
3743 3743 1
1710 1710 1
1636 1636 1
 
4163 4163 1
4191 4191 1
3404 3404 1
4177 4177 1
4134 4134 1
2537 2537 1
3282 3282 1
3610 3610 1
5986 5986 1
2500 2500 1
2778 2778 1
3367 3367 1
2977 2977 1
4747 4747 1
2295 2295 1
2279 2279 1
3566 3566 1
3747 3747 1
4868 4868 1
3700 3700 1
2983 2983 1
3037 3037 1
2578 2578 1
2542 2542 1
5230 5230 1
 
2845 2845 1
3405 3405 1
5173 5173 1
3551 3551 1
4258 4258 1
3053 3053 1
4940 4940 1
3728 3728 1
4255 4255 1
3488 3488 1
4681 4681 1
4641 4641 1
3825 3825 1
6207 6207 1
4096 4096 1
3513 3513 1
3583 3583 1
4722 4722 1
6245 6245 1
5716 5716 1
4032 4032 1
7827 7827 1
3870 3870 1
3624 3624 1
3660 3660 1
 
4517 4517 1
5137 5137 1
4141 4141 1
7236 7236 1
4895 4895 1
4269 4269 1
6043 6043 1
5936 5936 1
4754 4754 1
4211 4211 1
3726 3726 1
4318 4318 1
6600 6600 1
5681 5681 1
5271 5271 1
5454 5454 1
4978 4978 1
5234 5234 1
6245 6245 1
5210 5210 1
3989 3989 1
6057 6057 1
4997 4997 1
4620 4620 1
5072 5072 1
 
6069 6069 1
4541 4541 1
5380 5380 1
6831 6831 1
6320 6320 1
5383 5383 1
7834 7834 1
4459 4459 1
5673 5673 1
5931 5931 1
4358 4358 1
3861 3861 1
6386 6386 1
6283 6283 1
6978 6978 1
6085 6085 1
4972 4972 1
6161 6161 1
5355 5355 1
5037 5037 1
5307 5307 1
8138 8138 1
7675 7675 1
5438 5438 1
4700 4700 1
 
6876 6876 1
6304 6304 1
7306 7306 1
6749 6749 1
7637 7637 1
8467 8467 1
6887 6887 1
10780 10780 1
9388 9388 1
9849 9849 1
6907 6907 1
6431 6431 1
6871 6871 1
7382 7382 1
4749 4749 1
7129 7129 1
9388 9388 1
6890 6890 1
7752 7752 1
8443 8443 1
8151 8151 1
8534 8534 1
9551 9551 1
5634 5634 1
7771 7771 1
 
5930 5930 1
10919 10919 1
8990 8990 1
7405 7405 1
7279 7279 1
7124 7124 1
9045 9045 1
8939 8939 1
8953 8953 1
9925 9925 1
6328 6328 1
9952 9952 1
8240 8240 1
8768 8768 1
7231 7231 1
8088 8088 1
8444 8444 1
9632 9632 1
10596 10596 1
8960 8960 1
6888 6888 1
8148 8148 1
8607 8607 1
8961 8961 1
6494 6494 1
 
9962 9962 1
8597 8597 1
8346 8346 1
10197 10197 1
8996 8996 1
8252 8252 1
7686 7686 1
10290 10290 1
8146 8146 1
11211 11211 1
11522 11522 1
9767 9767 1
9226 9226 1
11513 11513 1
10021 10021 1
9620 9620 1
9369 9369 1
8993 8993 1
11224 11224 1
14492 14492 1
8604 8604 1
8484 8484 1
8722 8722 1
8508 8508 1
9113 9113 1
 
12963 12963 1
11312 11312 1
9430 9430 1
13188 13188 1
9481 9481 1
13571 13571 1
9963 9963 1
10835 10835 1
11977 11977 1
9569 9569 1
12555 12555 1
12956 12956 1
9118 9118 1
12384 12384 1
9023 9023 1
12739 12739 1
9672 9672 1
10717 10717 1
11123 11123 1
9987 9987 1
9671 9671 1
11905 11905 1
10371 10371 1
12847 12847 1
9047 9047 1
 
12245 12245 1
15930 15930 1
12330 12330 1
12220 12220 1
10960 10960 1
13697 13697 1
10420 10420 1
14541 14541 1
10401 10401 1
10918 10918 1
15157 15157 1
15123 15123 1
10276 10276 1
12973 12973 1
10975 10975 1
12419 12419 1
10980 10980 1
10865 10865 1
11894 11894 1
9232 9232 1
13253 13253 1
9643 9643 1
12723 12723 1
10325 10325 1
11540 11540 1
 
18023 18023 1
13837 13837 1
15423 15423 1
13041 13041 1
16650 16650 1
13973 13973 1
13949 13949 1
12539 12539 1
12233 12233 1
15194 15194 1
12661 12661 1
11957 11957 1
12740 12740 1
12819 12819 1
10907 10907 1
13282 13282 1
14770 14770 1
14114 14114 1
17502 17502 1
10345 10345 1
11247 11247 1
13368 13368 1
13493 13493 1
11204 11204 1
11737 11737 1
 
13756 13756 1
14037 14037 1
14342 14342 1
14352 14352 1
13703 13703 1
12322 12322 1
13463 13463 1
13466 13466 1
11579 11579 1
14160 14160 1
17689 17689 1
10128 10128 1
15087 15087 1
17255 17255 1
14508 14508 1
16523 16523 1
12530 12530 1
14560 14560 1
10647 10647 1
15148 15148 1
12933 12933 1
14472 14472 1
19748 19748 1
15957 15957 1
12417 12417 1
 
15546 15546 1
13820 13820 1
15641 15641 1
16371 16371 1
17767 17767 1
18924 18924 1
15082 15082 1
13518 13518 1
13795 13795 1
20324 20324 1
14402 14402 1
14883 14883 1
15803 15803 1
13736 13736 1
14158 14158 1
16833 16833 1
15882 15882 1
15787 15787 1
13649 13649 1
16001 16001 1
17199 17199 1
16318 16318 1
23168 23168 1
14369 14369 1
13566 13566 1
 
15515 15515 1
19345 19345 1
16976 16976 1
14906 14906 1
16013 16013 1
15506 15506 1
14299 14299 1
16578 16578 1
16325 16325 1
15009 15009 1
18071 18071 1
17282 17282 1
16679 16679 1
22497 22497 1
12911 12911 1
16315 16315 1
16209 16209 1
16369 16369 1
15908 15908 1
14585 14585 1
18609 18609 1
14359 14359 1
19029 19029 1
15009 15009 1
13178 13178 1
 
15666 15666 1
17200 17200 1
14922 14922 1
15913 15913 1
20518 20518 1
16783 16783 1
21570 21570 1
18867 18867 1
18222 18222 1
15732 15732 1
16846 16846 1
15436 15436 1
16463 16463 1
14924 14924 1
15307 15307 1
18443 18443 1
16891 16891 1
16068 16068 1
16303 16303 1
16706 16706 1
17947 17947 1
16793 16793 1
16372 16372 1
19295 19295 1
18891 18891 1
 
24590 24590 1
18076 18076 1
19599 19599 1
15711 15711 1
18581 18581 1
15992 15992 1
20261 20261 1
16884 16884 1
16879 16879 1
22688 22688 1
19179 19179 1
21720 21720 1
18538 18538 1
19716 19716 1
17380 17380 1
22942 22942 1
17782 17782 1
17156 17156 1
19124 19124 1
21624 21624 1
17267 17267 1
18539 18539 1
18819 18819 1
18963 18963 1
18185 18185 1
 
15734 15734 1
18533 18533 1
15926 15926 1
19978 19978 1
16395 16395 1
16983 16983 1
20901 20901 1
21098 21098 1
17618 17618 1
17637 17637 1
18686 18686 1
16571 16571 1
27078 27078 1
18183 18183 1
23492 23492 1
22576 22576 1
17841 17841 1
24788 24788 1
24526 24526 1
24130 24130 1
22068 22068 1
23357 23357 1
19932 19932 1
18381 18381 1
20257 20257 1
 
18977 18977 1
20589 20589 1
17126 17126 1
20449 20449 1
16226 16226 1
22662 22662 1
19312 19312 1
19878 19878 1
20889 20889 1
19701 19701 1
21195 21195 1
22328 22328 1
23406 23406 1
21297 21297 1
22165 22165 1
20464 20464 1
17930 17930 1
17368 17368 1
41050 41050 1
24629 24629 1
21626 21626 1
24558 24558 1
23446 23446 1
18086 18086 1
20835 20835 1
 
26505 26505 1
23477 23477 1
24069 24069 1
21136 21136 1
21496 21496 1
19187 19187 1
21271 21271 1
19181 19181 1
22806 22806 1
21966 21966 1
17901 17901 1
25897 25897 1
23078 23078 1
21536 21536 1
19321 19321 1
21328 21328 1
21036 21036 1
21920 21920 1
21697 21697 1
21245 21245 1
18328 18328 1
24123 24123 1
17160 17160 1
24401 24401 1
22226 22226 1
 
25026 25026 1
24079 24079 1
23111 23111 1
23264 23264 1
28762 28762 1
20886 20886 1
21674 21674 1
26044 26044 1
23749 23749 1
22429 22429 1
21325 21325 1
20392 20392 1
23736 23736 1
25277 25277 1
21002 21002 1
21759 21759 1
21365 21365 1
26533 26533 1
18024 18024 1
22464 22464 1
24080 24080 1
23832 23832 1
22047 22047 1
21371 21371 1
24489 24489 1
 
===
