380 360 20
144 144 0
126 124 2
391 364 27
154 153 1
439 405 34
230 228 2
243 240 3
176 175 1
530 476 54
141 141 0
267 261 6
216 210 6
210 206 4
719 608 111
138 137 1
158 155 3
438 401 37
407 373 34
107 107 0
124 124 0
126 126 0
125 124 1
353 329 24
114 112 2
126 126 0
174 171 3
291 282 9
421 383 38
105 103 2
317 307 10
559 491 68
129 128 1
195 190 5
405 371 34
124 124 0
339 324 15
839 680 159
423 382 41
229 221 8
563 499 64
107 104 3
109 109 0
147 146 1
209 204 5
228 222 6
256 251 5
126 126 0
422 393 29
173 172 1
166 165 1
114 114 0
168 167 1
167 167 0
560 488 72
116 116 0
133 132 1
212 210 2
374 358 16
130 129 1
107 107 0
232 229 3
377 361 16
773 643 130
117 115 2
127 127 0
178 176 2
232 227 5
146 145 1
