116 10 106
223 16 207
277 17 260
234 16 218
451 40 411
421 28 393
167 12 155
225 17 208
207 12 195
341 21 320
226 17 209
181 11 170
97 5 92
127 10 117
95 5 90
454 44 410
113 7 106
383 25 358
103 6 97
91 6 85
115 6 109
99 9 90
204 13 191
184 12 172
356 22 334
111 7 104
273 16 257
112 7 105
176 11 165
97 6 91
174 11 163
278 19 259
122 8 114
193 11 182
466 50 416
101 7 94
284 19 265
95 5 90
438 33 405
439 36 403
108 5 103
168 9 159
202 14 188
95 5 90
227 16 211
210 13 197
350 22 328
169 12 157
124 8 116
142 8 134
113 6 107
91 6 85
274 18 256
155 12 143
111 8 103
248 17 231
99 6 93
133 10 123
238 15 223
92 5 87
112 8 104
148 9 139
118 6 112
147 9 138
91 6 85
128 7 121
193 14 179
385 26 359
149 12 137
267 17 250
461 45 416
96 7 89
181 12 169
450 40 410
343 23 320
129 10 119
