# Task,   Job,     Period,   Response, DL Miss?,   Lateness,  Tardiness
# task NAME=myapp PID=703 COST=27941000 PERIOD=71000000 CPU=0
   703,     2,   71000000,      32223,        0,  -70967777,          0
   703,     3,   71000000,     203458,        0,  -70796542,          0
   703,     4,   71000000,   47399941,        0,  -23600059,          0
   703,     5,   71000000,   45284737,        0,  -25715263,          0
   703,     6,   71000000,   44905863,        0,  -26094137,          0
   703,     7,   71000000,   42654956,        0,  -28345044,          0
   703,     8,   71000000,   44155437,        0,  -26844563,          0
   703,     9,   71000000,   44639737,        0,  -26360263,          0
   703,    10,   71000000,   44785553,        0,  -26214447,          0
   703,    11,   71000000,   46304871,        0,  -24695129,          0
   703,    12,   71000000,   46943823,        0,  -24056177,          0
   703,    13,   71000000,   47858922,        0,  -23141078,          0
   703,    14,   71000000,   45999345,        0,  -25000655,          0
   703,    15,   71000000,   45838839,        0,  -25161161,          0
   703,    16,   71000000,   46581274,        0,  -24418726,          0
   703,    17,   71000000,   44620980,        0,  -26379020,          0
   703,    18,   71000000,   42576975,        0,  -28423025,          0
   703,    19,   71000000,   45599878,        0,  -25400122,          0
   703,    20,   71000000,   47292209,        0,  -23707791,          0
   703,    21,   71000000,   48348963,        0,  -22651037,          0
   703,    22,   71000000,   44887153,        0,  -26112847,          0
   703,    23,   71000000,   42346427,        0,  -28653573,          0
   703,    24,   71000000,   47112102,        0,  -23887898,          0
   703,    25,   71000000,   47881679,        0,  -23118321,          0
   703,    26,   71000000,   45447891,        0,  -25552109,          0
   703,    27,   71000000,   43345787,        0,  -27654213,          0
   703,    28,   71000000,   47290328,        0,  -23709672,          0
   703,    29,   71000000,   48365877,        0,  -22634123,          0
   703,    30,   71000000,   45449533,        0,  -25550467,          0
   703,    31,   71000000,   43373647,        0,  -27626353,          0
   703,    32,   71000000,   44500383,        0,  -26499617,          0
   703,    33,   71000000,   48118021,        0,  -22881979,          0
   703,    34,   71000000,   44701268,        0,  -26298732,          0
   703,    35,   71000000,   43357889,        0,  -27642111,          0
   703,    36,   71000000,   44503361,        0,  -26496639,          0
   703,    37,   71000000,   47814501,        0,  -23185499,          0
   703,    38,   71000000,   46688118,        0,  -24311882,          0
   703,    39,   71000000,   42446789,        0,  -28553211,          0
   703,    40,   71000000,   43677908,        0,  -27322092,          0
   703,    41,   71000000,   44867077,        0,  -26132923,          0
   703,    42,   71000000,   44830535,        0,  -26169465,          0
   703,    43,   71000000,   45914396,        0,  -25085604,          0
   703,    44,   71000000,   47770924,        0,  -23229076,          0
   703,    45,   71000000,   45378395,        0,  -25621605,          0
   703,    46,   71000000,   44843816,        0,  -26156184,          0
   703,    47,   71000000,   42931632,        0,  -28068368,          0
   703,    48,   71000000,   46858163,        0,  -24141837,          0
   703,    49,   71000000,   47838591,        0,  -23161409,          0
   703,    50,   71000000,   44754965,        0,  -26245035,          0
   703,    51,   71000000,   42203869,        0,  -28796131,          0
   703,    52,   71000000,   44981923,        0,  -26018077,          0
   703,    53,   71000000,   45942002,        0,  -25057998,          0
   703,    54,   71000000,   44720849,        0,  -26279151,          0
   703,    55,   71000000,   45851426,        0,  -25148574,          0
   703,    56,   71000000,   46943492,        0,  -24056508,          0
   703,    57,   71000000,   47884885,        0,  -23115115,          0
   703,    58,   71000000,   42845854,        0,  -28154146,          0
   703,    59,   71000000,   46120090,        0,  -24879910,          0
   703,    60,   71000000,   45067042,        0,  -25932958,          0
   703,    61,   71000000,   48501498,        0,  -22498502,          0
   703,    62,   71000000,   44921751,        0,  -26078249,          0
   703,    63,   71000000,   43473146,        0,  -27526854,          0
   703,    64,   71000000,   44433773,        0,  -26566227,          0
   703,    65,   71000000,   48458810,        0,  -22541190,          0
   703,    66,   71000000,   42417135,        0,  -28582865,          0
   703,    67,   71000000,   46873841,        0,  -24126159,          0
   703,    68,   71000000,   47728225,        0,  -23271775,          0
   703,    69,   71000000,   48451797,        0,  -22548203,          0
   703,    70,   71000000,   41885617,        0,  -29114383,          0
   703,    71,   71000000,   46295669,        0,  -24704331,          0
   703,    72,   71000000,   44507354,        0,  -26492646,          0
   703,    73,   71000000,   45827895,        0,  -25172105,          0
   703,    74,   71000000,   41464667,        0,  -29535333,          0
   703,    75,   71000000,   43854699,        0,  -27145301,          0
   703,    76,   71000000,   47275179,        0,  -23724821,          0
   703,    77,   71000000,   43595809,        0,  -27404191,          0
   703,    78,   71000000,   42809425,        0,  -28190575,          0
   703,    79,   71000000,   45936551,        0,  -25063449,          0
   703,    80,   71000000,   44755140,        0,  -26244860,          0
   703,    81,   71000000,   44618882,        0,  -26381118,          0
   703,    82,   71000000,   45959370,        0,  -25040630,          0
   703,    83,   71000000,   42670945,        0,  -28329055,          0
   703,    84,   71000000,   47815418,        0,  -23184582,          0
   703,    85,   71000000,   46058217,        0,  -24941783,          0
   703,    86,   71000000,   42093325,        0,  -28906675,          0
   703,    87,   71000000,   46193386,        0,  -24806614,          0
   703,    88,   71000000,   47464074,        0,  -23535926,          0
   703,    89,   71000000,   45843895,        0,  -25156105,          0
   703,    90,   71000000,   42809023,        0,  -28190977,          0
   703,    91,   71000000,   43777924,        0,  -27222076,          0
   703,    92,   71000000,   47247310,        0,  -23752690,          0
   703,    93,   71000000,   44075509,        0,  -26924491,          0
   703,    94,   71000000,   42766199,        0,  -28233801,          0
   703,    95,   71000000,   46587149,        0,  -24412851,          0
   703,    96,   71000000,   43907735,        0,  -27092265,          0
   703,    97,   71000000,   44534884,        0,  -26465116,          0
   703,    98,   71000000,   42033987,        0,  -28966013,          0
   703,    99,   71000000,   42843589,        0,  -28156411,          0
   703,   100,   71000000,   47578695,        0,  -23421305,          0
   703,   101,   71000000,   48601521,        0,  -22398479,          0
   703,   102,   71000000,   42596303,        0,  -28403697,          0
   703,   103,   71000000,   45846410,        0,  -25153590,          0
   703,   104,   71000000,   44550053,        0,  -26449947,          0
   703,   105,   71000000,   48148810,        0,  -22851190,          0
   703,   106,   71000000,   42317915,        0,  -28682085,          0
   703,   107,   71000000,   42730189,        0,  -28269811,          0
   703,   108,   71000000,   42894795,        0,  -28105205,          0
   703,   109,   71000000,   45217120,        0,  -25782880,          0
   703,   110,   71000000,   42262300,        0,  -28737700,          0
   703,   111,   71000000,   42970677,        0,  -28029323,          0
   703,   112,   71000000,   43902030,        0,  -27097970,          0
   703,   113,   71000000,   48057019,        0,  -22942981,          0
   703,   114,   71000000,   45190595,        0,  -25809405,          0
   703,   115,   71000000,   43283158,        0,  -27716842,          0
   703,   116,   71000000,   44297922,        0,  -26702078,          0
   703,   117,   71000000,   48236343,        0,  -22763657,          0
   703,   118,   71000000,   42350704,        0,  -28649296,          0
   703,   119,   71000000,   46340916,        0,  -24659084,          0
   703,   120,   71000000,   47311274,        0,  -23688726,          0
   703,   121,   71000000,   44172251,        0,  -26827749,          0
   703,   122,   71000000,   44815123,        0,  -26184877,          0
   703,   123,   71000000,   46075133,        0,  -24924867,          0
   703,   124,   71000000,   43843721,        0,  -27156279,          0
   703,   125,   71000000,   45447064,        0,  -25552936,          0
   703,   126,   71000000,   45394776,        0,  -25605224,          0
   703,   127,   71000000,   45773510,        0,  -25226490,          0
   703,   128,   71000000,   43324799,        0,  -27675201,          0
   703,   129,   71000000,   47851832,        0,  -23148168,          0
   703,   130,   71000000,   45575604,        0,  -25424396,          0
   703,   131,   71000000,   43347817,        0,  -27652183,          0
   703,   132,   71000000,   46697680,        0,  -24302320,          0
   703,   133,   71000000,   45417010,        0,  -25582990,          0
   703,   134,   71000000,   44872722,        0,  -26127278,          0
   703,   135,   71000000,   45703472,        0,  -25296528,          0
   703,   136,   71000000,   43928157,        0,  -27071843,          0
   703,   137,   71000000,   45915048,        0,  -25084952,          0
   703,   138,   71000000,   41400663,        0,  -29599337,          0
   703,   139,   71000000,   46120357,        0,  -24879643,          0
   703,   140,   71000000,   46922013,        0,  -24077987,          0
   703,   141,   71000000,   45123354,        0,  -25876646,          0
   703,   142,   71000000,   45065617,        0,  -25934383,          0
   703,   143,   71000000,   42873656,        0,  -28126344,          0
   703,   144,   71000000,   47603784,        0,  -23396216,          0
# task NAME=myapp PID=706 COST=11323000 PERIOD=68000000 CPU=0
   706,     2,   68000000,      20471,        0,  -67979529,          0
   706,     3,   68000000,     188237,        0,  -67811763,          0
   706,     4,   68000000,   15851958,        0,  -52148042,          0
   706,     5,   68000000,   15031741,        0,  -52968259,          0
   706,     6,   68000000,   15336166,        0,  -52663834,          0
   706,     7,   68000000,   17791333,        0,  -50208667,          0
   706,     8,   68000000,   18262743,        0,  -49737257,          0
   706,     9,   68000000,   18163424,        0,  -49836576,          0
   706,    10,   68000000,   17775180,        0,  -50224820,          0
   706,    11,   68000000,   15889373,        0,  -52110627,          0
   706,    12,   68000000,   15385749,        0,  -52614251,          0
   706,    13,   68000000,   17806441,        0,  -50193559,          0
   706,    14,   68000000,   14089154,        0,  -53910846,          0
   706,    15,   68000000,   14647650,        0,  -53352350,          0
   706,    16,   68000000,   18317947,        0,  -49682053,          0
   706,    17,   68000000,   17556407,        0,  -50443593,          0
   706,    18,   68000000,   15102299,        0,  -52897701,          0
   706,    19,   68000000,   17905540,        0,  -50094460,          0
   706,    20,   68000000,   15581153,        0,  -52418847,          0
   706,    21,   68000000,   14771989,        0,  -53228011,          0
   706,    22,   68000000,   15351326,        0,  -52648674,          0
   706,    23,   68000000,   15882166,        0,  -52117834,          0
   706,    24,   68000000,   14950200,        0,  -53049800,          0
   706,    25,   68000000,   15342173,        0,  -52657827,          0
   706,    26,   68000000,   15959023,        0,  -52040977,          0
   706,    27,   68000000,   15875420,        0,  -52124580,          0
   706,    28,   68000000,   15412995,        0,  -52587005,          0
   706,    29,   68000000,   15803247,        0,  -52196753,          0
   706,    30,   68000000,   15945846,        0,  -52054154,          0
   706,    31,   68000000,   17602017,        0,  -50397983,          0
   706,    32,   68000000,   14924075,        0,  -53075925,          0
   706,    33,   68000000,   15892481,        0,  -52107519,          0
   706,    34,   68000000,   15800271,        0,  -52199729,          0
   706,    35,   68000000,   15289696,        0,  -52710304,          0
   706,    36,   68000000,   15405113,        0,  -52594887,          0
   706,    37,   68000000,   18342643,        0,  -49657357,          0
   706,    38,   68000000,   15392364,        0,  -52607636,          0
   706,    39,   68000000,   15855553,        0,  -52144447,          0
   706,    40,   68000000,   17856522,        0,  -50143478,          0
   706,    41,   68000000,   18342196,        0,  -49657804,          0
   706,    42,   68000000,   17791089,        0,  -50208911,          0
   706,    43,   68000000,   20257114,        0,  -47742886,          0
   706,    44,   68000000,   15351589,        0,  -52648411,          0
   706,    45,   68000000,   14863873,        0,  -53136127,          0
   706,    46,   68000000,   15854029,        0,  -52145971,          0
   706,    47,   68000000,   15386595,        0,  -52613405,          0
   706,    48,   68000000,   15430600,        0,  -52569400,          0
   706,    49,   68000000,   15885808,        0,  -52114192,          0
   706,    50,   68000000,   15947439,        0,  -52052561,          0
   706,    51,   68000000,   17832510,        0,  -50167490,          0
   706,    52,   68000000,   18302888,        0,  -49697112,          0
   706,    53,   68000000,   18323372,        0,  -49676628,          0
   706,    54,   68000000,   17890848,        0,  -50109152,          0
   706,    55,   68000000,   14847581,        0,  -53152419,          0
   706,    56,   68000000,   15931124,        0,  -52068876,          0
   706,    57,   68000000,   17911671,        0,  -50088329,          0
   706,    58,   68000000,   15429651,        0,  -52570349,          0
   706,    59,   68000000,   17846605,        0,  -50153395,          0
   706,    60,   68000000,   14425613,        0,  -53574387,          0
   706,    61,   68000000,   17841933,        0,  -50158067,          0
   706,    62,   68000000,   17793653,        0,  -50206347,          0
   706,    63,   68000000,   15475249,        0,  -52524751,          0
   706,    64,   68000000,   18025884,        0,  -49974116,          0
   706,    65,   68000000,   17836852,        0,  -50163148,          0
   706,    66,   68000000,   15245200,        0,  -52754800,          0
   706,    67,   68000000,   15341007,        0,  -52658993,          0
   706,    68,   68000000,   15416814,        0,  -52583186,          0
   706,    69,   68000000,   17836381,        0,  -50163619,          0
   706,    70,   68000000,   17943966,        0,  -50056034,          0
   706,    71,   68000000,   17810451,        0,  -50189549,          0
   706,    72,   68000000,   15342429,        0,  -52657571,          0
   706,    73,   68000000,   15855601,        0,  -52144399,          0
   706,    74,   68000000,   15808458,        0,  -52191542,          0
   706,    75,   68000000,   15562616,        0,  -52437384,          0
   706,    76,   68000000,   15764610,        0,  -52235390,          0
   706,    77,   68000000,   17598103,        0,  -50401897,          0
   706,    78,   68000000,   15863279,        0,  -52136721,          0
   706,    79,   68000000,   14970209,        0,  -53029791,          0
   706,    80,   68000000,   15846708,        0,  -52153292,          0
   706,    81,   68000000,   15907978,        0,  -52092022,          0
   706,    82,   68000000,   17899114,        0,  -50100886,          0
   706,    83,   68000000,   15385719,        0,  -52614281,          0
   706,    84,   68000000,   17838625,        0,  -50161375,          0
   706,    85,   68000000,   14848078,        0,  -53151922,          0
   706,    86,   68000000,   14837967,        0,  -53162033,          0
   706,    87,   68000000,   15759365,        0,  -52240635,          0
   706,    88,   68000000,   17956268,        0,  -50043732,          0
   706,    89,   68000000,   15400988,        0,  -52599012,          0
   706,    90,   68000000,   16630886,        0,  -51369114,          0
   706,    91,   68000000,   14409091,        0,  -53590909,          0
   706,    92,   68000000,   16011397,        0,  -51988603,          0
   706,    93,   68000000,   18117907,        0,  -49882093,          0
   706,    94,   68000000,   15472655,        0,  -52527345,          0
   706,    95,   68000000,   18324172,        0,  -49675828,          0
   706,    96,   68000000,   15883671,        0,  -52116329,          0
   706,    97,   68000000,   15406615,        0,  -52593385,          0
   706,    98,   68000000,   14890391,        0,  -53109609,          0
   706,    99,   68000000,   15930281,        0,  -52069719,          0
   706,   100,   68000000,   17882785,        0,  -50117215,          0
   706,   101,   68000000,   15846603,        0,  -52153397,          0
   706,   102,   68000000,   15834694,        0,  -52165306,          0
   706,   103,   68000000,   15884310,        0,  -52115690,          0
   706,   104,   68000000,   14336409,        0,  -53663591,          0
   706,   105,   68000000,   15966594,        0,  -52033406,          0
   706,   106,   68000000,   14852780,        0,  -53147220,          0
   706,   107,   68000000,   15854776,        0,  -52145224,          0
   706,   108,   68000000,   17984764,        0,  -50015236,          0
   706,   109,   68000000,   14810249,        0,  -53189751,          0
   706,   110,   68000000,   15822211,        0,  -52177789,          0
   706,   111,   68000000,   17834305,        0,  -50165695,          0
   706,   112,   68000000,   15415918,        0,  -52584082,          0
   706,   113,   68000000,   15427509,        0,  -52572491,          0
   706,   114,   68000000,   15813651,        0,  -52186349,          0
   706,   115,   68000000,   14482865,        0,  -53517135,          0
   706,   116,   68000000,   14729576,        0,  -53270424,          0
   706,   117,   68000000,   17882611,        0,  -50117389,          0
   706,   118,   68000000,   14135560,        0,  -53864440,          0
   706,   119,   68000000,   15245191,        0,  -52754809,          0
   706,   120,   68000000,   15352127,        0,  -52647873,          0
   706,   121,   68000000,   15382906,        0,  -52617094,          0
   706,   122,   68000000,   14937872,        0,  -53062128,          0
   706,   123,   68000000,   15389513,        0,  -52610487,          0
   706,   124,   68000000,   15368421,        0,  -52631579,          0
   706,   125,   68000000,   14713502,        0,  -53286498,          0
   706,   126,   68000000,   15860017,        0,  -52139983,          0
   706,   127,   68000000,   15417461,        0,  -52582539,          0
   706,   128,   68000000,   15500339,        0,  -52499661,          0
   706,   129,   68000000,   15178365,        0,  -52821635,          0
   706,   130,   68000000,   17911350,        0,  -50088650,          0
   706,   131,   68000000,   15298071,        0,  -52701929,          0
   706,   132,   68000000,   15532144,        0,  -52467856,          0
   706,   133,   68000000,   17784905,        0,  -50215095,          0
   706,   134,   68000000,   15556654,        0,  -52443346,          0
   706,   135,   68000000,   15402285,        0,  -52597715,          0
   706,   136,   68000000,   15403237,        0,  -52596763,          0
   706,   137,   68000000,   15661367,        0,  -52338633,          0
   706,   138,   68000000,   15882170,        0,  -52117830,          0
   706,   139,   68000000,   14414571,        0,  -53585429,          0
   706,   140,   68000000,   17822579,        0,  -50177421,          0
   706,   141,   68000000,   14847323,        0,  -53152677,          0
   706,   142,   68000000,   17836374,        0,  -50163626,          0
   706,   143,   68000000,   15114455,        0,  -52885545,          0
   706,   144,   68000000,   14461642,        0,  -53538358,          0
   706,   145,   68000000,   15657939,        0,  -52342061,          0
   706,   146,   68000000,   15907182,        0,  -52092818,          0
   706,   147,   68000000,   15881013,        0,  -52118987,          0
   706,   148,   68000000,   15257950,        0,  -52742050,          0
   706,   149,   68000000,   17910352,        0,  -50089648,          0
   706,   150,   68000000,   14953764,        0,  -53046236,          0
   706,   151,   68000000,   14677913,        0,  -53322087,          0
# task NAME=myapp PID=710 COST=3555000 PERIOD=89000000 CPU=0
   710,     2,   89000000,      11553,        0,  -88988447,          0
   710,     3,   89000000,     194514,        0,  -88805486,          0
   710,     4,   89000000,    3442315,        0,  -85557685,          0
   710,     5,   89000000,    6963295,        0,  -82036705,          0
   710,     6,   89000000,    3924634,        0,  -85075366,          0
   710,     7,   89000000,    3771948,        0,  -85228052,          0
   710,     8,   89000000,    3394003,        0,  -85605997,          0
   710,     9,   89000000,    5205046,        0,  -83794954,          0
   710,    10,   89000000,    3976382,        0,  -85023618,          0
   710,    11,   89000000,    3490524,        0,  -85509476,          0
   710,    12,   89000000,    3427225,        0,  -85572775,          0
   710,    13,   89000000,    5023868,        0,  -83976132,          0
   710,    14,   89000000,    3928050,        0,  -85071950,          0
   710,    15,   89000000,    3586781,        0,  -85413219,          0
   710,    16,   89000000,    3788674,        0,  -85211326,          0
   710,    17,   89000000,    3957350,        0,  -85042650,          0
   710,    18,   89000000,    3904945,        0,  -85095055,          0
   710,    19,   89000000,    3464293,        0,  -85535707,          0
   710,    20,   89000000,    3451004,        0,  -85548996,          0
   710,    21,   89000000,    4947212,        0,  -84052788,          0
   710,    22,   89000000,    3990015,        0,  -85009985,          0
   710,    23,   89000000,    3465939,        0,  -85534061,          0
   710,    24,   89000000,    3439791,        0,  -85560209,          0
   710,    25,   89000000,    4917483,        0,  -84082517,          0
   710,    26,   89000000,    3915477,        0,  -85084523,          0
   710,    27,   89000000,    3479011,        0,  -85520989,          0
   710,    28,   89000000,    3399499,        0,  -85600501,          0
   710,    29,   89000000,    4929033,        0,  -84070967,          0
   710,    30,   89000000,    3954579,        0,  -85045421,          0
   710,    31,   89000000,    3410443,        0,  -85589557,          0
   710,    32,   89000000,    3471718,        0,  -85528282,          0
   710,    33,   89000000,    4961407,        0,  -84038593,          0
   710,    34,   89000000,    3967470,        0,  -85032530,          0
   710,    35,   89000000,    3426227,        0,  -85573773,          0
   710,    36,   89000000,    3478605,        0,  -85521395,          0
   710,    37,   89000000,    4977919,        0,  -84022081,          0
   710,    38,   89000000,    4122339,        0,  -84877661,          0
   710,    39,   89000000,    3510669,        0,  -85489331,          0
   710,    40,   89000000,    3440191,        0,  -85559809,          0
   710,    41,   89000000,    4954206,        0,  -84045794,          0
   710,    42,   89000000,    3981478,        0,  -85018522,          0
   710,    43,   89000000,    3463544,        0,  -85536456,          0
   710,    44,   89000000,    3465903,        0,  -85534097,          0
   710,    45,   89000000,    4934932,        0,  -84065068,          0
   710,    46,   89000000,    3941456,        0,  -85058544,          0
   710,    47,   89000000,    3415905,        0,  -85584095,          0
   710,    48,   89000000,    3398905,        0,  -85601095,          0
   710,    49,   89000000,    4824579,        0,  -84175421,          0
   710,    50,   89000000,    3922097,        0,  -85077903,          0
   710,    51,   89000000,    3415557,        0,  -85584443,          0
   710,    52,   89000000,    3394024,        0,  -85605976,          0
   710,    53,   89000000,    4916708,        0,  -84083292,          0
   710,    54,   89000000,    4011347,        0,  -84988653,          0
   710,    55,   89000000,    3405171,        0,  -85594829,          0
   710,    56,   89000000,    3448756,        0,  -85551244,          0
   710,    57,   89000000,    4931259,        0,  -84068741,          0
   710,    58,   89000000,    3952603,        0,  -85047397,          0
   710,    59,   89000000,    3417076,        0,  -85582924,          0
   710,    60,   89000000,    3404607,        0,  -85595393,          0
   710,    61,   89000000,    5596904,        0,  -83403096,          0
   710,    62,   89000000,    3963360,        0,  -85036640,          0
   710,    63,   89000000,    3426219,        0,  -85573781,          0
   710,    64,   89000000,    3415899,        0,  -85584101,          0
   710,    65,   89000000,    4954875,        0,  -84045125,          0
   710,    66,   89000000,    5451480,        0,  -83548520,          0
   710,    67,   89000000,    3520086,        0,  -85479914,          0
   710,    68,   89000000,    3459329,        0,  -85540671,          0
   710,    69,   89000000,    4965531,        0,  -84034469,          0
   710,    70,   89000000,    3920763,        0,  -85079237,          0
   710,    71,   89000000,    3441115,        0,  -85558885,          0
   710,    72,   89000000,    3460476,        0,  -85539524,          0
   710,    73,   89000000,    6950131,        0,  -82049869,          0
   710,    74,   89000000,    4408545,        0,  -84591455,          0
   710,    75,   89000000,    3672172,        0,  -85327828,          0
   710,    76,   89000000,    3395616,        0,  -85604384,          0
   710,    77,   89000000,    4968329,        0,  -84031671,          0
   710,    78,   89000000,    5957145,        0,  -83042855,          0
   710,    79,   89000000,    3413807,        0,  -85586193,          0
   710,    80,   89000000,    3432302,        0,  -85567698,          0
   710,    81,   89000000,    4955701,        0,  -84044299,          0
   710,    82,   89000000,    4261922,        0,  -84738078,          0
   710,    83,   89000000,    3480932,        0,  -85519068,          0
   710,    84,   89000000,    3440959,        0,  -85559041,          0
   710,    85,   89000000,    4914146,        0,  -84085854,          0
   710,    86,   89000000,    4725727,        0,  -84274273,          0
   710,    87,   89000000,    3391627,        0,  -85608373,          0
   710,    88,   89000000,    3492870,        0,  -85507130,          0
   710,    89,   89000000,    4963980,        0,  -84036020,          0
   710,    90,   89000000,    4085409,        0,  -84914591,          0
   710,    91,   89000000,    3445909,        0,  -85554091,          0
   710,    92,   89000000,    3429523,        0,  -85570477,          0
   710,    93,   89000000,    5186125,        0,  -83813875,          0
   710,    94,   89000000,    3973540,        0,  -85026460,          0
   710,    95,   89000000,    3454142,        0,  -85545858,          0
   710,    96,   89000000,    3425018,        0,  -85574982,          0
   710,    97,   89000000,    4952136,        0,  -84047864,          0
   710,    98,   89000000,    3947207,        0,  -85052793,          0
   710,    99,   89000000,    3454103,        0,  -85545897,          0
   710,   100,   89000000,    3486363,        0,  -85513637,          0
   710,   101,   89000000,    4805161,        0,  -84194839,          0
   710,   102,   89000000,    4036204,        0,  -84963796,          0
   710,   103,   89000000,    3457371,        0,  -85542629,          0
   710,   104,   89000000,    3468869,        0,  -85531131,          0
   710,   105,   89000000,    4950280,        0,  -84049720,          0
   710,   106,   89000000,    3973821,        0,  -85026179,          0
   710,   107,   89000000,    3433501,        0,  -85566499,          0
   710,   108,   89000000,    3509590,        0,  -85490410,          0
   710,   109,   89000000,    4940368,        0,  -84059632,          0
   710,   110,   89000000,    4420825,        0,  -84579175,          0
   710,   111,   89000000,    3472132,        0,  -85527868,          0
   710,   112,   89000000,    3418920,        0,  -85581080,          0
   710,   113,   89000000,    5507535,        0,  -83492465,          0
   710,   114,   89000000,    3947199,        0,  -85052801,          0
   710,   115,   89000000,    3398176,        0,  -85601824,          0
   710,   116,   89000000,    3404371,        0,  -85595629,          0
