# Task,   Job,     Period,   Response, DL Miss?,   Lateness,  Tardiness
# task NAME=myapp PID=30250 COST=5200000 PERIOD=26000000 CPU=0
 30250,     2,   26000000,      11608,        0,  -25988392,          0
 30250,     3,   26000000,     109516,        0,  -25890484,          0
 30250,     4,   26000000,    5577590,        0,  -20422410,          0
 30250,     5,   26000000,    6986438,        0,  -19013562,          0
 30250,     6,   26000000,    5542243,        0,  -20457757,          0
 30250,     7,   26000000,    6967803,        0,  -19032197,          0
 30250,     8,   26000000,    5487079,        0,  -20512921,          0
 30250,     9,   26000000,    7609655,        0,  -18390345,          0
 30250,    10,   26000000,    5452526,        0,  -20547474,          0
 30250,    11,   26000000,    8248834,        0,  -17751166,          0
 30250,    12,   26000000,    5504942,        0,  -20495058,          0
 30250,    13,   26000000,    7028002,        0,  -18971998,          0
 30250,    14,   26000000,    5454820,        0,  -20545180,          0
 30250,    15,   26000000,    6893502,        0,  -19106498,          0
 30250,    16,   26000000,    5470417,        0,  -20529583,          0
 30250,    17,   26000000,    7054504,        0,  -18945496,          0
 30250,    18,   26000000,    5616504,        0,  -20383496,          0
 30250,    19,   26000000,    7144573,        0,  -18855427,          0
 30250,    20,   26000000,    5450496,        0,  -20549504,          0
 30250,    21,   26000000,    6952828,        0,  -19047172,          0
 30250,    22,   26000000,    5493015,        0,  -20506985,          0
 30250,    23,   26000000,    7025746,        0,  -18974254,          0
 30250,    24,   26000000,    5520964,        0,  -20479036,          0
 30250,    25,   26000000,    7075452,        0,  -18924548,          0
 30250,    26,   26000000,    5505673,        0,  -20494327,          0
 30250,    27,   26000000,    7103060,        0,  -18896940,          0
 30250,    28,   26000000,    5684137,        0,  -20315863,          0
 30250,    29,   26000000,    7087214,        0,  -18912786,          0
 30250,    30,   26000000,    5451077,        0,  -20548923,          0
 30250,    31,   26000000,    7057703,        0,  -18942297,          0
 30250,    32,   26000000,    5492578,        0,  -20507422,          0
 30250,    33,   26000000,    7833294,        0,  -18166706,          0
 30250,    34,   26000000,    5429222,        0,  -20570778,          0
 30250,    35,   26000000,    7052405,        0,  -18947595,          0
 30250,    36,   26000000,    6295935,        0,  -19704065,          0
 30250,    37,   26000000,    7532277,        0,  -18467723,          0
 30250,    38,   26000000,    5594857,        0,  -20405143,          0
 30250,    39,   26000000,    6918187,        0,  -19081813,          0
 30250,    40,   26000000,    5466287,        0,  -20533713,          0
 30250,    41,   26000000,    7208996,        0,  -18791004,          0
 30250,    42,   26000000,    5971767,        0,  -20028233,          0
 30250,    43,   26000000,    7044951,        0,  -18955049,          0
 30250,    44,   26000000,    5497599,        0,  -20502401,          0
 30250,    45,   26000000,    7033165,        0,  -18966835,          0
 30250,    46,   26000000,    5466958,        0,  -20533042,          0
 30250,    47,   26000000,    7574360,        0,  -18425640,          0
 30250,    48,   26000000,    5520004,        0,  -20479996,          0
 30250,    49,   26000000,    7496463,        0,  -18503537,          0
 30250,    50,   26000000,    5514849,        0,  -20485151,          0
 30250,    51,   26000000,    7540935,        0,  -18459065,          0
 30250,    52,   26000000,    5542042,        0,  -20457958,          0
 30250,    53,   26000000,    7134030,        0,  -18865970,          0
 30250,    54,   26000000,    5438905,        0,  -20561095,          0
 30250,    55,   26000000,    7636452,        0,  -18363548,          0
 30250,    56,   26000000,    5492679,        0,  -20507321,          0
 30250,    57,   26000000,    7275950,        0,  -18724050,          0
 30250,    58,   26000000,    5534717,        0,  -20465283,          0
 30250,    59,   26000000,    7467547,        0,  -18532453,          0
 30250,    60,   26000000,    5636265,        0,  -20363735,          0
 30250,    61,   26000000,    7157265,        0,  -18842735,          0
 30250,    62,   26000000,    5484448,        0,  -20515552,          0
 30250,    63,   26000000,    7063675,        0,  -18936325,          0
 30250,    64,   26000000,    5484455,        0,  -20515545,          0
 30250,    65,   26000000,    7542325,        0,  -18457675,          0
 30250,    66,   26000000,    5553660,        0,  -20446340,          0
 30250,    67,   26000000,    7074610,        0,  -18925390,          0
 30250,    68,   26000000,    5541368,        0,  -20458632,          0
 30250,    69,   26000000,    6988949,        0,  -19011051,          0
 30250,    70,   26000000,    5430441,        0,  -20569559,          0
 30250,    71,   26000000,    7556984,        0,  -18443016,          0
 30250,    72,   26000000,    5452777,        0,  -20547223,          0
 30250,    73,   26000000,    7051766,        0,  -18948234,          0
 30250,    74,   26000000,    5492708,        0,  -20507292,          0
 30250,    75,   26000000,    7579319,        0,  -18420681,          0
 30250,    76,   26000000,    5875825,        0,  -20124175,          0
 30250,    77,   26000000,    7578741,        0,  -18421259,          0
 30250,    78,   26000000,    5523174,        0,  -20476826,          0
 30250,    79,   26000000,    7037256,        0,  -18962744,          0
 30250,    80,   26000000,    5579663,        0,  -20420337,          0
 30250,    81,   26000000,    7210223,        0,  -18789777,          0
 30250,    82,   26000000,    5441065,        0,  -20558935,          0
 30250,    83,   26000000,    7541300,        0,  -18458700,          0
 30250,    84,   26000000,    5464031,        0,  -20535969,          0
 30250,    85,   26000000,    6964210,        0,  -19035790,          0
 30250,    86,   26000000,    5474259,        0,  -20525741,          0
 30250,    87,   26000000,    7621186,        0,  -18378814,          0
 30250,    88,   26000000,    5980427,        0,  -20019573,          0
 30250,    89,   26000000,    7430542,        0,  -18569458,          0
 30250,    90,   26000000,    5594726,        0,  -20405274,          0
 30250,    91,   26000000,    7578180,        0,  -18421820,          0
 30250,    92,   26000000,    5462031,        0,  -20537969,          0
 30250,    93,   26000000,    7450412,        0,  -18549588,          0
 30250,    94,   26000000,    5469877,        0,  -20530123,          0
 30250,    95,   26000000,    6956576,        0,  -19043424,          0
 30250,    96,   26000000,    7206192,        0,  -18793808,          0
 30250,    97,   26000000,    7104360,        0,  -18895640,          0
 30250,    98,   26000000,    5444746,        0,  -20555254,          0
 30250,    99,   26000000,    7506527,        0,  -18493473,          0
 30250,   100,   26000000,    5449996,        0,  -20550004,          0
 30250,   101,   26000000,    7002524,        0,  -18997476,          0
 30250,   102,   26000000,    5504859,        0,  -20495141,          0
 30250,   103,   26000000,    6998686,        0,  -19001314,          0
 30250,   104,   26000000,    5525518,        0,  -20474482,          0
 30250,   105,   26000000,    7358365,        0,  -18641635,          0
 30250,   106,   26000000,    5454848,        0,  -20545152,          0
 30250,   107,   26000000,    7049737,        0,  -18950263,          0
 30250,   108,   26000000,    6226077,        0,  -19773923,          0
 30250,   109,   26000000,    7201997,        0,  -18798003,          0
 30250,   110,   26000000,    5633879,        0,  -20366121,          0
 30250,   111,   26000000,    7045326,        0,  -18954674,          0
 30250,   112,   26000000,    5522272,        0,  -20477728,          0
 30250,   113,   26000000,    7518007,        0,  -18481993,          0
 30250,   114,   26000000,    5452571,        0,  -20547429,          0
 30250,   115,   26000000,    7522656,        0,  -18477344,          0
 30250,   116,   26000000,    5461183,        0,  -20538817,          0
 30250,   117,   26000000,    7508944,        0,  -18491056,          0
 30250,   118,   26000000,    5905781,        0,  -20094219,          0
 30250,   119,   26000000,    7561558,        0,  -18438442,          0
 30250,   120,   26000000,    5449917,        0,  -20550083,          0
 30250,   121,   26000000,    7165176,        0,  -18834824,          0
 30250,   122,   26000000,    5549675,        0,  -20450325,          0
 30250,   123,   26000000,    7087147,        0,  -18912853,          0
 30250,   124,   26000000,    5453340,        0,  -20546660,          0
 30250,   125,   26000000,    7558493,        0,  -18441507,          0
 30250,   126,   26000000,    5485434,        0,  -20514566,          0
 30250,   127,   26000000,    6992237,        0,  -19007763,          0
 30250,   128,   26000000,    5663674,        0,  -20336326,          0
 30250,   129,   26000000,    7623802,        0,  -18376198,          0
 30250,   130,   26000000,    5449458,        0,  -20550542,          0
 30250,   131,   26000000,    7566785,        0,  -18433215,          0
 30250,   132,   26000000,    5524581,        0,  -20475419,          0
 30250,   133,   26000000,    7066587,        0,  -18933413,          0
 30250,   134,   26000000,    5535632,        0,  -20464368,          0
 30250,   135,   26000000,    7617245,        0,  -18382755,          0
 30250,   136,   26000000,    5478997,        0,  -20521003,          0
 30250,   137,   26000000,    7487151,        0,  -18512849,          0
 30250,   138,   26000000,    5498828,        0,  -20501172,          0
 30250,   139,   26000000,    7509857,        0,  -18490143,          0
 30250,   140,   26000000,    5479365,        0,  -20520635,          0
 30250,   141,   26000000,    7476491,        0,  -18523509,          0
 30250,   142,   26000000,    5557645,        0,  -20442355,          0
 30250,   143,   26000000,    7565593,        0,  -18434407,          0
 30250,   144,   26000000,    5610276,        0,  -20389724,          0
 30250,   145,   26000000,    7447793,        0,  -18552207,          0
 30250,   146,   26000000,    5501480,        0,  -20498520,          0
 30250,   147,   26000000,    7517624,        0,  -18482376,          0
 30250,   148,   26000000,    5455997,        0,  -20544003,          0
 30250,   149,   26000000,    7092397,        0,  -18907603,          0
 30250,   150,   26000000,    5576745,        0,  -20423255,          0
 30250,   151,   26000000,    7116143,        0,  -18883857,          0
 30250,   152,   26000000,    5467136,        0,  -20532864,          0
 30250,   153,   26000000,    6994536,        0,  -19005464,          0
 30250,   154,   26000000,    5490015,        0,  -20509985,          0
 30250,   155,   26000000,    7073539,        0,  -18926461,          0
 30250,   156,   26000000,    5449966,        0,  -20550034,          0
 30250,   157,   26000000,    7663478,        0,  -18336522,          0
 30250,   158,   26000000,    5931337,        0,  -20068663,          0
 30250,   159,   26000000,    7062179,        0,  -18937821,          0
 30250,   160,   26000000,    6070395,        0,  -19929605,          0
 30250,   161,   26000000,    6984800,        0,  -19015200,          0
 30250,   162,   26000000,    5533052,        0,  -20466948,          0
 30250,   163,   26000000,    6984555,        0,  -19015445,          0
 30250,   164,   26000000,    5468956,        0,  -20531044,          0
 30250,   165,   26000000,    7172784,        0,  -18827216,          0
 30250,   166,   26000000,    5555797,        0,  -20444203,          0
 30250,   167,   26000000,    6999002,        0,  -19000998,          0
 30250,   168,   26000000,    5470680,        0,  -20529320,          0
 30250,   169,   26000000,    6990553,        0,  -19009447,          0
 30250,   170,   26000000,    5585161,        0,  -20414839,          0
 30250,   171,   26000000,    7087150,        0,  -18912850,          0
 30250,   172,   26000000,    5544513,        0,  -20455487,          0
 30250,   173,   26000000,    7571002,        0,  -18428998,          0
 30250,   174,   26000000,    5513845,        0,  -20486155,          0
 30250,   175,   26000000,    7506918,        0,  -18493082,          0
 30250,   176,   26000000,    5657849,        0,  -20342151,          0
 30250,   177,   26000000,    7707020,        0,  -18292980,          0
 30250,   178,   26000000,    5464725,        0,  -20535275,          0
 30250,   179,   26000000,    6934992,        0,  -19065008,          0
 30250,   180,   26000000,    5555543,        0,  -20444457,          0
 30250,   181,   26000000,    7613381,        0,  -18386619,          0
 30250,   182,   26000000,    5803179,        0,  -20196821,          0
 30250,   183,   26000000,    7537980,        0,  -18462020,          0
 30250,   184,   26000000,    5473174,        0,  -20526826,          0
 30250,   185,   26000000,    6993649,        0,  -19006351,          0
 30250,   186,   26000000,    5453438,        0,  -20546562,          0
 30250,   187,   26000000,    7126338,        0,  -18873662,          0
 30250,   188,   26000000,    5491521,        0,  -20508479,          0
 30250,   189,   26000000,    7510908,        0,  -18489092,          0
 30250,   190,   26000000,    5478491,        0,  -20521509,          0
 30250,   191,   26000000,    7555799,        0,  -18444201,          0
 30250,   192,   26000000,    5538897,        0,  -20461103,          0
 30250,   193,   26000000,    7119275,        0,  -18880725,          0
 30250,   194,   26000000,    5455764,        0,  -20544236,          0
 30250,   195,   26000000,    7481521,        0,  -18518479,          0
 30250,   196,   26000000,    5487800,        0,  -20512200,          0
 30250,   197,   26000000,    7171078,        0,  -18828922,          0
 30250,   198,   26000000,    6947987,        0,  -19052013,          0
 30250,   199,   26000000,    7063300,        0,  -18936700,          0
 30250,   200,   26000000,    5588648,        0,  -20411352,          0
 30250,   201,   26000000,    7044968,        0,  -18955032,          0
 30250,   202,   26000000,    5485236,        0,  -20514764,          0
 30250,   203,   26000000,    8181902,        0,  -17818098,          0
 30250,   204,   26000000,    5495651,        0,  -20504349,          0
 30250,   205,   26000000,    6989482,        0,  -19010518,          0
 30250,   206,   26000000,    5996647,        0,  -20003353,          0
 30250,   207,   26000000,    7009600,        0,  -18990400,          0
 30250,   208,   26000000,    5494798,        0,  -20505202,          0
 30250,   209,   26000000,    9174433,        0,  -16825567,          0
 30250,   210,   26000000,    5525300,        0,  -20474700,          0
 30250,   211,   26000000,    6999044,        0,  -19000956,          0
 30250,   212,   26000000,    5734311,        0,  -20265689,          0
 30250,   213,   26000000,    7026623,        0,  -18973377,          0
 30250,   214,   26000000,    5464470,        0,  -20535530,          0
 30250,   215,   26000000,    7011079,        0,  -18988921,          0
 30250,   216,   26000000,    6245995,        0,  -19754005,          0
 30250,   217,   26000000,    6982954,        0,  -19017046,          0
 30250,   218,   26000000,    5487508,        0,  -20512492,          0
 30250,   219,   26000000,    9177642,        0,  -16822358,          0
 30250,   220,   26000000,    5479779,        0,  -20520221,          0
 30250,   221,   26000000,    6819671,        0,  -19180329,          0
 30250,   222,   26000000,    6290500,        0,  -19709500,          0
 30250,   223,   26000000,    6992040,        0,  -19007960,          0
 30250,   224,   26000000,    5590595,        0,  -20409405,          0
 30250,   225,   26000000,    7523842,        0,  -18476158,          0
 30250,   226,   26000000,    5462879,        0,  -20537121,          0
 30250,   227,   26000000,    7474711,        0,  -18525289,          0
 30250,   228,   26000000,    5511809,        0,  -20488191,          0
 30250,   229,   26000000,    7098916,        0,  -18901084,          0
 30250,   230,   26000000,    5878148,        0,  -20121852,          0
 30250,   231,   26000000,    7576605,        0,  -18423395,          0
 30250,   232,   26000000,    5472166,        0,  -20527834,          0
 30250,   233,   26000000,    7084017,        0,  -18915983,          0
 30250,   234,   26000000,    5546375,        0,  -20453625,          0
 30250,   235,   26000000,    6988744,        0,  -19011256,          0
 30250,   236,   26000000,    5567537,        0,  -20432463,          0
 30250,   237,   26000000,    7408591,        0,  -18591409,          0
 30250,   238,   26000000,    5512263,        0,  -20487737,          0
 30250,   239,   26000000,    7538007,        0,  -18461993,          0
 30250,   240,   26000000,    5587460,        0,  -20412540,          0
 30250,   241,   26000000,    7000065,        0,  -18999935,          0
 30250,   242,   26000000,    5461360,        0,  -20538640,          0
 30250,   243,   26000000,    7482568,        0,  -18517432,          0
 30250,   244,   26000000,    5475846,        0,  -20524154,          0
 30250,   245,   26000000,    7088546,        0,  -18911454,          0
 30250,   246,   26000000,    5529714,        0,  -20470286,          0
 30250,   247,   26000000,    7074586,        0,  -18925414,          0
 30250,   248,   26000000,    5477842,        0,  -20522158,          0
 30250,   249,   26000000,    6995326,        0,  -19004674,          0
 30250,   250,   26000000,    5459909,        0,  -20540091,          0
 30250,   251,   26000000,    7107584,        0,  -18892416,          0
 30250,   252,   26000000,    5592060,        0,  -20407940,          0
 30250,   253,   26000000,    6998862,        0,  -19001138,          0
 30250,   254,   26000000,    5745482,        0,  -20254518,          0
 30250,   255,   26000000,    7522797,        0,  -18477203,          0
 30250,   256,   26000000,    5864149,        0,  -20135851,          0
 30250,   257,   26000000,    8444535,        0,  -17555465,          0
 30250,   258,   26000000,    5455889,        0,  -20544111,          0
 30250,   259,   26000000,    7125457,        0,  -18874543,          0
 30250,   260,   26000000,    5521503,        0,  -20478497,          0
 30250,   261,   26000000,    7523413,        0,  -18476587,          0
 30250,   262,   26000000,    5492951,        0,  -20507049,          0
 30250,   263,   26000000,    7076455,        0,  -18923545,          0
 30250,   264,   26000000,    6796624,        0,  -19203376,          0
 30250,   265,   26000000,    6985775,        0,  -19014225,          0
 30250,   266,   26000000,    5526989,        0,  -20473011,          0
 30250,   267,   26000000,    7081843,        0,  -18918157,          0
 30250,   268,   26000000,    5467717,        0,  -20532283,          0
 30250,   269,   26000000,    7469805,        0,  -18530195,          0
 30250,   270,   26000000,    5436680,        0,  -20563320,          0
 30250,   271,   26000000,    7093181,        0,  -18906819,          0
 30250,   272,   26000000,    5552855,        0,  -20447145,          0
 30250,   273,   26000000,    7495209,        0,  -18504791,          0
 30250,   274,   26000000,    5439135,        0,  -20560865,          0
 30250,   275,   26000000,    7123366,        0,  -18876634,          0
 30250,   276,   26000000,    5470039,        0,  -20529961,          0
 30250,   277,   26000000,    7059713,        0,  -18940287,          0
 30250,   278,   26000000,    5792010,        0,  -20207990,          0
 30250,   279,   26000000,    7560059,        0,  -18439941,          0
 30250,   280,   26000000,    5516848,        0,  -20483152,          0
 30250,   281,   26000000,    6977336,        0,  -19022664,          0
 30250,   282,   26000000,    5410718,        0,  -20589282,          0
 30250,   283,   26000000,    7844706,        0,  -18155294,          0
 30250,   284,   26000000,    5531075,        0,  -20468925,          0
 30250,   285,   26000000,    7060690,        0,  -18939310,          0
 30250,   286,   26000000,    5464204,        0,  -20535796,          0
 30250,   287,   26000000,    7536420,        0,  -18463580,          0
 30250,   288,   26000000,    5451445,        0,  -20548555,          0
 30250,   289,   26000000,    7044346,        0,  -18955654,          0
 30250,   290,   26000000,    5518782,        0,  -20481218,          0
 30250,   291,   26000000,    7087887,        0,  -18912113,          0
 30250,   292,   26000000,    5564557,        0,  -20435443,          0
 30250,   293,   26000000,    7472622,        0,  -18527378,          0
 30250,   294,   26000000,    5480076,        0,  -20519924,          0
 30250,   295,   26000000,    7509765,        0,  -18490235,          0
 30250,   296,   26000000,    5479278,        0,  -20520722,          0
 30250,   297,   26000000,    7487519,        0,  -18512481,          0
 30250,   298,   26000000,    5451842,        0,  -20548158,          0
 30250,   299,   26000000,    7100692,        0,  -18899308,          0
 30250,   300,   26000000,    5538521,        0,  -20461479,          0
 30250,   301,   26000000,    7002084,        0,  -18997916,          0
 30250,   302,   26000000,    5484417,        0,  -20515583,          0
 30250,   303,   26000000,    6932844,        0,  -19067156,          0
 30250,   304,   26000000,    5457051,        0,  -20542949,          0
 30250,   305,   26000000,    7062171,        0,  -18937829,          0
 30250,   306,   26000000,    6132976,        0,  -19867024,          0
 30250,   307,   26000000,    7757931,        0,  -18242069,          0
 30250,   308,   26000000,    5489209,        0,  -20510791,          0
 30250,   309,   26000000,    7074208,        0,  -18925792,          0
 30250,   310,   26000000,    5517374,        0,  -20482626,          0
 30250,   311,   26000000,    7626772,        0,  -18373228,          0
 30250,   312,   26000000,    5446417,        0,  -20553583,          0
 30250,   313,   26000000,    7084572,        0,  -18915428,          0
 30250,   314,   26000000,    5506515,        0,  -20493485,          0
 30250,   315,   26000000,    7212004,        0,  -18787996,          0
 30250,   316,   26000000,    5504890,        0,  -20495110,          0
 30250,   317,   26000000,    7520104,        0,  -18479896,          0
 30250,   318,   26000000,    5471392,        0,  -20528608,          0
 30250,   319,   26000000,    6985971,        0,  -19014029,          0
 30250,   320,   26000000,    5551535,        0,  -20448465,          0
 30250,   321,   26000000,    7530562,        0,  -18469438,          0
 30250,   322,   26000000,    5538884,        0,  -20461116,          0
 30250,   323,   26000000,    7030115,        0,  -18969885,          0
 30250,   324,   26000000,    5452738,        0,  -20547262,          0
 30250,   325,   26000000,    7068292,        0,  -18931708,          0
 30250,   326,   26000000,    5562155,        0,  -20437845,          0
 30250,   327,   26000000,    7527142,        0,  -18472858,          0
 30250,   328,   26000000,    5427753,        0,  -20572247,          0
 30250,   329,   26000000,    7542224,        0,  -18457776,          0
 30250,   330,   26000000,    5481671,        0,  -20518329,          0
 30250,   331,   26000000,    6597181,        0,  -19402819,          0
 30250,   332,   26000000,    5503824,        0,  -20496176,          0
 30250,   333,   26000000,    7546605,        0,  -18453395,          0
 30250,   334,   26000000,    5496221,        0,  -20503779,          0
 30250,   335,   26000000,    6994050,        0,  -19005950,          0
 30250,   336,   26000000,    5534965,        0,  -20465035,          0
 30250,   337,   26000000,    7025224,        0,  -18974776,          0
 30250,   338,   26000000,    5590213,        0,  -20409787,          0
 30250,   339,   26000000,    7076099,        0,  -18923901,          0
 30250,   340,   26000000,    5494540,        0,  -20505460,          0
 30250,   341,   26000000,    7078894,        0,  -18921106,          0
 30250,   342,   26000000,    5548502,        0,  -20451498,          0
 30250,   343,   26000000,    6974790,        0,  -19025210,          0
 30250,   344,   26000000,    5485405,        0,  -20514595,          0
 30250,   345,   26000000,    7053947,        0,  -18946053,          0
 30250,   346,   26000000,    5436642,        0,  -20563358,          0
 30250,   347,   26000000,    7061751,        0,  -18938249,          0
 30250,   348,   26000000,    5501162,        0,  -20498838,          0
 30250,   349,   26000000,    7150954,        0,  -18849046,          0
 30250,   350,   26000000,    5458470,        0,  -20541530,          0
 30250,   351,   26000000,    7603344,        0,  -18396656,          0
 30250,   352,   26000000,    5532831,        0,  -20467169,          0
 30250,   353,   26000000,    7495979,        0,  -18504021,          0
 30250,   354,   26000000,    5459560,        0,  -20540440,          0
 30250,   355,   26000000,    7349821,        0,  -18650179,          0
 30250,   356,   26000000,    5471155,        0,  -20528845,          0
 30250,   357,   26000000,    7060393,        0,  -18939607,          0
 30250,   358,   26000000,    5974738,        0,  -20025262,          0
 30250,   359,   26000000,    7515792,        0,  -18484208,          0
 30250,   360,   26000000,    6188220,        0,  -19811780,          0
 30250,   361,   26000000,    7073020,        0,  -18926980,          0
 30250,   362,   26000000,    5472711,        0,  -20527289,          0
 30250,   363,   26000000,    7579333,        0,  -18420667,          0
 30250,   364,   26000000,    5487398,        0,  -20512602,          0
 30250,   365,   26000000,    6997557,        0,  -19002443,          0
 30250,   366,   26000000,    5452211,        0,  -20547789,          0
 30250,   367,   26000000,    7463387,        0,  -18536613,          0
 30250,   368,   26000000,    5557607,        0,  -20442393,          0
 30250,   369,   26000000,    7101716,        0,  -18898284,          0
 30250,   370,   26000000,    5452274,        0,  -20547726,          0
 30250,   371,   26000000,    6979981,        0,  -19020019,          0
 30250,   372,   26000000,    5500489,        0,  -20499511,          0
 30250,   373,   26000000,    7035108,        0,  -18964892,          0
 30250,   374,   26000000,    5496690,        0,  -20503310,          0
 30250,   375,   26000000,    7072032,        0,  -18927968,          0
 30250,   376,   26000000,    5663267,        0,  -20336733,          0
 30250,   377,   26000000,    7477775,        0,  -18522225,          0
 30250,   378,   26000000,    5502344,        0,  -20497656,          0
 30250,   379,   26000000,    7566214,        0,  -18433786,          0
 30250,   380,   26000000,    5553554,        0,  -20446446,          0
 30250,   381,   26000000,    7589287,        0,  -18410713,          0
 30250,   382,   26000000,    5496632,        0,  -20503368,          0
 30250,   383,   26000000,    7035431,        0,  -18964569,          0
 30250,   384,   26000000,    5543487,        0,  -20456513,          0
 30250,   385,   26000000,    7093401,        0,  -18906599,          0
 30250,   386,   26000000,    5492378,        0,  -20507622,          0
 30250,   387,   26000000,    7483240,        0,  -18516760,          0
 30250,   388,   26000000,    5517018,        0,  -20482982,          0
