312 307 5
375 369 6
227 224 3
111 110 1
124 122 2
670 641 29
145 142 3
133 128 5
775 714 61
479 476 3
297 292 5
309 306 3
197 193 4
103 100 3
201 200 1
719 664 55
114 111 3
204 203 1
121 120 1
123 119 4
209 205 4
631 605 26
559 544 15
306 300 6
460 459 1
180 179 1
120 118 2
420 410 10
420 414 6
124 117 7
259 252 7
147 145 2
160 155 5
718 648 70
591 573 18
112 111 1
117 115 2
259 252 7
388 387 1
139 135 4
338 332 6
459 449 10
374 371 3
137 137 0
531 510 21
112 111 1
138 136 2
238 236 2
124 120 4
197 193 4
913 834 79
136 136 0
461 454 7
672 632 40
300 288 12
120 114 6
166 165 1
112 102 10
123 122 1
717 652 65
460 441 19
209 206 3
112 111 1
161 160 1
