# Task,   Job,     Period,   Response, DL Miss?,   Lateness,  Tardiness
# task NAME=myapp PID=5035 COST=28939000 PERIOD=94000000 CPU=0
  5035,     2,   94000000,      10060,        0,  -93989940,          0
  5035,     3,   94000000,     802444,        0,  -93197556,          0
  5035,     4,   94000000,   28330412,        0,  -65669588,          0
  5035,     5,   94000000,   28643687,        0,  -65356313,          0
  5035,     6,   94000000,   28328130,        0,  -65671870,          0
  5035,     7,   94000000,   28332664,        0,  -65667336,          0
  5035,     8,   94000000,   38959050,        0,  -55040950,          0
  5035,     9,   94000000,   28640586,        0,  -65359414,          0
  5035,    10,   94000000,   28314449,        0,  -65685551,          0
  5035,    11,   94000000,   28331442,        0,  -65668558,          0
  5035,    12,   94000000,   28327211,        0,  -65672789,          0
  5035,    13,   94000000,   28593628,        0,  -65406372,          0
  5035,    14,   94000000,   28345179,        0,  -65654821,          0
  5035,    15,   94000000,   28391993,        0,  -65608007,          0
  5035,    16,   94000000,   36766934,        0,  -57233066,          0
  5035,    17,   94000000,   28619440,        0,  -65380560,          0
  5035,    18,   94000000,   28353564,        0,  -65646436,          0
  5035,    19,   94000000,   28422741,        0,  -65577259,          0
  5035,    20,   94000000,   28324975,        0,  -65675025,          0
  5035,    21,   94000000,   28633030,        0,  -65366970,          0
  5035,    22,   94000000,   28369685,        0,  -65630315,          0
  5035,    23,   94000000,   41225582,        0,  -52774418,          0
  5035,    24,   94000000,   28332027,        0,  -65667973,          0
  5035,    25,   94000000,   28634402,        0,  -65365598,          0
  5035,    26,   94000000,   28316782,        0,  -65683218,          0
  5035,    27,   94000000,   28329866,        0,  -65670134,          0
  5035,    28,   94000000,   28332707,        0,  -65667293,          0
  5035,    29,   94000000,   28604569,        0,  -65395431,          0
  5035,    30,   94000000,   28369236,        0,  -65630764,          0
  5035,    31,   94000000,   36974991,        0,  -57025009,          0
  5035,    32,   94000000,   28324896,        0,  -65675104,          0
  5035,    33,   94000000,   28625925,        0,  -65374075,          0
  5035,    34,   94000000,   28313346,        0,  -65686654,          0
  5035,    35,   94000000,   28351868,        0,  -65648132,          0
  5035,    36,   94000000,   38303187,        0,  -55696813,          0
  5035,    37,   94000000,   39536202,        0,  -54463798,          0
  5035,    38,   94000000,   41223775,        0,  -52776225,          0
  5035,    39,   94000000,   28334293,        0,  -65665707,          0
  5035,    40,   94000000,   28336275,        0,  -65663725,          0
  5035,    41,   94000000,   28626252,        0,  -65373748,          0
  5035,    42,   94000000,   28336431,        0,  -65663569,          0
  5035,    43,   94000000,   28364414,        0,  -65635586,          0
  5035,    44,   94000000,   28408570,        0,  -65591430,          0
  5035,    45,   94000000,   28636095,        0,  -65363905,          0
  5035,    46,   94000000,   28375761,        0,  -65624239,          0
  5035,    47,   94000000,   28424880,        0,  -65575120,          0
  5035,    48,   94000000,   28342472,        0,  -65657528,          0
  5035,    49,   94000000,   37148484,        0,  -56851516,          0
  5035,    50,   94000000,   53870201,        0,  -40129799,          0
  5035,    51,   94000000,   28343766,        0,  -65656234,          0
  5035,    52,   94000000,   28379612,        0,  -65620388,          0
  5035,    53,   94000000,   43152967,        0,  -50847033,          0
  5035,    54,   94000000,   28326635,        0,  -65673365,          0
  5035,    55,   94000000,   31391769,        0,  -62608231,          0
  5035,    56,   94000000,   28620964,        0,  -65379036,          0
  5035,    57,   94000000,   28319122,        0,  -65680878,          0
  5035,    58,   94000000,   28338069,        0,  -65661931,          0
  5035,    59,   94000000,   28336430,        0,  -65663570,          0
  5035,    60,   94000000,   28305320,        0,  -65694680,          0
  5035,    61,   94000000,   28336100,        0,  -65663900,          0
  5035,    62,   94000000,   28593564,        0,  -65406436,          0
  5035,    63,   94000000,   28329514,        0,  -65670486,          0
  5035,    64,   94000000,   28707393,        0,  -65292607,          0
  5035,    65,   94000000,   28326144,        0,  -65673856,          0
  5035,    66,   94000000,   28723449,        0,  -65276551,          0
  5035,    67,   94000000,   28336015,        0,  -65663985,          0
  5035,    68,   94000000,   28315537,        0,  -65684463,          0
  5035,    69,   94000000,   28421191,        0,  -65578809,          0
  5035,    70,   94000000,   28602828,        0,  -65397172,          0
  5035,    71,   94000000,   28351398,        0,  -65648602,          0
  5035,    72,   94000000,   28392326,        0,  -65607674,          0
  5035,    73,   94000000,   28321168,        0,  -65678832,          0
  5035,    74,   94000000,   28615453,        0,  -65384547,          0
  5035,    75,   94000000,   41250621,        0,  -52749379,          0
  5035,    76,   94000000,   28349213,        0,  -65650787,          0
  5035,    77,   94000000,   28357800,        0,  -65642200,          0
  5035,    78,   94000000,   28604055,        0,  -65395945,          0
  5035,    79,   94000000,   28393007,        0,  -65606993,          0
  5035,    80,   94000000,   28341052,        0,  -65658948,          0
  5035,    81,   94000000,   28341033,        0,  -65658967,          0
  5035,    82,   94000000,   28624326,        0,  -65375674,          0
  5035,    83,   94000000,   28337276,        0,  -65662724,          0
  5035,    84,   94000000,   28326553,        0,  -65673447,          0
  5035,    85,   94000000,   28340944,        0,  -65659056,          0
  5035,    86,   94000000,   30269575,        0,  -63730425,          0
  5035,    87,   94000000,   28812017,        0,  -65187983,          0
  5035,    88,   94000000,   41508573,        0,  -52491427,          0
  5035,    89,   94000000,   28382953,        0,  -65617047,          0
  5035,    90,   94000000,   28654336,        0,  -65345664,          0
  5035,    91,   94000000,   28356944,        0,  -65643056,          0
  5035,    92,   94000000,   35909473,        0,  -58090527,          0
  5035,    93,   94000000,   28312201,        0,  -65687799,          0
  5035,    94,   94000000,   28648016,        0,  -65351984,          0
  5035,    95,   94000000,   28344630,        0,  -65655370,          0
  5035,    96,   94000000,   28324846,        0,  -65675154,          0
  5035,    97,   94000000,   28344098,        0,  -65655902,          0
  5035,    98,   94000000,   28612683,        0,  -65387317,          0
  5035,    99,   94000000,   28321312,        0,  -65678688,          0
  5035,   100,   94000000,   28341803,        0,  -65658197,          0
  5035,   101,   94000000,   28356280,        0,  -65643720,          0
  5035,   102,   94000000,   37818998,        0,  -56181002,          0
  5035,   103,   94000000,   28358258,        0,  -65641742,          0
  5035,   104,   94000000,   28348905,        0,  -65651095,          0
  5035,   105,   94000000,   28358619,        0,  -65641381,          0
  5035,   106,   94000000,   28637091,        0,  -65362909,          0
  5035,   107,   94000000,   28373730,        0,  -65626270,          0
  5035,   108,   94000000,   28339716,        0,  -65660284,          0
  5035,   109,   94000000,   28316516,        0,  -65683484,          0
  5035,   110,   94000000,   28606094,        0,  -65393906,          0
# task NAME=myapp PID=5038 COST=9621000 PERIOD=33000000 CPU=0
  5038,     2,   33000000,       5523,        0,  -32994477,          0
  5038,     3,   33000000,     732433,        0,  -32267567,          0
  5038,     4,   33000000,    9448662,        0,  -23551338,          0
  5038,     5,   33000000,    9733067,        0,  -23266933,          0
  5038,     6,   33000000,    9869487,        0,  -23130513,          0
  5038,     7,   33000000,    9467093,        0,  -23532907,          0
  5038,     8,   33000000,    9442377,        0,  -23557623,          0
  5038,     9,   33000000,   24239562,        0,   -8760438,          0
  5038,    10,   33000000,    9430099,        0,  -23569901,          0
  5038,    11,   33000000,    9470162,        0,  -23529838,          0
  5038,    12,   33000000,    9446200,        0,  -23553800,          0
  5038,    13,   33000000,    9498691,        0,  -23501309,          0
  5038,    14,   33000000,    9450335,        0,  -23549665,          0
  5038,    15,   33000000,    9429255,        0,  -23570745,          0
  5038,    16,   33000000,    9453679,        0,  -23546321,          0
  5038,    17,   33000000,   28063466,        0,   -4936534,          0
  5038,    18,   33000000,    9442599,        0,  -23557401,          0
  5038,    19,   33000000,    9428860,        0,  -23571140,          0
  5038,    20,   33000000,    9485619,        0,  -23514381,          0
  5038,    21,   33000000,    9447887,        0,  -23552113,          0
  5038,    22,   33000000,    9449759,        0,  -23550241,          0
  5038,    23,   33000000,    9467050,        0,  -23532950,          0
  5038,    24,   33000000,    9746639,        0,  -23253361,          0
  5038,    25,   33000000,    9431963,        0,  -23568037,          0
  5038,    26,   33000000,    9484267,        0,  -23515733,          0
  5038,    27,   33000000,    9471877,        0,  -23528123,          0
  5038,    28,   33000000,    9431128,        0,  -23568872,          0
  5038,    29,   33000000,    9447797,        0,  -23552203,          0
  5038,    30,   33000000,    9446602,        0,  -23553398,          0
  5038,    31,   33000000,    9426744,        0,  -23573256,          0
  5038,    32,   33000000,    9465687,        0,  -23534313,          0
  5038,    33,   33000000,    9432034,        0,  -23567966,          0
  5038,    34,   33000000,    9477183,        0,  -23522817,          0
  5038,    35,   33000000,    9452330,        0,  -23547670,          0
  5038,    36,   33000000,    9471685,        0,  -23528315,          0
  5038,    37,   33000000,    9498533,        0,  -23501467,          0
  5038,    38,   33000000,    9425532,        0,  -23574468,          0
  5038,    39,   33000000,    9442043,        0,  -23557957,          0
  5038,    40,   33000000,    9442047,        0,  -23557953,          0
  5038,    41,   33000000,    9461469,        0,  -23538531,          0
  5038,    42,   33000000,    9452828,        0,  -23547172,          0
  5038,    43,   33000000,    9731322,        0,  -23268678,          0
  5038,    44,   33000000,    9491070,        0,  -23508930,          0
  5038,    45,   33000000,    9428027,        0,  -23571973,          0
  5038,    46,   33000000,    9448363,        0,  -23551637,          0
  5038,    47,   33000000,   27042308,        0,   -5957692,          0
  5038,    48,   33000000,    9433734,        0,  -23566266,          0
  5038,    49,   33000000,    9473881,        0,  -23526119,          0
  5038,    50,   33000000,    9456507,        0,  -23543493,          0
  5038,    51,   33000000,    9429206,        0,  -23570794,          0
  5038,    52,   33000000,    9445248,        0,  -23554752,          0
  5038,    53,   33000000,    9424861,        0,  -23575139,          0
  5038,    54,   33000000,   10433751,        0,  -22566249,          0
  5038,    55,   33000000,    9434276,        0,  -23565724,          0
  5038,    56,   33000000,    9430914,        0,  -23569086,          0
  5038,    57,   33000000,    9461218,        0,  -23538782,          0
  5038,    58,   33000000,    9717153,        0,  -23282847,          0
  5038,    59,   33000000,    9431550,        0,  -23568450,          0
  5038,    60,   33000000,   16952106,        0,  -16047894,          0
  5038,    61,   33000000,   16682646,        0,  -16317354,          0
  5038,    62,   33000000,    9712692,        0,  -23287308,          0
  5038,    63,   33000000,    9442908,        0,  -23557092,          0
  5038,    64,   33000000,    9495274,        0,  -23504726,          0
  5038,    65,   33000000,    9420930,        0,  -23579070,          0
  5038,    66,   33000000,    9444472,        0,  -23555528,          0
  5038,    67,   33000000,    9447248,        0,  -23552752,          0
  5038,    68,   33000000,    9512168,        0,  -23487832,          0
  5038,    69,   33000000,    9467668,        0,  -23532332,          0
  5038,    70,   33000000,   15397838,        0,  -17602162,          0
  5038,    71,   33000000,    9466245,        0,  -23533755,          0
  5038,    72,   33000000,    9448036,        0,  -23551964,          0
  5038,    73,   33000000,    9479636,        0,  -23520364,          0
  5038,    74,   33000000,    9455316,        0,  -23544684,          0
  5038,    75,   33000000,    9457533,        0,  -23542467,          0
  5038,    76,   33000000,    9447864,        0,  -23552136,          0
  5038,    77,   33000000,    9761159,        0,  -23238841,          0
  5038,    78,   33000000,    9507545,        0,  -23492455,          0
  5038,    79,   33000000,    9443105,        0,  -23556895,          0
  5038,    80,   33000000,    9489198,        0,  -23510802,          0
  5038,    81,   33000000,    9452673,        0,  -23547327,          0
  5038,    82,   33000000,    9451560,        0,  -23548440,          0
  5038,    83,   33000000,   12487815,        0,  -20512185,          0
  5038,    84,   33000000,    9453133,        0,  -23546867,          0
  5038,    85,   33000000,    9446615,        0,  -23553385,          0
  5038,    86,   33000000,    9437978,        0,  -23562022,          0
  5038,    87,   33000000,    9475721,        0,  -23524279,          0
  5038,    88,   33000000,    9442187,        0,  -23557813,          0
  5038,    89,   33000000,    9472611,        0,  -23527389,          0
  5038,    90,   33000000,    9454067,        0,  -23545933,          0
  5038,    91,   33000000,    9448212,        0,  -23551788,          0
  5038,    92,   33000000,    9459731,        0,  -23540269,          0
  5038,    93,   33000000,    9733667,        0,  -23266333,          0
  5038,    94,   33000000,    9525840,        0,  -23474160,          0
  5038,    95,   33000000,    9450496,        0,  -23549504,          0
  5038,    96,   33000000,    9726318,        0,  -23273682,          0
  5038,    97,   33000000,   17600512,        0,  -15399488,          0
  5038,    98,   33000000,    9441273,        0,  -23558727,          0
  5038,    99,   33000000,    9455646,        0,  -23544354,          0
  5038,   100,   33000000,    9816339,        0,  -23183661,          0
  5038,   101,   33000000,    9494532,        0,  -23505468,          0
  5038,   102,   33000000,    9456559,        0,  -23543441,          0
  5038,   103,   33000000,   12598172,        0,  -20401828,          0
  5038,   104,   33000000,    9487554,        0,  -23512446,          0
  5038,   105,   33000000,    9429325,        0,  -23570675,          0
  5038,   106,   33000000,    9478945,        0,  -23521055,          0
  5038,   107,   33000000,    9436413,        0,  -23563587,          0
  5038,   108,   33000000,    9455659,        0,  -23544341,          0
  5038,   109,   33000000,    9465770,        0,  -23534230,          0
  5038,   110,   33000000,    9441520,        0,  -23558480,          0
  5038,   111,   33000000,    9471654,        0,  -23528346,          0
  5038,   112,   33000000,    9457513,        0,  -23542487,          0
  5038,   113,   33000000,    9443690,        0,  -23556310,          0
  5038,   114,   33000000,    9525733,        0,  -23474267,          0
  5038,   115,   33000000,    9704089,        0,  -23295911,          0
  5038,   116,   33000000,    9476639,        0,  -23523361,          0
  5038,   117,   33000000,    9439334,        0,  -23560666,          0
  5038,   118,   33000000,    9460616,        0,  -23539384,          0
  5038,   119,   33000000,    9452659,        0,  -23547341,          0
  5038,   120,   33000000,    9438377,        0,  -23561623,          0
  5038,   121,   33000000,    9469657,        0,  -23530343,          0
  5038,   122,   33000000,    9433434,        0,  -23566566,          0
  5038,   123,   33000000,    9452577,        0,  -23547423,          0
  5038,   124,   33000000,    9462282,        0,  -23537718,          0
  5038,   125,   33000000,   10629228,        0,  -22370772,          0
  5038,   126,   33000000,    9486872,        0,  -23513128,          0
  5038,   127,   33000000,    9457098,        0,  -23542902,          0
  5038,   128,   33000000,    9430304,        0,  -23569696,          0
  5038,   129,   33000000,    9452309,        0,  -23547691,          0
  5038,   130,   33000000,    9730842,        0,  -23269158,          0
  5038,   131,   33000000,    9438387,        0,  -23561613,          0
  5038,   132,   33000000,    9428012,        0,  -23571988,          0
  5038,   133,   33000000,    9440533,        0,  -23559467,          0
  5038,   134,   33000000,    9755827,        0,  -23244173,          0
  5038,   135,   33000000,    9434799,        0,  -23565201,          0
  5038,   136,   33000000,    9471600,        0,  -23528400,          0
  5038,   137,   33000000,   30946331,        0,   -2053669,          0
  5038,   138,   33000000,    9510061,        0,  -23489939,          0
  5038,   139,   33000000,    9442652,        0,  -23557348,          0
  5038,   140,   33000000,    9432194,        0,  -23567806,          0
  5038,   141,   33000000,    9429933,        0,  -23570067,          0
  5038,   142,   33000000,   15664879,        0,  -17335121,          0
  5038,   143,   33000000,    9483371,        0,  -23516629,          0
  5038,   144,   33000000,    9428370,        0,  -23571630,          0
  5038,   145,   33000000,   36766126,        1,    3766126,    3766126
  5038,   146,   33000000,   13189054,        0,  -19810946,          0
  5038,   147,   33000000,    9464484,        0,  -23535516,          0
  5038,   148,   33000000,    9447077,        0,  -23552923,          0
  5038,   149,   33000000,    9714768,        0,  -23285232,          0
  5038,   150,   33000000,    9498711,        0,  -23501289,          0
  5038,   151,   33000000,    9456847,        0,  -23543153,          0
  5038,   152,   33000000,    9456052,        0,  -23543948,          0
  5038,   153,   33000000,    9421443,        0,  -23578557,          0
  5038,   154,   33000000,    9790983,        0,  -23209017,          0
  5038,   155,   33000000,    9461320,        0,  -23538680,          0
  5038,   156,   33000000,    9485475,        0,  -23514525,          0
  5038,   157,   33000000,    9445623,        0,  -23554377,          0
  5038,   158,   33000000,    9453572,        0,  -23546428,          0
  5038,   159,   33000000,    9514558,        0,  -23485442,          0
  5038,   160,   33000000,    9479939,        0,  -23520061,          0
  5038,   161,   33000000,    9449652,        0,  -23550348,          0
  5038,   162,   33000000,    9459082,        0,  -23540918,          0
  5038,   163,   33000000,    9450983,        0,  -23549017,          0
  5038,   164,   33000000,    9478981,        0,  -23521019,          0
  5038,   165,   33000000,    9427508,        0,  -23572492,          0
  5038,   166,   33000000,    9462519,        0,  -23537481,          0
  5038,   167,   33000000,    9469652,        0,  -23530348,          0
  5038,   168,   33000000,    9807494,        0,  -23192506,          0
  5038,   169,   33000000,    9442015,        0,  -23557985,          0
  5038,   170,   33000000,    9456914,        0,  -23543086,          0
  5038,   171,   33000000,    9467679,        0,  -23532321,          0
  5038,   172,   33000000,    9428828,        0,  -23571172,          0
  5038,   173,   33000000,    9447390,        0,  -23552610,          0
  5038,   174,   33000000,   15488523,        0,  -17511477,          0
  5038,   175,   33000000,    9446389,        0,  -23553611,          0
  5038,   176,   33000000,    9479618,        0,  -23520382,          0
  5038,   177,   33000000,   30151285,        0,   -2848715,          0
  5038,   178,   33000000,    9580232,        0,  -23419768,          0
  5038,   179,   33000000,    9930456,        0,  -23069544,          0
  5038,   180,   33000000,    9452020,        0,  -23547980,          0
  5038,   181,   33000000,    9466109,        0,  -23533891,          0
  5038,   182,   33000000,   13092360,        0,  -19907640,          0
  5038,   183,   33000000,    9801914,        0,  -23198086,          0
  5038,   184,   33000000,    9434753,        0,  -23565247,          0
  5038,   185,   33000000,    9458854,        0,  -23541146,          0
  5038,   186,   33000000,    9460271,        0,  -23539729,          0
  5038,   187,   33000000,    9740466,        0,  -23259534,          0
  5038,   188,   33000000,    9459118,        0,  -23540882,          0
  5038,   189,   33000000,    9487836,        0,  -23512164,          0
  5038,   190,   33000000,    9456282,        0,  -23543718,          0
  5038,   191,   33000000,    9506286,        0,  -23493714,          0
  5038,   192,   33000000,    9434625,        0,  -23565375,          0
  5038,   193,   33000000,    9439791,        0,  -23560209,          0
  5038,   194,   33000000,    9479890,        0,  -23520110,          0
  5038,   195,   33000000,   26860856,        0,   -6139144,          0
  5038,   196,   33000000,    9438607,        0,  -23561393,          0
  5038,   197,   33000000,    9437312,        0,  -23562688,          0
  5038,   198,   33000000,    9459975,        0,  -23540025,          0
  5038,   199,   33000000,    9499006,        0,  -23500994,          0
  5038,   200,   33000000,    9478920,        0,  -23521080,          0
  5038,   201,   33000000,    9458206,        0,  -23541794,          0
  5038,   202,   33000000,    9781207,        0,  -23218793,          0
  5038,   203,   33000000,    9432612,        0,  -23567388,          0
  5038,   204,   33000000,    9496524,        0,  -23503476,          0
  5038,   205,   33000000,    9433371,        0,  -23566629,          0
  5038,   206,   33000000,    9431969,        0,  -23568031,          0
  5038,   207,   33000000,    9453117,        0,  -23546883,          0
  5038,   208,   33000000,   23096438,        0,   -9903562,          0
  5038,   209,   33000000,    9452467,        0,  -23547533,          0
  5038,   210,   33000000,    9480275,        0,  -23519725,          0
  5038,   211,   33000000,   19547276,        0,  -13452724,          0
  5038,   212,   33000000,    9444489,        0,  -23555511,          0
  5038,   213,   33000000,    9425858,        0,  -23574142,          0
  5038,   214,   33000000,    9442754,        0,  -23557246,          0
  5038,   215,   33000000,    9444947,        0,  -23555053,          0
  5038,   216,   33000000,    9432597,        0,  -23567403,          0
  5038,   217,   33000000,    9450136,        0,  -23549864,          0
  5038,   218,   33000000,    9451675,        0,  -23548325,          0
  5038,   219,   33000000,    9462653,        0,  -23537347,          0
  5038,   220,   33000000,    9465171,        0,  -23534829,          0
  5038,   221,   33000000,    9717040,        0,  -23282960,          0
  5038,   222,   33000000,    9470364,        0,  -23529636,          0
  5038,   223,   33000000,    9452770,        0,  -23547230,          0
  5038,   224,   33000000,    9460063,        0,  -23539937,          0
  5038,   225,   33000000,    9442649,        0,  -23557351,          0
  5038,   226,   33000000,    9433475,        0,  -23566525,          0
  5038,   227,   33000000,   10715142,        0,  -22284858,          0
  5038,   228,   33000000,    9439997,        0,  -23560003,          0
  5038,   229,   33000000,    9449000,        0,  -23551000,          0
  5038,   230,   33000000,    9454112,        0,  -23545888,          0
  5038,   231,   33000000,    9467257,        0,  -23532743,          0
  5038,   232,   33000000,    9435539,        0,  -23564461,          0
  5038,   233,   33000000,    9508306,        0,  -23491694,          0
  5038,   234,   33000000,    9478202,        0,  -23521798,          0
  5038,   235,   33000000,    9424305,        0,  -23575695,          0
  5038,   236,   33000000,   11394442,        0,  -21605558,          0
  5038,   237,   33000000,    9460583,        0,  -23539417,          0
  5038,   238,   33000000,    9462174,        0,  -23537826,          0
  5038,   239,   33000000,    9462184,        0,  -23537816,          0
  5038,   240,   33000000,    9749503,        0,  -23250497,          0
  5038,   241,   33000000,    9444226,        0,  -23555774,          0
  5038,   242,   33000000,    9447662,        0,  -23552338,          0
  5038,   243,   33000000,    9430060,        0,  -23569940,          0
  5038,   244,   33000000,    9452647,        0,  -23547353,          0
  5038,   245,   33000000,   25927047,        0,   -7072953,          0
  5038,   246,   33000000,    9444396,        0,  -23555604,          0
  5038,   247,   33000000,    9423021,        0,  -23576979,          0
  5038,   248,   33000000,   22924106,        0,  -10075894,          0
  5038,   249,   33000000,    9499456,        0,  -23500544,          0
  5038,   250,   33000000,    9556347,        0,  -23443653,          0
  5038,   251,   33000000,    9458608,        0,  -23541392,          0
  5038,   252,   33000000,    9459432,        0,  -23540568,          0
  5038,   253,   33000000,    9469896,        0,  -23530104,          0
  5038,   254,   33000000,    9453388,        0,  -23546612,          0
  5038,   255,   33000000,    9743363,        0,  -23256637,          0
  5038,   256,   33000000,   28715450,        0,   -4284550,          0
  5038,   257,   33000000,    9439175,        0,  -23560825,          0
  5038,   258,   33000000,    9442796,        0,  -23557204,          0
  5038,   259,   33000000,    9707614,        0,  -23292386,          0
  5038,   260,   33000000,    9438735,        0,  -23561265,          0
  5038,   261,   33000000,    9427155,        0,  -23572845,          0
  5038,   262,   33000000,    9435384,        0,  -23564616,          0
  5038,   263,   33000000,   11094601,        0,  -21905399,          0
  5038,   264,   33000000,    9490721,        0,  -23509279,          0
  5038,   265,   33000000,    9442684,        0,  -23557316,          0
  5038,   266,   33000000,    9430307,        0,  -23569693,          0
  5038,   267,   33000000,   16919842,        0,  -16080158,          0
  5038,   268,   33000000,    9459257,        0,  -23540743,          0
  5038,   269,   33000000,    9438605,        0,  -23561395,          0
  5038,   270,   33000000,    9437155,        0,  -23562845,          0
  5038,   271,   33000000,   19537418,        0,  -13462582,          0
  5038,   272,   33000000,    9445607,        0,  -23554393,          0
  5038,   273,   33000000,    9431535,        0,  -23568465,          0
  5038,   274,   33000000,    9724779,        0,  -23275221,          0
  5038,   275,   33000000,    9440104,        0,  -23559896,          0
  5038,   276,   33000000,    9439025,        0,  -23560975,          0
  5038,   277,   33000000,   19767936,        0,  -13232064,          0
  5038,   278,   33000000,    9540871,        0,  -23459129,          0
  5038,   279,   33000000,    9445157,        0,  -23554843,          0
  5038,   280,   33000000,    9444310,        0,  -23555690,          0
  5038,   281,   33000000,    9463611,        0,  -23536389,          0
  5038,   282,   33000000,    9437186,        0,  -23562814,          0
  5038,   283,   33000000,    9453031,        0,  -23546969,          0
  5038,   284,   33000000,    9468075,        0,  -23531925,          0
  5038,   285,   33000000,    9479281,        0,  -23520719,          0
  5038,   286,   33000000,    9434881,        0,  -23565119,          0
  5038,   287,   33000000,    9447080,        0,  -23552920,          0
  5038,   288,   33000000,   15052733,        0,  -17947267,          0
  5038,   289,   33000000,    9442414,        0,  -23557586,          0
  5038,   290,   33000000,    9466156,        0,  -23533844,          0
  5038,   291,   33000000,    9478274,        0,  -23521726,          0
  5038,   292,   33000000,    9492486,        0,  -23507514,          0
  5038,   293,   33000000,    9730380,        0,  -23269620,          0
  5038,   294,   33000000,    9458093,        0,  -23541907,          0
  5038,   295,   33000000,    9420076,        0,  -23579924,          0
  5038,   296,   33000000,    9490946,        0,  -23509054,          0
  5038,   297,   33000000,    9448282,        0,  -23551718,          0
  5038,   298,   33000000,    9466223,        0,  -23533777,          0
  5038,   299,   33000000,    9445296,        0,  -23554704,          0
  5038,   300,   33000000,   14335009,        0,  -18664991,          0
  5038,   301,   33000000,    9432633,        0,  -23567367,          0
  5038,   302,   33000000,    9462633,        0,  -23537367,          0
  5038,   303,   33000000,    9473923,        0,  -23526077,          0
  5038,   304,   33000000,    9456533,        0,  -23543467,          0
  5038,   305,   33000000,    9459400,        0,  -23540600,          0
  5038,   306,   33000000,    9434492,        0,  -23565508,          0
  5038,   307,   33000000,    9469220,        0,  -23530780,          0
# task NAME=myapp PID=5042 COST=25696000 PERIOD=69000000 CPU=0
  5042,     2,   69000000,       6563,        0,  -68993437,          0
  5042,     3,   69000000,     781672,        0,  -68218328,          0
  5042,     4,   69000000,   25435062,        0,  -43564938,          0
  5042,     5,   69000000,   25239194,        0,  -43760806,          0
  5042,     6,   69000000,   30983932,        0,  -38016068,          0
  5042,     7,   69000000,   25183892,        0,  -43816108,          0
  5042,     8,   69000000,   42972354,        0,  -26027646,          0
  5042,     9,   69000000,   25175008,        0,  -43824992,          0
  5042,    10,   69000000,   25290632,        0,  -43709368,          0
  5042,    11,   69000000,   25441641,        0,  -43558359,          0
  5042,    12,   69000000,   25178717,        0,  -43821283,          0
  5042,    13,   69000000,   25447907,        0,  -43552093,          0
  5042,    14,   69000000,   34661810,        0,  -34338190,          0
  5042,    15,   69000000,   25197887,        0,  -43802113,          0
  5042,    16,   69000000,   25150415,        0,  -43849585,          0
  5042,    17,   69000000,   25167649,        0,  -43832351,          0
  5042,    18,   69000000,   25165553,        0,  -43834447,          0
  5042,    19,   69000000,   25159984,        0,  -43840016,          0
  5042,    20,   69000000,   25152006,        0,  -43847994,          0
  5042,    21,   69000000,   25168135,        0,  -43831865,          0
  5042,    22,   69000000,   25472611,        0,  -43527389,          0
  5042,    23,   69000000,   25195237,        0,  -43804763,          0
  5042,    24,   69000000,   48479651,        0,  -20520349,          0
  5042,    25,   69000000,   25190163,        0,  -43809837,          0
  5042,    26,   69000000,   25185550,        0,  -43814450,          0
  5042,    27,   69000000,   48108710,        0,  -20891290,          0
  5042,    28,   69000000,   25168688,        0,  -43831312,          0
  5042,    29,   69000000,   25180747,        0,  -43819253,          0
  5042,    30,   69000000,   25526704,        0,  -43473296,          0
  5042,    31,   69000000,   25447953,        0,  -43552047,          0
  5042,    32,   69000000,   25150193,        0,  -43849807,          0
  5042,    33,   69000000,   25455777,        0,  -43544223,          0
  5042,    34,   69000000,   25275968,        0,  -43724032,          0
  5042,    35,   69000000,   25183943,        0,  -43816057,          0
  5042,    36,   69000000,   25204745,        0,  -43795255,          0
  5042,    37,   69000000,   25177195,        0,  -43822805,          0
  5042,    38,   69000000,   25138700,        0,  -43861300,          0
  5042,    39,   69000000,   25653815,        0,  -43346185,          0
  5042,    40,   69000000,   25450740,        0,  -43549260,          0
  5042,    41,   69000000,   25149113,        0,  -43850887,          0
  5042,    42,   69000000,   25436713,        0,  -43563287,          0
  5042,    43,   69000000,   25147932,        0,  -43852068,          0
  5042,    44,   69000000,   25178321,        0,  -43821679,          0
  5042,    45,   69000000,   25137274,        0,  -43862726,          0
  5042,    46,   69000000,   25412907,        0,  -43587093,          0
  5042,    47,   69000000,   25183582,        0,  -43816418,          0
  5042,    48,   69000000,   33153210,        0,  -35846790,          0
  5042,    49,   69000000,   25420066,        0,  -43579934,          0
  5042,    50,   69000000,   25145008,        0,  -43854992,          0
  5042,    51,   69000000,   25450963,        0,  -43549037,          0
  5042,    52,   69000000,   25187974,        0,  -43812026,          0
  5042,    53,   69000000,   25167015,        0,  -43832985,          0
  5042,    54,   69000000,   25169938,        0,  -43830062,          0
  5042,    55,   69000000,   25191272,        0,  -43808728,          0
  5042,    56,   69000000,   25222116,        0,  -43777884,          0
  5042,    57,   69000000,   25181234,        0,  -43818766,          0
  5042,    58,   69000000,   25174015,        0,  -43825985,          0
  5042,    59,   69000000,   25162661,        0,  -43837339,          0
  5042,    60,   69000000,   25436317,        0,  -43563683,          0
  5042,    61,   69000000,   25144363,        0,  -43855637,          0
  5042,    62,   69000000,   25447929,        0,  -43552071,          0
  5042,    63,   69000000,   25252186,        0,  -43747814,          0
  5042,    64,   69000000,   25170807,        0,  -43829193,          0
  5042,    65,   69000000,   25169503,        0,  -43830497,          0
  5042,    66,   69000000,   25170217,        0,  -43829783,          0
  5042,    67,   69000000,   52648058,        0,  -16351942,          0
  5042,    68,   69000000,   25147605,        0,  -43852395,          0
  5042,    69,   69000000,   25436997,        0,  -43563003,          0
  5042,    70,   69000000,   25173354,        0,  -43826646,          0
  5042,    71,   69000000,   46413816,        0,  -22586184,          0
  5042,    72,   69000000,   25154542,        0,  -43845458,          0
  5042,    73,   69000000,   25161379,        0,  -43838621,          0
  5042,    74,   69000000,   25188172,        0,  -43811828,          0
  5042,    75,   69000000,   25181579,        0,  -43818421,          0
  5042,    76,   69000000,   25153589,        0,  -43846411,          0
  5042,    77,   69000000,   25165017,        0,  -43834983,          0
  5042,    78,   69000000,   25462894,        0,  -43537106,          0
  5042,    79,   69000000,   25168416,        0,  -43831584,          0
  5042,    80,   69000000,   25773088,        0,  -43226912,          0
  5042,    81,   69000000,   25180484,        0,  -43819516,          0
  5042,    82,   69000000,   25209211,        0,  -43790789,          0
  5042,    83,   69000000,   25134416,        0,  -43865584,          0
  5042,    84,   69000000,   25155730,        0,  -43844270,          0
  5042,    85,   69000000,   25178561,        0,  -43821439,          0
  5042,    86,   69000000,   25126487,        0,  -43873513,          0
  5042,    87,   69000000,   29611871,        0,  -39388129,          0
  5042,    88,   69000000,   25150841,        0,  -43849159,          0
  5042,    89,   69000000,   25503576,        0,  -43496424,          0
  5042,    90,   69000000,   25184816,        0,  -43815184,          0
  5042,    91,   69000000,   34935831,        0,  -34064169,          0
  5042,    92,   69000000,   25218623,        0,  -43781377,          0
  5042,    93,   69000000,   25175810,        0,  -43824190,          0
  5042,    94,   69000000,   25151290,        0,  -43848710,          0
  5042,    95,   69000000,   30424832,        0,  -38575168,          0
  5042,    96,   69000000,   25143255,        0,  -43856745,          0
  5042,    97,   69000000,   25215570,        0,  -43784430,          0
  5042,    98,   69000000,   25560867,        0,  -43439133,          0
  5042,    99,   69000000,   25175917,        0,  -43824083,          0
  5042,   100,   69000000,   25471928,        0,  -43528072,          0
  5042,   101,   69000000,   26593837,        0,  -42406163,          0
  5042,   102,   69000000,   25177892,        0,  -43822108,          0
  5042,   103,   69000000,   25651761,        0,  -43348239,          0
  5042,   104,   69000000,   25189736,        0,  -43810264,          0
  5042,   105,   69000000,   25638613,        0,  -43361387,          0
  5042,   106,   69000000,   25159994,        0,  -43840006,          0
  5042,   107,   69000000,   25438350,        0,  -43561650,          0
  5042,   108,   69000000,   25154471,        0,  -43845529,          0
  5042,   109,   69000000,   34976470,        0,  -34023530,          0
  5042,   110,   69000000,   25167321,        0,  -43832679,          0
  5042,   111,   69000000,   25140205,        0,  -43859795,          0
  5042,   112,   69000000,   25161027,        0,  -43838973,          0
  5042,   113,   69000000,   25240137,        0,  -43759863,          0
  5042,   114,   69000000,   31672045,        0,  -37327955,          0
  5042,   115,   69000000,   25203830,        0,  -43796170,          0
  5042,   116,   69000000,   25670189,        0,  -43329811,          0
  5042,   117,   69000000,   25170801,        0,  -43829199,          0
  5042,   118,   69000000,   25553617,        0,  -43446383,          0
  5042,   119,   69000000,   25635469,        0,  -43364531,          0
  5042,   120,   69000000,   25427849,        0,  -43572151,          0
  5042,   121,   69000000,   25244307,        0,  -43755693,          0
  5042,   122,   69000000,   25142208,        0,  -43857792,          0
  5042,   123,   69000000,   25156096,        0,  -43843904,          0
  5042,   124,   69000000,   44483776,        0,  -24516224,          0
  5042,   125,   69000000,   25170227,        0,  -43829773,          0
  5042,   126,   69000000,   25152895,        0,  -43847105,          0
  5042,   127,   69000000,   26463382,        0,  -42536618,          0
  5042,   128,   69000000,   25157854,        0,  -43842146,          0
  5042,   129,   69000000,   25432359,        0,  -43567641,          0
  5042,   130,   69000000,   25195951,        0,  -43804049,          0
  5042,   131,   69000000,   25214315,        0,  -43785685,          0
  5042,   132,   69000000,   25192901,        0,  -43807099,          0
  5042,   133,   69000000,   25149338,        0,  -43850662,          0
  5042,   134,   69000000,   25198590,        0,  -43801410,          0
  5042,   135,   69000000,   25174245,        0,  -43825755,          0
  5042,   136,   69000000,   31995684,        0,  -37004316,          0
  5042,   137,   69000000,   25150824,        0,  -43849176,          0
  5042,   138,   69000000,   26032306,        0,  -42967694,          0
  5042,   139,   69000000,   25145692,        0,  -43854308,          0
  5042,   140,   69000000,   25152180,        0,  -43847820,          0
  5042,   141,   69000000,   25191701,        0,  -43808299,          0
  5042,   142,   69000000,   25172195,        0,  -43827805,          0
  5042,   143,   69000000,   25177376,        0,  -43822624,          0
  5042,   144,   69000000,   25154049,        0,  -43845951,          0
  5042,   145,   69000000,   25173591,        0,  -43826409,          0
  5042,   146,   69000000,   25192388,        0,  -43807612,          0
  5042,   147,   69000000,   31950716,        0,  -37049284,          0
  5042,   148,   69000000,   25169503,        0,  -43830497,          0
# task NAME=myapp PID=5046 COST=1381000 PERIOD=49000000 CPU=0
  5046,     2,   49000000,      11850,        0,  -48988150,          0
  5046,     3,   49000000,     761232,        0,  -48238768,          0
  5046,     4,   49000000,    1391187,        0,  -47608813,          0
  5046,     5,   49000000,    1410983,        0,  -47589017,          0
  5046,     6,   49000000,    1379689,        0,  -47620311,          0
  5046,     7,   49000000,   18217680,        0,  -30782320,          0
  5046,     8,   49000000,    1424657,        0,  -47575343,          0
  5046,     9,   49000000,    1387369,        0,  -47612631,          0
  5046,    10,   49000000,   21168541,        0,  -27831459,          0
  5046,    11,   49000000,    1395247,        0,  -47604753,          0
  5046,    12,   49000000,    1377007,        0,  -47622993,          0
  5046,    13,   49000000,    1407937,        0,  -47592063,          0
  5046,    14,   49000000,    1403291,        0,  -47596709,          0
  5046,    15,   49000000,    1395946,        0,  -47604054,          0
  5046,    16,   49000000,    1395219,        0,  -47604781,          0
  5046,    17,   49000000,    1714990,        0,  -47285010,          0
  5046,    18,   49000000,    1392671,        0,  -47607329,          0
  5046,    19,   49000000,    1424291,        0,  -47575709,          0
  5046,    20,   49000000,    1390814,        0,  -47609186,          0
  5046,    21,   49000000,    1378315,        0,  -47621685,          0
  5046,    22,   49000000,    1430342,        0,  -47569658,          0
  5046,    23,   49000000,    1406000,        0,  -47594000,          0
  5046,    24,   49000000,    1411789,        0,  -47588211,          0
  5046,    25,   49000000,    1402995,        0,  -47597005,          0
  5046,    26,   49000000,    1377030,        0,  -47622970,          0
  5046,    27,   49000000,    1375553,        0,  -47624447,          0
  5046,    28,   49000000,    9264944,        0,  -39735056,          0
  5046,    29,   49000000,    1397437,        0,  -47602563,          0
  5046,    30,   49000000,   14951841,        0,  -34048159,          0
  5046,    31,   49000000,    1373082,        0,  -47626918,          0
  5046,    32,   49000000,    1374146,        0,  -47625854,          0
  5046,    33,   49000000,    4325189,        0,  -44674811,          0
  5046,    34,   49000000,    1400793,        0,  -47599207,          0
  5046,    35,   49000000,    2320944,        0,  -46679056,          0
  5046,    36,   49000000,    1386530,        0,  -47613470,          0
  5046,    37,   49000000,   18429349,        0,  -30570651,          0
  5046,    38,   49000000,    1400659,        0,  -47599341,          0
  5046,    39,   49000000,    1399802,        0,  -47600198,          0
  5046,    40,   49000000,    1391824,        0,  -47608176,          0
  5046,    41,   49000000,    1372521,        0,  -47627479,          0
  5046,    42,   49000000,   13359154,        0,  -35640846,          0
  5046,    43,   49000000,    1391572,        0,  -47608428,          0
  5046,    44,   49000000,    1401454,        0,  -47598546,          0
  5046,    45,   49000000,    1392808,        0,  -47607192,          0
  5046,    46,   49000000,    1437531,        0,  -47562469,          0
  5046,    47,   49000000,    1372784,        0,  -47627216,          0
  5046,    48,   49000000,    1500567,        0,  -47499433,          0
  5046,    49,   49000000,    1399260,        0,  -47600740,          0
  5046,    50,   49000000,    1381874,        0,  -47618126,          0
  5046,    51,   49000000,    1380427,        0,  -47619573,          0
  5046,    52,   49000000,    1393182,        0,  -47606818,          0
  5046,    53,   49000000,    1375784,        0,  -47624216,          0
  5046,    54,   49000000,    1377254,        0,  -47622746,          0
  5046,    55,   49000000,    1374961,        0,  -47625039,          0
  5046,    56,   49000000,    1374846,        0,  -47625154,          0
  5046,    57,   49000000,    3398936,        0,  -45601064,          0
  5046,    58,   49000000,    1390104,        0,  -47609896,          0
  5046,    59,   49000000,    1373130,        0,  -47626870,          0
  5046,    60,   49000000,    1373357,        0,  -47626643,          0
  5046,    61,   49000000,    1632944,        0,  -47367056,          0
  5046,    62,   49000000,    1379451,        0,  -47620549,          0
  5046,    63,   49000000,    3740550,        0,  -45259450,          0
  5046,    64,   49000000,    1373994,        0,  -47626006,          0
  5046,    65,   49000000,    1369328,        0,  -47630672,          0
  5046,    66,   49000000,    1409001,        0,  -47590999,          0
  5046,    67,   49000000,    1409050,        0,  -47590950,          0
  5046,    68,   49000000,   16395897,        0,  -32604103,          0
  5046,    69,   49000000,    1445592,        0,  -47554408,          0
  5046,    70,   49000000,   21478756,        0,  -27521244,          0
  5046,    71,   49000000,    1381683,        0,  -47618317,          0
  5046,    72,   49000000,    1397091,        0,  -47602909,          0
  5046,    73,   49000000,    1398284,        0,  -47601716,          0
  5046,    74,   49000000,    1380110,        0,  -47619890,          0
  5046,    75,   49000000,    1417931,        0,  -47582069,          0
  5046,    76,   49000000,    1419650,        0,  -47580350,          0
  5046,    77,   49000000,    1390766,        0,  -47609234,          0
  5046,    78,   49000000,    1393754,        0,  -47606246,          0
  5046,    79,   49000000,    1404751,        0,  -47595249,          0
  5046,    80,   49000000,    1382434,        0,  -47617566,          0
  5046,    81,   49000000,    1419972,        0,  -47580028,          0
  5046,    82,   49000000,    1408209,        0,  -47591791,          0
  5046,    83,   49000000,    1416578,        0,  -47583422,          0
  5046,    84,   49000000,    1427212,        0,  -47572788,          0
  5046,    85,   49000000,    1375909,        0,  -47624091,          0
  5046,    86,   49000000,    2613170,        0,  -46386830,          0
  5046,    87,   49000000,    1390429,        0,  -47609571,          0
  5046,    88,   49000000,    1381080,        0,  -47618920,          0
  5046,    89,   49000000,    1385594,        0,  -47614406,          0
  5046,    90,   49000000,    1375849,        0,  -47624151,          0
  5046,    91,   49000000,    1396383,        0,  -47603617,          0
  5046,    92,   49000000,    1392448,        0,  -47607552,          0
  5046,    93,   49000000,    1412581,        0,  -47587419,          0
  5046,    94,   49000000,    6906147,        0,  -42093853,          0
  5046,    95,   49000000,    1374528,        0,  -47625472,          0
  5046,    96,   49000000,    1381954,        0,  -47618046,          0
  5046,    97,   49000000,    1380891,        0,  -47619109,          0
  5046,    98,   49000000,    1393959,        0,  -47606041,          0
  5046,    99,   49000000,   10779494,        0,  -38220506,          0
  5046,   100,   49000000,    1424441,        0,  -47575559,          0
  5046,   101,   49000000,    1392032,        0,  -47607968,          0
  5046,   102,   49000000,    1446685,        0,  -47553315,          0
  5046,   103,   49000000,    1428497,        0,  -47571503,          0
  5046,   104,   49000000,    1389242,        0,  -47610758,          0
  5046,   105,   49000000,    1391703,        0,  -47608297,          0
  5046,   106,   49000000,    1446686,        0,  -47553314,          0
  5046,   107,   49000000,    1408785,        0,  -47591215,          0
  5046,   108,   49000000,    1454280,        0,  -47545720,          0
  5046,   109,   49000000,    1394102,        0,  -47605898,          0
  5046,   110,   49000000,    1402820,        0,  -47597180,          0
  5046,   111,   49000000,    1431493,        0,  -47568507,          0
  5046,   112,   49000000,    1377451,        0,  -47622549,          0
  5046,   113,   49000000,    1381534,        0,  -47618466,          0
  5046,   114,   49000000,    1404613,        0,  -47595387,          0
  5046,   115,   49000000,    1401705,        0,  -47598295,          0
  5046,   116,   49000000,    1438694,        0,  -47561306,          0
  5046,   117,   49000000,    1382441,        0,  -47617559,          0
  5046,   118,   49000000,    1490106,        0,  -47509894,          0
  5046,   119,   49000000,    1396039,        0,  -47603961,          0
  5046,   120,   49000000,    1394187,        0,  -47605813,          0
  5046,   121,   49000000,    4053324,        0,  -44946676,          0
  5046,   122,   49000000,    1376667,        0,  -47623333,          0
  5046,   123,   49000000,    1376401,        0,  -47623599,          0
  5046,   124,   49000000,    1401690,        0,  -47598310,          0
  5046,   125,   49000000,    5925752,        0,  -43074248,          0
  5046,   126,   49000000,    1423570,        0,  -47576430,          0
  5046,   127,   49000000,    7827191,        0,  -41172809,          0
  5046,   128,   49000000,    1474144,        0,  -47525856,          0
  5046,   129,   49000000,    1389126,        0,  -47610874,          0
  5046,   130,   49000000,    1391065,        0,  -47608935,          0
  5046,   131,   49000000,    1380192,        0,  -47619808,          0
  5046,   132,   49000000,    1431577,        0,  -47568423,          0
  5046,   133,   49000000,    1382403,        0,  -47617597,          0
  5046,   134,   49000000,    1403306,        0,  -47596694,          0
  5046,   135,   49000000,    5866123,        0,  -43133877,          0
  5046,   136,   49000000,    1373781,        0,  -47626219,          0
  5046,   137,   49000000,    2068524,        0,  -46931476,          0
  5046,   138,   49000000,    1379953,        0,  -47620047,          0
  5046,   139,   49000000,    1412325,        0,  -47587675,          0
  5046,   140,   49000000,    1377216,        0,  -47622784,          0
  5046,   141,   49000000,    1407862,        0,  -47592138,          0
  5046,   142,   49000000,    1409031,        0,  -47590969,          0
  5046,   143,   49000000,    1422174,        0,  -47577826,          0
  5046,   144,   49000000,    1384966,        0,  -47615034,          0
  5046,   145,   49000000,    1384253,        0,  -47615747,          0
  5046,   146,   49000000,    1416723,        0,  -47583277,          0
  5046,   147,   49000000,    1410080,        0,  -47589920,          0
  5046,   148,   49000000,    1380528,        0,  -47619472,          0
  5046,   149,   49000000,    1494563,        0,  -47505437,          0
  5046,   150,   49000000,    1389816,        0,  -47610184,          0
  5046,   151,   49000000,    1409856,        0,  -47590144,          0
  5046,   152,   49000000,   23259832,        0,  -25740168,          0
  5046,   153,   49000000,    1390163,        0,  -47609837,          0
  5046,   154,   49000000,    1838084,        0,  -47161916,          0
  5046,   155,   49000000,    1662090,        0,  -47337910,          0
  5046,   156,   49000000,    1389063,        0,  -47610937,          0
  5046,   157,   49000000,    1411958,        0,  -47588042,          0
  5046,   158,   49000000,    1394281,        0,  -47605719,          0
  5046,   159,   49000000,    1377075,        0,  -47622925,          0
  5046,   160,   49000000,    8819223,        0,  -40180777,          0
  5046,   161,   49000000,    1381290,        0,  -47618710,          0
  5046,   162,   49000000,   13977579,        0,  -35022421,          0
  5046,   163,   49000000,    1397899,        0,  -47602101,          0
  5046,   164,   49000000,    1383317,        0,  -47616683,          0
  5046,   165,   49000000,    2271427,        0,  -46728573,          0
  5046,   166,   49000000,   17422439,        0,  -31577561,          0
  5046,   167,   49000000,    1390878,        0,  -47609122,          0
  5046,   168,   49000000,   20068823,        0,  -28931177,          0
  5046,   169,   49000000,    1409612,        0,  -47590388,          0
  5046,   170,   49000000,    1393274,        0,  -47606726,          0
  5046,   171,   49000000,    1399678,        0,  -47600322,          0
  5046,   172,   49000000,    1379910,        0,  -47620090,          0
  5046,   173,   49000000,    1402294,        0,  -47597706,          0
  5046,   174,   49000000,    1374739,        0,  -47625261,          0
  5046,   175,   49000000,    1370109,        0,  -47629891,          0
  5046,   176,   49000000,    1388601,        0,  -47611399,          0
  5046,   177,   49000000,    1375104,        0,  -47624896,          0
  5046,   178,   49000000,    8834238,        0,  -40165762,          0
  5046,   179,   49000000,    1380845,        0,  -47619155,          0
  5046,   180,   49000000,    1391543,        0,  -47608457,          0
  5046,   181,   49000000,    8340886,        0,  -40659114,          0
  5046,   182,   49000000,    1384568,        0,  -47615432,          0
  5046,   183,   49000000,    1395249,        0,  -47604751,          0
  5046,   184,   49000000,    1425644,        0,  -47574356,          0
  5046,   185,   49000000,    1405845,        0,  -47594155,          0
  5046,   186,   49000000,    1392625,        0,  -47607375,          0
  5046,   187,   49000000,    1382826,        0,  -47617174,          0
  5046,   188,   49000000,    1440621,        0,  -47559379,          0
  5046,   189,   49000000,    1407274,        0,  -47592726,          0
  5046,   190,   49000000,    1439599,        0,  -47560401,          0
  5046,   191,   49000000,    1383154,        0,  -47616846,          0
  5046,   192,   49000000,    1394486,        0,  -47605514,          0
  5046,   193,   49000000,    5188928,        0,  -43811072,          0
  5046,   194,   49000000,    1377350,        0,  -47622650,          0
  5046,   195,   49000000,    2614962,        0,  -46385038,          0
  5046,   196,   49000000,    1411341,        0,  -47588659,          0
  5046,   197,   49000000,    1385244,        0,  -47614756,          0
  5046,   198,   49000000,    1374501,        0,  -47625499,          0
  5046,   199,   49000000,    1403262,        0,  -47596738,          0
  5046,   200,   49000000,    1398337,        0,  -47601663,          0
  5046,   201,   49000000,    1412303,        0,  -47587697,          0
  5046,   202,   49000000,    1393541,        0,  -47606459,          0
  5046,   203,   49000000,    5801657,        0,  -43198343,          0
  5046,   204,   49000000,    1394050,        0,  -47605950,          0
  5046,   205,   49000000,    1392014,        0,  -47607986,          0
  5046,   206,   49000000,    6102511,        0,  -42897489,          0
  5046,   207,   49000000,    1386851,        0,  -47613149,          0
  5046,   208,   49000000,    1371824,        0,  -47628176,          0
