# Task,   Job,     Period,   Response, DL Miss?,   Lateness,  Tardiness
# task NAME=myapp PID=20707 COST=20358000 PERIOD=64000000 CPU=0
 20707,     2,   64000000,       8996,        0,  -63991004,          0
 20707,     3,   64000000,      61077,        0,  -63938923,          0
 20707,     4,   64000000,   37793255,        0,  -26206745,          0
 20707,     5,   64000000,   33978871,        0,  -30021129,          0
 20707,     6,   64000000,   33704195,        0,  -30295805,          0
 20707,     7,   64000000,   33734577,        0,  -30265423,          0
 20707,     8,   64000000,   33739962,        0,  -30260038,          0
 20707,     9,   64000000,   33750543,        0,  -30249457,          0
 20707,    10,   64000000,   33780762,        0,  -30219238,          0
 20707,    11,   64000000,   33710256,        0,  -30289744,          0
 20707,    12,   64000000,   33723746,        0,  -30276254,          0
 20707,    13,   64000000,   33747925,        0,  -30252075,          0
 20707,    14,   64000000,   33752215,        0,  -30247785,          0
 20707,    15,   64000000,   33800380,        0,  -30199620,          0
 20707,    16,   64000000,   33918009,        0,  -30081991,          0
 20707,    17,   64000000,   33772320,        0,  -30227680,          0
 20707,    18,   64000000,   33849612,        0,  -30150388,          0
 20707,    19,   64000000,   33800757,        0,  -30199243,          0
 20707,    20,   64000000,   33755475,        0,  -30244525,          0
 20707,    21,   64000000,   33828665,        0,  -30171335,          0
 20707,    22,   64000000,   38042688,        0,  -25957312,          0
 20707,    23,   64000000,   33774203,        0,  -30225797,          0
 20707,    24,   64000000,   33776899,        0,  -30223101,          0
 20707,    25,   64000000,   33843207,        0,  -30156793,          0
 20707,    26,   64000000,   33809129,        0,  -30190871,          0
 20707,    27,   64000000,   33785585,        0,  -30214415,          0
 20707,    28,   64000000,   34167988,        0,  -29832012,          0
 20707,    29,   64000000,   33757780,        0,  -30242220,          0
 20707,    30,   64000000,   34030756,        0,  -29969244,          0
 20707,    31,   64000000,   33814978,        0,  -30185022,          0
 20707,    32,   64000000,   33751325,        0,  -30248675,          0
 20707,    33,   64000000,   33766401,        0,  -30233599,          0
 20707,    34,   64000000,   33796687,        0,  -30203313,          0
 20707,    35,   64000000,   33737307,        0,  -30262693,          0
 20707,    36,   64000000,   33991294,        0,  -30008706,          0
 20707,    37,   64000000,   33673603,        0,  -30326397,          0
 20707,    38,   64000000,   34024496,        0,  -29975504,          0
 20707,    39,   64000000,   33806976,        0,  -30193024,          0
 20707,    40,   64000000,   34034145,        0,  -29965855,          0
 20707,    41,   64000000,   33768067,        0,  -30231933,          0
 20707,    42,   64000000,   34036514,        0,  -29963486,          0
 20707,    43,   64000000,   33766861,        0,  -30233139,          0
 20707,    44,   64000000,   33706124,        0,  -30293876,          0
 20707,    45,   64000000,   37740209,        0,  -26259791,          0
 20707,    46,   64000000,   34026381,        0,  -29973619,          0
 20707,    47,   64000000,   33731997,        0,  -30268003,          0
 20707,    48,   64000000,   37862766,        0,  -26137234,          0
 20707,    49,   64000000,   33838663,        0,  -30161337,          0
 20707,    50,   64000000,   33721038,        0,  -30278962,          0
 20707,    51,   64000000,   33735809,        0,  -30264191,          0
 20707,    52,   64000000,   37821057,        0,  -26178943,          0
 20707,    53,   64000000,   37753057,        0,  -26246943,          0
 20707,    54,   64000000,   33766309,        0,  -30233691,          0
 20707,    55,   64000000,   33793369,        0,  -30206631,          0
 20707,    56,   64000000,   33751844,        0,  -30248156,          0
 20707,    57,   64000000,   33783876,        0,  -30216124,          0
 20707,    58,   64000000,   33688377,        0,  -30311623,          0
 20707,    59,   64000000,   33826610,        0,  -30173390,          0
 20707,    60,   64000000,   33705264,        0,  -30294736,          0
 20707,    61,   64000000,   33790457,        0,  -30209543,          0
 20707,    62,   64000000,   33695510,        0,  -30304490,          0
 20707,    63,   64000000,   33753043,        0,  -30246957,          0
 20707,    64,   64000000,   33676498,        0,  -30323502,          0
 20707,    65,   64000000,   33762110,        0,  -30237890,          0
 20707,    66,   64000000,   33675098,        0,  -30324902,          0
 20707,    67,   64000000,   33994904,        0,  -30005096,          0
 20707,    68,   64000000,   33745618,        0,  -30254382,          0
 20707,    69,   64000000,   34057029,        0,  -29942971,          0
 20707,    70,   64000000,   33845042,        0,  -30154958,          0
 20707,    71,   64000000,   33840046,        0,  -30159954,          0
 20707,    72,   64000000,   33665777,        0,  -30334223,          0
 20707,    73,   64000000,   33757437,        0,  -30242563,          0
 20707,    74,   64000000,   33799970,        0,  -30200030,          0
 20707,    75,   64000000,   34127345,        0,  -29872655,          0
 20707,    76,   64000000,   33776275,        0,  -30223725,          0
 20707,    77,   64000000,   33992740,        0,  -30007260,          0
 20707,    78,   64000000,   34431088,        0,  -29568912,          0
 20707,    79,   64000000,   33705318,        0,  -30294682,          0
 20707,    80,   64000000,   33718834,        0,  -30281166,          0
 20707,    81,   64000000,   33807202,        0,  -30192798,          0
 20707,    82,   64000000,   33727151,        0,  -30272849,          0
 20707,    83,   64000000,   34130223,        0,  -29869777,          0
 20707,    84,   64000000,   33816116,        0,  -30183884,          0
 20707,    85,   64000000,   34009464,        0,  -29990536,          0
 20707,    86,   64000000,   33635800,        0,  -30364200,          0
 20707,    87,   64000000,   34060794,        0,  -29939206,          0
 20707,    88,   64000000,   33750262,        0,  -30249738,          0
 20707,    89,   64000000,   33784279,        0,  -30215721,          0
 20707,    90,   64000000,   33720401,        0,  -30279599,          0
 20707,    91,   64000000,   33766727,        0,  -30233273,          0
 20707,    92,   64000000,   33727313,        0,  -30272687,          0
 20707,    93,   64000000,   33838291,        0,  -30161709,          0
 20707,    94,   64000000,   37768960,        0,  -26231040,          0
 20707,    95,   64000000,   33773718,        0,  -30226282,          0
 20707,    96,   64000000,   34881402,        0,  -29118598,          0
 20707,    97,   64000000,   33846014,        0,  -30153986,          0
 20707,    98,   64000000,   33868758,        0,  -30131242,          0
 20707,    99,   64000000,   33701415,        0,  -30298585,          0
 20707,   100,   64000000,   33683893,        0,  -30316107,          0
 20707,   101,   64000000,   33751077,        0,  -30248923,          0
 20707,   102,   64000000,   33841095,        0,  -30158905,          0
 20707,   103,   64000000,   33691374,        0,  -30308626,          0
 20707,   104,   64000000,   33705487,        0,  -30294513,          0
 20707,   105,   64000000,   33734939,        0,  -30265061,          0
 20707,   106,   64000000,   33727834,        0,  -30272166,          0
 20707,   107,   64000000,   33784043,        0,  -30215957,          0
 20707,   108,   64000000,   34029329,        0,  -29970671,          0
 20707,   109,   64000000,   38723281,        0,  -25276719,          0
 20707,   110,   64000000,   33775276,        0,  -30224724,          0
 20707,   111,   64000000,   33716345,        0,  -30283655,          0
 20707,   112,   64000000,   37858505,        0,  -26141495,          0
 20707,   113,   64000000,   33840701,        0,  -30159299,          0
 20707,   114,   64000000,   34132323,        0,  -29867677,          0
 20707,   115,   64000000,   33727435,        0,  -30272565,          0
 20707,   116,   64000000,   36084549,        0,  -27915451,          0
 20707,   117,   64000000,   33796266,        0,  -30203734,          0
 20707,   118,   64000000,   33706333,        0,  -30293667,          0
 20707,   119,   64000000,   33776328,        0,  -30223672,          0
 20707,   120,   64000000,   33706511,        0,  -30293489,          0
 20707,   121,   64000000,   37781347,        0,  -26218653,          0
 20707,   122,   64000000,   38048852,        0,  -25951148,          0
 20707,   123,   64000000,   33721605,        0,  -30278395,          0
 20707,   124,   64000000,   34111746,        0,  -29888254,          0
 20707,   125,   64000000,   33746115,        0,  -30253885,          0
 20707,   126,   64000000,   33969194,        0,  -30030806,          0
 20707,   127,   64000000,   33709848,        0,  -30290152,          0
 20707,   128,   64000000,   34137504,        0,  -29862496,          0
 20707,   129,   64000000,   33773034,        0,  -30226966,          0
 20707,   130,   64000000,   34009076,        0,  -29990924,          0
 20707,   131,   64000000,   33779839,        0,  -30220161,          0
 20707,   132,   64000000,   33727701,        0,  -30272299,          0
 20707,   133,   64000000,   33798090,        0,  -30201910,          0
 20707,   134,   64000000,   33941207,        0,  -30058793,          0
 20707,   135,   64000000,   33915082,        0,  -30084918,          0
 20707,   136,   64000000,   33764185,        0,  -30235815,          0
 20707,   137,   64000000,   33705908,        0,  -30294092,          0
 20707,   138,   64000000,   33843042,        0,  -30156958,          0
 20707,   139,   64000000,   33834936,        0,  -30165064,          0
 20707,   140,   64000000,   35752034,        0,  -28247966,          0
 20707,   141,   64000000,   33853498,        0,  -30146502,          0
 20707,   142,   64000000,   37750825,        0,  -26249175,          0
 20707,   143,   64000000,   33754586,        0,  -30245414,          0
 20707,   144,   64000000,   33726778,        0,  -30273222,          0
 20707,   145,   64000000,   33763954,        0,  -30236046,          0
 20707,   146,   64000000,   33778641,        0,  -30221359,          0
 20707,   147,   64000000,   33845055,        0,  -30154945,          0
 20707,   148,   64000000,   33782365,        0,  -30217635,          0
 20707,   149,   64000000,   33881339,        0,  -30118661,          0
 20707,   150,   64000000,   33727019,        0,  -30272981,          0
 20707,   151,   64000000,   34120101,        0,  -29879899,          0
 20707,   152,   64000000,   33770069,        0,  -30229931,          0
 20707,   153,   64000000,   34110271,        0,  -29889729,          0
 20707,   154,   64000000,   33679484,        0,  -30320516,          0
 20707,   155,   64000000,   34032180,        0,  -29967820,          0
 20707,   156,   64000000,   33716636,        0,  -30283364,          0
 20707,   157,   64000000,   37828380,        0,  -26171620,          0
 20707,   158,   64000000,   35712408,        0,  -28287592,          0
 20707,   159,   64000000,   33814247,        0,  -30185753,          0
 20707,   160,   64000000,   33714030,        0,  -30285970,          0
# task NAME=myapp PID=20710 COST=16474000 PERIOD=46000000 CPU=0
 20710,     2,   46000000,       9569,        0,  -45990431,          0
 20710,     3,   46000000,      68340,        0,  -45931660,          0
 20710,     4,   46000000,   28117724,        0,  -17882276,          0
 20710,     5,   46000000,   26041644,        0,  -19958356,          0
 20710,     6,   46000000,   28042661,        0,  -17957339,          0
 20710,     7,   46000000,   26078854,        0,  -19921146,          0
 20710,     8,   46000000,   30402172,        0,  -15597828,          0
 20710,     9,   46000000,   26009540,        0,  -19990460,          0
 20710,    10,   46000000,   28063832,        0,  -17936168,          0
 20710,    11,   46000000,   28491754,        0,  -17508246,          0
 20710,    12,   46000000,   28078544,        0,  -17921456,          0
 20710,    13,   46000000,   26044606,        0,  -19955394,          0
 20710,    14,   46000000,   28895968,        0,  -17104032,          0
 20710,    15,   46000000,   25996216,        0,  -20003784,          0
 20710,    16,   46000000,   28083364,        0,  -17916636,          0
 20710,    17,   46000000,   26057776,        0,  -19942224,          0
 20710,    18,   46000000,   28076667,        0,  -17923333,          0
 20710,    19,   46000000,   26301291,        0,  -19698709,          0
 20710,    20,   46000000,   28050308,        0,  -17949692,          0
 20710,    21,   46000000,   26035511,        0,  -19964489,          0
 20710,    22,   46000000,   30479372,        0,  -15520628,          0
 20710,    23,   46000000,   26076197,        0,  -19923803,          0
 20710,    24,   46000000,   28101686,        0,  -17898314,          0
 20710,    25,   46000000,   25942145,        0,  -20057855,          0
 20710,    26,   46000000,   28037803,        0,  -17962197,          0
 20710,    27,   46000000,   28427905,        0,  -17572095,          0
 20710,    28,   46000000,   28076302,        0,  -17923698,          0
 20710,    29,   46000000,   26033351,        0,  -19966649,          0
 20710,    30,   46000000,   30362970,        0,  -15637030,          0
 20710,    31,   46000000,   26118710,        0,  -19881290,          0
 20710,    32,   46000000,   28016841,        0,  -17983159,          0
 20710,    33,   46000000,   26090462,        0,  -19909538,          0
 20710,    34,   46000000,   28088559,        0,  -17911441,          0
 20710,    35,   46000000,   26077773,        0,  -19922227,          0
 20710,    36,   46000000,   28050560,        0,  -17949440,          0
 20710,    37,   46000000,   25999844,        0,  -20000156,          0
 20710,    38,   46000000,   30384420,        0,  -15615580,          0
 20710,    39,   46000000,   26044624,        0,  -19955376,          0
 20710,    40,   46000000,   28062074,        0,  -17937926,          0
 20710,    41,   46000000,   26332615,        0,  -19667385,          0
 20710,    42,   46000000,   28032176,        0,  -17967824,          0
 20710,    43,   46000000,   26017142,        0,  -19982858,          0
 20710,    44,   46000000,   28060193,        0,  -17939807,          0
 20710,    45,   46000000,   25998295,        0,  -20001705,          0
 20710,    46,   46000000,   28073205,        0,  -17926795,          0
 20710,    47,   46000000,   26112734,        0,  -19887266,          0
 20710,    48,   46000000,   28187783,        0,  -17812217,          0
 20710,    49,   46000000,   26229339,        0,  -19770661,          0
 20710,    50,   46000000,   28084647,        0,  -17915353,          0
 20710,    51,   46000000,   26144924,        0,  -19855076,          0
 20710,    52,   46000000,   28875422,        0,  -17124578,          0
 20710,    53,   46000000,   26058864,        0,  -19941136,          0
 20710,    54,   46000000,   28059686,        0,  -17940314,          0
 20710,    55,   46000000,   26107918,        0,  -19892082,          0
 20710,    56,   46000000,   30088927,        0,  -15911073,          0
 20710,    57,   46000000,   26147744,        0,  -19852256,          0
 20710,    58,   46000000,   28054474,        0,  -17945526,          0
 20710,    59,   46000000,   26479359,        0,  -19520641,          0
 20710,    60,   46000000,   28080546,        0,  -17919454,          0
 20710,    61,   46000000,   26586891,        0,  -19413109,          0
 20710,    62,   46000000,   28040658,        0,  -17959342,          0
 20710,    63,   46000000,   26042938,        0,  -19957062,          0
 20710,    64,   46000000,   28012937,        0,  -17987063,          0
 20710,    65,   46000000,   29068398,        0,  -16931602,          0
 20710,    66,   46000000,   28087129,        0,  -17912871,          0
 20710,    67,   46000000,   26026050,        0,  -19973950,          0
 20710,    68,   46000000,   28096102,        0,  -17903898,          0
 20710,    69,   46000000,   26069844,        0,  -19930156,          0
 20710,    70,   46000000,   28060743,        0,  -17939257,          0
 20710,    71,   46000000,   26303414,        0,  -19696586,          0
 20710,    72,   46000000,   31134559,        0,  -14865441,          0
 20710,    73,   46000000,   26531943,        0,  -19468057,          0
 20710,    74,   46000000,   28052191,        0,  -17947809,          0
 20710,    75,   46000000,   26030975,        0,  -19969025,          0
 20710,    76,   46000000,   28166825,        0,  -17833175,          0
 20710,    77,   46000000,   26008691,        0,  -19991309,          0
 20710,    78,   46000000,   28088829,        0,  -17911171,          0
 20710,    79,   46000000,   26313428,        0,  -19686572,          0
 20710,    80,   46000000,   28052471,        0,  -17947529,          0
 20710,    81,   46000000,   26026827,        0,  -19973173,          0
 20710,    82,   46000000,   28153930,        0,  -17846070,          0
 20710,    83,   46000000,   26044697,        0,  -19955303,          0
 20710,    84,   46000000,   30425815,        0,  -15574185,          0
 20710,    85,   46000000,   25983162,        0,  -20016838,          0
 20710,    86,   46000000,   28126467,        0,  -17873533,          0
 20710,    87,   46000000,   26067345,        0,  -19932655,          0
 20710,    88,   46000000,   28073003,        0,  -17926997,          0
 20710,    89,   46000000,   26112395,        0,  -19887605,          0
 20710,    90,   46000000,   30476452,        0,  -15523548,          0
 20710,    91,   46000000,   26513312,        0,  -19486688,          0
 20710,    92,   46000000,   28080012,        0,  -17919988,          0
 20710,    93,   46000000,   26491513,        0,  -19508487,          0
 20710,    94,   46000000,   27981575,        0,  -18018425,          0
 20710,    95,   46000000,   26316698,        0,  -19683302,          0
 20710,    96,   46000000,   28165077,        0,  -17834923,          0
 20710,    97,   46000000,   26447270,        0,  -19552730,          0
 20710,    98,   46000000,   28145083,        0,  -17854917,          0
 20710,    99,   46000000,   26016718,        0,  -19983282,          0
 20710,   100,   46000000,   28046142,        0,  -17953858,          0
 20710,   101,   46000000,   26044766,        0,  -19955234,          0
 20710,   102,   46000000,   28023261,        0,  -17976739,          0
 20710,   103,   46000000,   26103804,        0,  -19896196,          0
 20710,   104,   46000000,   28063881,        0,  -17936119,          0
 20710,   105,   46000000,   26057956,        0,  -19942044,          0
 20710,   106,   46000000,   28256377,        0,  -17743623,          0
 20710,   107,   46000000,   26021823,        0,  -19978177,          0
 20710,   108,   46000000,   28001852,        0,  -17998148,          0
 20710,   109,   46000000,   28398550,        0,  -17601450,          0
 20710,   110,   46000000,   28121988,        0,  -17878012,          0
 20710,   111,   46000000,   26020302,        0,  -19979698,          0
 20710,   112,   46000000,   28066403,        0,  -17933597,          0
 20710,   113,   46000000,   25978833,        0,  -20021167,          0
 20710,   114,   46000000,   28293008,        0,  -17706992,          0
 20710,   115,   46000000,   26107890,        0,  -19892110,          0
 20710,   116,   46000000,   28144565,        0,  -17855435,          0
 20710,   117,   46000000,   28482938,        0,  -17517062,          0
 20710,   118,   46000000,   28192771,        0,  -17807229,          0
 20710,   119,   46000000,   26055712,        0,  -19944288,          0
 20710,   120,   46000000,   28024303,        0,  -17975697,          0
 20710,   121,   46000000,   26038905,        0,  -19961095,          0
 20710,   122,   46000000,   28049849,        0,  -17950151,          0
 20710,   123,   46000000,   25966837,        0,  -20033163,          0
 20710,   124,   46000000,   28023943,        0,  -17976057,          0
 20710,   125,   46000000,   26300559,        0,  -19699441,          0
 20710,   126,   46000000,   28053465,        0,  -17946535,          0
 20710,   127,   46000000,   26034975,        0,  -19965025,          0
 20710,   128,   46000000,   28220043,        0,  -17779957,          0
 20710,   129,   46000000,   29053402,        0,  -16946598,          0
 20710,   130,   46000000,   27969406,        0,  -18030594,          0
 20710,   131,   46000000,   25990820,        0,  -20009180,          0
 20710,   132,   46000000,   28077513,        0,  -17922487,          0
 20710,   133,   46000000,   26004502,        0,  -19995498,          0
 20710,   134,   46000000,   28039803,        0,  -17960197,          0
 20710,   135,   46000000,   25989219,        0,  -20010781,          0
 20710,   136,   46000000,   30383969,        0,  -15616031,          0
 20710,   137,   46000000,   26027732,        0,  -19972268,          0
 20710,   138,   46000000,   27999710,        0,  -18000290,          0
 20710,   139,   46000000,   27590077,        0,  -18409923,          0
 20710,   140,   46000000,   28091147,        0,  -17908853,          0
 20710,   141,   46000000,   26433405,        0,  -19566595,          0
 20710,   142,   46000000,   28090843,        0,  -17909157,          0
 20710,   143,   46000000,   25996471,        0,  -20003529,          0
 20710,   144,   46000000,   28024974,        0,  -17975026,          0
 20710,   145,   46000000,   28040004,        0,  -17959996,          0
 20710,   146,   46000000,   28139377,        0,  -17860623,          0
 20710,   147,   46000000,   26026648,        0,  -19973352,          0
 20710,   148,   46000000,   28108720,        0,  -17891280,          0
 20710,   149,   46000000,   26068721,        0,  -19931279,          0
 20710,   150,   46000000,   28123694,        0,  -17876306,          0
 20710,   151,   46000000,   26088431,        0,  -19911569,          0
 20710,   152,   46000000,   28049032,        0,  -17950968,          0
 20710,   153,   46000000,   26091716,        0,  -19908284,          0
 20710,   154,   46000000,   31123584,        0,  -14876416,          0
 20710,   155,   46000000,   30096126,        0,  -15903874,          0
 20710,   156,   46000000,   30042547,        0,  -15957453,          0
 20710,   157,   46000000,   26030521,        0,  -19969479,          0
 20710,   158,   46000000,   28113136,        0,  -17886864,          0
 20710,   159,   46000000,   26047116,        0,  -19952884,          0
 20710,   160,   46000000,   28132153,        0,  -17867847,          0
 20710,   161,   46000000,   26559945,        0,  -19440055,          0
 20710,   162,   46000000,   28039782,        0,  -17960218,          0
 20710,   163,   46000000,   26391890,        0,  -19608110,          0
 20710,   164,   46000000,   28084887,        0,  -17915113,          0
 20710,   165,   46000000,   26057013,        0,  -19942987,          0
 20710,   166,   46000000,   28074505,        0,  -17925495,          0
 20710,   167,   46000000,   26027957,        0,  -19972043,          0
 20710,   168,   46000000,   31108962,        0,  -14891038,          0
 20710,   169,   46000000,   26130274,        0,  -19869726,          0
 20710,   170,   46000000,   27983736,        0,  -18016264,          0
 20710,   171,   46000000,   28408855,        0,  -17591145,          0
 20710,   172,   46000000,   28029937,        0,  -17970063,          0
 20710,   173,   46000000,   26366347,        0,  -19633653,          0
 20710,   174,   46000000,   28027504,        0,  -17972496,          0
 20710,   175,   46000000,   26293070,        0,  -19706930,          0
 20710,   176,   46000000,   28052283,        0,  -17947717,          0
 20710,   177,   46000000,   26051341,        0,  -19948659,          0
 20710,   178,   46000000,   28120376,        0,  -17879624,          0
 20710,   179,   46000000,   26086027,        0,  -19913973,          0
 20710,   180,   46000000,   28061882,        0,  -17938118,          0
 20710,   181,   46000000,   26085866,        0,  -19914134,          0
 20710,   182,   46000000,   30397681,        0,  -15602319,          0
 20710,   183,   46000000,   26100352,        0,  -19899648,          0
 20710,   184,   46000000,   28058354,        0,  -17941646,          0
 20710,   185,   46000000,   26065207,        0,  -19934793,          0
 20710,   186,   46000000,   28058490,        0,  -17941510,          0
 20710,   187,   46000000,   26102758,        0,  -19897242,          0
 20710,   188,   46000000,   28122215,        0,  -17877785,          0
 20710,   189,   46000000,   25997254,        0,  -20002746,          0
 20710,   190,   46000000,   30408550,        0,  -15591450,          0
 20710,   191,   46000000,   26005020,        0,  -19994980,          0
 20710,   192,   46000000,   28022107,        0,  -17977893,          0
 20710,   193,   46000000,   26338112,        0,  -19661888,          0
 20710,   194,   46000000,   28076562,        0,  -17923438,          0
 20710,   195,   46000000,   26095716,        0,  -19904284,          0
 20710,   196,   46000000,   30398562,        0,  -15601438,          0
 20710,   197,   46000000,   26038397,        0,  -19961603,          0
 20710,   198,   46000000,   27973050,        0,  -18026950,          0
 20710,   199,   46000000,   25991306,        0,  -20008694,          0
 20710,   200,   46000000,   28071183,        0,  -17928817,          0
 20710,   201,   46000000,   28068090,        0,  -17931910,          0
 20710,   202,   46000000,   27988433,        0,  -18011567,          0
 20710,   203,   46000000,   26025997,        0,  -19974003,          0
 20710,   204,   46000000,   30432399,        0,  -15567601,          0
 20710,   205,   46000000,   26077539,        0,  -19922461,          0
 20710,   206,   46000000,   27955920,        0,  -18044080,          0
 20710,   207,   46000000,   25966861,        0,  -20033139,          0
 20710,   208,   46000000,   28074355,        0,  -17925645,          0
 20710,   209,   46000000,   26052492,        0,  -19947508,          0
 20710,   210,   46000000,   28055440,        0,  -17944560,          0
 20710,   211,   46000000,   26042867,        0,  -19957133,          0
 20710,   212,   46000000,   30385846,        0,  -15614154,          0
 20710,   213,   46000000,   28061372,        0,  -17938628,          0
 20710,   214,   46000000,   28103515,        0,  -17896485,          0
 20710,   215,   46000000,   26295860,        0,  -19704140,          0
 20710,   216,   46000000,   28074082,        0,  -17925918,          0
 20710,   217,   46000000,   26132100,        0,  -19867900,          0
 20710,   218,   46000000,   28064274,        0,  -17935726,          0
 20710,   219,   46000000,   26063042,        0,  -19936958,          0
 20710,   220,   46000000,   28181860,        0,  -17818140,          0
 20710,   221,   46000000,   25975048,        0,  -20024952,          0
# task NAME=myapp PID=20715 COST=2846000 PERIOD=23000000 CPU=0
 20715,     2,   23000000,      16367,        0,  -22983633,          0
 20715,     3,   23000000,      75678,        0,  -22924322,          0
 20715,     4,   23000000,    2772183,        0,  -20227817,          0
 20715,     5,   23000000,    3163646,        0,  -19836354,          0
 20715,     6,   23000000,    4088597,        0,  -18911403,          0
 20715,     7,   23000000,    2747527,        0,  -20252473,          0
 20715,     8,   23000000,    2785997,        0,  -20214003,          0
 20715,     9,   23000000,    3084478,        0,  -19915522,          0
 20715,    10,   23000000,    4044950,        0,  -18955050,          0
 20715,    11,   23000000,    2789889,        0,  -20210111,          0
 20715,    12,   23000000,    2743265,        0,  -20256735,          0
 20715,    13,   23000000,    3088834,        0,  -19911166,          0
 20715,    14,   23000000,    4095759,        0,  -18904241,          0
 20715,    15,   23000000,    2748620,        0,  -20251380,          0
 20715,    16,   23000000,    2753131,        0,  -20246869,          0
 20715,    17,   23000000,    5075297,        0,  -17924703,          0
 20715,    18,   23000000,    4086125,        0,  -18913875,          0
 20715,    19,   23000000,    2760171,        0,  -20239829,          0
 20715,    20,   23000000,    2737335,        0,  -20262665,          0
 20715,    21,   23000000,    3098493,        0,  -19901507,          0
 20715,    22,   23000000,    4088488,        0,  -18911512,          0
 20715,    23,   23000000,    3117441,        0,  -19882559,          0
 20715,    24,   23000000,    2782255,        0,  -20217745,          0
 20715,    25,   23000000,    3679448,        0,  -19320552,          0
 20715,    26,   23000000,    4085692,        0,  -18914308,          0
 20715,    27,   23000000,    2793477,        0,  -20206523,          0
 20715,    28,   23000000,    2848995,        0,  -20151005,          0
 20715,    29,   23000000,    3063280,        0,  -19936720,          0
 20715,    30,   23000000,    4095038,        0,  -18904962,          0
 20715,    31,   23000000,    2790615,        0,  -20209385,          0
 20715,    32,   23000000,    2734193,        0,  -20265807,          0
 20715,    33,   23000000,    3451781,        0,  -19548219,          0
 20715,    34,   23000000,    4088289,        0,  -18911711,          0
 20715,    35,   23000000,    2790504,        0,  -20209496,          0
 20715,    36,   23000000,    2717731,        0,  -20282269,          0
 20715,    37,   23000000,    3090536,        0,  -19909464,          0
 20715,    38,   23000000,    4084024,        0,  -18915976,          0
 20715,    39,   23000000,    2829081,        0,  -20170919,          0
 20715,    40,   23000000,    2749299,        0,  -20250701,          0
 20715,    41,   23000000,    5335111,        0,  -17664889,          0
 20715,    42,   23000000,    6104263,        0,  -16895737,          0
 20715,    43,   23000000,    2759749,        0,  -20240251,          0
 20715,    44,   23000000,    2731450,        0,  -20268550,          0
 20715,    45,   23000000,    5120046,        0,  -17879954,          0
 20715,    46,   23000000,    4069684,        0,  -18930316,          0
 20715,    47,   23000000,    2750474,        0,  -20249526,          0
 20715,    48,   23000000,    2745635,        0,  -20254365,          0
 20715,    49,   23000000,    3478940,        0,  -19521060,          0
 20715,    50,   23000000,    4429332,        0,  -18570668,          0
 20715,    51,   23000000,    2764852,        0,  -20235148,          0
 20715,    52,   23000000,    3078706,        0,  -19921294,          0
 20715,    53,   23000000,    3082832,        0,  -19917168,          0
 20715,    54,   23000000,    6052496,        0,  -16947504,          0
 20715,    55,   23000000,    2767127,        0,  -20232873,          0
 20715,    56,   23000000,    7082544,        0,  -15917456,          0
 20715,    57,   23000000,    3126016,        0,  -19873984,          0
 20715,    58,   23000000,    4090375,        0,  -18909625,          0
 20715,    59,   23000000,    2817504,        0,  -20182496,          0
 20715,    60,   23000000,    2766519,        0,  -20233481,          0
 20715,    61,   23000000,    5088010,        0,  -17911990,          0
 20715,    62,   23000000,    4105204,        0,  -18894796,          0
 20715,    63,   23000000,    2735807,        0,  -20264193,          0
 20715,    64,   23000000,    2774507,        0,  -20225493,          0
 20715,    65,   23000000,    5067258,        0,  -17932742,          0
 20715,    66,   23000000,    5319000,        0,  -17681000,          0
 20715,    67,   23000000,    2791831,        0,  -20208169,          0
 20715,    68,   23000000,    2752614,        0,  -20247386,          0
 20715,    69,   23000000,    3114984,        0,  -19885016,          0
 20715,    70,   23000000,    4084940,        0,  -18915060,          0
 20715,    71,   23000000,    3111143,        0,  -19888857,          0
 20715,    72,   23000000,    3841613,        0,  -19158387,          0
 20715,    73,   23000000,    3099289,        0,  -19900711,          0
 20715,    74,   23000000,    4244768,        0,  -18755232,          0
 20715,    75,   23000000,    2732154,        0,  -20267846,          0
 20715,    76,   23000000,    2756017,        0,  -20243983,          0
 20715,    77,   23000000,    3420181,        0,  -19579819,          0
 20715,    78,   23000000,    4055338,        0,  -18944662,          0
 20715,    79,   23000000,    2814048,        0,  -20185952,          0
 20715,    80,   23000000,    2772521,        0,  -20227479,          0
 20715,    81,   23000000,    3117986,        0,  -19882014,          0
 20715,    82,   23000000,    4098049,        0,  -18901951,          0
 20715,    83,   23000000,    2749645,        0,  -20250355,          0
 20715,    84,   23000000,    3802824,        0,  -19197176,          0
 20715,    85,   23000000,    3119149,        0,  -19880851,          0
 20715,    86,   23000000,    4089665,        0,  -18910335,          0
 20715,    87,   23000000,    2733642,        0,  -20266358,          0
 20715,    88,   23000000,    2815798,        0,  -20184202,          0
 20715,    89,   23000000,    3069242,        0,  -19930758,          0
 20715,    90,   23000000,    4083560,        0,  -18916440,          0
 20715,    91,   23000000,    2794630,        0,  -20205370,          0
 20715,    92,   23000000,    2782510,        0,  -20217490,          0
 20715,    93,   23000000,    4962697,        0,  -18037303,          0
 20715,    94,   23000000,    4110602,        0,  -18889398,          0
 20715,    95,   23000000,    2728705,        0,  -20271295,          0
 20715,    96,   23000000,    2739370,        0,  -20260630,          0
 20715,    97,   23000000,    3471803,        0,  -19528197,          0
 20715,    98,   23000000,    6044539,        0,  -16955461,          0
 20715,    99,   23000000,    2756606,        0,  -20243394,          0
 20715,   100,   23000000,    2772029,        0,  -20227971,          0
 20715,   101,   23000000,    5065067,        0,  -17934933,          0
 20715,   102,   23000000,    4121157,        0,  -18878843,          0
 20715,   103,   23000000,    2808261,        0,  -20191739,          0
 20715,   104,   23000000,    2765924,        0,  -20234076,          0
 20715,   105,   23000000,    3086552,        0,  -19913448,          0
 20715,   106,   23000000,    6056986,        0,  -16943014,          0
 20715,   107,   23000000,    2780969,        0,  -20219031,          0
 20715,   108,   23000000,    2813577,        0,  -20186423,          0
 20715,   109,   23000000,    3117812,        0,  -19882188,          0
 20715,   110,   23000000,    6089639,        0,  -16910361,          0
 20715,   111,   23000000,    2779487,        0,  -20220513,          0
 20715,   112,   23000000,    2802816,        0,  -20197184,          0
 20715,   113,   23000000,    5061296,        0,  -17938704,          0
 20715,   114,   23000000,    4109808,        0,  -18890192,          0
 20715,   115,   23000000,    2749264,        0,  -20250736,          0
 20715,   116,   23000000,    3467980,        0,  -19532020,          0
 20715,   117,   23000000,    3099912,        0,  -19900088,          0
 20715,   118,   23000000,    6059195,        0,  -16940805,          0
 20715,   119,   23000000,    2839592,        0,  -20160408,          0
 20715,   120,   23000000,    3467693,        0,  -19532307,          0
 20715,   121,   23000000,    3103353,        0,  -19896647,          0
 20715,   122,   23000000,    5819551,        0,  -17180449,          0
 20715,   123,   23000000,    2753877,        0,  -20246123,          0
 20715,   124,   23000000,    3778490,        0,  -19221510,          0
 20715,   125,   23000000,    3095105,        0,  -19904895,          0
 20715,   126,   23000000,    6043764,        0,  -16956236,          0
 20715,   127,   23000000,    2752812,        0,  -20247188,          0
 20715,   128,   23000000,    2786815,        0,  -20213185,          0
 20715,   129,   23000000,    3069345,        0,  -19930655,          0
 20715,   130,   23000000,    4947488,        0,  -18052512,          0
 20715,   131,   23000000,    2789671,        0,  -20210329,          0
 20715,   132,   23000000,    2755410,        0,  -20244590,          0
 20715,   133,   23000000,    3495154,        0,  -19504846,          0
 20715,   134,   23000000,    6061138,        0,  -16938862,          0
 20715,   135,   23000000,    2773572,        0,  -20226428,          0
 20715,   136,   23000000,    2727396,        0,  -20272604,          0
 20715,   137,   23000000,    5174098,        0,  -17825902,          0
 20715,   138,   23000000,    6042886,        0,  -16957114,          0
 20715,   139,   23000000,    3114066,        0,  -19885934,          0
 20715,   140,   23000000,    6073716,        0,  -16926284,          0
 20715,   141,   23000000,    5105584,        0,  -17894416,          0
 20715,   142,   23000000,    4056392,        0,  -18943608,          0
 20715,   143,   23000000,    2756742,        0,  -20243258,          0
 20715,   144,   23000000,    3413758,        0,  -19586242,          0
 20715,   145,   23000000,    3091681,        0,  -19908319,          0
 20715,   146,   23000000,    6106863,        0,  -16893137,          0
 20715,   147,   23000000,    2758945,        0,  -20241055,          0
 20715,   148,   23000000,    2771874,        0,  -20228126,          0
 20715,   149,   23000000,    5086535,        0,  -17913465,          0
 20715,   150,   23000000,    4107069,        0,  -18892931,          0
 20715,   151,   23000000,    2766502,        0,  -20233498,          0
 20715,   152,   23000000,    2733113,        0,  -20266887,          0
 20715,   153,   23000000,    3098479,        0,  -19901521,          0
 20715,   154,   23000000,    4097648,        0,  -18902352,          0
 20715,   155,   23000000,    2796292,        0,  -20203708,          0
 20715,   156,   23000000,    2842435,        0,  -20157565,          0
 20715,   157,   23000000,    5044354,        0,  -17955646,          0
 20715,   158,   23000000,    4076188,        0,  -18923812,          0
 20715,   159,   23000000,    3122543,        0,  -19877457,          0
 20715,   160,   23000000,    2735858,        0,  -20264142,          0
 20715,   161,   23000000,    3091034,        0,  -19908966,          0
 20715,   162,   23000000,    6046001,        0,  -16953999,          0
 20715,   163,   23000000,    2802425,        0,  -20197575,          0
 20715,   164,   23000000,    2792612,        0,  -20207388,          0
 20715,   165,   23000000,    4271130,        0,  -18728870,          0
 20715,   166,   23000000,    4090111,        0,  -18909889,          0
 20715,   167,   23000000,    2748518,        0,  -20251482,          0
 20715,   168,   23000000,    2772927,        0,  -20227073,          0
 20715,   169,   23000000,    3375063,        0,  -19624937,          0
 20715,   170,   23000000,    4088739,        0,  -18911261,          0
 20715,   171,   23000000,    2736083,        0,  -20263917,          0
 20715,   172,   23000000,    2802855,        0,  -20197145,          0
 20715,   173,   23000000,    3690181,        0,  -19309819,          0
 20715,   174,   23000000,    4097435,        0,  -18902565,          0
 20715,   175,   23000000,    2793143,        0,  -20206857,          0
 20715,   176,   23000000,    2723196,        0,  -20276804,          0
 20715,   177,   23000000,    3363375,        0,  -19636625,          0
 20715,   178,   23000000,    4078024,        0,  -18921976,          0
 20715,   179,   23000000,    2739901,        0,  -20260099,          0
 20715,   180,   23000000,    2937273,        0,  -20062727,          0
 20715,   181,   23000000,    4973101,        0,  -18026899,          0
 20715,   182,   23000000,    4092367,        0,  -18907633,          0
 20715,   183,   23000000,    2739042,        0,  -20260958,          0
 20715,   184,   23000000,    3472804,        0,  -19527196,          0
 20715,   185,   23000000,    3083511,        0,  -19916489,          0
 20715,   186,   23000000,    4108465,        0,  -18891535,          0
 20715,   187,   23000000,    2749797,        0,  -20250203,          0
 20715,   188,   23000000,    3859513,        0,  -19140487,          0
 20715,   189,   23000000,    5190706,        0,  -17809294,          0
 20715,   190,   23000000,    5274048,        0,  -17725952,          0
 20715,   191,   23000000,    2766151,        0,  -20233849,          0
 20715,   192,   23000000,    2844897,        0,  -20155103,          0
 20715,   193,   23000000,    5088399,        0,  -17911601,          0
 20715,   194,   23000000,    6019040,        0,  -16980960,          0
 20715,   195,   23000000,    2753208,        0,  -20246792,          0
 20715,   196,   23000000,    2743571,        0,  -20256429,          0
 20715,   197,   23000000,    3078365,        0,  -19921635,          0
 20715,   198,   23000000,    6047555,        0,  -16952445,          0
 20715,   199,   23000000,    2761292,        0,  -20238708,          0
 20715,   200,   23000000,    2737680,        0,  -20262320,          0
 20715,   201,   23000000,    3485532,        0,  -19514468,          0
 20715,   202,   23000000,    4091257,        0,  -18908743,          0
 20715,   203,   23000000,    2739548,        0,  -20260452,          0
 20715,   204,   23000000,    2754249,        0,  -20245751,          0
 20715,   205,   23000000,    5109293,        0,  -17890707,          0
 20715,   206,   23000000,    4102868,        0,  -18897132,          0
 20715,   207,   23000000,    3103933,        0,  -19896067,          0
 20715,   208,   23000000,    2735672,        0,  -20264328,          0
 20715,   209,   23000000,    3085133,        0,  -19914867,          0
 20715,   210,   23000000,    4049161,        0,  -18950839,          0
 20715,   211,   23000000,    2787855,        0,  -20212145,          0
 20715,   212,   23000000,    2740499,        0,  -20259501,          0
 20715,   213,   23000000,    4945772,        0,  -18054228,          0
 20715,   214,   23000000,    4094886,        0,  -18905114,          0
 20715,   215,   23000000,    3066393,        0,  -19933607,          0
 20715,   216,   23000000,    2758325,        0,  -20241675,          0
 20715,   217,   23000000,    3123175,        0,  -19876825,          0
 20715,   218,   23000000,    4071317,        0,  -18928683,          0
 20715,   219,   23000000,    2774104,        0,  -20225896,          0
 20715,   220,   23000000,    2782801,        0,  -20217199,          0
 20715,   221,   23000000,    4571568,        0,  -18428432,          0
 20715,   222,   23000000,    4081170,        0,  -18918830,          0
 20715,   223,   23000000,    2775763,        0,  -20224237,          0
 20715,   224,   23000000,    2750529,        0,  -20249471,          0
 20715,   225,   23000000,    3404902,        0,  -19595098,          0
 20715,   226,   23000000,    4087819,        0,  -18912181,          0
 20715,   227,   23000000,    2820848,        0,  -20179152,          0
 20715,   228,   23000000,    3921111,        0,  -19078889,          0
 20715,   229,   23000000,    3092503,        0,  -19907497,          0
 20715,   230,   23000000,    4047961,        0,  -18952039,          0
 20715,   231,   23000000,    2746676,        0,  -20253324,          0
 20715,   232,   23000000,    2788402,        0,  -20211598,          0
 20715,   233,   23000000,    3086957,        0,  -19913043,          0
 20715,   234,   23000000,    4037792,        0,  -18962208,          0
 20715,   235,   23000000,    2745266,        0,  -20254734,          0
 20715,   236,   23000000,    2888042,        0,  -20111958,          0
 20715,   237,   23000000,    3147182,        0,  -19852818,          0
 20715,   238,   23000000,    4051875,        0,  -18948125,          0
 20715,   239,   23000000,    2754521,        0,  -20245479,          0
 20715,   240,   23000000,    2779986,        0,  -20220014,          0
 20715,   241,   23000000,    3512814,        0,  -19487186,          0
 20715,   242,   23000000,    4055665,        0,  -18944335,          0
 20715,   243,   23000000,    2756954,        0,  -20243046,          0
 20715,   244,   23000000,    2905781,        0,  -20094219,          0
 20715,   245,   23000000,    3311544,        0,  -19688456,          0
 20715,   246,   23000000,    4066667,        0,  -18933333,          0
 20715,   247,   23000000,    2805413,        0,  -20194587,          0
 20715,   248,   23000000,    2728328,        0,  -20271672,          0
 20715,   249,   23000000,    5121599,        0,  -17878401,          0
 20715,   250,   23000000,    4080710,        0,  -18919290,          0
 20715,   251,   23000000,    2737052,        0,  -20262948,          0
 20715,   252,   23000000,    2803169,        0,  -20196831,          0
 20715,   253,   23000000,    3407575,        0,  -19592425,          0
 20715,   254,   23000000,    5420919,        0,  -17579081,          0
 20715,   255,   23000000,    2748137,        0,  -20251863,          0
 20715,   256,   23000000,    2778933,        0,  -20221067,          0
 20715,   257,   23000000,    3127509,        0,  -19872491,          0
 20715,   258,   23000000,    6047422,        0,  -16952578,          0
 20715,   259,   23000000,    2800591,        0,  -20199409,          0
 20715,   260,   23000000,    3081270,        0,  -19918730,          0
 20715,   261,   23000000,    3508416,        0,  -19491584,          0
 20715,   262,   23000000,    4460852,        0,  -18539148,          0
 20715,   263,   23000000,    2758979,        0,  -20241021,          0
 20715,   264,   23000000,    3136665,        0,  -19863335,          0
 20715,   265,   23000000,    5073671,        0,  -17926329,          0
 20715,   266,   23000000,    4074100,        0,  -18925900,          0
 20715,   267,   23000000,    2824861,        0,  -20175139,          0
 20715,   268,   23000000,    2760915,        0,  -20239085,          0
 20715,   269,   23000000,    3083867,        0,  -19916133,          0
 20715,   270,   23000000,    4056444,        0,  -18943556,          0
 20715,   271,   23000000,    2784933,        0,  -20215067,          0
 20715,   272,   23000000,    2739251,        0,  -20260749,          0
 20715,   273,   23000000,    3453689,        0,  -19546311,          0
 20715,   274,   23000000,    6046824,        0,  -16953176,          0
 20715,   275,   23000000,    2767349,        0,  -20232651,          0
 20715,   276,   23000000,    2770976,        0,  -20229024,          0
 20715,   277,   23000000,    3443584,        0,  -19556416,          0
 20715,   278,   23000000,    5871846,        0,  -17128154,          0
 20715,   279,   23000000,    2734285,        0,  -20265715,          0
 20715,   280,   23000000,    2753578,        0,  -20246422,          0
 20715,   281,   23000000,    3110883,        0,  -19889117,          0
 20715,   282,   23000000,    4085643,        0,  -18914357,          0
 20715,   283,   23000000,    2747546,        0,  -20252454,          0
 20715,   284,   23000000,    2754986,        0,  -20245014,          0
 20715,   285,   23000000,    5068854,        0,  -17931146,          0
 20715,   286,   23000000,    4075550,        0,  -18924450,          0
 20715,   287,   23000000,    2746786,        0,  -20253214,          0
 20715,   288,   23000000,    2749079,        0,  -20250921,          0
 20715,   289,   23000000,    3080096,        0,  -19919904,          0
 20715,   290,   23000000,    4053741,        0,  -18946259,          0
 20715,   291,   23000000,    2751205,        0,  -20248795,          0
 20715,   292,   23000000,    2776869,        0,  -20223131,          0
 20715,   293,   23000000,    3100093,        0,  -19899907,          0
 20715,   294,   23000000,    6077697,        0,  -16922303,          0
 20715,   295,   23000000,    2743817,        0,  -20256183,          0
 20715,   296,   23000000,    3879839,        0,  -19120161,          0
 20715,   297,   23000000,    3093057,        0,  -19906943,          0
 20715,   298,   23000000,    5899007,        0,  -17100993,          0
 20715,   299,   23000000,    2741655,        0,  -20258345,          0
 20715,   300,   23000000,    3124824,        0,  -19875176,          0
 20715,   301,   23000000,    3148302,        0,  -19851698,          0
 20715,   302,   23000000,    4388938,        0,  -18611062,          0
 20715,   303,   23000000,    2769282,        0,  -20230718,          0
 20715,   304,   23000000,    3478518,        0,  -19521482,          0
 20715,   305,   23000000,    3463675,        0,  -19536325,          0
 20715,   306,   23000000,    4048658,        0,  -18951342,          0
 20715,   307,   23000000,    5092605,        0,  -17907395,          0
 20715,   308,   23000000,    2829321,        0,  -20170679,          0
 20715,   309,   23000000,    3103115,        0,  -19896885,          0
 20715,   310,   23000000,    4096183,        0,  -18903817,          0
 20715,   311,   23000000,    2780576,        0,  -20219424,          0
 20715,   312,   23000000,    2808168,        0,  -20191832,          0
 20715,   313,   23000000,    5104229,        0,  -17895771,          0
 20715,   314,   23000000,    4049178,        0,  -18950822,          0
 20715,   315,   23000000,    2917363,        0,  -20082637,          0
 20715,   316,   23000000,    2763559,        0,  -20236441,          0
 20715,   317,   23000000,    5096642,        0,  -17903358,          0
 20715,   318,   23000000,    6089591,        0,  -16910409,          0
 20715,   319,   23000000,    2735665,        0,  -20264335,          0
 20715,   320,   23000000,    4339227,        0,  -18660773,          0
 20715,   321,   23000000,    3156023,        0,  -19843977,          0
 20715,   322,   23000000,    6052785,        0,  -16947215,          0
 20715,   323,   23000000,    2918792,        0,  -20081208,          0
 20715,   324,   23000000,    2812229,        0,  -20187771,          0
 20715,   325,   23000000,    3119660,        0,  -19880340,          0
 20715,   326,   23000000,    5860845,        0,  -17139155,          0
 20715,   327,   23000000,    2741339,        0,  -20258661,          0
 20715,   328,   23000000,    2802218,        0,  -20197782,          0
 20715,   329,   23000000,    3112586,        0,  -19887414,          0
 20715,   330,   23000000,    5884408,        0,  -17115592,          0
 20715,   331,   23000000,    2821974,        0,  -20178026,          0
 20715,   332,   23000000,    8087697,        0,  -14912303,          0
 20715,   333,   23000000,    3143218,        0,  -19856782,          0
 20715,   334,   23000000,    6060746,        0,  -16939254,          0
 20715,   335,   23000000,    2801250,        0,  -20198750,          0
 20715,   336,   23000000,    2869599,        0,  -20130401,          0
 20715,   337,   23000000,    4471784,        0,  -18528216,          0
 20715,   338,   23000000,    6104210,        0,  -16895790,          0
 20715,   339,   23000000,    2830904,        0,  -20169096,          0
 20715,   340,   23000000,    3023205,        0,  -19976795,          0
 20715,   341,   23000000,    4412865,        0,  -18587135,          0
 20715,   342,   23000000,    4033820,        0,  -18966180,          0
 20715,   343,   23000000,    2731733,        0,  -20268267,          0
 20715,   344,   23000000,    3281170,        0,  -19718830,          0
 20715,   345,   23000000,    3151634,        0,  -19848366,          0
 20715,   346,   23000000,    4042689,        0,  -18957311,          0
 20715,   347,   23000000,    2782267,        0,  -20217733,          0
 20715,   348,   23000000,    2765778,        0,  -20234222,          0
 20715,   349,   23000000,    3058888,        0,  -19941112,          0
 20715,   350,   23000000,    5039751,        0,  -17960249,          0
 20715,   351,   23000000,    2754580,        0,  -20245420,          0
 20715,   352,   23000000,    2782393,        0,  -20217607,          0
 20715,   353,   23000000,    3081189,        0,  -19918811,          0
 20715,   354,   23000000,    4106710,        0,  -18893290,          0
 20715,   355,   23000000,    3096955,        0,  -19903045,          0
 20715,   356,   23000000,    2752387,        0,  -20247613,          0
 20715,   357,   23000000,    5118807,        0,  -17881193,          0
 20715,   358,   23000000,    4063951,        0,  -18936049,          0
 20715,   359,   23000000,    2828176,        0,  -20171824,          0
 20715,   360,   23000000,    2740265,        0,  -20259735,          0
 20715,   361,   23000000,    3086304,        0,  -19913696,          0
 20715,   362,   23000000,    6083200,        0,  -16916800,          0
 20715,   363,   23000000,    2731539,        0,  -20268461,          0
 20715,   364,   23000000,    3867092,        0,  -19132908,          0
 20715,   365,   23000000,    5110759,        0,  -17889241,          0
 20715,   366,   23000000,    4080028,        0,  -18919972,          0
 20715,   367,   23000000,    2805001,        0,  -20194999,          0
 20715,   368,   23000000,    2751637,        0,  -20248363,          0
 20715,   369,   23000000,    5106500,        0,  -17893500,          0
 20715,   370,   23000000,    4107100,        0,  -18892900,          0
 20715,   371,   23000000,    2821354,        0,  -20178646,          0
 20715,   372,   23000000,    2769873,        0,  -20230127,          0
 20715,   373,   23000000,    5142607,        0,  -17857393,          0
 20715,   374,   23000000,    6056879,        0,  -16943121,          0
 20715,   375,   23000000,    2784487,        0,  -20215513,          0
 20715,   376,   23000000,    2776107,        0,  -20223893,          0
 20715,   377,   23000000,    3449484,        0,  -19550516,          0
 20715,   378,   23000000,    4360915,        0,  -18639085,          0
 20715,   379,   23000000,    2779252,        0,  -20220748,          0
 20715,   380,   23000000,    2805007,        0,  -20194993,          0
 20715,   381,   23000000,    4027716,        0,  -18972284,          0
 20715,   382,   23000000,    4085789,        0,  -18914211,          0
 20715,   383,   23000000,    2822923,        0,  -20177077,          0
 20715,   384,   23000000,    2770454,        0,  -20229546,          0
 20715,   385,   23000000,    3048748,        0,  -19951252,          0
 20715,   386,   23000000,    6056807,        0,  -16943193,          0
 20715,   387,   23000000,    2760105,        0,  -20239895,          0
 20715,   388,   23000000,    3874708,        0,  -19125292,          0
 20715,   389,   23000000,    5370629,        0,  -17629371,          0
 20715,   390,   23000000,    6070639,        0,  -16929361,          0
 20715,   391,   23000000,    2736047,        0,  -20263953,          0
 20715,   392,   23000000,    2796483,        0,  -20203517,          0
 20715,   393,   23000000,    3104575,        0,  -19895425,          0
 20715,   394,   23000000,    4098681,        0,  -18901319,          0
 20715,   395,   23000000,    2744292,        0,  -20255708,          0
 20715,   396,   23000000,    2800498,        0,  -20199502,          0
 20715,   397,   23000000,    3080986,        0,  -19919014,          0
 20715,   398,   23000000,    5820889,        0,  -17179111,          0
 20715,   399,   23000000,    2778384,        0,  -20221616,          0
 20715,   400,   23000000,    2744750,        0,  -20255250,          0
 20715,   401,   23000000,    5067687,        0,  -17932313,          0
 20715,   402,   23000000,    4063374,        0,  -18936626,          0
 20715,   403,   23000000,    2721091,        0,  -20278909,          0
 20715,   404,   23000000,    2747618,        0,  -20252382,          0
 20715,   405,   23000000,    3129480,        0,  -19870520,          0
 20715,   406,   23000000,    5590655,        0,  -17409345,          0
 20715,   407,   23000000,    2803246,        0,  -20196754,          0
 20715,   408,   23000000,    2739502,        0,  -20260498,          0
 20715,   409,   23000000,    3120075,        0,  -19879925,          0
 20715,   410,   23000000,    4074194,        0,  -18925806,          0
 20715,   411,   23000000,    2759419,        0,  -20240581,          0
 20715,   412,   23000000,    2752356,        0,  -20247644,          0
 20715,   413,   23000000,    3093461,        0,  -19906539,          0
 20715,   414,   23000000,    4065278,        0,  -18934722,          0
 20715,   415,   23000000,    2752766,        0,  -20247234,          0
 20715,   416,   23000000,    2833519,        0,  -20166481,          0
 20715,   417,   23000000,    5054782,        0,  -17945218,          0
 20715,   418,   23000000,    4067244,        0,  -18932756,          0
 20715,   419,   23000000,    2759558,        0,  -20240442,          0
 20715,   420,   23000000,    2825617,        0,  -20174383,          0
 20715,   421,   23000000,    5064661,        0,  -17935339,          0
 20715,   422,   23000000,    4077032,        0,  -18922968,          0
 20715,   423,   23000000,    2754320,        0,  -20245680,          0
 20715,   424,   23000000,    4097372,        0,  -18902628,          0
 20715,   425,   23000000,    4210816,        0,  -18789184,          0
 20715,   426,   23000000,    4038630,        0,  -18961370,          0
 20715,   427,   23000000,    3044801,        0,  -19955199,          0
 20715,   428,   23000000,    2806606,        0,  -20193394,          0
 20715,   429,   23000000,    3108456,        0,  -19891544,          0
 20715,   430,   23000000,    6108441,        0,  -16891559,          0
 20715,   431,   23000000,    2732684,        0,  -20267316,          0
 20715,   432,   23000000,    3909892,        0,  -19090108,          0
 20715,   433,   23000000,    3131715,        0,  -19868285,          0
 20715,   434,   23000000,    4084286,        0,  -18915714,          0
 20715,   435,   23000000,    2746592,        0,  -20253408,          0
 20715,   436,   23000000,    2843682,        0,  -20156318,          0
 20715,   437,   23000000,    4888236,        0,  -18111764,          0
 20715,   438,   23000000,    4045910,        0,  -18954090,          0
