350 350 0
237 237 0
109 109 0
115 115 0
199 199 0
326 326 0
142 142 0
182 182 0
126 126 0
200 200 0
115 115 0
165 165 0
125 125 0
247 247 0
838 838 0
388 388 0
131 131 0
328 328 0
112 112 0
208 208 0
155 155 0
203 203 0
298 298 0
169 169 0
558 558 0
182 182 0
389 389 0
481 481 0
113 113 0
131 131 0
125 125 0
241 241 0
262 262 0
309 309 0
222 222 0
772 772 0
337 337 0
174 174 0
153 153 0
106 106 0
113 113 0
105 105 0
226 226 0
560 560 0
188 188 0
125 125 0
136 136 0
148 148 0
133 133 0
162 162 0
154 154 0
182 182 0
115 115 0
215 215 0
671 671 0
320 320 0
360 360 0
631 631 0
167 167 0
118 118 0
110 110 0
238 238 0
126 126 0
280 280 0
122 122 0
199 199 0
308 308 0
170 170 0
289 289 0
145 145 0
347 347 0
480 480 0
347 347 0
167 167 0
404 404 0
172 172 0
486 486 0
228 228 0
350 350 0
126 126 0
116 116 0
122 122 0
201 201 0
839 839 0
