531 531 0
480 480 0
531 531 0
260 260 0
106 106 0
670 670 0
179 179 0
591 591 0
175 175 0
139 139 0
185 185 0
152 152 0
162 162 0
231 231 0
185 185 0
109 109 0
316 316 0
164 164 0
913 913 0
216 216 0
242 242 0
137 137 0
140 140 0
119 119 0
719 719 0
124 124 0
196 196 0
115 115 0
215 215 0
247 247 0
338 338 0
209 209 0
108 108 0
254 254 0
116 116 0
630 630 0
560 560 0
121 121 0
670 670 0
124 124 0
179 179 0
221 221 0
152 152 0
112 112 0
146 146 0
912 912 0
117 117 0
772 772 0
208 208 0
113 113 0
243 243 0
308 308 0
110 110 0
181 181 0
173 173 0
375 375 0
