# Task,   Job,     Period,   Response, DL Miss?,   Lateness,  Tardiness
# task NAME=myapp PID=545 COST=15656000 PERIOD=40000000 CPU=0
   545,     2,   40000000,      20423,        0,  -39979577,          0
   545,     3,   40000000,     134203,        0,  -39865797,          0
   545,     4,   40000000,   26319667,        0,  -13680333,          0
   545,     5,   40000000,   26264896,        0,  -13735104,          0
   545,     6,   40000000,   26266160,        0,  -13733840,          0
   545,     7,   40000000,   26569460,        0,  -13430540,          0
   545,     8,   40000000,   26210046,        0,  -13789954,          0
   545,     9,   40000000,   26319330,        0,  -13680670,          0
   545,    10,   40000000,   26194352,        0,  -13805648,          0
   545,    11,   40000000,   26283325,        0,  -13716675,          0
   545,    12,   40000000,   26368047,        0,  -13631953,          0
   545,    13,   40000000,   26445799,        0,  -13554201,          0
   545,    14,   40000000,   26824381,        0,  -13175619,          0
   545,    15,   40000000,   26254272,        0,  -13745728,          0
   545,    16,   40000000,   26477040,        0,  -13522960,          0
   545,    17,   40000000,   28273846,        0,  -11726154,          0
   545,    18,   40000000,   26317883,        0,  -13682117,          0
   545,    19,   40000000,   26314921,        0,  -13685079,          0
   545,    20,   40000000,   26296120,        0,  -13703880,          0
   545,    21,   40000000,   26326486,        0,  -13673514,          0
   545,    22,   40000000,   26424425,        0,  -13575575,          0
   545,    23,   40000000,   26203809,        0,  -13796191,          0
   545,    24,   40000000,   26267302,        0,  -13732698,          0
   545,    25,   40000000,   26290912,        0,  -13709088,          0
   545,    26,   40000000,   26311226,        0,  -13688774,          0
   545,    27,   40000000,   26285109,        0,  -13714891,          0
   545,    28,   40000000,   26319823,        0,  -13680177,          0
   545,    29,   40000000,   26404120,        0,  -13595880,          0
   545,    30,   40000000,   26305893,        0,  -13694107,          0
   545,    31,   40000000,   26293126,        0,  -13706874,          0
   545,    32,   40000000,   26214545,        0,  -13785455,          0
   545,    33,   40000000,   26650691,        0,  -13349309,          0
   545,    34,   40000000,   26254365,        0,  -13745635,          0
   545,    35,   40000000,   26256451,        0,  -13743549,          0
   545,    36,   40000000,   26251152,        0,  -13748848,          0
   545,    37,   40000000,   26242499,        0,  -13757501,          0
   545,    38,   40000000,   26440573,        0,  -13559427,          0
   545,    39,   40000000,   26296551,        0,  -13703449,          0
   545,    40,   40000000,   26272217,        0,  -13727783,          0
   545,    41,   40000000,   26399123,        0,  -13600877,          0
   545,    42,   40000000,   26277827,        0,  -13722173,          0
   545,    43,   40000000,   26276932,        0,  -13723068,          0
   545,    44,   40000000,   26218274,        0,  -13781726,          0
   545,    45,   40000000,   28321578,        0,  -11678422,          0
   545,    46,   40000000,   26375622,        0,  -13624378,          0
   545,    47,   40000000,   26300902,        0,  -13699098,          0
   545,    48,   40000000,   26263121,        0,  -13736879,          0
   545,    49,   40000000,   26310626,        0,  -13689374,          0
   545,    50,   40000000,   26262405,        0,  -13737595,          0
   545,    51,   40000000,   26565286,        0,  -13434714,          0
   545,    52,   40000000,   26265511,        0,  -13734489,          0
   545,    53,   40000000,   27390803,        0,  -12609197,          0
   545,    54,   40000000,   26299403,        0,  -13700597,          0
   545,    55,   40000000,   26339362,        0,  -13660638,          0
   545,    56,   40000000,   26372310,        0,  -13627690,          0
   545,    57,   40000000,   26258691,        0,  -13741309,          0
   545,    58,   40000000,   26372388,        0,  -13627612,          0
   545,    59,   40000000,   26354557,        0,  -13645443,          0
   545,    60,   40000000,   26754423,        0,  -13245577,          0
   545,    61,   40000000,   26447621,        0,  -13552379,          0
   545,    62,   40000000,   26291896,        0,  -13708104,          0
   545,    63,   40000000,   26509502,        0,  -13490498,          0
   545,    64,   40000000,   26209816,        0,  -13790184,          0
   545,    65,   40000000,   26193414,        0,  -13806586,          0
   545,    66,   40000000,   26429953,        0,  -13570047,          0
   545,    67,   40000000,   28244028,        0,  -11755972,          0
   545,    68,   40000000,   26294029,        0,  -13705971,          0
   545,    69,   40000000,   26405508,        0,  -13594492,          0
   545,    70,   40000000,   26252580,        0,  -13747420,          0
   545,    71,   40000000,   26286839,        0,  -13713161,          0
   545,    72,   40000000,   26276596,        0,  -13723404,          0
   545,    73,   40000000,   26314913,        0,  -13685087,          0
   545,    74,   40000000,   26281084,        0,  -13718916,          0
   545,    75,   40000000,   26243061,        0,  -13756939,          0
   545,    76,   40000000,   26267028,        0,  -13732972,          0
   545,    77,   40000000,   26239081,        0,  -13760919,          0
   545,    78,   40000000,   26353998,        0,  -13646002,          0
   545,    79,   40000000,   26316390,        0,  -13683610,          0
   545,    80,   40000000,   26442753,        0,  -13557247,          0
   545,    81,   40000000,   26292729,        0,  -13707271,          0
   545,    82,   40000000,   28291447,        0,  -11708553,          0
   545,    83,   40000000,   26221873,        0,  -13778127,          0
   545,    84,   40000000,   26272604,        0,  -13727396,          0
   545,    85,   40000000,   26429090,        0,  -13570910,          0
   545,    86,   40000000,   26310196,        0,  -13689804,          0
   545,    87,   40000000,   26247651,        0,  -13752349,          0
   545,    88,   40000000,   26453006,        0,  -13546994,          0
   545,    89,   40000000,   26205508,        0,  -13794492,          0
   545,    90,   40000000,   26315014,        0,  -13684986,          0
   545,    91,   40000000,   26396239,        0,  -13603761,          0
   545,    92,   40000000,   26220736,        0,  -13779264,          0
   545,    93,   40000000,   26243408,        0,  -13756592,          0
   545,    94,   40000000,   26320459,        0,  -13679541,          0
   545,    95,   40000000,   28246432,        0,  -11753568,          0
   545,    96,   40000000,   26263667,        0,  -13736333,          0
   545,    97,   40000000,   26209597,        0,  -13790403,          0
   545,    98,   40000000,   26679873,        0,  -13320127,          0
   545,    99,   40000000,   26277875,        0,  -13722125,          0
   545,   100,   40000000,   26173422,        0,  -13826578,          0
   545,   101,   40000000,   26266507,        0,  -13733493,          0
   545,   102,   40000000,   26281705,        0,  -13718295,          0
   545,   103,   40000000,   26293176,        0,  -13706824,          0
   545,   104,   40000000,   28216234,        0,  -11783766,          0
   545,   105,   40000000,   26201701,        0,  -13798299,          0
   545,   106,   40000000,   26282872,        0,  -13717128,          0
   545,   107,   40000000,   26260954,        0,  -13739046,          0
   545,   108,   40000000,   26280063,        0,  -13719937,          0
   545,   109,   40000000,   30284580,        0,   -9715420,          0
   545,   110,   40000000,   26366135,        0,  -13633865,          0
   545,   111,   40000000,   26216420,        0,  -13783580,          0
   545,   112,   40000000,   26352361,        0,  -13647639,          0
   545,   113,   40000000,   26443412,        0,  -13556588,          0
   545,   114,   40000000,   26302422,        0,  -13697578,          0
   545,   115,   40000000,   26206665,        0,  -13793335,          0
   545,   116,   40000000,   26427703,        0,  -13572297,          0
   545,   117,   40000000,   26303341,        0,  -13696659,          0
   545,   118,   40000000,   26331566,        0,  -13668434,          0
   545,   119,   40000000,   26212372,        0,  -13787628,          0
   545,   120,   40000000,   26329522,        0,  -13670478,          0
   545,   121,   40000000,   26309899,        0,  -13690101,          0
   545,   122,   40000000,   26323982,        0,  -13676018,          0
   545,   123,   40000000,   26280059,        0,  -13719941,          0
   545,   124,   40000000,   26308086,        0,  -13691914,          0
   545,   125,   40000000,   26203007,        0,  -13796993,          0
   545,   126,   40000000,   26342040,        0,  -13657960,          0
   545,   127,   40000000,   26300502,        0,  -13699498,          0
   545,   128,   40000000,   26311682,        0,  -13688318,          0
   545,   129,   40000000,   26361479,        0,  -13638521,          0
   545,   130,   40000000,   26347475,        0,  -13652525,          0
   545,   131,   40000000,   26245985,        0,  -13754015,          0
   545,   132,   40000000,   28637633,        0,  -11362367,          0
   545,   133,   40000000,   26334004,        0,  -13665996,          0
   545,   134,   40000000,   26262629,        0,  -13737371,          0
   545,   135,   40000000,   26295134,        0,  -13704866,          0
   545,   136,   40000000,   26260343,        0,  -13739657,          0
   545,   137,   40000000,   26274348,        0,  -13725652,          0
   545,   138,   40000000,   26461824,        0,  -13538176,          0
   545,   139,   40000000,   26291977,        0,  -13708023,          0
   545,   140,   40000000,   26284024,        0,  -13715976,          0
   545,   141,   40000000,   26779668,        0,  -13220332,          0
   545,   142,   40000000,   26310624,        0,  -13689376,          0
   545,   143,   40000000,   26250677,        0,  -13749323,          0
   545,   144,   40000000,   26526909,        0,  -13473091,          0
   545,   145,   40000000,   26300673,        0,  -13699327,          0
   545,   146,   40000000,   26324259,        0,  -13675741,          0
   545,   147,   40000000,   26269971,        0,  -13730029,          0
   545,   148,   40000000,   26282469,        0,  -13717531,          0
   545,   149,   40000000,   26207235,        0,  -13792765,          0
   545,   150,   40000000,   26347260,        0,  -13652740,          0
   545,   151,   40000000,   26311765,        0,  -13688235,          0
   545,   152,   40000000,   26213459,        0,  -13786541,          0
   545,   153,   40000000,   26240607,        0,  -13759393,          0
   545,   154,   40000000,   26267635,        0,  -13732365,          0
   545,   155,   40000000,   26331368,        0,  -13668632,          0
   545,   156,   40000000,   26331410,        0,  -13668590,          0
   545,   157,   40000000,   26240655,        0,  -13759345,          0
   545,   158,   40000000,   26351294,        0,  -13648706,          0
   545,   159,   40000000,   26365315,        0,  -13634685,          0
   545,   160,   40000000,   26568232,        0,  -13431768,          0
   545,   161,   40000000,   26264338,        0,  -13735662,          0
   545,   162,   40000000,   26278195,        0,  -13721805,          0
   545,   163,   40000000,   26396875,        0,  -13603125,          0
   545,   164,   40000000,   26237198,        0,  -13762802,          0
   545,   165,   40000000,   26315897,        0,  -13684103,          0
   545,   166,   40000000,   26379627,        0,  -13620373,          0
   545,   167,   40000000,   26232622,        0,  -13767378,          0
   545,   168,   40000000,   26291001,        0,  -13708999,          0
   545,   169,   40000000,   26246951,        0,  -13753049,          0
   545,   170,   40000000,   26244299,        0,  -13755701,          0
   545,   171,   40000000,   26270244,        0,  -13729756,          0
   545,   172,   40000000,   26312616,        0,  -13687384,          0
   545,   173,   40000000,   26348756,        0,  -13651244,          0
   545,   174,   40000000,   26272642,        0,  -13727358,          0
   545,   175,   40000000,   26247502,        0,  -13752498,          0
   545,   176,   40000000,   26315223,        0,  -13684777,          0
   545,   177,   40000000,   26283425,        0,  -13716575,          0
   545,   178,   40000000,   26343107,        0,  -13656893,          0
   545,   179,   40000000,   26312604,        0,  -13687396,          0
   545,   180,   40000000,   26269350,        0,  -13730650,          0
   545,   181,   40000000,   26386270,        0,  -13613730,          0
   545,   182,   40000000,   26249522,        0,  -13750478,          0
   545,   183,   40000000,   26304284,        0,  -13695716,          0
   545,   184,   40000000,   26386840,        0,  -13613160,          0
   545,   185,   40000000,   26301334,        0,  -13698666,          0
   545,   186,   40000000,   26422117,        0,  -13577883,          0
   545,   187,   40000000,   26317672,        0,  -13682328,          0
   545,   188,   40000000,   26384130,        0,  -13615870,          0
   545,   189,   40000000,   26196741,        0,  -13803259,          0
   545,   190,   40000000,   26305584,        0,  -13694416,          0
   545,   191,   40000000,   26278014,        0,  -13721986,          0
   545,   192,   40000000,   26268623,        0,  -13731377,          0
   545,   193,   40000000,   26289534,        0,  -13710466,          0
   545,   194,   40000000,   26297042,        0,  -13702958,          0
   545,   195,   40000000,   26276685,        0,  -13723315,          0
   545,   196,   40000000,   26232597,        0,  -13767403,          0
   545,   197,   40000000,   26248138,        0,  -13751862,          0
   545,   198,   40000000,   26359140,        0,  -13640860,          0
   545,   199,   40000000,   26288491,        0,  -13711509,          0
   545,   200,   40000000,   26667211,        0,  -13332789,          0
   545,   201,   40000000,   26274874,        0,  -13725126,          0
   545,   202,   40000000,   26315576,        0,  -13684424,          0
   545,   203,   40000000,   26296755,        0,  -13703245,          0
   545,   204,   40000000,   26181145,        0,  -13818855,          0
   545,   205,   40000000,   26252260,        0,  -13747740,          0
   545,   206,   40000000,   26276923,        0,  -13723077,          0
   545,   207,   40000000,   26305027,        0,  -13694973,          0
   545,   208,   40000000,   26266154,        0,  -13733846,          0
   545,   209,   40000000,   26181175,        0,  -13818825,          0
   545,   210,   40000000,   26277061,        0,  -13722939,          0
   545,   211,   40000000,   26219510,        0,  -13780490,          0
   545,   212,   40000000,   26299165,        0,  -13700835,          0
   545,   213,   40000000,   26266176,        0,  -13733824,          0
   545,   214,   40000000,   26315116,        0,  -13684884,          0
   545,   215,   40000000,   26248549,        0,  -13751451,          0
   545,   216,   40000000,   26401724,        0,  -13598276,          0
   545,   217,   40000000,   26262326,        0,  -13737674,          0
   545,   218,   40000000,   26246716,        0,  -13753284,          0
   545,   219,   40000000,   26288780,        0,  -13711220,          0
   545,   220,   40000000,   26385314,        0,  -13614686,          0
   545,   221,   40000000,   26246402,        0,  -13753598,          0
   545,   222,   40000000,   26265321,        0,  -13734679,          0
   545,   223,   40000000,   26190980,        0,  -13809020,          0
   545,   224,   40000000,   26253265,        0,  -13746735,          0
   545,   225,   40000000,   26252824,        0,  -13747176,          0
   545,   226,   40000000,   26308877,        0,  -13691123,          0
   545,   227,   40000000,   26417535,        0,  -13582465,          0
   545,   228,   40000000,   26255958,        0,  -13744042,          0
   545,   229,   40000000,   26222971,        0,  -13777029,          0
   545,   230,   40000000,   26303922,        0,  -13696078,          0
   545,   231,   40000000,   26258659,        0,  -13741341,          0
   545,   232,   40000000,   26348373,        0,  -13651627,          0
   545,   233,   40000000,   26278215,        0,  -13721785,          0
   545,   234,   40000000,   26309469,        0,  -13690531,          0
   545,   235,   40000000,   26331830,        0,  -13668170,          0
   545,   236,   40000000,   26292189,        0,  -13707811,          0
   545,   237,   40000000,   26321184,        0,  -13678816,          0
   545,   238,   40000000,   26314666,        0,  -13685334,          0
   545,   239,   40000000,   26329441,        0,  -13670559,          0
   545,   240,   40000000,   26371476,        0,  -13628524,          0
   545,   241,   40000000,   27241302,        0,  -12758698,          0
   545,   242,   40000000,   26251839,        0,  -13748161,          0
   545,   243,   40000000,   26232344,        0,  -13767656,          0
   545,   244,   40000000,   26220299,        0,  -13779701,          0
   545,   245,   40000000,   26204525,        0,  -13795475,          0
   545,   246,   40000000,   26273381,        0,  -13726619,          0
   545,   247,   40000000,   26326964,        0,  -13673036,          0
   545,   248,   40000000,   26275842,        0,  -13724158,          0
   545,   249,   40000000,   26390922,        0,  -13609078,          0
   545,   250,   40000000,   26228631,        0,  -13771369,          0
   545,   251,   40000000,   27254361,        0,  -12745639,          0
   545,   252,   40000000,   26267647,        0,  -13732353,          0
   545,   253,   40000000,   26258944,        0,  -13741056,          0
   545,   254,   40000000,   26272919,        0,  -13727081,          0
# task NAME=myapp PID=548 COST=14285000 PERIOD=47000000 CPU=0
   548,     2,   47000000,      26295,        0,  -46973705,          0
   548,     3,   47000000,     130681,        0,  -46869319,          0
   548,     4,   47000000,   23976186,        0,  -23023814,          0
   548,     5,   47000000,   24983054,        0,  -22016946,          0
   548,     6,   47000000,   22657873,        0,  -24342127,          0
   548,     7,   47000000,   22930480,        0,  -24069520,          0
   548,     8,   47000000,   23967914,        0,  -23032086,          0
   548,     9,   47000000,   25229593,        0,  -21770407,          0
   548,    10,   47000000,   21932138,        0,  -25067862,          0
   548,    11,   47000000,   23020268,        0,  -23979732,          0
   548,    12,   47000000,   23973172,        0,  -23026828,          0
   548,    13,   47000000,   25040609,        0,  -21959391,          0
   548,    14,   47000000,   23157955,        0,  -23842045,          0
   548,    15,   47000000,   22977442,        0,  -24022558,          0
   548,    16,   47000000,   23976753,        0,  -23023247,          0
   548,    17,   47000000,   24985211,        0,  -22014789,          0
   548,    18,   47000000,   22056887,        0,  -24943113,          0
   548,    19,   47000000,   23002794,        0,  -23997206,          0
   548,    20,   47000000,   23962384,        0,  -23037616,          0
   548,    21,   47000000,   24925611,        0,  -22074389,          0
   548,    22,   47000000,   22231306,        0,  -24768694,          0
   548,    23,   47000000,   23003726,        0,  -23996274,          0
   548,    24,   47000000,   26049185,        0,  -20950815,          0
   548,    25,   47000000,   25202639,        0,  -21797361,          0
   548,    26,   47000000,   21961066,        0,  -25038934,          0
   548,    27,   47000000,   23016557,        0,  -23983443,          0
   548,    28,   47000000,   24042495,        0,  -22957505,          0
   548,    29,   47000000,   24979668,        0,  -22020332,          0
   548,    30,   47000000,   23332370,        0,  -23667630,          0
   548,    31,   47000000,   22875370,        0,  -24124630,          0
   548,    32,   47000000,   23962238,        0,  -23037762,          0
   548,    33,   47000000,   24945869,        0,  -22054131,          0
   548,    34,   47000000,   21954779,        0,  -25045221,          0
   548,    35,   47000000,   23017296,        0,  -23982704,          0
   548,    36,   47000000,   24019094,        0,  -22980906,          0
   548,    37,   47000000,   25075557,        0,  -21924443,          0
   548,    38,   47000000,   22297166,        0,  -24702834,          0
   548,    39,   47000000,   22952545,        0,  -24047455,          0
   548,    40,   47000000,   23943915,        0,  -23056085,          0
   548,    41,   47000000,   24944633,        0,  -22055367,          0
   548,    42,   47000000,   21892484,        0,  -25107516,          0
   548,    43,   47000000,   22965644,        0,  -24034356,          0
   548,    44,   47000000,   23929733,        0,  -23070267,          0
   548,    45,   47000000,   25030492,        0,  -21969508,          0
   548,    46,   47000000,   22054810,        0,  -24945190,          0
   548,    47,   47000000,   23043929,        0,  -23956071,          0
   548,    48,   47000000,   24011532,        0,  -22988468,          0
   548,    49,   47000000,   25218575,        0,  -21781425,          0
   548,    50,   47000000,   21931531,        0,  -25068469,          0
   548,    51,   47000000,   22977615,        0,  -24022385,          0
   548,    52,   47000000,   23988952,        0,  -23011048,          0
   548,    53,   47000000,   24877902,        0,  -22122098,          0
   548,    54,   47000000,   21904580,        0,  -25095420,          0
   548,    55,   47000000,   22917525,        0,  -24082475,          0
   548,    56,   47000000,   23943648,        0,  -23056352,          0
   548,    57,   47000000,   25224746,        0,  -21775254,          0
   548,    58,   47000000,   21927082,        0,  -25072918,          0
   548,    59,   47000000,   22884269,        0,  -24115731,          0
   548,    60,   47000000,   23966341,        0,  -23033659,          0
   548,    61,   47000000,   25027739,        0,  -21972261,          0
   548,    62,   47000000,   21909843,        0,  -25090157,          0
   548,    63,   47000000,   22910194,        0,  -24089806,          0
   548,    64,   47000000,   23941972,        0,  -23058028,          0
   548,    65,   47000000,   25283923,        0,  -21716077,          0
   548,    66,   47000000,   23226962,        0,  -23773038,          0
   548,    67,   47000000,   22988324,        0,  -24011676,          0
   548,    68,   47000000,   23894718,        0,  -23105282,          0
   548,    69,   47000000,   24964580,        0,  -22035420,          0
   548,    70,   47000000,   21984902,        0,  -25015098,          0
   548,    71,   47000000,   23157066,        0,  -23842934,          0
   548,    72,   47000000,   24986299,        0,  -22013701,          0
   548,    73,   47000000,   24994818,        0,  -22005182,          0
   548,    74,   47000000,   21865762,        0,  -25134238,          0
   548,    75,   47000000,   22926984,        0,  -24073016,          0
   548,    76,   47000000,   23914156,        0,  -23085844,          0
   548,    77,   47000000,   24945485,        0,  -22054515,          0
   548,    78,   47000000,   22079541,        0,  -24920459,          0
   548,    79,   47000000,   22884566,        0,  -24115434,          0
   548,    80,   47000000,   23892595,        0,  -23107405,          0
   548,    81,   47000000,   24963045,        0,  -22036955,          0
   548,    82,   47000000,   21857254,        0,  -25142746,          0
   548,    83,   47000000,   22885105,        0,  -24114895,          0
   548,    84,   47000000,   23962454,        0,  -23037546,          0
   548,    85,   47000000,   24974232,        0,  -22025768,          0
   548,    86,   47000000,   22037199,        0,  -24962801,          0
   548,    87,   47000000,   23054875,        0,  -23945125,          0
   548,    88,   47000000,   23995626,        0,  -23004374,          0
   548,    89,   47000000,   24997521,        0,  -22002479,          0
   548,    90,   47000000,   21895409,        0,  -25104591,          0
   548,    91,   47000000,   22934769,        0,  -24065231,          0
   548,    92,   47000000,   24109419,        0,  -22890581,          0
   548,    93,   47000000,   24981136,        0,  -22018864,          0
   548,    94,   47000000,   22085085,        0,  -24914915,          0
   548,    95,   47000000,   22896540,        0,  -24103460,          0
   548,    96,   47000000,   23959652,        0,  -23040348,          0
   548,    97,   47000000,   26733007,        0,  -20266993,          0
   548,    98,   47000000,   21926603,        0,  -25073397,          0
   548,    99,   47000000,   23021642,        0,  -23978358,          0
   548,   100,   47000000,   24057941,        0,  -22942059,          0
   548,   101,   47000000,   24957177,        0,  -22042823,          0
   548,   102,   47000000,   22030138,        0,  -24969862,          0
   548,   103,   47000000,   22934178,        0,  -24065822,          0
   548,   104,   47000000,   23960493,        0,  -23039507,          0
   548,   105,   47000000,   24994354,        0,  -22005646,          0
   548,   106,   47000000,   21960093,        0,  -25039907,          0
   548,   107,   47000000,   22984205,        0,  -24015795,          0
   548,   108,   47000000,   23985873,        0,  -23014127,          0
   548,   109,   47000000,   25103450,        0,  -21896550,          0
   548,   110,   47000000,   22088956,        0,  -24911044,          0
   548,   111,   47000000,   24901072,        0,  -22098928,          0
   548,   112,   47000000,   23950830,        0,  -23049170,          0
   548,   113,   47000000,   25032783,        0,  -21967217,          0
   548,   114,   47000000,   22044933,        0,  -24955067,          0
   548,   115,   47000000,   22992121,        0,  -24007879,          0
   548,   116,   47000000,   24042295,        0,  -22957705,          0
   548,   117,   47000000,   24910029,        0,  -22089971,          0
   548,   118,   47000000,   23979024,        0,  -23020976,          0
   548,   119,   47000000,   22947222,        0,  -24052778,          0
   548,   120,   47000000,   23950930,        0,  -23049070,          0
   548,   121,   47000000,   25033186,        0,  -21966814,          0
   548,   122,   47000000,   21939526,        0,  -25060474,          0
   548,   123,   47000000,   22957230,        0,  -24042770,          0
   548,   124,   47000000,   23967932,        0,  -23032068,          0
   548,   125,   47000000,   24992595,        0,  -22007405,          0
   548,   126,   47000000,   22109428,        0,  -24890572,          0
   548,   127,   47000000,   23024127,        0,  -23975873,          0
   548,   128,   47000000,   24011999,        0,  -22988001,          0
   548,   129,   47000000,   24946603,        0,  -22053397,          0
   548,   130,   47000000,   21905420,        0,  -25094580,          0
   548,   131,   47000000,   22974303,        0,  -24025697,          0
   548,   132,   47000000,   24042180,        0,  -22957820,          0
   548,   133,   47000000,   26309343,        0,  -20690657,          0
   548,   134,   47000000,   24042308,        0,  -22957692,          0
   548,   135,   47000000,   22931246,        0,  -24068754,          0
   548,   136,   47000000,   23957469,        0,  -23042531,          0
   548,   137,   47000000,   24956799,        0,  -22043201,          0
   548,   138,   47000000,   22000073,        0,  -24999927,          0
   548,   139,   47000000,   23270967,        0,  -23729033,          0
   548,   140,   47000000,   23984008,        0,  -23015992,          0
   548,   141,   47000000,   24969720,        0,  -22030280,          0
   548,   142,   47000000,   21872894,        0,  -25127106,          0
   548,   143,   47000000,   22926145,        0,  -24073855,          0
   548,   144,   47000000,   23995717,        0,  -23004283,          0
   548,   145,   47000000,   25364624,        0,  -21635376,          0
   548,   146,   47000000,   21940924,        0,  -25059076,          0
   548,   147,   47000000,   23090142,        0,  -23909858,          0
   548,   148,   47000000,   24029722,        0,  -22970278,          0
   548,   149,   47000000,   24943980,        0,  -22056020,          0
   548,   150,   47000000,   22042562,        0,  -24957438,          0
   548,   151,   47000000,   22898623,        0,  -24101377,          0
   548,   152,   47000000,   25903114,        0,  -21096886,          0
   548,   153,   47000000,   24978370,        0,  -22021630,          0
   548,   154,   47000000,   21939805,        0,  -25060195,          0
   548,   155,   47000000,   22957578,        0,  -24042422,          0
   548,   156,   47000000,   23923856,        0,  -23076144,          0
   548,   157,   47000000,   25106056,        0,  -21893944,          0
   548,   158,   47000000,   25920795,        0,  -21079205,          0
   548,   159,   47000000,   23012484,        0,  -23987516,          0
   548,   160,   47000000,   23996747,        0,  -23003253,          0
   548,   161,   47000000,   25039678,        0,  -21960322,          0
   548,   162,   47000000,   21936940,        0,  -25063060,          0
   548,   163,   47000000,   24379153,        0,  -22620847,          0
   548,   164,   47000000,   23950965,        0,  -23049035,          0
   548,   165,   47000000,   24984223,        0,  -22015777,          0
   548,   166,   47000000,   22720251,        0,  -24279749,          0
   548,   167,   47000000,   23413480,        0,  -23586520,          0
   548,   168,   47000000,   25350489,        0,  -21649511,          0
   548,   169,   47000000,   24913117,        0,  -22086883,          0
   548,   170,   47000000,   21992162,        0,  -25007838,          0
   548,   171,   47000000,   23130468,        0,  -23869532,          0
   548,   172,   47000000,   23906084,        0,  -23093916,          0
   548,   173,   47000000,   24917798,        0,  -22082202,          0
   548,   174,   47000000,   23544327,        0,  -23455673,          0
   548,   175,   47000000,   23847708,        0,  -23152292,          0
   548,   176,   47000000,   23970948,        0,  -23029052,          0
   548,   177,   47000000,   25049797,        0,  -21950203,          0
   548,   178,   47000000,   21936999,        0,  -25063001,          0
   548,   179,   47000000,   22892786,        0,  -24107214,          0
   548,   180,   47000000,   23918584,        0,  -23081416,          0
   548,   181,   47000000,   24903135,        0,  -22096865,          0
   548,   182,   47000000,   22212641,        0,  -24787359,          0
   548,   183,   47000000,   23089494,        0,  -23910506,          0
   548,   184,   47000000,   24002467,        0,  -22997533,          0
   548,   185,   47000000,   24945843,        0,  -22054157,          0
   548,   186,   47000000,   21964452,        0,  -25035548,          0
   548,   187,   47000000,   23001539,        0,  -23998461,          0
   548,   188,   47000000,   23942122,        0,  -23057878,          0
   548,   189,   47000000,   26165614,        0,  -20834386,          0
   548,   190,   47000000,   22195038,        0,  -24804962,          0
   548,   191,   47000000,   23199021,        0,  -23800979,          0
   548,   192,   47000000,   25012383,        0,  -21987617,          0
   548,   193,   47000000,   25001804,        0,  -21998196,          0
   548,   194,   47000000,   21957646,        0,  -25042354,          0
   548,   195,   47000000,   22900244,        0,  -24099756,          0
   548,   196,   47000000,   23986712,        0,  -23013288,          0
   548,   197,   47000000,   24956514,        0,  -22043486,          0
   548,   198,   47000000,   22063113,        0,  -24936887,          0
   548,   199,   47000000,   23395818,        0,  -23604182,          0
   548,   200,   47000000,   24305196,        0,  -22694804,          0
   548,   201,   47000000,   24977658,        0,  -22022342,          0
   548,   202,   47000000,   21863724,        0,  -25136276,          0
   548,   203,   47000000,   23012972,        0,  -23987028,          0
   548,   204,   47000000,   23948326,        0,  -23051674,          0
   548,   205,   47000000,   25017178,        0,  -21982822,          0
   548,   206,   47000000,   22034156,        0,  -24965844,          0
   548,   207,   47000000,   24844166,        0,  -22155834,          0
   548,   208,   47000000,   23987692,        0,  -23012308,          0
   548,   209,   47000000,   24962603,        0,  -22037397,          0
   548,   210,   47000000,   21919215,        0,  -25080785,          0
   548,   211,   47000000,   23221575,        0,  -23778425,          0
   548,   212,   47000000,   25934888,        0,  -21065112,          0
   548,   213,   47000000,   24994515,        0,  -22005485,          0
   548,   214,   47000000,   21953959,        0,  -25046041,          0
   548,   215,   47000000,   22905392,        0,  -24094608,          0
   548,   216,   47000000,   24359506,        0,  -22640494,          0
# task NAME=myapp PID=552 COST=6803000 PERIOD=65000000 CPU=0
   552,     2,   65000000,      29217,        0,  -64970783,          0
   552,     3,   65000000,     139055,        0,  -64860945,          0
   552,     4,   65000000,    8860854,        0,  -56139146,          0
   552,     5,   65000000,   11868686,        0,  -53131314,          0
   552,     6,   65000000,   10876912,        0,  -54123088,          0
   552,     7,   65000000,    9804537,        0,  -55195463,          0
   552,     8,   65000000,   10086654,        0,  -54913346,          0
   552,     9,   65000000,   11965096,        0,  -53034904,          0
   552,    10,   65000000,   10893000,        0,  -54107000,          0
   552,    11,   65000000,    9782675,        0,  -55217325,          0
   552,    12,   65000000,    8840499,        0,  -56159501,          0
   552,    13,   65000000,   11905402,        0,  -53094598,          0
   552,    14,   65000000,   10859776,        0,  -54140224,          0
   552,    15,   65000000,   10129821,        0,  -54870179,          0
   552,    16,   65000000,    8782537,        0,  -56217463,          0
   552,    17,   65000000,   12138350,        0,  -52861650,          0
   552,    18,   65000000,   11732250,        0,  -53267750,          0
   552,    19,   65000000,    9876730,        0,  -55123270,          0
   552,    20,   65000000,    9732951,        0,  -55267049,          0
   552,    21,   65000000,   11848654,        0,  -53151346,          0
   552,    22,   65000000,   10873848,        0,  -54126152,          0
   552,    23,   65000000,    9934245,        0,  -55065755,          0
   552,    24,   65000000,    8841236,        0,  -56158764,          0
   552,    25,   65000000,   11851010,        0,  -53148990,          0
   552,    26,   65000000,   10901201,        0,  -54098799,          0
   552,    27,   65000000,    9826557,        0,  -55173443,          0
   552,    28,   65000000,    8829768,        0,  -56170232,          0
   552,    29,   65000000,   13837688,        0,  -51162312,          0
   552,    30,   65000000,   12806605,        0,  -52193395,          0
   552,    31,   65000000,    9838485,        0,  -55161515,          0
   552,    32,   65000000,    8805007,        0,  -56194993,          0
   552,    33,   65000000,   11828901,        0,  -53171099,          0
   552,    34,   65000000,   10865977,        0,  -54134023,          0
   552,    35,   65000000,   11583596,        0,  -53416404,          0
   552,    36,   65000000,    8781933,        0,  -56218067,          0
   552,    37,   65000000,   11785554,        0,  -53214446,          0
   552,    38,   65000000,   10824912,        0,  -54175088,          0
   552,    39,   65000000,    9817075,        0,  -55182925,          0
   552,    40,   65000000,    8787163,        0,  -56212837,          0
   552,    41,   65000000,   11886126,        0,  -53113874,          0
   552,    42,   65000000,   12273986,        0,  -52726014,          0
   552,    43,   65000000,    9859182,        0,  -55140818,          0
   552,    44,   65000000,   10810562,        0,  -54189438,          0
   552,    45,   65000000,   11898541,        0,  -53101459,          0
   552,    46,   65000000,   10884974,        0,  -54115026,          0
   552,    47,   65000000,   11811064,        0,  -53188936,          0
   552,    48,   65000000,    8847272,        0,  -56152728,          0
   552,    49,   65000000,   12762090,        0,  -52237910,          0
   552,    50,   65000000,   12860538,        0,  -52139462,          0
   552,    51,   65000000,    9830611,        0,  -55169389,          0
   552,    52,   65000000,    8860686,        0,  -56139314,          0
   552,    53,   65000000,   11814790,        0,  -53185210,          0
   552,    54,   65000000,   10859017,        0,  -54140983,          0
   552,    55,   65000000,    9875434,        0,  -55124566,          0
   552,    56,   65000000,   10421857,        0,  -54578143,          0
   552,    57,   65000000,   11874186,        0,  -53125814,          0
   552,    58,   65000000,   10809940,        0,  -54190060,          0
   552,    59,   65000000,    9866803,        0,  -55133197,          0
   552,    60,   65000000,    8790701,        0,  -56209299,          0
   552,    61,   65000000,   11825102,        0,  -53174898,          0
   552,    62,   65000000,   10864945,        0,  -54135055,          0
   552,    63,   65000000,    9933111,        0,  -55066889,          0
   552,    64,   65000000,    8820781,        0,  -56179219,          0
   552,    65,   65000000,   12013154,        0,  -52986846,          0
   552,    66,   65000000,   10803904,        0,  -54196096,          0
   552,    67,   65000000,   10856410,        0,  -54143590,          0
   552,    68,   65000000,    8888645,        0,  -56111355,          0
   552,    69,   65000000,   11884240,        0,  -53115760,          0
   552,    70,   65000000,   10924445,        0,  -54075555,          0
   552,    71,   65000000,    9824463,        0,  -55175537,          0
   552,    72,   65000000,    8790496,        0,  -56209504,          0
   552,    73,   65000000,   13860484,        0,  -51139516,          0
   552,    74,   65000000,   10808835,        0,  -54191165,          0
   552,    75,   65000000,    9874557,        0,  -55125443,          0
   552,    76,   65000000,    8839766,        0,  -56160234,          0
   552,    77,   65000000,   11872271,        0,  -53127729,          0
   552,    78,   65000000,   10838939,        0,  -54161061,          0
   552,    79,   65000000,   11818744,        0,  -53181256,          0
   552,    80,   65000000,    8808548,        0,  -56191452,          0
   552,    81,   65000000,   11858388,        0,  -53141612,          0
   552,    82,   65000000,   10853456,        0,  -54146544,          0
   552,    83,   65000000,   11863443,        0,  -53136557,          0
   552,    84,   65000000,    8881995,        0,  -56118005,          0
   552,    85,   65000000,   11874557,        0,  -53125443,          0
   552,    86,   65000000,   10826502,        0,  -54173498,          0
   552,    87,   65000000,   11794988,        0,  -53205012,          0
   552,    88,   65000000,    8829047,        0,  -56170953,          0
   552,    89,   65000000,   11814658,        0,  -53185342,          0
   552,    90,   65000000,   10791888,        0,  -54208112,          0
   552,    91,   65000000,    9874290,        0,  -55125710,          0
   552,    92,   65000000,   10887892,        0,  -54112108,          0
   552,    93,   65000000,   11875221,        0,  -53124779,          0
   552,    94,   65000000,   10848347,        0,  -54151653,          0
   552,    95,   65000000,    9888063,        0,  -55111937,          0
   552,    96,   65000000,    8820472,        0,  -56179528,          0
   552,    97,   65000000,   11863610,        0,  -53136390,          0
   552,    98,   65000000,   10890588,        0,  -54109412,          0
   552,    99,   65000000,    9856665,        0,  -55143335,          0
   552,   100,   65000000,   12869027,        0,  -52130973,          0
   552,   101,   65000000,   12285563,        0,  -52714437,          0
   552,   102,   65000000,   12858174,        0,  -52141826,          0
   552,   103,   65000000,    9763515,        0,  -55236485,          0
   552,   104,   65000000,    8834040,        0,  -56165960,          0
   552,   105,   65000000,   11842454,        0,  -53157546,          0
   552,   106,   65000000,   11116322,        0,  -53883678,          0
   552,   107,   65000000,   12413268,        0,  -52586732,          0
   552,   108,   65000000,    8806281,        0,  -56193719,          0
   552,   109,   65000000,   11843917,        0,  -53156083,          0
   552,   110,   65000000,   10806578,        0,  -54193422,          0
   552,   111,   65000000,   11791760,        0,  -53208240,          0
   552,   112,   65000000,    8800505,        0,  -56199495,          0
   552,   113,   65000000,   11837715,        0,  -53162285,          0
   552,   114,   65000000,   10879538,        0,  -54120462,          0
   552,   115,   65000000,   10048086,        0,  -54951914,          0
   552,   116,   65000000,   10538483,        0,  -54461517,          0
   552,   117,   65000000,   13935662,        0,  -51064338,          0
   552,   118,   65000000,   10901040,        0,  -54098960,          0
   552,   119,   65000000,    9834792,        0,  -55165208,          0
   552,   120,   65000000,    8818877,        0,  -56181123,          0
   552,   121,   65000000,   11889663,        0,  -53110337,          0
   552,   122,   65000000,   10859815,        0,  -54140185,          0
   552,   123,   65000000,    9850244,        0,  -55149756,          0
   552,   124,   65000000,    8826227,        0,  -56173773,          0
   552,   125,   65000000,   11878661,        0,  -53121339,          0
   552,   126,   65000000,   10897437,        0,  -54102563,          0
   552,   127,   65000000,    9778135,        0,  -55221865,          0
   552,   128,   65000000,    8812089,        0,  -56187911,          0
   552,   129,   65000000,   11829418,        0,  -53170582,          0
   552,   130,   65000000,   12685360,        0,  -52314640,          0
   552,   131,   65000000,    9866620,        0,  -55133380,          0
   552,   132,   65000000,    8817709,        0,  -56182291,          0
   552,   133,   65000000,   11884407,        0,  -53115593,          0
   552,   134,   65000000,   10824833,        0,  -54175167,          0
   552,   135,   65000000,    9876348,        0,  -55123652,          0
   552,   136,   65000000,    8883862,        0,  -56116138,          0
   552,   137,   65000000,   11886663,        0,  -53113337,          0
   552,   138,   65000000,   10895442,        0,  -54104558,          0
   552,   139,   65000000,    9833765,        0,  -55166235,          0
   552,   140,   65000000,    8804369,        0,  -56195631,          0
   552,   141,   65000000,   11853204,        0,  -53146796,          0
   552,   142,   65000000,   10860198,        0,  -54139802,          0
   552,   143,   65000000,    9821536,        0,  -55178464,          0
   552,   144,   65000000,    8829098,        0,  -56170902,          0
   552,   145,   65000000,   11816463,        0,  -53183537,          0
   552,   146,   65000000,   10856943,        0,  -54143057,          0
   552,   147,   65000000,   10985956,        0,  -54014044,          0
   552,   148,   65000000,    9815465,        0,  -55184535,          0
   552,   149,   65000000,   11914354,        0,  -53085646,          0
   552,   150,   65000000,   10890728,        0,  -54109272,          0
   552,   151,   65000000,    9847730,        0,  -55152270,          0
   552,   152,   65000000,    8774687,        0,  -56225313,          0
   552,   153,   65000000,   11857191,        0,  -53142809,          0
   552,   154,   65000000,   10844529,        0,  -54155471,          0
   552,   155,   65000000,    9811013,        0,  -55188987,          0
   552,   156,   65000000,    8988020,        0,  -56011980,          0
   552,   157,   65000000,   13254401,        0,  -51745599,          0
