# Task,   Job,     Period,   Response, DL Miss?,   Lateness,  Tardiness
# task NAME=myapp PID=2040 COST=7046000 PERIOD=23000000 CPU=0
  2040,     2,   23000000,       8887,        0,  -22991113,          0
  2040,     3,   23000000,     359526,        0,  -22640474,          0
  2040,     4,   23000000,   12134489,        0,  -10865511,          0
  2040,     5,   23000000,    9116006,        0,  -13883994,          0
  2040,     6,   23000000,   10191123,        0,  -12808877,          0
  2040,     7,   23000000,   11081037,        0,  -11918963,          0
  2040,     8,   23000000,   13344344,        0,   -9655656,          0
  2040,     9,   23000000,   10732196,        0,  -12267804,          0
  2040,    10,   23000000,   10709871,        0,  -12290129,          0
  2040,    11,   23000000,   11073570,        0,  -11926430,          0
  2040,    12,   23000000,   12092998,        0,  -10907002,          0
  2040,    13,   23000000,    9070145,        0,  -13929855,          0
  2040,    14,   23000000,   10114619,        0,  -12885381,          0
  2040,    15,   23000000,   11087083,        0,  -11912917,          0
  2040,    16,   23000000,   12167002,        0,  -10832998,          0
  2040,    17,   23000000,   11060408,        0,  -11939592,          0
  2040,    18,   23000000,   10157215,        0,  -12842785,          0
  2040,    19,   23000000,   11075560,        0,  -11924440,          0
  2040,    20,   23000000,   12049079,        0,  -10950921,          0
  2040,    21,   23000000,   11053809,        0,  -11946191,          0
  2040,    22,   23000000,   10114141,        0,  -12885859,          0
  2040,    23,   23000000,   11189950,        0,  -11810050,          0
  2040,    24,   23000000,   12086135,        0,  -10913865,          0
  2040,    25,   23000000,    9049416,        0,  -13950584,          0
  2040,    26,   23000000,   12085995,        0,  -10914005,          0
  2040,    27,   23000000,   11121590,        0,  -11878410,          0
  2040,    28,   23000000,   12138403,        0,  -10861597,          0
  2040,    29,   23000000,    9090971,        0,  -13909029,          0
  2040,    30,   23000000,   11992610,        0,  -11007390,          0
  2040,    31,   23000000,   11123284,        0,  -11876716,          0
  2040,    32,   23000000,   12075195,        0,  -10924805,          0
  2040,    33,   23000000,    9087103,        0,  -13912897,          0
  2040,    34,   23000000,   10055668,        0,  -12944332,          0
  2040,    35,   23000000,   13073376,        0,   -9926624,          0
  2040,    36,   23000000,   12084282,        0,  -10915718,          0
  2040,    37,   23000000,    9514909,        0,  -13485091,          0
  2040,    38,   23000000,   12048664,        0,  -10951336,          0
  2040,    39,   23000000,   11058312,        0,  -11941688,          0
  2040,    40,   23000000,   12115081,        0,  -10884919,          0
  2040,    41,   23000000,    9037248,        0,  -13962752,          0
  2040,    42,   23000000,   10037930,        0,  -12962070,          0
  2040,    43,   23000000,   13121349,        0,   -9878651,          0
  2040,    44,   23000000,   12088489,        0,  -10911511,          0
  2040,    45,   23000000,    9080601,        0,  -13919399,          0
  2040,    46,   23000000,   10087461,        0,  -12912539,          0
  2040,    47,   23000000,   13083155,        0,   -9916845,          0
  2040,    48,   23000000,   12368202,        0,  -10631798,          0
  2040,    49,   23000000,    9058936,        0,  -13941064,          0
  2040,    50,   23000000,   10195582,        0,  -12804418,          0
  2040,    51,   23000000,   11072834,        0,  -11927166,          0
  2040,    52,   23000000,   12112063,        0,  -10887937,          0
  2040,    53,   23000000,    9064427,        0,  -13935573,          0
  2040,    54,   23000000,   10063944,        0,  -12936056,          0
  2040,    55,   23000000,   11083376,        0,  -11916624,          0
  2040,    56,   23000000,   12058293,        0,  -10941707,          0
  2040,    57,   23000000,    9070118,        0,  -13929882,          0
  2040,    58,   23000000,   10027015,        0,  -12972985,          0
  2040,    59,   23000000,   11159996,        0,  -11840004,          0
  2040,    60,   23000000,   12089129,        0,  -10910871,          0
  2040,    61,   23000000,    9108789,        0,  -13891211,          0
  2040,    62,   23000000,   10043213,        0,  -12956787,          0
  2040,    63,   23000000,   11047758,        0,  -11952242,          0
  2040,    64,   23000000,   12352600,        0,  -10647400,          0
  2040,    65,   23000000,   12405106,        0,  -10594894,          0
  2040,    66,   23000000,   10123836,        0,  -12876164,          0
  2040,    67,   23000000,   11064844,        0,  -11935156,          0
  2040,    68,   23000000,   12218129,        0,  -10781871,          0
  2040,    69,   23000000,   10991053,        0,  -12008947,          0
  2040,    70,   23000000,   10053687,        0,  -12946313,          0
  2040,    71,   23000000,   11080451,        0,  -11919549,          0
  2040,    72,   23000000,   14049386,        0,   -8950614,          0
  2040,    73,   23000000,    9071526,        0,  -13928474,          0
  2040,    74,   23000000,   10048502,        0,  -12951498,          0
  2040,    75,   23000000,   11398680,        0,  -11601320,          0
  2040,    76,   23000000,   12027380,        0,  -10972620,          0
  2040,    77,   23000000,    9442744,        0,  -13557256,          0
  2040,    78,   23000000,   10050876,        0,  -12949124,          0
  2040,    79,   23000000,   11058755,        0,  -11941245,          0
  2040,    80,   23000000,   12094066,        0,  -10905934,          0
  2040,    81,   23000000,    9049867,        0,  -13950133,          0
  2040,    82,   23000000,   10060011,        0,  -12939989,          0
  2040,    83,   23000000,   11152580,        0,  -11847420,          0
  2040,    84,   23000000,   12108259,        0,  -10891741,          0
  2040,    85,   23000000,    9046180,        0,  -13953820,          0
  2040,    86,   23000000,   10140330,        0,  -12859670,          0
  2040,    87,   23000000,   11097324,        0,  -11902676,          0
  2040,    88,   23000000,   12075277,        0,  -10924723,          0
  2040,    89,   23000000,    9083490,        0,  -13916510,          0
  2040,    90,   23000000,   10077385,        0,  -12922615,          0
  2040,    91,   23000000,   11135049,        0,  -11864951,          0
  2040,    92,   23000000,   12092085,        0,  -10907915,          0
  2040,    93,   23000000,    9074620,        0,  -13925380,          0
  2040,    94,   23000000,   10055444,        0,  -12944556,          0
  2040,    95,   23000000,   13039522,        0,   -9960478,          0
  2040,    96,   23000000,   12126358,        0,  -10873642,          0
  2040,    97,   23000000,    9121519,        0,  -13878481,          0
  2040,    98,   23000000,   10062220,        0,  -12937780,          0
  2040,    99,   23000000,   11112804,        0,  -11887196,          0
  2040,   100,   23000000,   12088376,        0,  -10911624,          0
  2040,   101,   23000000,    9035339,        0,  -13964661,          0
  2040,   102,   23000000,   10086679,        0,  -12913321,          0
  2040,   103,   23000000,   11110476,        0,  -11889524,          0
  2040,   104,   23000000,   12065925,        0,  -10934075,          0
  2040,   105,   23000000,    9050006,        0,  -13949994,          0
  2040,   106,   23000000,   10052530,        0,  -12947470,          0
  2040,   107,   23000000,   13060404,        0,   -9939596,          0
  2040,   108,   23000000,   12098165,        0,  -10901835,          0
  2040,   109,   23000000,    9109154,        0,  -13890846,          0
  2040,   110,   23000000,   10060426,        0,  -12939574,          0
  2040,   111,   23000000,   11051930,        0,  -11948070,          0
  2040,   112,   23000000,   12257530,        0,  -10742470,          0
  2040,   113,   23000000,    9310858,        0,  -13689142,          0
  2040,   114,   23000000,   10078667,        0,  -12921333,          0
  2040,   115,   23000000,   11072304,        0,  -11927696,          0
  2040,   116,   23000000,   12718078,        0,  -10281922,          0
  2040,   117,   23000000,    9077449,        0,  -13922551,          0
  2040,   118,   23000000,   10065226,        0,  -12934774,          0
  2040,   119,   23000000,   11083746,        0,  -11916254,          0
  2040,   120,   23000000,   12117264,        0,  -10882736,          0
  2040,   121,   23000000,    9150909,        0,  -13849091,          0
  2040,   122,   23000000,   10036641,        0,  -12963359,          0
  2040,   123,   23000000,   11087448,        0,  -11912552,          0
  2040,   124,   23000000,   12089237,        0,  -10910763,          0
  2040,   125,   23000000,    9118798,        0,  -13881202,          0
  2040,   126,   23000000,   11919425,        0,  -11080575,          0
  2040,   127,   23000000,   11095080,        0,  -11904920,          0
  2040,   128,   23000000,   12062119,        0,  -10937881,          0
  2040,   129,   23000000,    9118693,        0,  -13881307,          0
  2040,   130,   23000000,   10043259,        0,  -12956741,          0
  2040,   131,   23000000,   11098846,        0,  -11901154,          0
  2040,   132,   23000000,   12088104,        0,  -10911896,          0
  2040,   133,   23000000,    9101020,        0,  -13898980,          0
  2040,   134,   23000000,   10071674,        0,  -12928326,          0
  2040,   135,   23000000,   11080369,        0,  -11919631,          0
  2040,   136,   23000000,   12071843,        0,  -10928157,          0
  2040,   137,   23000000,    9114491,        0,  -13885509,          0
  2040,   138,   23000000,   12089991,        0,  -10910009,          0
  2040,   139,   23000000,   11086501,        0,  -11913499,          0
  2040,   140,   23000000,   12132886,        0,  -10867114,          0
  2040,   141,   23000000,    9081083,        0,  -13918917,          0
  2040,   142,   23000000,    9999018,        0,  -13000982,          0
  2040,   143,   23000000,   11107887,        0,  -11892113,          0
  2040,   144,   23000000,   12104162,        0,  -10895838,          0
  2040,   145,   23000000,    9072091,        0,  -13927909,          0
  2040,   146,   23000000,   10105994,        0,  -12894006,          0
  2040,   147,   23000000,   11064589,        0,  -11935411,          0
  2040,   148,   23000000,   12065401,        0,  -10934599,          0
  2040,   149,   23000000,    9824518,        0,  -13175482,          0
  2040,   150,   23000000,   10013354,        0,  -12986646,          0
  2040,   151,   23000000,   11086336,        0,  -11913664,          0
  2040,   152,   23000000,   12075500,        0,  -10924500,          0
  2040,   153,   23000000,    9074384,        0,  -13925616,          0
  2040,   154,   23000000,   10062851,        0,  -12937149,          0
  2040,   155,   23000000,   11125227,        0,  -11874773,          0
  2040,   156,   23000000,   12467020,        0,  -10532980,          0
  2040,   157,   23000000,   11044959,        0,  -11955041,          0
  2040,   158,   23000000,   10041084,        0,  -12958916,          0
  2040,   159,   23000000,   11084418,        0,  -11915582,          0
  2040,   160,   23000000,   12046680,        0,  -10953320,          0
  2040,   161,   23000000,    9099372,        0,  -13900628,          0
  2040,   162,   23000000,   10030514,        0,  -12969486,          0
  2040,   163,   23000000,   11092727,        0,  -11907273,          0
  2040,   164,   23000000,   12130567,        0,  -10869433,          0
  2040,   165,   23000000,   10998158,        0,  -12001842,          0
  2040,   166,   23000000,   10125351,        0,  -12874649,          0
  2040,   167,   23000000,   11052674,        0,  -11947326,          0
  2040,   168,   23000000,   12110452,        0,  -10889548,          0
  2040,   169,   23000000,    9134031,        0,  -13865969,          0
  2040,   170,   23000000,   10037963,        0,  -12962037,          0
  2040,   171,   23000000,   11181837,        0,  -11818163,          0
  2040,   172,   23000000,   12073441,        0,  -10926559,          0
  2040,   173,   23000000,    9365917,        0,  -13634083,          0
  2040,   174,   23000000,   11136797,        0,  -11863203,          0
  2040,   175,   23000000,   11112744,        0,  -11887256,          0
  2040,   176,   23000000,   12080726,        0,  -10919274,          0
  2040,   177,   23000000,    9115417,        0,  -13884583,          0
  2040,   178,   23000000,   10071284,        0,  -12928716,          0
  2040,   179,   23000000,   11092611,        0,  -11907389,          0
  2040,   180,   23000000,   14052656,        0,   -8947344,          0
  2040,   181,   23000000,   10972249,        0,  -12027751,          0
  2040,   182,   23000000,   10111008,        0,  -12888992,          0
  2040,   183,   23000000,   11142195,        0,  -11857805,          0
  2040,   184,   23000000,   12100373,        0,  -10899627,          0
  2040,   185,   23000000,    9153611,        0,  -13846389,          0
  2040,   186,   23000000,   10052195,        0,  -12947805,          0
  2040,   187,   23000000,   11077935,        0,  -11922065,          0
  2040,   188,   23000000,   12096116,        0,  -10903884,          0
  2040,   189,   23000000,    9334701,        0,  -13665299,          0
  2040,   190,   23000000,   10104235,        0,  -12895765,          0
  2040,   191,   23000000,   13109986,        0,   -9890014,          0
  2040,   192,   23000000,   12116500,        0,  -10883500,          0
  2040,   193,   23000000,    9085016,        0,  -13914984,          0
  2040,   194,   23000000,   10056249,        0,  -12943751,          0
  2040,   195,   23000000,   11152924,        0,  -11847076,          0
  2040,   196,   23000000,   12099302,        0,  -10900698,          0
  2040,   197,   23000000,    9132544,        0,  -13867456,          0
  2040,   198,   23000000,   12004148,        0,  -10995852,          0
  2040,   199,   23000000,   11155700,        0,  -11844300,          0
  2040,   200,   23000000,   12336723,        0,  -10663277,          0
  2040,   201,   23000000,    9071234,        0,  -13928766,          0
  2040,   202,   23000000,   11774312,        0,  -11225688,          0
  2040,   203,   23000000,   11110122,        0,  -11889878,          0
  2040,   204,   23000000,   12047125,        0,  -10952875,          0
  2040,   205,   23000000,   10999720,        0,  -12000280,          0
  2040,   206,   23000000,   10047126,        0,  -12952874,          0
  2040,   207,   23000000,   11070343,        0,  -11929657,          0
  2040,   208,   23000000,   12071933,        0,  -10928067,          0
  2040,   209,   23000000,    9082082,        0,  -13917918,          0
  2040,   210,   23000000,   10053622,        0,  -12946378,          0
  2040,   211,   23000000,   11046397,        0,  -11953603,          0
  2040,   212,   23000000,   12130129,        0,  -10869871,          0
  2040,   213,   23000000,    9056514,        0,  -13943486,          0
  2040,   214,   23000000,   10085281,        0,  -12914719,          0
  2040,   215,   23000000,   11067074,        0,  -11932926,          0
  2040,   216,   23000000,   12373742,        0,  -10626258,          0
  2040,   217,   23000000,    9094342,        0,  -13905658,          0
  2040,   218,   23000000,   10096343,        0,  -12903657,          0
  2040,   219,   23000000,   11072492,        0,  -11927508,          0
  2040,   220,   23000000,   12101112,        0,  -10898888,          0
  2040,   221,   23000000,   11074768,        0,  -11925232,          0
  2040,   222,   23000000,   12065949,        0,  -10934051,          0
  2040,   223,   23000000,   11072944,        0,  -11927056,          0
  2040,   224,   23000000,   12138162,        0,  -10861838,          0
  2040,   225,   23000000,   11070573,        0,  -11929427,          0
  2040,   226,   23000000,   10050356,        0,  -12949644,          0
  2040,   227,   23000000,   11068342,        0,  -11931658,          0
  2040,   228,   23000000,   12099272,        0,  -10900728,          0
  2040,   229,   23000000,    9075132,        0,  -13924868,          0
  2040,   230,   23000000,   10014918,        0,  -12985082,          0
  2040,   231,   23000000,   11115550,        0,  -11884450,          0
  2040,   232,   23000000,   12105717,        0,  -10894283,          0
  2040,   233,   23000000,   11070115,        0,  -11929885,          0
  2040,   234,   23000000,   10103839,        0,  -12896161,          0
  2040,   235,   23000000,   11079907,        0,  -11920093,          0
  2040,   236,   23000000,   12110153,        0,  -10889847,          0
  2040,   237,   23000000,    9123572,        0,  -13876428,          0
  2040,   238,   23000000,   10098314,        0,  -12901686,          0
  2040,   239,   23000000,   11100088,        0,  -11899912,          0
  2040,   240,   23000000,   12129995,        0,  -10870005,          0
  2040,   241,   23000000,    9037171,        0,  -13962829,          0
  2040,   242,   23000000,   10037336,        0,  -12962664,          0
  2040,   243,   23000000,   12324123,        0,  -10675877,          0
  2040,   244,   23000000,   12096794,        0,  -10903206,          0
  2040,   245,   23000000,    9111786,        0,  -13888214,          0
  2040,   246,   23000000,   10063405,        0,  -12936595,          0
  2040,   247,   23000000,   11098617,        0,  -11901383,          0
  2040,   248,   23000000,   12181186,        0,  -10818814,          0
  2040,   249,   23000000,    9270528,        0,  -13729472,          0
  2040,   250,   23000000,   12097894,        0,  -10902106,          0
  2040,   251,   23000000,   11049509,        0,  -11950491,          0
  2040,   252,   23000000,   12097299,        0,  -10902701,          0
  2040,   253,   23000000,    8994614,        0,  -14005386,          0
  2040,   254,   23000000,   10065310,        0,  -12934690,          0
  2040,   255,   23000000,   11108730,        0,  -11891270,          0
  2040,   256,   23000000,   12130612,        0,  -10869388,          0
  2040,   257,   23000000,    9157549,        0,  -13842451,          0
  2040,   258,   23000000,   12158098,        0,  -10841902,          0
  2040,   259,   23000000,   11068664,        0,  -11931336,          0
  2040,   260,   23000000,   12119290,        0,  -10880710,          0
  2040,   261,   23000000,    9439985,        0,  -13560015,          0
  2040,   262,   23000000,   10067141,        0,  -12932859,          0
  2040,   263,   23000000,   11112802,        0,  -11887198,          0
  2040,   264,   23000000,   12108339,        0,  -10891661,          0
  2040,   265,   23000000,    9066210,        0,  -13933790,          0
  2040,   266,   23000000,   10036838,        0,  -12963162,          0
  2040,   267,   23000000,   11088952,        0,  -11911048,          0
  2040,   268,   23000000,   12088967,        0,  -10911033,          0
  2040,   269,   23000000,    9039165,        0,  -13960835,          0
  2040,   270,   23000000,   10042016,        0,  -12957984,          0
  2040,   271,   23000000,   11086979,        0,  -11913021,          0
  2040,   272,   23000000,   12074277,        0,  -10925723,          0
  2040,   273,   23000000,    9082660,        0,  -13917340,          0
  2040,   274,   23000000,   10108988,        0,  -12891012,          0
  2040,   275,   23000000,   13098064,        0,   -9901936,          0
  2040,   276,   23000000,   12305160,        0,  -10694840,          0
  2040,   277,   23000000,    9088126,        0,  -13911874,          0
  2040,   278,   23000000,   10136595,        0,  -12863405,          0
  2040,   279,   23000000,   13132908,        0,   -9867092,          0
  2040,   280,   23000000,   12087314,        0,  -10912686,          0
  2040,   281,   23000000,    9061138,        0,  -13938862,          0
  2040,   282,   23000000,   10078255,        0,  -12921745,          0
  2040,   283,   23000000,   11079571,        0,  -11920429,          0
  2040,   284,   23000000,   12127300,        0,  -10872700,          0
  2040,   285,   23000000,   11055821,        0,  -11944179,          0
  2040,   286,   23000000,   10117276,        0,  -12882724,          0
  2040,   287,   23000000,   12075125,        0,  -10924875,          0
  2040,   288,   23000000,   12065849,        0,  -10934151,          0
  2040,   289,   23000000,    9041238,        0,  -13958762,          0
  2040,   290,   23000000,   10095118,        0,  -12904882,          0
  2040,   291,   23000000,   12637995,        0,  -10362005,          0
  2040,   292,   23000000,   12090333,        0,  -10909667,          0
  2040,   293,   23000000,    9104519,        0,  -13895481,          0
  2040,   294,   23000000,   10108832,        0,  -12891168,          0
  2040,   295,   23000000,   11101843,        0,  -11898157,          0
  2040,   296,   23000000,   12077868,        0,  -10922132,          0
  2040,   297,   23000000,    9369500,        0,  -13630500,          0
  2040,   298,   23000000,   10303810,        0,  -12696190,          0
  2040,   299,   23000000,   11039262,        0,  -11960738,          0
  2040,   300,   23000000,   12062938,        0,  -10937062,          0
  2040,   301,   23000000,   11051519,        0,  -11948481,          0
  2040,   302,   23000000,   12129606,        0,  -10870394,          0
  2040,   303,   23000000,   11099717,        0,  -11900283,          0
  2040,   304,   23000000,   14106070,        0,   -8893930,          0
  2040,   305,   23000000,    9283077,        0,  -13716923,          0
  2040,   306,   23000000,   10038209,        0,  -12961791,          0
  2040,   307,   23000000,   13122071,        0,   -9877929,          0
  2040,   308,   23000000,   12055880,        0,  -10944120,          0
  2040,   309,   23000000,   10931648,        0,  -12068352,          0
  2040,   310,   23000000,   12049860,        0,  -10950140,          0
  2040,   311,   23000000,   11173361,        0,  -11826639,          0
  2040,   312,   23000000,   12133680,        0,  -10866320,          0
  2040,   313,   23000000,   11080887,        0,  -11919113,          0
  2040,   314,   23000000,   10041490,        0,  -12958510,          0
  2040,   315,   23000000,   11153898,        0,  -11846102,          0
  2040,   316,   23000000,   12075048,        0,  -10924952,          0
  2040,   317,   23000000,    9140892,        0,  -13859108,          0
  2040,   318,   23000000,   12057643,        0,  -10942357,          0
  2040,   319,   23000000,   11116676,        0,  -11883324,          0
  2040,   320,   23000000,   12092980,        0,  -10907020,          0
  2040,   321,   23000000,   15178698,        0,   -7821302,          0
  2040,   322,   23000000,   10029562,        0,  -12970438,          0
  2040,   323,   23000000,   11094621,        0,  -11905379,          0
  2040,   324,   23000000,   12065833,        0,  -10934167,          0
  2040,   325,   23000000,   11070727,        0,  -11929273,          0
  2040,   326,   23000000,   10058360,        0,  -12941640,          0
  2040,   327,   23000000,   11126210,        0,  -11873790,          0
  2040,   328,   23000000,   12087777,        0,  -10912223,          0
  2040,   329,   23000000,    9048957,        0,  -13951043,          0
  2040,   330,   23000000,   10212066,        0,  -12787934,          0
  2040,   331,   23000000,   11097455,        0,  -11902545,          0
  2040,   332,   23000000,   14058816,        0,   -8941184,          0
  2040,   333,   23000000,   13148051,        0,   -9851949,          0
  2040,   334,   23000000,   12061107,        0,  -10938893,          0
  2040,   335,   23000000,   11050797,        0,  -11949203,          0
  2040,   336,   23000000,   12362652,        0,  -10637348,          0
  2040,   337,   23000000,   11110181,        0,  -11889819,          0
  2040,   338,   23000000,   10258948,        0,  -12741052,          0
  2040,   339,   23000000,   11086381,        0,  -11913619,          0
  2040,   340,   23000000,   12101499,        0,  -10898501,          0
  2040,   341,   23000000,   11025561,        0,  -11974439,          0
  2040,   342,   23000000,   10106584,        0,  -12893416,          0
  2040,   343,   23000000,   11058538,        0,  -11941462,          0
  2040,   344,   23000000,   12050569,        0,  -10949431,          0
  2040,   345,   23000000,   11030057,        0,  -11969943,          0
  2040,   346,   23000000,   10080852,        0,  -12919148,          0
  2040,   347,   23000000,   11069978,        0,  -11930022,          0
  2040,   348,   23000000,   12018742,        0,  -10981258,          0
  2040,   349,   23000000,    9019118,        0,  -13980882,          0
  2040,   350,   23000000,   10144032,        0,  -12855968,          0
  2040,   351,   23000000,   11090264,        0,  -11909736,          0
  2040,   352,   23000000,   12279505,        0,  -10720495,          0
  2040,   353,   23000000,    9789330,        0,  -13210670,          0
  2040,   354,   23000000,   10024965,        0,  -12975035,          0
  2040,   355,   23000000,   11101875,        0,  -11898125,          0
  2040,   356,   23000000,   12092092,        0,  -10907908,          0
  2040,   357,   23000000,   11152071,        0,  -11847929,          0
  2040,   358,   23000000,   10057480,        0,  -12942520,          0
  2040,   359,   23000000,   11204472,        0,  -11795528,          0
  2040,   360,   23000000,   12068775,        0,  -10931225,          0
  2040,   361,   23000000,    9049941,        0,  -13950059,          0
  2040,   362,   23000000,   10069390,        0,  -12930610,          0
  2040,   363,   23000000,   11312373,        0,  -11687627,          0
  2040,   364,   23000000,   12106071,        0,  -10893929,          0
  2040,   365,   23000000,    9054536,        0,  -13945464,          0
  2040,   366,   23000000,   10057994,        0,  -12942006,          0
  2040,   367,   23000000,   11068926,        0,  -11931074,          0
  2040,   368,   23000000,   12077346,        0,  -10922654,          0
  2040,   369,   23000000,    9036500,        0,  -13963500,          0
  2040,   370,   23000000,   10075299,        0,  -12924701,          0
  2040,   371,   23000000,   11119432,        0,  -11880568,          0
  2040,   372,   23000000,   12126487,        0,  -10873513,          0
  2040,   373,   23000000,    9053907,        0,  -13946093,          0
  2040,   374,   23000000,   10349270,        0,  -12650730,          0
  2040,   375,   23000000,   11114002,        0,  -11885998,          0
  2040,   376,   23000000,   12096667,        0,  -10903333,          0
  2040,   377,   23000000,    9057899,        0,  -13942101,          0
  2040,   378,   23000000,   10035440,        0,  -12964560,          0
  2040,   379,   23000000,   11107083,        0,  -11892917,          0
  2040,   380,   23000000,   12074730,        0,  -10925270,          0
  2040,   381,   23000000,    9094911,        0,  -13905089,          0
  2040,   382,   23000000,    9999119,        0,  -13000881,          0
  2040,   383,   23000000,   11100559,        0,  -11899441,          0
  2040,   384,   23000000,   12076439,        0,  -10923561,          0
  2040,   385,   23000000,   11300722,        0,  -11699278,          0
  2040,   386,   23000000,   10072318,        0,  -12927682,          0
  2040,   387,   23000000,   11060063,        0,  -11939937,          0
  2040,   388,   23000000,   12093373,        0,  -10906627,          0
  2040,   389,   23000000,    9029967,        0,  -13970033,          0
  2040,   390,   23000000,   10069084,        0,  -12930916,          0
  2040,   391,   23000000,   11045823,        0,  -11954177,          0
  2040,   392,   23000000,   12067240,        0,  -10932760,          0
  2040,   393,   23000000,   11218719,        0,  -11781281,          0
  2040,   394,   23000000,   11892386,        0,  -11107614,          0
  2040,   395,   23000000,   11105729,        0,  -11894271,          0
  2040,   396,   23000000,   12108319,        0,  -10891681,          0
  2040,   397,   23000000,    9100198,        0,  -13899802,          0
  2040,   398,   23000000,   10130904,        0,  -12869096,          0
  2040,   399,   23000000,   11121245,        0,  -11878755,          0
  2040,   400,   23000000,   12088605,        0,  -10911395,          0
  2040,   401,   23000000,    9094404,        0,  -13905596,          0
  2040,   402,   23000000,   12052638,        0,  -10947362,          0
  2040,   403,   23000000,   11063432,        0,  -11936568,          0
  2040,   404,   23000000,   12087123,        0,  -10912877,          0
  2040,   405,   23000000,   11104669,        0,  -11895331,          0
  2040,   406,   23000000,   10012905,        0,  -12987095,          0
  2040,   407,   23000000,   11145213,        0,  -11854787,          0
  2040,   408,   23000000,   12059287,        0,  -10940713,          0
  2040,   409,   23000000,   10245729,        0,  -12754271,          0
  2040,   410,   23000000,   10130251,        0,  -12869749,          0
  2040,   411,   23000000,   11069145,        0,  -11930855,          0
  2040,   412,   23000000,   12046923,        0,  -10953077,          0
  2040,   413,   23000000,    9052871,        0,  -13947129,          0
  2040,   414,   23000000,   10031795,        0,  -12968205,          0
  2040,   415,   23000000,   11160899,        0,  -11839101,          0
  2040,   416,   23000000,   12067956,        0,  -10932044,          0
  2040,   417,   23000000,    9091663,        0,  -13908337,          0
  2040,   418,   23000000,   10184244,        0,  -12815756,          0
  2040,   419,   23000000,   11104767,        0,  -11895233,          0
  2040,   420,   23000000,   12082670,        0,  -10917330,          0
  2040,   421,   23000000,    9058375,        0,  -13941625,          0
  2040,   422,   23000000,   10127967,        0,  -12872033,          0
  2040,   423,   23000000,   11357789,        0,  -11642211,          0
  2040,   424,   23000000,   12076403,        0,  -10923597,          0
  2040,   425,   23000000,    9063268,        0,  -13936732,          0
  2040,   426,   23000000,   10026865,        0,  -12973135,          0
  2040,   427,   23000000,   11120936,        0,  -11879064,          0
  2040,   428,   23000000,   12141457,        0,  -10858543,          0
  2040,   429,   23000000,    9056988,        0,  -13943012,          0
  2040,   430,   23000000,   10107878,        0,  -12892122,          0
  2040,   431,   23000000,   11149411,        0,  -11850589,          0
  2040,   432,   23000000,   12168384,        0,  -10831616,          0
  2040,   433,   23000000,    8981015,        0,  -14018985,          0
  2040,   434,   23000000,   10038347,        0,  -12961653,          0
  2040,   435,   23000000,   11081153,        0,  -11918847,          0
  2040,   436,   23000000,   12107562,        0,  -10892438,          0
  2040,   437,   23000000,    9027242,        0,  -13972758,          0
  2040,   438,   23000000,   10049180,        0,  -12950820,          0
# task NAME=myapp PID=2043 COST=16812000 PERIOD=63000000 CPU=0
  2043,     2,   63000000,       9765,        0,  -62990235,          0
  2043,     3,   63000000,     376473,        0,  -62623527,          0
  2043,     4,   63000000,   31541074,        0,  -31458926,          0
  2043,     5,   63000000,   28434312,        0,  -34565688,          0
  2043,     6,   63000000,   29427259,        0,  -33572741,          0
  2043,     7,   63000000,   30465504,        0,  -32534496,          0
  2043,     8,   63000000,   31385698,        0,  -31614302,          0
  2043,     9,   63000000,   26317890,        0,  -36682110,          0
  2043,    10,   63000000,   27251062,        0,  -35748938,          0
  2043,    11,   63000000,   30426419,        0,  -32573581,          0
  2043,    12,   63000000,   29320679,        0,  -33679321,          0
  2043,    13,   63000000,   28412975,        0,  -34587025,          0
  2043,    14,   63000000,   29386721,        0,  -33613279,          0
  2043,    15,   63000000,   30407808,        0,  -32592192,          0
  2043,    16,   63000000,   31469349,        0,  -31530651,          0
  2043,    17,   63000000,   28504627,        0,  -34495373,          0
  2043,    18,   63000000,   29391101,        0,  -33608899,          0
  2043,    19,   63000000,   30654542,        0,  -32345458,          0
  2043,    20,   63000000,   31425115,        0,  -31574885,          0
  2043,    21,   63000000,   28421781,        0,  -34578219,          0
  2043,    22,   63000000,   29417565,        0,  -33582435,          0
  2043,    23,   63000000,   30384121,        0,  -32615879,          0
  2043,    24,   63000000,   31468025,        0,  -31531975,          0
  2043,    25,   63000000,   28644177,        0,  -34355823,          0
  2043,    26,   63000000,   29440171,        0,  -33559829,          0
  2043,    27,   63000000,   30648687,        0,  -32351313,          0
  2043,    28,   63000000,   32506679,        0,  -30493321,          0
  2043,    29,   63000000,   28397024,        0,  -34602976,          0
  2043,    30,   63000000,   29835897,        0,  -33164103,          0
  2043,    31,   63000000,   31263195,        0,  -31736805,          0
  2043,    32,   63000000,   31444135,        0,  -31555865,          0
  2043,    33,   63000000,   28600576,        0,  -34399424,          0
  2043,    34,   63000000,   29533855,        0,  -33466145,          0
  2043,    35,   63000000,   30791428,        0,  -32208572,          0
  2043,    36,   63000000,   31497147,        0,  -31502853,          0
  2043,    37,   63000000,   28412681,        0,  -34587319,          0
  2043,    38,   63000000,   29421620,        0,  -33578380,          0
  2043,    39,   63000000,   30440617,        0,  -32559383,          0
  2043,    40,   63000000,   31409543,        0,  -31590457,          0
  2043,    41,   63000000,   28580809,        0,  -34419191,          0
  2043,    42,   63000000,   29500560,        0,  -33499440,          0
  2043,    43,   63000000,   30808559,        0,  -32191441,          0
  2043,    44,   63000000,   31398530,        0,  -31601470,          0
  2043,    45,   63000000,   28383465,        0,  -34616535,          0
  2043,    46,   63000000,   27274293,        0,  -35725707,          0
  2043,    47,   63000000,   30439396,        0,  -32560604,          0
  2043,    48,   63000000,   31508279,        0,  -31491721,          0
  2043,    49,   63000000,   28671595,        0,  -34328405,          0
  2043,    50,   63000000,   29423000,        0,  -33577000,          0
  2043,    51,   63000000,   30707241,        0,  -32292759,          0
  2043,    52,   63000000,   31440706,        0,  -31559294,          0
  2043,    53,   63000000,   28390667,        0,  -34609333,          0
  2043,    54,   63000000,   29371539,        0,  -33628461,          0
  2043,    55,   63000000,   30455994,        0,  -32544006,          0
  2043,    56,   63000000,   31367224,        0,  -31632776,          0
  2043,    57,   63000000,   28686477,        0,  -34313523,          0
  2043,    58,   63000000,   29421860,        0,  -33578140,          0
  2043,    59,   63000000,   30668782,        0,  -32331218,          0
  2043,    60,   63000000,   29333796,        0,  -33666204,          0
  2043,    61,   63000000,   26321209,        0,  -36678791,          0
  2043,    62,   63000000,   29363244,        0,  -33636756,          0
  2043,    63,   63000000,   28336956,        0,  -34663044,          0
  2043,    64,   63000000,   31419411,        0,  -31580589,          0
  2043,    65,   63000000,   26331006,        0,  -36668994,          0
  2043,    66,   63000000,   29441069,        0,  -33558931,          0
  2043,    67,   63000000,   30505599,        0,  -32494401,          0
  2043,    68,   63000000,   31394999,        0,  -31605001,          0
  2043,    69,   63000000,   28473793,        0,  -34526207,          0
  2043,    70,   63000000,   29432386,        0,  -33567614,          0
  2043,    71,   63000000,   30824931,        0,  -32175069,          0
  2043,    72,   63000000,   29331189,        0,  -33668811,          0
  2043,    73,   63000000,   28622922,        0,  -34377078,          0
  2043,    74,   63000000,   29393651,        0,  -33606349,          0
  2043,    75,   63000000,   30475484,        0,  -32524516,          0
  2043,    76,   63000000,   31442842,        0,  -31557158,          0
  2043,    77,   63000000,   28572132,        0,  -34427868,          0
  2043,    78,   63000000,   29373455,        0,  -33626545,          0
  2043,    79,   63000000,   30801308,        0,  -32198692,          0
  2043,    80,   63000000,   31446801,        0,  -31553199,          0
  2043,    81,   63000000,   28425332,        0,  -34574668,          0
  2043,    82,   63000000,   29402050,        0,  -33597950,          0
  2043,    83,   63000000,   30413277,        0,  -32586723,          0
  2043,    84,   63000000,   31423655,        0,  -31576345,          0
  2043,    85,   63000000,   28393322,        0,  -34606678,          0
  2043,    86,   63000000,   28143029,        0,  -34856971,          0
  2043,    87,   63000000,   31243304,        0,  -31756696,          0
  2043,    88,   63000000,   31451704,        0,  -31548296,          0
  2043,    89,   63000000,   28459521,        0,  -34540479,          0
  2043,    90,   63000000,   27303283,        0,  -35696717,          0
  2043,    91,   63000000,   28339162,        0,  -34660838,          0
  2043,    92,   63000000,   31457724,        0,  -31542276,          0
  2043,    93,   63000000,   26318852,        0,  -36681148,          0
  2043,    94,   63000000,   27288293,        0,  -35711707,          0
  2043,    95,   63000000,   30460334,        0,  -32539666,          0
  2043,    96,   63000000,   31407404,        0,  -31592596,          0
  2043,    97,   63000000,   28402829,        0,  -34597171,          0
  2043,    98,   63000000,   29290068,        0,  -33709932,          0
  2043,    99,   63000000,   30484716,        0,  -32515284,          0
  2043,   100,   63000000,   31417181,        0,  -31582819,          0
  2043,   101,   63000000,   28397895,        0,  -34602105,          0
  2043,   102,   63000000,   29429226,        0,  -33570774,          0
  2043,   103,   63000000,   30477815,        0,  -32522185,          0
  2043,   104,   63000000,   32432911,        0,  -30567089,          0
  2043,   105,   63000000,   28491684,        0,  -34508316,          0
  2043,   106,   63000000,   29413714,        0,  -33586286,          0
  2043,   107,   63000000,   32491244,        0,  -30508756,          0
  2043,   108,   63000000,   31405259,        0,  -31594741,          0
  2043,   109,   63000000,   28411164,        0,  -34588836,          0
  2043,   110,   63000000,   29468608,        0,  -33531392,          0
  2043,   111,   63000000,   28318994,        0,  -34681006,          0
  2043,   112,   63000000,   33390585,        0,  -29609415,          0
  2043,   113,   63000000,   26297326,        0,  -36702674,          0
  2043,   114,   63000000,   29446329,        0,  -33553671,          0
  2043,   115,   63000000,   30462850,        0,  -32537150,          0
  2043,   116,   63000000,   31386616,        0,  -31613384,          0
  2043,   117,   63000000,   28379439,        0,  -34620561,          0
  2043,   118,   63000000,   27291237,        0,  -35708763,          0
  2043,   119,   63000000,   32463870,        0,  -30536130,          0
  2043,   120,   63000000,   31413670,        0,  -31586330,          0
  2043,   121,   63000000,   28478982,        0,  -34521018,          0
  2043,   122,   63000000,   27345404,        0,  -35654596,          0
  2043,   123,   63000000,   28334402,        0,  -34665598,          0
  2043,   124,   63000000,   31423694,        0,  -31576306,          0
  2043,   125,   63000000,   26321583,        0,  -36678417,          0
  2043,   126,   63000000,   29334377,        0,  -33665623,          0
  2043,   127,   63000000,   30409344,        0,  -32590656,          0
  2043,   128,   63000000,   31476186,        0,  -31523814,          0
  2043,   129,   63000000,   26236685,        0,  -36763315,          0
  2043,   130,   63000000,   27293797,        0,  -35706203,          0
  2043,   131,   63000000,   28251496,        0,  -34748504,          0
  2043,   132,   63000000,   31518322,        0,  -31481678,          0
  2043,   133,   63000000,   28387391,        0,  -34612609,          0
  2043,   134,   63000000,   29405704,        0,  -33594296,          0
  2043,   135,   63000000,   30455282,        0,  -32544718,          0
  2043,   136,   63000000,   29333021,        0,  -33666979,          0
  2043,   137,   63000000,   28388493,        0,  -34611507,          0
  2043,   138,   63000000,   29809925,        0,  -33190075,          0
  2043,   139,   63000000,   30434797,        0,  -32565203,          0
  2043,   140,   63000000,   33195236,        0,  -29804764,          0
  2043,   141,   63000000,   28428723,        0,  -34571277,          0
  2043,   142,   63000000,   29518200,        0,  -33481800,          0
  2043,   143,   63000000,   28321517,        0,  -34678483,          0
  2043,   144,   63000000,   31555155,        0,  -31444845,          0
  2043,   145,   63000000,   28420116,        0,  -34579884,          0
  2043,   146,   63000000,   29665468,        0,  -33334532,          0
  2043,   147,   63000000,   30413899,        0,  -32586101,          0
  2043,   148,   63000000,   31391040,        0,  -31608960,          0
  2043,   149,   63000000,   28398675,        0,  -34601325,          0
  2043,   150,   63000000,   29430243,        0,  -33569757,          0
  2043,   151,   63000000,   30464554,        0,  -32535446,          0
  2043,   152,   63000000,   31543325,        0,  -31456675,          0
  2043,   153,   63000000,   26306127,        0,  -36693873,          0
  2043,   154,   63000000,   29673746,        0,  -33326254,          0
  2043,   155,   63000000,   30478675,        0,  -32521325,          0
  2043,   156,   63000000,   31467239,        0,  -31532761,          0
  2043,   157,   63000000,   26319272,        0,  -36680728,          0
  2043,   158,   63000000,   29777334,        0,  -33222666,          0
  2043,   159,   63000000,   30420410,        0,  -32579590,          0
  2043,   160,   63000000,   31575054,        0,  -31424946,          0
  2043,   161,   63000000,   26309398,        0,  -36690602,          0
  2043,   162,   63000000,   29383680,        0,  -33616320,          0
# task NAME=myapp PID=2048 COST=6350000 PERIOD=28000000 CPU=0
  2048,     2,   28000000,      15880,        0,  -27984120,          0
  2048,     3,   28000000,     363784,        0,  -27636216,          0
  2048,     4,   28000000,   10546788,        0,  -17453212,          0
  2048,     5,   28000000,   11729060,        0,  -16270940,          0
  2048,     6,   28000000,   12483747,        0,  -15516253,          0
  2048,     7,   28000000,   10486762,        0,  -17513238,          0
  2048,     8,   28000000,   10399981,        0,  -17600019,          0
  2048,     9,   28000000,   10421315,        0,  -17578685,          0
  2048,    10,   28000000,   10454590,        0,  -17545410,          0
  2048,    11,   28000000,   10526515,        0,  -17473485,          0
  2048,    12,   28000000,   10449128,        0,  -17550872,          0
  2048,    13,   28000000,   11121280,        0,  -16878720,          0
  2048,    14,   28000000,   10423414,        0,  -17576586,          0
  2048,    15,   28000000,   10429976,        0,  -17570024,          0
  2048,    16,   28000000,   10433839,        0,  -17566161,          0
  2048,    17,   28000000,    8370008,        0,  -19629992,          0
  2048,    18,   28000000,   10463159,        0,  -17536841,          0
  2048,    19,   28000000,   10457902,        0,  -17542098,          0
  2048,    20,   28000000,   10414783,        0,  -17585217,          0
  2048,    21,   28000000,   10408550,        0,  -17591450,          0
  2048,    22,   28000000,   10684535,        0,  -17315465,          0
  2048,    23,   28000000,   12441002,        0,  -15558998,          0
  2048,    24,   28000000,   10407775,        0,  -17592225,          0
  2048,    25,   28000000,   12457598,        0,  -15542402,          0
  2048,    26,   28000000,   11294993,        0,  -16705007,          0
  2048,    27,   28000000,   10435463,        0,  -17564537,          0
  2048,    28,   28000000,   10499890,        0,  -17500110,          0
  2048,    29,   28000000,   10425298,        0,  -17574702,          0
  2048,    30,   28000000,   10469202,        0,  -17530798,          0
  2048,    31,   28000000,   10388964,        0,  -17611036,          0
  2048,    32,   28000000,   11559696,        0,  -16440304,          0
  2048,    33,   28000000,   10417626,        0,  -17582374,          0
  2048,    34,   28000000,   10380202,        0,  -17619798,          0
  2048,    35,   28000000,   10418427,        0,  -17581573,          0
  2048,    36,   28000000,   10451064,        0,  -17548936,          0
  2048,    37,   28000000,   10821022,        0,  -17178978,          0
  2048,    38,   28000000,   12294195,        0,  -15705805,          0
  2048,    39,   28000000,   12473491,        0,  -15526509,          0
  2048,    40,   28000000,   11561569,        0,  -16438431,          0
  2048,    41,   28000000,   10451168,        0,  -17548832,          0
  2048,    42,   28000000,   10508782,        0,  -17491218,          0
  2048,    43,   28000000,   10747909,        0,  -17252091,          0
  2048,    44,   28000000,   10411516,        0,  -17588484,          0
  2048,    45,   28000000,   10420196,        0,  -17579804,          0
  2048,    46,   28000000,   10398869,        0,  -17601131,          0
  2048,    47,   28000000,   10483572,        0,  -17516428,          0
  2048,    48,   28000000,   10427412,        0,  -17572588,          0
  2048,    49,   28000000,   10423251,        0,  -17576749,          0
  2048,    50,   28000000,   10448431,        0,  -17551569,          0
  2048,    51,   28000000,   10407671,        0,  -17592329,          0
  2048,    52,   28000000,   10420068,        0,  -17579932,          0
  2048,    53,   28000000,   10430641,        0,  -17569359,          0
  2048,    54,   28000000,   10381223,        0,  -17618777,          0
  2048,    55,   28000000,   10428198,        0,  -17571802,          0
  2048,    56,   28000000,   10393541,        0,  -17606459,          0
  2048,    57,   28000000,   12435827,        0,  -15564173,          0
  2048,    58,   28000000,   10479176,        0,  -17520824,          0
  2048,    59,   28000000,   10427206,        0,  -17572794,          0
  2048,    60,   28000000,   10430880,        0,  -17569120,          0
  2048,    61,   28000000,   10430132,        0,  -17569868,          0
  2048,    62,   28000000,   10423750,        0,  -17576250,          0
  2048,    63,   28000000,   10369252,        0,  -17630748,          0
  2048,    64,   28000000,   10404710,        0,  -17595290,          0
  2048,    65,   28000000,   10403651,        0,  -17596349,          0
  2048,    66,   28000000,   10462021,        0,  -17537979,          0
  2048,    67,   28000000,   10421861,        0,  -17578139,          0
  2048,    68,   28000000,   10445158,        0,  -17554842,          0
  2048,    69,   28000000,   10399068,        0,  -17600932,          0
  2048,    70,   28000000,   10461693,        0,  -17538307,          0
  2048,    71,   28000000,   10667817,        0,  -17332183,          0
  2048,    72,   28000000,   10397555,        0,  -17602445,          0
  2048,    73,   28000000,   10442281,        0,  -17557719,          0
  2048,    74,   28000000,   10458754,        0,  -17541246,          0
  2048,    75,   28000000,   10462799,        0,  -17537201,          0
  2048,    76,   28000000,   10445295,        0,  -17554705,          0
  2048,    77,   28000000,   10398262,        0,  -17601738,          0
  2048,    78,   28000000,   10437345,        0,  -17562655,          0
  2048,    79,   28000000,   10422846,        0,  -17577154,          0
  2048,    80,   28000000,   10402090,        0,  -17597910,          0
  2048,    81,   28000000,   10449611,        0,  -17550389,          0
  2048,    82,   28000000,   10427528,        0,  -17572472,          0
  2048,    83,   28000000,   10424823,        0,  -17575177,          0
  2048,    84,   28000000,   10394720,        0,  -17605280,          0
  2048,    85,   28000000,   10438951,        0,  -17561049,          0
  2048,    86,   28000000,   11199196,        0,  -16800804,          0
  2048,    87,   28000000,   10447556,        0,  -17552444,          0
  2048,    88,   28000000,   10413562,        0,  -17586438,          0
  2048,    89,   28000000,   12422521,        0,  -15577479,          0
  2048,    90,   28000000,   10441600,        0,  -17558400,          0
  2048,    91,   28000000,   10445607,        0,  -17554393,          0
  2048,    92,   28000000,   10877210,        0,  -17122790,          0
  2048,    93,   28000000,   10489188,        0,  -17510812,          0
  2048,    94,   28000000,   10436776,        0,  -17563224,          0
  2048,    95,   28000000,   10441379,        0,  -17558621,          0
  2048,    96,   28000000,   10453455,        0,  -17546545,          0
  2048,    97,   28000000,   10450458,        0,  -17549542,          0
  2048,    98,   28000000,   10742481,        0,  -17257519,          0
  2048,    99,   28000000,   10450984,        0,  -17549016,          0
  2048,   100,   28000000,   12411637,        0,  -15588363,          0
  2048,   101,   28000000,   10476666,        0,  -17523334,          0
  2048,   102,   28000000,   10379596,        0,  -17620404,          0
  2048,   103,   28000000,   10399106,        0,  -17600894,          0
  2048,   104,   28000000,   12342392,        0,  -15657608,          0
  2048,   105,   28000000,   10410875,        0,  -17589125,          0
  2048,   106,   28000000,   10449425,        0,  -17550575,          0
  2048,   107,   28000000,   10464045,        0,  -17535955,          0
  2048,   108,   28000000,   11408713,        0,  -16591287,          0
  2048,   109,   28000000,   10436911,        0,  -17563089,          0
  2048,   110,   28000000,   10440676,        0,  -17559324,          0
  2048,   111,   28000000,    8354112,        0,  -19645888,          0
  2048,   112,   28000000,   10518388,        0,  -17481612,          0
  2048,   113,   28000000,   10413790,        0,  -17586210,          0
  2048,   114,   28000000,   10522349,        0,  -17477651,          0
  2048,   115,   28000000,   10422240,        0,  -17577760,          0
  2048,   116,   28000000,   10366751,        0,  -17633249,          0
  2048,   117,   28000000,   10422391,        0,  -17577609,          0
  2048,   118,   28000000,   11239463,        0,  -16760537,          0
  2048,   119,   28000000,   10439707,        0,  -17560293,          0
  2048,   120,   28000000,   10416890,        0,  -17583110,          0
  2048,   121,   28000000,   10461957,        0,  -17538043,          0
  2048,   122,   28000000,   10761175,        0,  -17238825,          0
  2048,   123,   28000000,   10403681,        0,  -17596319,          0
  2048,   124,   28000000,   10480052,        0,  -17519948,          0
  2048,   125,   28000000,   10400129,        0,  -17599871,          0
  2048,   126,   28000000,   10411514,        0,  -17588486,          0
  2048,   127,   28000000,   11201030,        0,  -16798970,          0
  2048,   128,   28000000,   10480305,        0,  -17519695,          0
  2048,   129,   28000000,   10639868,        0,  -17360132,          0
  2048,   130,   28000000,   10435842,        0,  -17564158,          0
  2048,   131,   28000000,   10457315,        0,  -17542685,          0
  2048,   132,   28000000,   10421563,        0,  -17578437,          0
  2048,   133,   28000000,   10436530,        0,  -17563470,          0
  2048,   134,   28000000,   10408144,        0,  -17591856,          0
  2048,   135,   28000000,   10426818,        0,  -17573182,          0
  2048,   136,   28000000,   10410420,        0,  -17589580,          0
  2048,   137,   28000000,   10416358,        0,  -17583642,          0
  2048,   138,   28000000,   10728531,        0,  -17271469,          0
  2048,   139,   28000000,   10435860,        0,  -17564140,          0
  2048,   140,   28000000,   10466973,        0,  -17533027,          0
  2048,   141,   28000000,   11286841,        0,  -16713159,          0
  2048,   142,   28000000,   10434755,        0,  -17565245,          0
  2048,   143,   28000000,   12466544,        0,  -15533456,          0
  2048,   144,   28000000,   10428610,        0,  -17571390,          0
  2048,   145,   28000000,   10408953,        0,  -17591047,          0
  2048,   146,   28000000,   12452684,        0,  -15547316,          0
  2048,   147,   28000000,   10495903,        0,  -17504097,          0
  2048,   148,   28000000,    8713619,        0,  -19286381,          0
  2048,   149,   28000000,   12433655,        0,  -15566345,          0
  2048,   150,   28000000,   10415688,        0,  -17584312,          0
  2048,   151,   28000000,   10427592,        0,  -17572408,          0
  2048,   152,   28000000,   10460624,        0,  -17539376,          0
  2048,   153,   28000000,   10458972,        0,  -17541028,          0
  2048,   154,   28000000,   10405454,        0,  -17594546,          0
  2048,   155,   28000000,   10470592,        0,  -17529408,          0
  2048,   156,   28000000,   10702807,        0,  -17297193,          0
  2048,   157,   28000000,   10430923,        0,  -17569077,          0
  2048,   158,   28000000,   10426752,        0,  -17573248,          0
  2048,   159,   28000000,   10473626,        0,  -17526374,          0
  2048,   160,   28000000,   10435430,        0,  -17564570,          0
  2048,   161,   28000000,   10426543,        0,  -17573457,          0
  2048,   162,   28000000,   10410446,        0,  -17589554,          0
  2048,   163,   28000000,   10410339,        0,  -17589661,          0
  2048,   164,   28000000,   10466027,        0,  -17533973,          0
  2048,   165,   28000000,   10709643,        0,  -17290357,          0
  2048,   166,   28000000,   10457548,        0,  -17542452,          0
  2048,   167,   28000000,   10426660,        0,  -17573340,          0
  2048,   168,   28000000,   10532373,        0,  -17467627,          0
  2048,   169,   28000000,   10412712,        0,  -17587288,          0
  2048,   170,   28000000,   11408874,        0,  -16591126,          0
  2048,   171,   28000000,   10417540,        0,  -17582460,          0
  2048,   172,   28000000,   10576224,        0,  -17423776,          0
  2048,   173,   28000000,   10401467,        0,  -17598533,          0
  2048,   174,   28000000,    9105225,        0,  -18894775,          0
  2048,   175,   28000000,   10450441,        0,  -17549559,          0
  2048,   176,   28000000,   10476113,        0,  -17523887,          0
  2048,   177,   28000000,   10424686,        0,  -17575314,          0
  2048,   178,   28000000,   10524457,        0,  -17475543,          0
  2048,   179,   28000000,   10449274,        0,  -17550726,          0
  2048,   180,   28000000,   11926789,        0,  -16073211,          0
  2048,   181,   28000000,   10450674,        0,  -17549326,          0
  2048,   182,   28000000,   12414710,        0,  -15585290,          0
  2048,   183,   28000000,   10428402,        0,  -17571598,          0
  2048,   184,   28000000,   10413368,        0,  -17586632,          0
  2048,   185,   28000000,   10473300,        0,  -17526700,          0
  2048,   186,   28000000,   10379350,        0,  -17620650,          0
  2048,   187,   28000000,   10544405,        0,  -17455595,          0
  2048,   188,   28000000,   10470911,        0,  -17529089,          0
  2048,   189,   28000000,   10444002,        0,  -17555998,          0
  2048,   190,   28000000,   10424010,        0,  -17575990,          0
  2048,   191,   28000000,    8331895,        0,  -19668105,          0
  2048,   192,   28000000,   10461018,        0,  -17538982,          0
  2048,   193,   28000000,   10434666,        0,  -17565334,          0
  2048,   194,   28000000,   10380266,        0,  -17619734,          0
  2048,   195,   28000000,   10466894,        0,  -17533106,          0
  2048,   196,   28000000,   10711703,        0,  -17288297,          0
  2048,   197,   28000000,   10433476,        0,  -17566524,          0
  2048,   198,   28000000,   10545492,        0,  -17454508,          0
  2048,   199,   28000000,   10425107,        0,  -17574893,          0
  2048,   200,   28000000,   10439186,        0,  -17560814,          0
  2048,   201,   28000000,   10407249,        0,  -17592751,          0
  2048,   202,   28000000,   14481048,        0,  -13518952,          0
  2048,   203,   28000000,   10431173,        0,  -17568827,          0
  2048,   204,   28000000,   10288477,        0,  -17711523,          0
  2048,   205,   28000000,   10646730,        0,  -17353270,          0
  2048,   206,   28000000,   10399643,        0,  -17600357,          0
  2048,   207,   28000000,   10431432,        0,  -17568568,          0
  2048,   208,   28000000,   13418264,        0,  -14581736,          0
  2048,   209,   28000000,    8360135,        0,  -19639865,          0
  2048,   210,   28000000,   10408319,        0,  -17591681,          0
  2048,   211,   28000000,   10382836,        0,  -17617164,          0
  2048,   212,   28000000,   10446407,        0,  -17553593,          0
  2048,   213,   28000000,   10411121,        0,  -17588879,          0
  2048,   214,   28000000,   10616469,        0,  -17383531,          0
  2048,   215,   28000000,   11231069,        0,  -16768931,          0
  2048,   216,   28000000,   10559188,        0,  -17440812,          0
  2048,   217,   28000000,   10405247,        0,  -17594753,          0
  2048,   218,   28000000,   10492370,        0,  -17507630,          0
  2048,   219,   28000000,   12414618,        0,  -15585382,          0
  2048,   220,   28000000,   10436289,        0,  -17563711,          0
  2048,   221,   28000000,   10407638,        0,  -17592362,          0
  2048,   222,   28000000,    8340400,        0,  -19659600,          0
  2048,   223,   28000000,   10682791,        0,  -17317209,          0
  2048,   224,   28000000,   10419836,        0,  -17580164,          0
  2048,   225,   28000000,   10443464,        0,  -17556536,          0
  2048,   226,   28000000,    8371408,        0,  -19628592,          0
  2048,   227,   28000000,   10448124,        0,  -17551876,          0
  2048,   228,   28000000,   10429986,        0,  -17570014,          0
  2048,   229,   28000000,   10437411,        0,  -17562589,          0
  2048,   230,   28000000,   10430648,        0,  -17569352,          0
  2048,   231,   28000000,   11471120,        0,  -16528880,          0
  2048,   232,   28000000,   10433799,        0,  -17566201,          0
  2048,   233,   28000000,   10472705,        0,  -17527295,          0
  2048,   234,   28000000,   10472466,        0,  -17527534,          0
  2048,   235,   28000000,   10403902,        0,  -17596098,          0
  2048,   236,   28000000,   10440272,        0,  -17559728,          0
  2048,   237,   28000000,   12216968,        0,  -15783032,          0
  2048,   238,   28000000,   10454379,        0,  -17545621,          0
  2048,   239,   28000000,   10413908,        0,  -17586092,          0
  2048,   240,   28000000,   10413180,        0,  -17586820,          0
  2048,   241,   28000000,   10428137,        0,  -17571863,          0
  2048,   242,   28000000,   10446278,        0,  -17553722,          0
  2048,   243,   28000000,   10445451,        0,  -17554549,          0
  2048,   244,   28000000,   10465491,        0,  -17534509,          0
  2048,   245,   28000000,   10474129,        0,  -17525871,          0
  2048,   246,   28000000,   10388488,        0,  -17611512,          0
  2048,   247,   28000000,   10420195,        0,  -17579805,          0
  2048,   248,   28000000,   10440938,        0,  -17559062,          0
  2048,   249,   28000000,   10438532,        0,  -17561468,          0
  2048,   250,   28000000,   10406662,        0,  -17593338,          0
  2048,   251,   28000000,   10549770,        0,  -17450230,          0
  2048,   252,   28000000,   10475563,        0,  -17524437,          0
  2048,   253,   28000000,   10459225,        0,  -17540775,          0
  2048,   254,   28000000,   10676969,        0,  -17323031,          0
  2048,   255,   28000000,   10446666,        0,  -17553334,          0
  2048,   256,   28000000,   10427995,        0,  -17572005,          0
  2048,   257,   28000000,   10486675,        0,  -17513325,          0
  2048,   258,   28000000,   10450300,        0,  -17549700,          0
  2048,   259,   28000000,   10418698,        0,  -17581302,          0
  2048,   260,   28000000,   10426560,        0,  -17573440,          0
  2048,   261,   28000000,   10384728,        0,  -17615272,          0
  2048,   262,   28000000,   12390808,        0,  -15609192,          0
  2048,   263,   28000000,   10528523,        0,  -17471477,          0
  2048,   264,   28000000,   10539694,        0,  -17460306,          0
  2048,   265,   28000000,   10405033,        0,  -17594967,          0
  2048,   266,   28000000,   10431419,        0,  -17568581,          0
  2048,   267,   28000000,   10433650,        0,  -17566350,          0
  2048,   268,   28000000,   10416473,        0,  -17583527,          0
  2048,   269,   28000000,   10435772,        0,  -17564228,          0
  2048,   270,   28000000,   10408254,        0,  -17591746,          0
  2048,   271,   28000000,   10430192,        0,  -17569808,          0
  2048,   272,   28000000,   10756845,        0,  -17243155,          0
  2048,   273,   28000000,   10449475,        0,  -17550525,          0
  2048,   274,   28000000,   14447812,        0,  -13552188,          0
  2048,   275,   28000000,   10460775,        0,  -17539225,          0
  2048,   276,   28000000,   10472695,        0,  -17527305,          0
  2048,   277,   28000000,   10436909,        0,  -17563091,          0
  2048,   278,   28000000,   10522845,        0,  -17477155,          0
  2048,   279,   28000000,   10409366,        0,  -17590634,          0
  2048,   280,   28000000,   12437037,        0,  -15562963,          0
  2048,   281,   28000000,   10530343,        0,  -17469657,          0
  2048,   282,   28000000,   10503774,        0,  -17496226,          0
  2048,   283,   28000000,   10427363,        0,  -17572637,          0
  2048,   284,   28000000,   10448487,        0,  -17551513,          0
  2048,   285,   28000000,   10423058,        0,  -17576942,          0
  2048,   286,   28000000,   10421895,        0,  -17578105,          0
  2048,   287,   28000000,   12395625,        0,  -15604375,          0
  2048,   288,   28000000,   12173646,        0,  -15826354,          0
  2048,   289,   28000000,    8815495,        0,  -19184505,          0
  2048,   290,   28000000,   10715346,        0,  -17284654,          0
  2048,   291,   28000000,   10364105,        0,  -17635895,          0
  2048,   292,   28000000,   10847526,        0,  -17152474,          0
  2048,   293,   28000000,   10403658,        0,  -17596342,          0
  2048,   294,   28000000,   10436772,        0,  -17563228,          0
  2048,   295,   28000000,   10431239,        0,  -17568761,          0
  2048,   296,   28000000,   10436190,        0,  -17563810,          0
  2048,   297,   28000000,   10414849,        0,  -17585151,          0
  2048,   298,   28000000,   10806982,        0,  -17193018,          0
  2048,   299,   28000000,   12547854,        0,  -15452146,          0
  2048,   300,   28000000,   10452677,        0,  -17547323,          0
  2048,   301,   28000000,   10426160,        0,  -17573840,          0
  2048,   302,   28000000,   10449567,        0,  -17550433,          0
  2048,   303,   28000000,   10411995,        0,  -17588005,          0
  2048,   304,   28000000,   10429516,        0,  -17570484,          0
  2048,   305,   28000000,   10398035,        0,  -17601965,          0
  2048,   306,   28000000,   10434140,        0,  -17565860,          0
  2048,   307,   28000000,   10461168,        0,  -17538832,          0
  2048,   308,   28000000,   10486129,        0,  -17513871,          0
  2048,   309,   28000000,   10419265,        0,  -17580735,          0
  2048,   310,   28000000,   10377275,        0,  -17622725,          0
  2048,   311,   28000000,   10380673,        0,  -17619327,          0
  2048,   312,   28000000,   10416421,        0,  -17583579,          0
  2048,   313,   28000000,   10390313,        0,  -17609687,          0
  2048,   314,   28000000,   10395322,        0,  -17604678,          0
  2048,   315,   28000000,   10510378,        0,  -17489622,          0
  2048,   316,   28000000,   11603032,        0,  -16396968,          0
  2048,   317,   28000000,   11482592,        0,  -16517408,          0
  2048,   318,   28000000,   10415039,        0,  -17584961,          0
  2048,   319,   28000000,    8331548,        0,  -19668452,          0
  2048,   320,   28000000,   11863338,        0,  -16136662,          0
  2048,   321,   28000000,   10623197,        0,  -17376803,          0
  2048,   322,   28000000,   10449012,        0,  -17550988,          0
  2048,   323,   28000000,   10409018,        0,  -17590982,          0
  2048,   324,   28000000,   10342164,        0,  -17657836,          0
  2048,   325,   28000000,   10431212,        0,  -17568788,          0
  2048,   326,   28000000,   10436015,        0,  -17563985,          0
  2048,   327,   28000000,   12466050,        0,  -15533950,          0
  2048,   328,   28000000,   10459616,        0,  -17540384,          0
  2048,   329,   28000000,   10456587,        0,  -17543413,          0
  2048,   330,   28000000,   10657773,        0,  -17342227,          0
  2048,   331,   28000000,   10482092,        0,  -17517908,          0
  2048,   332,   28000000,   10424308,        0,  -17575692,          0
  2048,   333,   28000000,   10409416,        0,  -17590584,          0
  2048,   334,   28000000,   10440444,        0,  -17559556,          0
  2048,   335,   28000000,   10398213,        0,  -17601787,          0
  2048,   336,   28000000,   10476692,        0,  -17523308,          0
  2048,   337,   28000000,   10505462,        0,  -17494538,          0
  2048,   338,   28000000,   10405321,        0,  -17594679,          0
  2048,   339,   28000000,   10401543,        0,  -17598457,          0
  2048,   340,   28000000,   10471608,        0,  -17528392,          0
  2048,   341,   28000000,   10418407,        0,  -17581593,          0
  2048,   342,   28000000,   10405612,        0,  -17594388,          0
  2048,   343,   28000000,   10750027,        0,  -17249973,          0
  2048,   344,   28000000,   10406747,        0,  -17593253,          0
  2048,   345,   28000000,   10422079,        0,  -17577921,          0
  2048,   346,   28000000,   10461206,        0,  -17538794,          0
  2048,   347,   28000000,   12448667,        0,  -15551333,          0
  2048,   348,   28000000,   10636759,        0,  -17363241,          0
  2048,   349,   28000000,   10399754,        0,  -17600246,          0
  2048,   350,   28000000,   10396127,        0,  -17603873,          0
  2048,   351,   28000000,   10441158,        0,  -17558842,          0
  2048,   352,   28000000,   10460082,        0,  -17539918,          0
  2048,   353,   28000000,   10480777,        0,  -17519223,          0
  2048,   354,   28000000,   10402576,        0,  -17597424,          0
  2048,   355,   28000000,   10428404,        0,  -17571596,          0
  2048,   356,   28000000,   10394681,        0,  -17605319,          0
  2048,   357,   28000000,   10408824,        0,  -17591176,          0
  2048,   358,   28000000,   10457339,        0,  -17542661,          0
  2048,   359,   28000000,   10478511,        0,  -17521489,          0
  2048,   360,   28000000,   10379769,        0,  -17620231,          0
  2048,   361,   28000000,   10481603,        0,  -17518397,          0
